comparisonID	jaccard	cosine	sigjaccard	chrDir
22659600_1	-0.0117607669740367	-0.0492988791780331	-0.0139440393210723	-0.0140620932427579
24361742_1	0.0120986233361992	0.0679615457557032	0.02813326123528	0
GSE72258_1	0	-0.0367755280537991	0	0
GSE72258_2	-0.000330237065033682	0.00209997036915393	NA	0
GSE69531_1	-0.0192382223879491	-0.0305062661142488	NA	NA
GSE69531_2	-0.0207783436841389	-0.0672982233806506	NA	NA
GSE69531_3	-0.0251468797856814	-0.0730784444084903	NA	NA
GSE69531_4	-0.0192382223879491	-0.0305062661142488	NA	NA
GSE58203_1	0.00796506669066631	0.045867279084004	0.00486004246449929	0.0138444938503078
GSE58203_2	0.0205614743026269	0.0712493741165509	0.021338593921117	0.0197756048197584
GSE58203_3	0.0363107590698747	0.107084221398815	0.0252476289769048	0.0231917165781085
GSE58203_4	0.0248472700306791	0.0717148622221882	0.0176166446261689	0.0270439037920394
GSE58203_5	0.00843300256414057	0.026452406956522	0.00106322909283131	0.012133870839924
GSE58203_6	0.0248232220609783	0.0989611986195614	0.0192027523818354	0.0143427804154949
GSE58203_7	0.036315854914481	0.112967677148418	0.0275711118442432	0.0147494892718412
GSE58203_8	0.0225600783903467	0.0753804716081124	0.0134762565177766	0.0116476561060017
GSE59642_1	0.00624844679475602	-0.0163272901326048	NA	NA
GSE59642_2	0.0146856829960518	0.0112117552774488	NA	NA
GSE59642_3	0.0121734646381149	0.0330330786299282	NA	NA
GSE64922_1	-0.00329469915471389	0.0261296256096551	0.00395419431456797	-0.00519866774383389
GSE60162_1	0.00552055919244206	0.0791417025332986	NA	NA
GSE31685_1	-0.0265489071140969	-0.10273711150827	-0.0129534182836858	0
E-MEXP-3890_1	0.0388039859885072	0.105722112791103	0.020309165450172	0.0181652319655331
GSE31980_1	0.0103504686646946	0.0284572346360587	0.0071248584469125	0
GSE15615_1	0.0137920681028707	0.0301410766412558	0.0106450367490928	0
GSE15083_1	-0.00222304451331808	-0.0563008548731644	NA	0.00569230124389819
GSE108035_1	-0.00315877999848018	-0.012185019399585	-0.00539692099640442	0.00302879373986574
GSE108035_2	-0.0348184917942075	-0.108395245801788	-0.0126431169679253	-0.0299225248058342
GSE108035_3	-0.0288423279795323	-0.090339817189442	-0.0123215607078885	-0.0218575364592704
GSE21959_1	-0.00470671692268461	-0.00461373256752577	0.0042671518174267	0.00863701034889132
GSE21959_2	0.00631407766964223	0.0150057255516933	0.0153095563711773	0.0203376495926338
GSE24742_1	0.00337107466777834	0.0451131098497554	NA	0.0150425206528885
GSE24742_2	0.000972119242877264	0.0162095624539683	NA	0.00553411866384118
GSE24742_3	-0.00208385242356362	0.030065745986102	NA	-0.00390467126604191
GSE74668_1	0.00207156686995941	0.0399554308577247	NA	NA
E-GEOD-10024_1	0.0192038354963423	0.0656295437004691	NA	NA
E-GEOD-10024_2	0.0136695449219466	0.0413959103946764	NA	NA
E-GEOD-12860_1	-0.00337008572217599	-0.0306417756601291	NA	NA
E-GEOD-12860_2	-0.0230305818259553	-0.107142287363517	NA	NA
E-GEOD-12860_3	-0.0157566642507386	-0.079733148192433	NA	NA
E-GEOD-12860_4	-0.0180652856736297	-0.0918150062193899	NA	NA
E-GEOD-12860_5	-0.0193301383835367	-0.0944991404225224	NA	NA
E-GEOD-12860_6	-0.0207132614234987	-0.10369274717531	NA	NA
E-GEOD-12860_7	-0.0214307949643738	-0.0955629480803716	NA	NA
E-GEOD-12860_8	-0.0140156241894302	-0.0610524818330637	NA	NA
E-GEOD-14359_1	-0.00842356317363957	-0.0195042048800576	-0.0128521781645388	-0.0136113225584743
E-GEOD-14359_2	0.00424646571807878	-0.00335894980425534	0.0133764463216884	0.00849714004755006
E-GEOD-1919_1	0.00646732606292382	0.0619745743457109	NA	NA
E-GEOD-1919_2	0.0131123714968531	0.0852131874376841	NA	NA
E-GEOD-1919_3	0.00926544019847067	0.0693376672394547	NA	NA
E-GEOD-1919_4	0.0195960866565419	0.0735344718993702	NA	NA
E-GEOD-1919_5	0.0248586386903842	0.099193683547271	NA	NA
E-GEOD-1919_6	0.0141431681494233	0.040735321209318	NA	NA
E-GEOD-1919_7	0.00851229287530457	0.051625160163962	NA	NA
E-GEOD-1919_8	0.0193275461266323	0.050744338536391	NA	NA
E-GEOD-1919_9	-0.000621243409432731	-0.0150716769536641	NA	NA
E-GEOD-19664_1	-0.0146109673231308	-0.0385474513474947	NA	NA
E-GEOD-19664_2	0.000473907986124077	-0.0184916183822848	NA	NA
E-GEOD-19664_3	-0.0107154393751387	-0.0502018194260809	NA	NA
E-GEOD-19664_4	-0.00768748924755243	-0.0378639882482303	NA	NA
E-GEOD-19664_5	-0.0182297338091855	-0.0700879720841151	NA	NA
E-GEOD-19664_6	-0.0285201864936353	-0.0999870440342907	NA	NA
E-GEOD-43923_1	0.0703169890114192	0.170207106246708	0.0318419662581231	0.0445852211218476
E-GEOD-51812_1	-0.0203587374630945	-0.0674935495362595	-0.0102591680629936	-0.0285459807331421
E-GEOD-51812_2	-0.013282968772906	-0.0502135736936029	-0.0099416796130642	-0.0222944132339606
E-GEOD-68760_1	0.0320833456348623	0.060877810539122	0.0199392817853366	0.0170602079927023
E-GEOD-82107_1	0.00584753992483844	0.0233568229901068	0	0.00508082871594295
E-GEOD-9451_1	-0.00909644648211819	-0.0491362441601252	0.00267794223868165	0.00809387659467509
E-GEOD-9451_2	-0.0153570525845347	-0.0423718685463555	-0.00696960261113999	-0.00999152031430493
E-GEOD-9451_3	-0.00576168517347597	-0.0185986769138527	-0.00954409675409585	0.0113086583130806
E-GEOD-9451_4	-0.0324404507809037	-0.064249611852681	-0.00948569542277292	-0.00530241172289902
E-MEXP-2019_1	-0.00700305119094229	-0.0379567669976951	0	-0.0123731545190168
E-MEXP-2019_2	0.00742009441959171	0.01605478845413	0.00801215465458408	0.0160420494451512
E-MEXP-2019_3	-0.0137337565191211	-0.0745404458899172	NA	-0.0209987575218947
E-MEXP-2019_4	0.0075279902004388	0.028307118200133	0.00204918032786885	0.000373172574647368
E-MEXP-2276_1	-0.00179646605140125	-0.00142003906462335	NA	0.000500685282232335
E-MEXP-2488_1	-0.0115489440072793	-0.0297177724050352	-0.018387789740609	-0.0247718827266977
E-MEXP-3129_1	-0.00218122114546544	-0.00167144232134335	-0.00435066023745115	-0.00614396109237588
E-MEXP-3474_1	0.0262838552468975	0.084833187264866	NA	0
E-MTAB-3010_1	-0.00259702405619281	-0.0134100554866701	NA	NA
E-MTAB-3010_2	-0.0112667138731035	-0.0350664960432303	NA	NA
E-MTAB-3010_3	0.00155622156095473	0.00772871079613731	NA	NA
E-MTAB-3010_4	-0.0162855286150123	-0.0532595649509735	NA	NA
E-MTAB-4152_1	-0.00222923954033001	0.00390716669849814	-0.00522906003149164	0.0159417578065309
E-MTAB-4152_2	0.000406920477656763	0.0399475911411544	0.0208286606599876	0.0125824950542419
E-MTAB-4152_3	0.00374661687336859	0.0329593404166279	0.0119544267131911	0.0234647754661255
GSE100609_1	-0.00143112609249403	-0.0389680204850026	NA	0.00379277321837849
GSE100786_1	0.00128331862189765	0.039546459462269	NA	0.00216523029303166
GSE100786_2	-0.0012831295737277	-0.00280686150285654	NA	-0.00717055105326086
GSE103697_1	0	0.0232112132766937	NA	NA
GSE103697_2	0	0.00347055146445899	NA	NA
GSE103697_3	0.000327653997378768	0.00588151471326931	NA	NA
GSE104113_1	-0.000479111968602064	-0.0124005663881814	NA	NA
GSE104113_2	0.00154526844472276	0.0112268209483293	NA	NA
GSE104113_3	-0.000479111968602064	-0.0124005663881814	NA	NA
GSE10575_1	0.00811699179816652	0.036722995311618	0	0.00574731049330033
GSE10575_2	0.0101053045416435	0.0358779826871722	0.000818574650541899	-0.0126221149516475
GSE10575_3	-0.0103510900568689	-0.0116629736980529	-0.00458367847664287	0.00205041973905679
GSE13604_1	-0.00189313705993731	-0.00916766698098491	-0.000170998632010945	0.00780743322138034
GSE13837_1	0.000631209328722134	0.000816989436506264	-0.000143691924513843	-0.0019913943567361
GSE13837_2	0.00735402872610712	0.0337101081639948	0.00757119369454171	0.0164817729077215
GSE13837_3	0.0196974812689776	0.070713073914538	0.0303493637204835	0.0162871055142988
GSE13837_4	0.0100740365932267	0.039429303265693	0.0160360527271004	0.0098994995957384
GSE13837_5	-3.44753285929757e-05	0.00437213718888007	0.00217433634062439	0.00909706233769898
GSE13837_6	0.0134782130161604	0.0709813569506747	0.0202515590991801	0.0179687470673642
GSE13837_7	0.0273515790269502	0.0889015310420111	0.0378488610330492	0.0264481118731739
GSE13837_8	0.0191648057788025	0.0636685760827011	0.0189737450008595	0.0316576919653472
GSE13837_9	-0.00294665980874017	-0.00239933869782127	-0.0100624852352551	0.00227166313752692
GSE13837_10	-0.00854048876632908	-0.0201855294247585	-0.00885068014022661	0.00664802253105342
GSE13837_11	-0.00424499755165728	-0.0125880002998997	-0.00845439916110351	0.00105337831423026
GSE13837_12	-0.0105378838106891	-0.0297948785077887	-0.0202292437214612	-0.0153921030662724
GSE13837_13	0.00836027212194851	0.0463395791620449	0.00360129627473792	0.0122736496480238
GSE13837_14	0.0204102125243943	0.0675989055068183	0.0213807312091003	0.0158261005568822
GSE13837_15	0.0296821861419239	0.0984338232985495	0.0213347802903191	0.0134267836808372
GSE13837_16	0.0245664187466269	0.0812792106573548	0.0244818974057556	0.0199132781507138
GSE13837_17	0.00486028743910242	0.0455769481256366	0.00425142919049847	0.0099611294357736
GSE13837_18	0.0173409248313046	0.0775079637294172	0.0138074425574426	0.0179793764804588
GSE13837_19	0.0232252950322276	0.101051450550651	0.016085196611489	0.0190300960551043
GSE13837_20	0.0137872282376789	0.0708700980786646	0.0163381290221715	0.0212050713376101
GSE13837_21	0.00298019262718296	0.00880346157317903	-0.00157293514439604	0.00158300543312408
GSE13837_22	0.00134894860983773	0.00266899887419132	-0.00234606269653303	0.00624020897403955
GSE13837_23	0.000536822983093297	0.00882972991998235	0.00305978346829189	0.00633918311203846
GSE13837_24	0.0111145204115743	0.0342601514687728	0.0112069161322074	0.00707907527088913
GSE16464_1	0.0134162640501064	0.0853431571883298	NA	NA
GSE16464_2	-0.0186826896989759	-0.0551817746348708	NA	NA
GSE19060_1	0.0130617793239542	0.0325748116540825	0	0.0186503178037716
GSE27372_1	0.00650798298025221	-0.00471502167296601	0.0119924997067079	0.00431435384263691
GSE27390_1	-0.0084751688736692	-0.0395956746461132	-0.00518474259391323	0.00448987862261279
GSE29106_1	-0.00484959929307221	-0.0222080992435833	NA	NA
GSE29107_1	-0.0100241069901121	-0.0145563948777504	NA	NA
GSE29107_2	0.00931625617519992	0.0149734656475849	NA	NA
GSE29745_1	-0.00935622011736911	-0.0230602786846281	NA	NA
GSE29745_2	0.0476488819576607	0.113111690659855	NA	NA
GSE29745_3	-0.025605572037524	-0.0800395864511602	NA	NA
GSE35546_1	0.00299059695822304	0.00844767019859515	NA	NA
GSE35546_2	0.0024700861639673	0.00217773815090256	NA	NA
GSE35546_3	0.0020217319183688	0.0090586180204774	NA	NA
GSE35546_4	-0.00477985782945481	-0.026111116888414	NA	NA
GSE35546_5	-0.00232684327701566	-0.0220143019519665	NA	NA
GSE35546_6	-0.000651432785231141	-0.0176081953823684	NA	NA
GSE35955_1	-0.00861088880796409	-0.0234303282979618	-0.00170641373095153	-0.0096663426685258
GSE35956_1	-0.0126229421443284	-0.069894831961714	0.00163991487041144	-0.000344390747908383
GSE35957_1	-0.00871058784088871	-0.0626148724577137	-0.00469205699168076	-0.010369542199555
GSE35958_1	-0.00950490802463714	-0.0309353236663493	0.00132900704071428	0.00942376916281
GSE39340_1	-0.00574555764726603	-0.0568161152164323	NA	-0.0147013858241299
GSE39340_2	0.00896061854714296	0.00347559573520236	0	-0.00475267467607271
GSE39340_3	-0.0154903394090653	-0.0610286497508646	0	-0.0214314015993229
GSE39795_1	0.00492599347135669	0.0515406098455528	NA	-0.0087814571533255
GSE39795_2	0.0543831678167307	0.170596210525116	0.0281907433380084	0.0341177850756811
GSE39795_3	0.0443596475821068	0.180142676637095	0	0.0424656813840169
GSE41038_1	-0.0227824387326479	-0.0522028286596421	NA	-0.00691009441585758
GSE41038_2	-0.00374545426602763	-0.008847574127088	NA	0.00184472353656966
GSE41038_3	0.00414995337667462	0.0299347606736397	NA	0.00225085791589106
GSE41992_1	-0.000402265739056999	0.00939899648821959	NA	NA
GSE42235_1	0.0126491801914777	0.0609864450447476	0.0202829844186039	0.0149957004377736
GSE42235_2	0.0108754214915323	0.0603260586727207	0.0101173256187721	0.00339477119020779
GSE42235_3	0.020426056274823	0.0776779003334157	0.0213604604268895	0.0092550182200409
GSE42235_4	0.0251341850208764	0.0778840820771934	0.0284828231541376	0.016074964266207
GSE45233_1	0.0253301689547606	0.0703674643931993	NA	0.00402852437946244
GSE45233_2	0.00929104950229029	0.0389385367947708	0	-0.0113103784049965
GSE45233_3	-0.00192256856205539	-0.0178823437588612	NA	-2.03639798989179e-05
GSE45233_4	0.0123685616249928	0.0244614295246399	-0.00255102040816327	0.0166427407518194
GSE46053_1	0.0145212686510339	0.0536985580367682	0.00978790637481746	0.0182559598721284
GSE46053_2	0.0167670742582344	0.0629051296569171	0.00989312372591033	0.0159373194093691
GSE46750_1	0.00614465252855815	0.0125176903381184	NA	0
GSE51588_1	-0.00722959357379855	-0.0296750751202287	0.000240517416442288	0.0222765330203193
GSE52817_1	-0.0150901945799888	-0.0524410761103619	NA	NA
GSE52817_2	0.009018284393922	0.0651629227113215	NA	NA
GSE52817_3	-0.00263715935062077	0.0109037498993303	NA	NA
GSE52817_4	-0.0143330151033101	-0.0872268318575579	NA	NA
GSE55235_1	0.000774615549269591	0.00809315038361778	-0.00897158942236448	-0.00111704091338464
GSE55235_2	0.0129692719603392	0.0405856609987334	-0.0129513241431124	0.0153763129894182
GSE55235_3	0.0104319857728295	0.0404247287619605	-0.00027992103236721	0.0296878816555829
GSE55457_1	-0.000637230459184936	0.0199032211308163	-0.00323886833040717	-0.00179491576739123
GSE55457_2	0.00996735569725177	0.0503804319666816	0.00595305965700531	-4.93499544319872e-05
GSE55584_1	-0.00645472258161448	-0.0271341900390261	-0.00152293058495916	-0.00928996019430752
GSE57218_1	0.00886460757561433	0.287277184679922	0.0400692654639175	0.0417731000144134
GSE57218_2	0.0333540941775039	0.182466497616563	0.0720551378446115	0.0270832629061799
GSE57218_3	0.0115208963831874	0.075260754529747	0.0139578311748789	0.0231380843791289
GSE60762_1	-0.0014852535116445	-0.0139940160539972	NA	-0.00576825743867907
GSE62914_1	-0.0164233401129933	-0.03818332725226	NA	-0.00269630110398899
GSE62914_2	-0.013965772748956	-0.0266658748991882	NA	-0.00134573834117601
GSE62914_3	-0.0116227788516671	-0.0406708270898679	-0.00240384615384615	-0.00451254245787369
GSE62914_4	-0.0220869132163236	-0.0444681893243347	NA	0.00163633819308296
GSE64394_1	0.00407908134012247	0.0171941119736789	NA	0.00574732523687759
GSE66635_1	-6.77166881350244e-08	-0.054283300012546	NA	-0.00402365995586335
GSE68038_1	-0.0268602960875026	-0.0745973636105197	0.00222501453645941	-0.0305580632352536
GSE68428_1	0.0156161681917206	0.0565924176873985	0.0156894570013637	0.00807318005307427
GSE68428_2	0.0124782306891139	0.0463264146788755	0.014794083670084	0.0088782393110002
GSE68428_3	0.0202871162390797	0.0606166790263226	0.00995309232619962	0.0125774608631022
GSE69459_1	0.00112355895510054	-0.0258755830955039	NA	NA
GSE69459_2	-0.0145006049369564	-0.0430893479193723	NA	NA
GSE69459_3	-0.0169946499851286	-0.0490014258398836	NA	NA
GSE69459_4	-0.0162278084050909	-0.0470420763461223	NA	NA
GSE69992_1	-0.0187417555796143	-0.041402619673802	-0.00977088489877932	-0.0113525817937676
GSE70719_1	-0.0110839557801909	-0.105495931450997	-0.00477378135197677	-0.00291120815138282
GSE7116_1	-0.00121712952175957	-0.00852666882913446	0.00539887045218633	-0.00193401786203877
GSE7116_2	-0.00156882757225951	0.0209595724903625	NA	-0.00840636185673588
GSE7116_3	-0.00162578490526146	0.0256441413374451	-0.0037037037037037	0.00589219772039571
GSE72575_1	-0.00399780546743386	-0.0562461457912468	-0.00299988519638082	-0.000840718447375429
GSE72575_2	-0.00842731943066526	-0.0767719574399863	-0.0092151449335157	-0.0131558187102351
GSE72575_3	-0.0104308748069095	-0.0660163862792764	-0.00578956529720157	-0.00594495163117889
GSE72575_4	0.000650618087182824	-0.0395670144726967	0	-0.00383804780642512
GSE75181_1	-0.0108331214945041	-0.0261425763119506	-0.00407367509959656	-0.012983462462198
GSE75181_2	0.00668604225047621	0.0431503358220112	0.016166715907493	0.0126991857780075
GSE75181_3	-0.00985460644586316	-0.0175781569011371	-9.60748507117144e-05	-0.0143082341530276
GSE75230_1	-0.000301604915591083	-0.0195389802255336	-0.00417485252231941	0.00106067757133667
GSE7669_1	0.0016074988610184	0.0172944809505125	-0.0037593984962406	0.00452405626344306
GSE77916_1	-1.28660388039732e-06	-0.005315394920037	0	0
GSE80614_1	0.00126621775321839	0.00327758932526254	0.00210084033613445	0.0119923143307762
GSE80614_2	0.000502408286374131	0.00944256546847934	-0.00118918537166976	0.0155571425283879
GSE80614_3	0.000322158195813495	-0.00259685689667314	0	9.39920294759002e-05
GSE80614_4	0.00620901772743444	0.0263570002911387	0.0119821565592526	0.0114628548399223
GSE80614_5	0.0136948147718267	0.0390118898705315	0.00215651805764264	0.0127968831496739
GSE80614_6	0.0149925841530614	0.0477980301377305	0.0100674841904829	0.0255980467209698
GSE80614_7	0.0113098334287703	0.028605455059963	0.00456879254536336	0.00504000532877652
GSE80614_8	0.00223098305979537	0.0167033937342901	0.00283392822198022	0.0026068354584429
GSE80614_9	0.00127672568776996	0.0223618949600511	0.00225225225225225	0.00995118941732503
GSE80614_10	0.004086279065139	0.0281616113026461	0.00127358490566038	0.010562545823811
GSE80614_11	-0.000326157860404436	0.0119236996863959	NA	-0.00277805167205354
GSE80614_12	0.00527392409605416	0.0118499758142411	0.00965602658974037	0.0121861749596152
GSE80614_13	-0.000253607049843866	0.00278082896690104	-0.00137869341937795	0.00108367199592398
GSE80614_14	0.00158726238256715	0.0101021859493689	-0.00958823777956719	0.00479319409079989
GSE80614_15	0.000402123305020322	-0.000114792790969615	-0.010094027358254	-0.00498149788403864
GSE80614_16	0.00122794436200989	-0.00339292561698541	-0.00499846095411799	-0.00777240956718008
GSE85254_1	0.0256908246667396	0.0670965173915257	0.0132983191796035	0.00483373498836462
GSE86578_1	0.00266502614285431	0.0236636515688753	-0.000540148577855388	0.00865243284401815
GSE86578_2	0.0045717947323734	0.0190635955771741	0.0027398177920686	0.0102775926532548
GSE86578_3	0.00310852707271277	0.0321811456332491	0.0148680244233888	0.000878448157171772
GSE9329_1	0.00194912799524406	0.0335046101545539	NA	NA
GSE93698_1	-0.0102276784164209	-0.0139315957854358	-0.00251833749272198	-0.00624022992692754
GSE93698_2	-0.0198810227403835	-0.0296895106227819	-0.00694753922242265	-0.0118989083747009
GSE93698_3	0.00157268761161782	0.00862177652109748	0.00532157181257685	0.00720556009387845
GSE93698_4	-0.00378975915322912	0.00427911546274446	-0.000863450720014104	-0.00966522653644341
GSE93698_5	-0.00663035691879171	-0.0158911554890096	0.00435007238720638	0.00314159884527737
GSE93698_6	-0.000254207495244329	-0.032090768571294	-0.00903614457831325	0.00482649807222337
GSE93698_7	0.0243736525514694	0.0403157074600972	0.0187132558446951	0.0252020955523203
GSE93698_8	0.0161333850167541	0.0506911941006446	0.00340136054421769	0.0118997024731539
GSE93698_9	0.00513940557106274	-0.00598854055982004	0.0145876166870603	0.0232503179596208
GSE93698_10	0.0273067539582269	0.0665279686748241	0.0204522969339633	0.034954793256501
GSE93698_11	0.0169979276059202	0.0765334732767659	0.00895750988142292	0.0117352126171454
GSE93698_12	0.0115242281100573	0.0146129610895751	0.00959215736164241	0.0245078835474569
GSE93698_13	-0.00554947002737897	-0.00847932213181679	-0.00883410278245773	-0.0123013303092022
GSE93698_14	-0.0125244842798515	-0.0594209375881729	-0.00239476835221516	-0.00227459426798225
GSE93698_15	-0.00931193216273298	-0.0359496038645292	0.00546469481173004	0.0089572999667956
GSE93720_1	0.00722732049493737	0.0369307785965298	NA	NA
GSE93720_2	0.0106505212080144	0.0350873468278414	NA	NA
GSE93720_3	0.0180830113726619	0.0563572330842773	NA	NA
GSE93720_4	0.0190757722532055	0.0535064149751877	NA	NA
E-MTAB-5564_1	0.00634491119372505	0.0112417695880752	0.00414579123914083	0.00322504629009206
GSE77753_1	-0.00642914860650425	-0.00084614116233968	NA	-0.00969087063889795
GSE43861_1	-0.00559318441773694	-0.0160011457486918	NA	NA
GSE112809_1	-0.00065359477124183	-0.0097563523014468	NA	NA
GSE111946_1	-0.000773692894656605	0.0161854701084229	NA	NA
GSE111946_2	0.00187521644500744	0.0367875232231982	NA	NA
E-MTAB-3201_1	0.0201776540998695	0.0564769546519868	0.0127158643596219	0.0254673447095047
GSE57740_1	0.000649828631197906	0.0112196611169021	NA	NA
GSE52992_1	-0.000670729944112353	0.00473807626532942	0.000995918684132895	0.00310246460927916
GSE17160_1	0.00320642137938481	-0.0031581797948912	NA	NA
GSE17160_2	-0.00563452516274917	-0.0520177946873557	NA	NA
GSE17160_3	0.00650147549549369	0.0368010867044845	NA	NA
GSE17160_4	0.00541267721514028	0.0205108201283903	NA	NA
GSE17160_5	0.00373388452178964	0.00997327351170672	NA	NA
GSE17160_6	0.00221675978567108	-0.00515192686732889	NA	NA
GSE17160_7	0.008203188038655	0.0704804731842855	NA	NA
GSE17160_8	0.00968029985450914	0.039292615807285	NA	NA
GSE17160_9	-0.026250318866065	-0.0773899294559377	NA	NA
GSE17160_10	-0.0237212948673639	-0.0681541227376402	NA	NA
GSE17160_11	-0.0235357511090345	-0.0680002153520041	NA	NA
GSE17160_12	-0.0237840665614098	-0.0692142484200917	NA	NA
GSE22971_1	0.000322496784824915	-0.011102250296349	NA	0.00553883911253019
GSE22971_2	-0.00130013943415564	-0.00465309201252261	NA	-0.00208902654147546
GSE22971_3	0.0237389635193848	0.0645898050707593	0.0177242864666856	0.0256421543803134
GSE22971_4	0.0193034577691647	0.0716096190053127	0.0184549004711866	0.0281598159691549
GSE13590_1	0.00393463151041368	0.0218458825734279	0.00956757874007001	0.00474164736044743
GSE13590_2	0.000327439423706614	-0.000727009475852592	0	0.000882977771660222
GSE99731_1	-0.00222135656408499	0.00446553596106902	NA	-0.0145220427621168
GSE99731_2	0.00193014272472764	-0.0554869170699197	NA	-0.0300158344380616
GSE99731_3	-0.0254460263492801	-0.0757979953797498	-0.019484059658518	-0.0142545155945026
GSE27492_1	-0.000652369476348879	0.0114376203006007	0	-0.00384712015813697
GSE27492_2	0.000971089790008773	0.0193988450245545	0.00750733541169998	0.00460600761877986
GSE27492_3	0.0157901256095951	0.0431201215664864	0.00300444657037697	0.0121187540558079
GSE27492_4	0.0183857355549461	0.059681146259349	0.0123326532775402	0.0251298933269193
GSE27492_5	0.0149625093498564	0.0447116487981072	0.0110442790510021	0.0255430372582713
GSE27492_6	0.0118020903534902	0.0422827214849316	0.0211468311145385	0.0147502989682078
GSE27492_7	0.0154480893354953	0.0621975555784068	0.0290581981736405	0.0176732597497625
GSE27492_8	0.0137215808201775	0.0460461887690267	0.0255238446034591	0.0185913137908694
E-GEOD-15069_1	0.000654403980755445	-0.0564174997833863	-0.0125609102980922	-0.00187999124594818
E-GEOD-15069_2	0.00127578992520199	-0.0432633076690066	-0.00157141091512615	-0.0123772377998094
E-GEOD-15069_3	-0.00752474759198728	-0.0147592031594605	-0.00395521919218858	0.0065725596083703
E-GEOD-15069_4	-0.0053703267958054	-0.0669535138150685	-0.0231017076651598	-0.0139798439547821
E-GEOD-15118_1	-0.00303840347582753	-0.0486965986645575	NA	NA
E-GEOD-15118_2	-0.000329380764163373	-0.0162137011709419	NA	NA
E-GEOD-15118_3	0.0117875921311661	0.0686161575016764	NA	NA
E-GEOD-15118_4	0.00870647473256149	0.0414694781982319	NA	NA
E-GEOD-16007_1	0.0123026738147813	0.0636463916134816	NA	NA
E-GEOD-17473_1	0.00405739719737187	0.039272117623543	NA	0.00918245204536613
E-GEOD-18647_1	0.00371594658239438	0.00191733614549613	NA	0.000363557785796725
E-GEOD-18647_2	-0.000172626333687403	-0.0026181751514363	NA	0.00348514483064568
E-GEOD-18647_3	0.0186235278985265	0.0794407337647401	NA	0.033250276181187
E-GEOD-18647_4	0.0162461986651176	0.0597109649415767	0	0.0219365697353645
E-GEOD-18648_1	0.0109273335309103	0.0430955752441912	0.0222488593429165	0.0374255265589204
E-GEOD-18648_2	-0.00843025772560412	-0.0116592430100486	-0.0119644088331961	-0.0121120677373506
E-GEOD-2154_1	0.0041862382807063	0.0114176712538533	-0.00111927365259731	0.00605350646439464
E-GEOD-2154_2	0.010298814927881	0.025546266161235	0.00179856115107914	-0.0012374223944226
E-GEOD-2154_3	0.00645798121712599	0.0184448794802182	-0.000885238651578351	0.0146909115710206
E-GEOD-2154_4	0.0015086772400383	0.00903254790141809	0.0061613829573925	0.0174044335398224
E-GEOD-26475_1	0.00243244289335793	0.021289513093699	0.00962547190158821	0.00584853781622484
E-GEOD-26475_2	0.00352895137563526	0.0621025711153776	0.00413223140495868	0.0118028644702916
E-GEOD-26475_3	0.00187598392732795	0.0676301498646462	0.00996849292777828	0.00819349288867467
E-GEOD-33567_1	-0.0122291659511602	-0.0441030736039016	NA	NA
E-GEOD-33567_2	0.00689608465706929	0.00850606869685108	NA	NA
E-GEOD-37287_1	0.00076027117230805	0.00868992125436873	NA	NA
E-GEOD-37287_2	0.0170584874876883	0.0605424931829714	NA	NA
E-GEOD-37287_3	0.00237558957164128	-0.00313771970548174	NA	NA
E-GEOD-51994_1	0.0422087892643336	0.133898434619554	0.0306539358130009	0.0357216808313513
E-GEOD-51994_2	0.041369331523266	0.133816010097273	0.0365239628135934	0.0331131872015342
E-GEOD-51994_3	0.0208853136280234	0.0694062306338051	0.0181677369109006	0.0189200379330797
E-GEOD-65077_1	0.00095534773267275	0.0495311881003188	NA	NA
E-MEXP-1244_1	-0.00220845233890045	-0.0564277664591973	NA	NA
E-MTAB-1123_1	0.00104669819796504	0.00974691129326137	-0.0084943855645184	-0.0187659786782736
E-MTAB-1123_2	-0.00366018627865685	-0.0119589893206002	-0.00888682418265854	-0.0182340141872516
E-MTAB-1123_3	-0.0021777212315892	-0.0405162674745695	0.00449524270278987	0.000366429618370337
E-MTAB-1123_4	-0.000649793431375679	-0.0179027559779035	0.00253807106598985	-0.00220778011334912
E-MTAB-1391_1	0.00471411694069658	0.0144653481360166	-0.00484819472658319	-0.00609110169491525
E-MTAB-1391_2	-0.0140474193678991	-0.0354817448369881	-0.00834686128114528	-0.00799159737097164
E-MTAB-1391_3	-0.0212713649059333	-0.0513824356042242	-0.00960413044353137	0.00103513491977133
E-MTAB-2450_1	0.000696029190006558	-0.00296701219239343	-0.00151127646991125	-0.00919914583541971
E-MTAB-2450_2	0.00323365119878589	0.0436697187571173	0.00356889221642325	0.0109548558511719
E-MTAB-2450_3	0.0152859489349842	0.0709386364700847	0.0137630454501883	0.00689019296088306
E-MTAB-2450_4	0.0136968506127731	0.04831352730589	0.0068320817199741	0.0149143058854733
E-MTAB-5023_1	0.00919309798287238	0.0133499879124556	NA	-0.00826712615541435
E-MTAB-5326_1	0.00146394085165215	0.00981572743179915	NA	NA
E-MTAB-5326_2	0.00805390487920302	0.0344298431912845	NA	NA
E-MTAB-5326_3	0.00661285669291859	0.029590268965093	NA	NA
GSE102588_1	-0.000421857694367603	0.0186710720843485	0.00581029143840992	0.011874690599054
GSE104793_1	0.00696806302041454	0.0211479396850128	0.0181019425416926	0.0114150557208934
GSE104794_1	0.032410642353634	0.0727313032237697	0.0148680022951855	0.0144127198123759
GSE104795_1	0.020882939209006	0.0642173437762951	0.0121073847858568	-0.000159732971627954
GSE105139_1	0	0.0281601506314982	NA	-0.0124478533006728
GSE105139_2	0.00341398231126529	0.0122464079581893	NA	-0.00791462899620222
GSE105139_3	0.00408674321260469	-0.00279263122274255	0	-0.00598838721612407
GSE10555_1	-0.0332984417699164	-0.0919269108279593	NA	NA
GSE10556_1	-0.00366713567998657	-0.0166476322369103	0.00123891577901276	0.0123506805048028
GSE106631_1	-0.00142923188922379	0.0133937209409792	0.0113527999338769	0.0041696577865558
GSE13104_1	0.00274717469194848	0.013102934878885	NA	NA
GSE13104_2	0.00736972497865093	0.0403216548934692	NA	NA
GSE13104_3	0.02449881111403	0.0717318383420589	NA	NA
GSE16749_1	-0.0165984096123971	-0.0401945043251904	NA	NA
GSE16749_2	-0.00323196530641609	-0.0199367516997786	NA	NA
GSE16749_3	-0.00151878744503173	0.011853361021466	NA	NA
GSE17348_1	-0.0141424789380368	-0.0380368078780615	NA	NA
GSE17563_1	0.00619570751250927	0.0210995803804065	NA	NA
GSE17563_2	0.00158983860584305	0.00957162471330404	NA	NA
GSE17569_1	-0.00736684663797781	-0.0259842624608153	NA	NA
GSE17569_2	0.0364745040682627	0.0811798718104309	NA	NA
GSE17570_1	0.0258467810449569	0.0715313487912329	NA	NA
GSE17570_2	-0.00140510392504214	-0.0226510296810781	NA	NA
GSE18991_1	0	0.0371210766302099	NA	0.00169463688485428
GSE18992_1	0	-0.0160983091652079	NA	-0.00997194656285193
GSE19299_1	0.0174302431439242	0.0642996350305065	0.0072701954907982	0.0127254914488957
GSE20850_1	-0.00915025741088932	-0.0260996090822686	NA	NA
GSE21093_1	0.00688688733525012	0.0295430770996355	NA	NA
GSE21523_1	0.00449138131726945	0.0089816545908522	NA	NA
GSE21639_1	0.00226140435413356	0.0220129100997737	NA	NA
GSE21639_2	-0.00762180017403486	-0.0341820777498715	NA	NA
GSE21639_3	-0.00227087834556743	0.00781888028330828	NA	NA
GSE21639_4	-0.00834861625569016	-0.0152870087994274	NA	NA
GSE21710_1	-0.000165085568107532	0.0189263044333752	NA	NA
GSE21710_2	-0.00303299717194825	0.0133038937054977	NA	NA
GSE21710_3	0.00447317909288946	0.0302720327478901	NA	NA
GSE22925_1	0.0034012179748087	0.014360155129209	0.00101056696062294	-0.000546508302764956
GSE22925_2	0.0246667977109333	0.066332974495172	0.0117454485413794	0.00758446495023369
GSE26499_1	0.0141983421180824	0.0517833197172801	NA	NA
GSE30160_1	0.00489756030081359	0.0193086750376785	0.00518589601986977	0.00501305643068538
GSE30628_1	0.00706147453866746	0.0430948567222511	0.00402419199003032	0.0101287247887218
GSE30628_2	-0.00118550598963192	-0.002539815461031	0.00341462510876308	0.00612907268170426
GSE32163_1	-0.0166934007845673	-0.0755076317655964	NA	-0.0326786154874913
GSE33656_1	0.0084295902110221	0.00703725877023206	NA	NA
GSE33754_1	0.00466842333873347	0.0189656906575712	0.0018062734962406	0.00885341993869511
GSE33754_2	0.0140631807307348	0.0652055993497622	0.0266907231958041	0.0170833948679027
GSE33754_3	0.0108517432101091	0.0527746201673987	0.0168812783734183	0.0174280897615275
GSE34570_1	-0.0134384562519595	-0.0448677947518516	NA	NA
GSE35003_1	0.00391186425938679	0.00112734617142123	NA	NA
GSE35466_1	0.00491592982770474	-0.00625164160150016	NA	NA
GSE35466_2	0.00617847343151002	0.0404880683285537	NA	NA
GSE35466_3	0.00129080602431826	-0.0147098136442686	NA	NA
GSE35466_4	0.00230911269856622	0.0138911646612981	NA	NA
GSE35466_5	0.00752578556817769	0.0621006114705582	NA	NA
GSE36925_1	0.000656575356540725	-0.0105404794560163	NA	NA
GSE36925_2	-0.0163488196118934	-0.0349129572755423	NA	NA
GSE36925_3	-0.0206958655497612	-0.0500689366473634	NA	NA
GSE37219_1	0.0129348921123855	0.0430187583685407	NA	NA
GSE37676_1	-0.0005618170746694	0.00171476872111202	-0.0016305327897281	-0.00614011611073117
GSE41342_1	0.0102543845229787	0.0435268963980639	0.00758600497730932	0.030969361959928
GSE41342_2	0.00944380023495195	0.0386868718896231	NA	0.0171854211906527
GSE41342_3	0.00587171446631897	0.0517290620241317	NA	0.0397160180806243
GSE41342_4	0.00855962792204252	0.0212211262515447	0.00234741784037559	0.0307341976980726
GSE41997_1	-0.00156108031558651	-0.0160753776269216	-0.00140692640692641	-0.005828151092656
GSE43242_1	-0.00124144303123603	-0.0177525136549052	0.00621815018703195	0.0178442843953607
GSE43242_2	-0.00414361671890148	-0.0245390110111329	0	0.000304860479709049
GSE43663_1	-0.00130504646775788	-0.0380037976765625	NA	-0.000413441151464835
GSE43854_1	0.022782077475985	0.0788220960826935	NA	NA
GSE45656_1	-0.0156367496995404	-0.0437609264900041	NA	NA
GSE45656_2	-0.0017927938596625	-0.0266511654186193	NA	NA
GSE45656_3	-0.00735516781856724	-0.0423800584429808	NA	NA
GSE45793_1	0.0274589999337159	0.11258207117798	0.00928111819660568	0
GSE45793_2	0.0312227820359246	0.117506024522054	0.0280669849033663	0
GSE45793_3	0.0239112507830718	0.104189038342322	0.0184822580682312	0
GSE45793_4	0.0486694071473532	0.156324651698976	0.0261597737193171	0
GSE45793_5	0.0256492879005786	0.0926725299885629	0.0157311667896395	0
GSE46390_1	0.00434302123657742	0.00189199022395239	NA	NA
GSE48438_1	0.00377842778317653	0.00778450744340272	NA	-0.00462248754504601
GSE50549_1	-0.000299609838984234	0.00821197159247212	0.00248184190575984	0.00761987070126605
GSE50549_2	-0.00963281166740542	-0.0246997483062753	-0.00418289242372667	-0.00309636329670695
GSE51098_1	0.0368548132587964	0.11114252857966	0.0200162940616472	0.0157181992051984
GSE53857_1	0.00965287926759249	0.0799999939949245	0	0.0299888047718488
GSE53857_2	0.00293730951651222	0.0626117410601914	0	0.0144831480348609
GSE53857_3	-0.000323597854227182	0.00782773546199776	0	0.00265959598687571
GSE53982_1	-0.0138307236601996	-0.0492761947032779	-0.00674388723792556	-0.00146849357369145
GSE53982_2	0.00257433936454868	0.0148579277900663	-0.000628896423493383	0.00289880885117574
GSE54779_1	0.0141712869252567	0.0548775640793601	0.0101515419908263	0.0020608503532848
GSE55900_1	0	-4.77985844539453e-05	0	-0.00828486532876253
GSE57104_1	-0.00522234432938275	-0.00506404785430635	NA	0.0005146526233266
GSE59387_1	-0.00182418550816468	-0.0199538001482289	NA	NA
GSE60401_1	-0.0145528094663198	-0.0856060000377429	NA	NA
GSE60401_2	-0.00382898455992845	0.0131775338439682	NA	NA
GSE60651_1	-0.0114892783029014	-0.0269640738614274	NA	NA
GSE60737_1	0.010884524487592	0.0371768228702596	NA	NA
GSE60761_1	-5.0271971365084e-06	0.00976511133596813	0	-0.00331637440240749
GSE60761_2	-0.000327653997378768	0.0154770875492396	NA	-0.000793064375860509
GSE60761_3	0.000958978663768351	0.0327729775732625	0	0.0140207349958082
GSE60761_4	0.00311602842327766	0.0286067353452734	0	0.0058966335760527
GSE63017_1	0	-0.00466059719397989	NA	-0.00101327742837177
GSE63017_2	0.000326797385620915	-0.0188943974687232	NA	-0.00344827586206897
GSE63017_3	-0.00436290734073721	-0.0307123141459796	-0.000136640021862403	-0.00613441052099475
GSE63017_4	-0.00129402870474778	-0.0329717308576694	NA	-0.00977672157899215
GSE63939_1	-0.00748931035296261	-0.0145890935946234	-0.00366090649263837	0.0226505162639781
GSE63939_2	-0.0189584898521388	-0.0637020884955954	-0.00667988363596277	-0.00214790956170266
GSE64141_1	-0.0102794768745802	-0.0393558984860783	NA	NA
GSE64965_1	0.000586410831995555	-0.0291833368396392	0.00509134465465804	0.000276626973095987
GSE65745_1	0	0.00136500147744511	NA	0.00290898808340669
GSE65745_2	0.000656598818122127	-0.0115029435078176	0	0.00210604193386256
GSE65745_3	0.000327000927548627	-0.00625653148782151	0	0.01030327736297
GSE66416_1	0.00563602964220852	0.0114894790980441	NA	NA
GSE66862_1	0.00931460791997011	0.0542399087720072	0.00889574905968349	0.00649330719340645
GSE69108_1	0.0152762002060818	0.039110531621858	-0.000365126023721955	-0.0048845864297531
GSE71565_1	0.00511142518576953	0.00386456884568594	NA	NA
GSE72261_1	0.00153219075509425	0.000355308124466432	0.00121057000553403	0.00305757470866505
GSE72261_2	-0.00776259623483384	-0.027059714238304	-0.00640233537622129	-0.000430003148513001
GSE72261_3	-0.00686220727958994	-0.0261630918117075	-0.00129072413664761	0.00346913474692202
GSE7683_1	-0.00261756726231024	-0.0575864368761516	-0.00386560851677131	-0.014453516932581
GSE7683_2	-0.00447788068541599	-0.0296035370805337	0.00095997164530817	-0.0150715957035557
GSE78980_1	0.00448231475111374	0.0251718133980288	NA	NA
GSE78980_2	-0.000323372891367628	0.000904669667135288	NA	NA
GSE78980_3	0.00250893144483365	0.0159198053233403	NA	NA
GSE78980_4	0.00162511409399639	0.0144581760374932	NA	NA
GSE78980_5	0.000322364068105516	0.0221115776519302	NA	NA
GSE78980_6	-3.41917446975825e-06	0.0166940215390986	NA	NA
GSE78980_7	-0.00621129758855234	-0.0323953769207389	NA	NA
GSE78980_8	-0.00887649032785351	-0.0356851503739675	NA	NA
GSE78980_9	-0.00129511407779028	-0.0280501221726107	NA	NA
GSE78980_10	-0.0051251548189996	-0.0338635443773267	NA	NA
GSE81399_1	0.00689611997132952	0.000452240586243954	NA	0.0178825087228309
GSE84609_1	0.00182953267511548	0.0187648732850976	0.0156374490391684	0.0143395976086068
GSE84907_1	0.00338727172857436	0.0404680184181324	-0.00483543323047199	0.00650468579040008
GSE84907_2	0.0152776812572994	0.0417716121680628	-0.0013033134327642	0.00760197791813031
GSE84907_3	0.00988976942404578	0.00517187090813609	0.00050407600782155	0.010849533932988
GSE90127_1	-0.0104953022255903	-0.0351592990774489	NA	NA
GSE90127_2	0.00408106662413964	0.0227883865391151	NA	NA
GSE90127_3	-0.0154379934424665	-0.0437916268568482	NA	NA
GSE9247_1	0.00460900323359406	0.0295936684984315	0.00707955259761136	0.0152017004962822
GSE9247_2	-0.0119933702841047	-0.0382952990751206	-0.00542854516726607	0.00222610141886363
GSE9247_3	0.0018305454753946	0.00325412168262997	-0.00229330673887339	-0.00129166849903079
GSE99306_1	0.00808484518060523	0.0391624138944064	0.00600692146629778	-0.00299767859893778
GSE99306_2	0.0260929105249725	0.0769757038290512	0.0072622658680682	0.00262008846950864
GSE99306_3	-0.0174270550722041	-0.0612599197123714	-0.0231403775097253	-0.0185640538863174
GSE99306_4	0.0186273088734374	0.0637964838646974	0.011130052528481	0.00043523619601182
GSE99306_5	0.0240316210274725	0.0750906138240956	0.00712331726383047	0.0112106018759527
GSE99306_6	0.0231138890357364	0.0773369582604342	0.0104390325940388	0.0196073232435037
GSE99306_7	-0.00296534667942637	-0.0324497078943844	-0.00225990478670125	-0.00249889836155787
GSE99306_8	0.0220487748149569	0.0734993279331432	0.00710886994994695	0.00044451607746154
GSE99306_9	0.0286624060448391	0.0858946065024369	0.0124669411883519	0.00630665148914502
GSE99306_10	-0.010716432446428	-0.0575772998279304	-0.012618494518235	-0.0144090343196
GSE99306_11	0.0217708900792554	0.0633549779464117	0.00329947128471434	0.0139791424377145
GSE99306_12	0.0239924295441687	0.0646963014240765	0.00739645339865809	-0.0073256261103767
GSE99306_13	-0.00261444564076028	-0.00802081901943447	0.0013047072963837	0.00901145794785103
GSE99414_1	-0.0035143035729167	-0.0263540660630781	-0.00750682344258479	-0.00992572575657408
GSE110581_1	-0.00346522720679336	-0.0413972197530574	-0.0107737121034993	0.000324478246899846
GSE110581_2	0.000651887140650418	0.0199259951063206	0	0.00283747522119615
GSE47799_1	0.00832108327550923	0.0888356814994024	0.0156740525380673	0.0189758086413451
GSE47799_2	0.00589670467942115	0.0438766683105704	0.00400871046619954	-0.00142705429443781
GSE47799_3	0.00561230179728072	0.0213947868690509	0.00659202964052926	0.013829105014157
GSE111628_1	-1.05757434747675e-06	-0.0409717465300363	NA	NA
GSE111628_2	-0.000319136811000315	-0.094580004062022	NA	NA
GSE111628_3	-0.00275782750916085	-0.0919205758548026	NA	NA
GSE5657_1	5.53802425949396e-07	0.00359192775191723	-0.00499835959633139	0.00520711094230144
GSE5657_2	0.00032810161974222	0.0136748363493292	-0.00101327742837177	-0.00231675947801882
GSE13782_1	0.025610538207707	0.118705008649932	0.0102457484083237	-0.00127174133208966
GSE41039_1	0.000314800654277143	0.0314476632903343	0	-0.00166457690783673
GSE84198_1	-0.000956352129078965	-0.00842082139973776	-0.00809676129548181	-0.0222635797968529
GSE84198_2	-0.00216812461333386	-0.016633906981678	0.000127761156649342	-0.00197889715055571
GSE84198_3	0.00162417743674556	-0.0176710121002388	-0.00341490857422892	0.000816918647115318
E-GEOD-54216_1	0.0613642160789816	0.16618055781739	0.0366622618666022	0.0318034506916752
E-GEOD-54216_2	0.0565627362528342	0.143913190168375	0.0297528140100551	0.038347476898366
E-GEOD-54216_3	0.00099292863112406	0.00746405945471018	-0.00293692301243107	0.00553859083033097
E-GEOD-6119_1	0.0113226631791579	0.0454018283349017	0.0104670256054333	-0.00592429108797864
E-GEOD-6119_2	0.0158798713155861	0.0504182008423909	0.0116364150164684	0.000180363290119386
E-GEOD-6119_3	0.0146038076541387	0.0464016761292309	0.00976365910607682	-0.00252412121962506
E-GEOD-8077_1	-0.0138592020494317	-0.105732331691735	-0.0123673936976656	-0.0406618934484288
E-GEOD-8077_2	-4.97706619591873e-06	0.00633907966448126	-0.00434956105347167	-0.0051734730032754
E-GEOD-8077_3	0.0173231733421138	0.095066450353579	0.0228403618853057	0.0315477301420486
GSE103416_1	0.0202464438507141	0.0567460114590673	0.0022216778116754	-0.00635932591128801
GSE103416_2	0.0203754427848899	0.0846725547441644	0.0347175170175064	0.0221344813605342
GSE103416_3	0.0222839156402796	0.0729561911972329	0.0390060444352473	0.0170849031355034
GSE19950_1	-0.0101742115775758	-0.048571002969717	-0.0114276771972054	-0.0118897903612938
GSE30322_1	0.00689415140041575	0.0364218850210003	0.00740591078374521	-0.0101027205553068
GSE30322_2	0.00673554983676918	0.0366802326989245	0.00505559450838964	-0.00280917623397509
GSE30322_3	0.00319492232743385	0.0222683833319956	0.00483347501481024	-0.00305237698628644
GSE42295_1	0.0016185385011783	0.0104845494257713	0	-0.0104526779148154
GSE42295_2	0.00707569564397458	0.0333996885898634	0.00424716784417971	0.0105411190552026
GSE42295_3	0.0106389276980173	0.0405167099004978	0.0100521657581619	0.00882617750591808
GSE66554_1	0.00359360837710364	0.00413518478023307	0.00853784996295606	0.0159065497685177
GSE66554_2	0.00245089068800025	0.00220885804746725	0.0108560776203358	0.00798375485240955
GSE66554_3	0.00246588778182501	0.00720706418122314	0	0.0261009039000579
GSE66554_4	-0.0133179317121143	-0.0643008917875356	0.00238791487730512	0.00514019861298569
GSE74898_1	-0.0215914922581537	-0.0591646169121524	-0.0129103555218386	-0.00825341274238512
GSE74898_2	-0.0206158574627878	-0.0646067365404009	-0.00729350621414211	-0.0130783832903315
GSE74898_3	-0.00862194721560948	-0.0171441370958267	-0.00221369727453269	0.0117514656604225
GSE79176_1	-1.27655228758169e-06	0.0115589257139437	NA	NA
GSE79176_2	-0.000330825830195621	0.012623885853367	NA	NA
GSE79176_3	0.000325739629679916	0.00306274133502969	NA	NA
GSE85785_1	0.0198703639979047	0.0538653677550526	0.00702618035354666	0.00484220711726534
GSE23492_1	0.00332170545656286	0.0171232224809885	NA	NA
GSE23492_2	0.00493580622059724	-0.00274641636504417	NA	NA
GSE23492_3	-0.0109278824388101	-0.0131625295560426	NA	NA
GSE23492_4	-0.00265677121892538	0.0140894628479337	NA	NA
GSE23492_5	0.0124044220130656	0.0166464541119286	NA	NA
GSE44991_1	0.00441624971254335	0.0359839841414481	0.0101642996379838	0.0204902125799758
GSE44991_2	-0.00161691013861344	-0.0251747216827977	NA	0.00344428152332411
GSE39796_1	0.00943739744686698	0.0294322399785982	NA	NA
GSE39796_2	-0.0159203959018912	-0.0432162615420871	NA	NA
GSE39796_3	0.024558551661211	0.0942492825888739	NA	NA
GSE18394_1	-0.0136633952458222	-0.042735709694819	-0.00246372571854179	0
GSE18394_2	0.0250764699573809	0.0809218097392611	0.0120539617024741	0
GSE18394_3	-0.0364533060235913	-0.10342814586964	-0.00847183285040007	0
GSE29233_1	0.0107866452263548	0.0535826207442501	NA	NA
E-MEXP-2291_1	0.0154494727352445	0.0364177853258424	NA	NA
E-MEXP-2291_2	0.0233210316548425	0.0522290516138428	NA	NA
E-MEXP-2291_3	-0.00630937304680331	-0.0134196497370627	NA	NA
GSE107363_1	0.00872035805471729	0.0292726842101599	NA	NA
GSE85761_1	-0.0429615652422667	-0.118617131908453	NA	NA
GSE89179_1	-0.0422020228133202	-0.103477317254815	NA	NA
GSE89179_2	-0.00128817512785838	-0.000702179133375485	NA	NA
GSE89179_3	-0.0190844881246121	-0.0311654907937978	NA	NA
GSE89179_4	-0.00405166577094278	-0.00289314013225265	NA	NA
GSE89179_5	-0.0229530478401445	-0.0590036394891033	NA	NA
GSE89179_6	-0.0103231259588509	-0.0451558175933012	NA	NA
GSE89179_7	-0.00989966525790456	-0.0296537694222391	NA	NA
E-GEOD-57723_1	0.0318166166992446	0.0635235794484676	NA	NA
E-GEOD-57723_2	0.0131782072959856	0.0648941339831997	NA	NA
E-GEOD-57723_3	0.029032209232611	0.0597307027863901	NA	NA
E-GEOD-83930_1	-0.00179401985914997	-0.0382586092208723	NA	NA
GSE100268_1	-0.0201458533706543	-0.0214300798641746	NA	NA
E-GEOD-55769_1	0.00663049024882431	0.00483321065409851	0.00635762471152139	0.013285087008025
E-GEOD-55769_2	0.00194931773879142	0.0368996877838644	0.00810810810810811	0.0181275512975393
E-GEOD-55769_3	0.00629702512649211	0.00749493016240295	0.0147960871202923	0.0178026349415578
E-GEOD-69110_1	-0.00192882220593267	-0.0539349578770145	-0.0107700834543107	-0.0326934305066414
E-MTAB-4304_1	0.157872939209454	0.468978676567455	0.140830979284369	0.0298514557288561
E-MTAB-4879_1	0.018263870217756	0.0449330076046475	-0.00113839952224545	0.0140479905607716
E-MTAB-4879_2	-0.00114375761305271	-0.00726567052025345	-0.00257225514382619	-0.000910208288871735
E-MTAB-4879_3	0.00675805703987568	0.0260618984265369	-0.00223214285714286	0.00984343308426858
E-MTAB-4879_4	-0.0204490723015855	-0.0566286860181982	-0.0142446623711023	-0.00859719139586396
Cytokine_Explant_2	0.0835464123006749	0.197709379220103	0.03793945218272	0.0271235057727313
Cytokine_Explant_3	0.0896968310311224	0.215090204313593	0.0458615623492677	0.030255158112631
Cytokine_Explant_4	0.00525261805618445	-0.00170696555046097	0.0104130251318149	0.00641421883829623
Cytokine_Explant_5	0.164390014579256	0.359238975376699	0.0399091416913534	0.0505141611741906
FN1_Explant_1	0.0175831033863801	0.115946813288041	0.0109478308041826	0.0377870685963428
E-MTAB-6266_1	0.0355488365234624	0.0730883653212458	0.0283946541105356	0.0393601665472391
E-MTAB-6266_B_1	-0.0274491124625562	-0.0793275730968603	0.00169434838100572	0.0567511872918172
E-MTAB-6266_B_2	0.0880692680190154	0.221423339034542	0.0427212825205983	0.0468944184490722
E-MTAB-6266_B_3	0.117675339576004	0.342878566045493	0.0562757315196956	0.00023623846335448
GSE70667_1	-0.000330646271327433	0.0563297347756091	0	0.00810429308404808
GSE87608_1	-0.00156836986784047	-0.00906225327728028	NA	-0.0174521301057737
GSE87608_2	-0.00634258155084064	-0.0305792792846028	0	0.00228218857482499
GSE87608_3	-0.0207634803378218	-0.0716959992347503	-0.00521126044632559	0.00368799168153966
GSE87608_4	-0.0156072867337951	-0.0443884893033494	-0.00991896699505446	-0.0253233937378786
GSE90890_1	-0.0153314234674394	-0.0555641214693715	-0.00746141449203496	0.00809652530860709
GSE97118_1	0.0424140117144416	0.0986778137589404	NA	NA
GSE97118_2	0.0144189498089471	0.0436396200731728	NA	NA
GSE97118_3	0.0359383878828193	0.0932964892177266	NA	NA
GSE97118_4	-0.00444725412907994	0.0052305435650425	NA	NA
GSE97118_5	0.000498303851843072	0.0120242166570735	NA	NA
GSE97118_6	-0.0085098251952646	-0.032950165016708	NA	NA
GSE97118_7	-0.00157172385087748	0.0401435951091591	NA	NA
GSE107592_1	-0.0206143134164799	-0.0609220771946662	-0.0103008791212641	-0.0230369562923955
GSE92641_1	0.0064039918114906	0.0133636684163141	0.0154876522650058	-0.000525704443954899
GSE107849_1	0	0.00213424224371965	NA	NA
E-ERAD-89_1	0.00161186172541757	-0.0121896638705686	NA	NA
E-ERAD-89_2	-0.00225328523167972	0.00402325407899336	NA	NA
E-ERAD-89_3	0.00191572764061253	0.00538250310474955	NA	NA
E-ERAD-89_4	0.000327245680153713	-0.0142313368169166	NA	NA
E-GEOD-45893_1	0	-0.03837302149917	NA	NA
E-GEOD-53105_1	-0.00375455928752042	-0.0540941587478061	-0.00805050887693512	-0.00184078412005017
E-GEOD-53105_2	0.00439392885203475	-0.00596508642238464	0.00126117826654747	0.0038381949217151
E-GEOD-54461_1	-0.0127496224767511	-0.0270721893085437	-0.00315077542529695	-0.000986465654781835
E-GEOD-54461_2	-0.0165846765104378	-0.0329175971399318	-0.00211866145365973	0.00681160278189705
E-GEOD-54461_3	-0.0154486127427877	-0.0348624978952992	-0.000351779408622849	0.00642227782553266
E-GEOD-54461_4	-0.00102946385009563	-0.019448281137176	0.000777053397611178	0.00607647708430037
E-GEOD-54461_5	0.0181698497475829	0.0297066859312609	0.0094970494865829	0.00962875844510851
E-GEOD-54461_6	0.021454655597798	0.0407443541869462	0.0128649159185557	0.0216979154195551
E-GEOD-54461_7	0.0257154606659767	0.043077363739027	0.0109824350306185	0.0229670084530382
E-GEOD-54461_8	0.0240889652852201	0.0509793355428928	0.00836583050902649	0.0228091608223051
E-GEOD-73372_1	-0.00590878032794256	-0.0154841218979852	NA	NA
E-GEOD-73372_2	0.0252829197883694	0.0734548419619779	NA	NA
E-GEOD-73372_3	0.0252927310153972	0.0903112248358065	NA	NA
E-GEOD-75549_1	0.00882533127582383	0.0526575962343959	NA	NA
E-GEOD-76988_1	0.0079712436127449	0.0304990616666837	NA	NA
E-MTAB-2923_1	-0.00997863084202267	0.00287624774287051	NA	NA
E-MTAB-2923_2	-0.00339031173175448	-0.0328208678440327	NA	NA
E-MTAB-2923_3	-0.0178334595774821	-0.0600884341460225	NA	NA
E-MTAB-2923_4	0.00789784566205072	0.0143031843075737	NA	NA
E-MTAB-3428_1	0.0219647809080158	0.0617651264391702	NA	NA
E-MTAB-3428_2	-0.00175066001477083	0.0166858165451425	NA	NA
E-MTAB-3428_3	0.00539012558077244	0.0194830882311445	NA	NA
E-MTAB-3428_4	0.0216647567546861	0.0562440761533776	NA	NA
GSE102856_1	0.00594625239180809	0.0710928743413381	NA	NA
GSE103492_1	0.029174751181326	0.0717751503995998	0.0263149101821616	0.0109552168261846
GSE103492_2	0.0066148864424865	0.00701928772681528	0.00240659521610274	-0.000727686652333964
GSE103492_3	0.0309638657011386	0.0729990616556569	0.0166453415974148	0.00839259001204362
GSE103492_4	0.030341145960013	0.0791893613859447	0.0199122184653457	0.00455148775383155
GSE103492_5	0.00187294222266243	-0.0173700841120735	-0.0122814685314685	-0.00437028845136575
GSE103492_6	0.00252362910577921	0.0146394080209804	-0.00485716055412612	0.00265346857415457
GSE103492_7	0.0054121844902592	0.0363049377724216	0.00565043764405351	0.00754308947060667
GSE103492_8	-0.00467009243631093	0.00720132866859638	0.00511757886232994	-0.000522190062572821
GSE103492_9	0.00460999295012994	0.0269571791077579	0.00513347701994091	-0.00604388622373094
GSE103492_10	0.00286931962305656	0.0261891012220357	0.00240384615384615	0.00282923185556089
GSE106259_1	-0.00249503052554807	-0.0291853229427194	-0.0110467526862237	-0.0123747301472394
GSE110303_1	0.00129796687381664	0.0501097425387383	NA	NA
GSE110303_2	0.00342417878125603	0.0306058360908157	NA	NA
GSE110303_3	0.00683100367689301	0.0591590632251083	NA	NA
GSE110300_1	-0.00126789852061787	-0.0282763625936773	NA	NA
GSE110300_2	0.00293541832138221	0.00418842238529976	NA	NA
GSE110300_3	0.00565201952498678	0.0310865834416374	NA	NA
GSE110281_1	0.000935673279999324	0.0151207225782731	NA	NA
GSE110281_2	-0.0117002962276949	-0.017178595562733	NA	NA
GSE110281_3	-0.00807489832522991	-0.0369830705194756	NA	NA
GSE104459_1	0.000150446715221457	-0.007532045483494	0.00130742119046213	-0.00367681394989438
GSE104459_2	0.00224505819903303	0.0365396575997574	0.00466586960915634	0.0041227809131243
GSE104459_3	-0.0078592248230377	-0.0431916792940248	-0.00222073941239027	-0.000740103192461268
GSE110051_1	0.0217112889237837	0.0827254297128973	0.00922622270796317	0.0149945898091678
GSE110051_2	0.00183997241819873	0.0186385248227057	0.00318048646522436	-0.000923718950324136
GSE110051_3	0.0215144332820156	0.0771593505631034	0.00497181712880019	-0.014995241892286
GSE112694_1	0.00898205290537649	0.0300808928841703	0.00170475393558176	0.0107531652138337
GSE112694_2	-0.00403505559825776	0.0058396944484314	-0.000967157121554728	-0.00618180709604345
GSE112694_3	-0.0129468767749277	-0.0254230716808006	-0.00790177468634526	0.00443502979912343
GSE112694_4	-0.0235147105084323	-0.0489910284104041	-0.00972356634557591	-0.0142299907118229
E-MTAB-5879_1	0.0479387943528295	0.129821517546841	0.0272155986248118	0.00319718562823331
E-MTAB-5879_2	0.0354800835069986	0.121504822501977	0.0251746943013319	0.00477409537283171
E-MTAB-5879_3	0.0708544069949165	0.182349327748797	0.0416052759816689	0.00695734578400145
E-MTAB-5879_4	0.0323506641787066	0.106853759977841	0.019888301671013	0.0133031230572002
E-MTAB-5879_5	0.054858644462412	0.148278280584727	0.0313527431994795	0.013784196058106
E-MTAB-5879_6	0.0456326237052478	0.133212257552751	0.0222976235431409	0.00958843505489175
E-MTAB-5879_7	0.00182760333417241	0.0553015684857073	0	-0.00798612389034755
E-MTAB-5879_8	-0.00193278638886295	-0.0178665345725507	0	0.0125166593230618
E-MTAB-5879_9	0.0109403129190997	0.0580180388036456	0	0.0202376032471693
E-MTAB-5879_10	0.0181142217662391	0.0715970231925985	0.00342465753424658	0.03316496792732
E-MTAB-4294_1	0.0324116931210748	0.0791289686242777	0.0275582750378688	0.0169349706554788
E-MTAB-4294_2	0.0200025126194616	0.0489650657546315	0.0173528201078616	0.0239416756484967
E-MTAB-4294_3	-0.00661127666661192	-0.0279281213545138	0.00494416267200315	0.000856261181849216
E-MTAB-3186_1	0.019896039581664	0.0529620041483101	0.00999571926405538	0.00141927373735326
E-MTAB-3186_2	0.0194209878387002	0.0308109377061319	0.0158252072889724	0.00300619763413254
E-MTAB-3186_3	0.0069631074793045	0.0188154347643126	0.00934808122937968	0.00039357191446268
E-MTAB-3186_4	0.0279975462559885	0.0652983261537154	0.0188202253550858	-0.00232971815418624
