comparisonID	jaccard	cosine	sigjaccard	chrDir
22659600_1	0.00653547323345551	0.0479692490940784	NA	NA
24361742_1	0.001119946125548	0.0483696228479837	NA	NA
GSE72258_1	0.000328515111695138	0.129517488893642	NA	NA
GSE72258_2	-0.000656598818122127	-0.0460506611536729	NA	NA
GSE69531_1	-0.00918731627553204	-0.0449793159295453	NA	NA
GSE69531_2	0.00369487121197712	0.0248557764522673	NA	NA
GSE69531_3	0.000795774948712559	0.0259479331187695	NA	NA
GSE69531_4	-0.00918731627553204	-0.0449793159295453	NA	NA
GSE58203_1	-0.0133638861875841	-0.0351520702710809	NA	NA
GSE58203_2	-0.0143961735702328	-0.0254444161781169	NA	NA
GSE58203_3	-0.0152978427684999	-0.0505507389812691	NA	NA
GSE58203_4	-0.0168719206460221	-0.0638150908656447	NA	NA
GSE58203_5	-0.011921279623022	0.0212200628438391	NA	NA
GSE58203_6	-0.0202825446898134	-0.0332912307949389	NA	NA
GSE58203_7	-0.010772826442235	-0.0290095799406455	NA	NA
GSE58203_8	0.00293390590152769	-0.01934960603355	NA	NA
GSE59642_1	-0.0210193062822863	-0.0307489976012262	NA	NA
GSE59642_2	-0.000410029536266279	0.00201701373178014	NA	NA
GSE59642_3	0.0228258778663344	0.0403395116569564	NA	NA
GSE64922_1	-0.0118945987570911	-0.0383268170062902	NA	NA
GSE60162_1	-0.0275763509893123	-0.238882197144348	NA	NA
GSE31685_1	0.00338593673312941	0.0529338212802743	NA	NA
E-MEXP-3890_1	-0.0183890956705277	-0.063401107489917	NA	NA
GSE31980_1	-0.100114260682374	-0.23428536887386	NA	NA
GSE15615_1	0.0216550739201868	0.0464054660387052	NA	NA
GSE15083_1	-0.00229099862704531	0.0247138969962669	NA	NA
GSE108035_1	-0.0198247118611465	-0.0347872801918914	NA	NA
GSE108035_2	0.0298493308948296	0.104666093857107	NA	NA
GSE108035_3	0.0295552153973064	0.11298475213194	NA	NA
GSE21959_1	-0.000388190518269402	0.0350837542365998	NA	NA
GSE21959_2	-0.00567983355471779	-0.00773338604301535	NA	NA
GSE24742_1	-0.0166675342651312	-0.0673642549837858	NA	NA
GSE24742_2	0.00198061394005659	0.0173471251788332	NA	NA
GSE24742_3	-0.00212882260166165	-0.0995554407157673	NA	NA
GSE74668_1	-0.00820840777071578	-0.0705692189138975	NA	NA
E-GEOD-10024_1	-0.0826942253639642	-0.312198064574915	NA	NA
E-GEOD-10024_2	-0.013811312997571	0.0120620883747538	NA	NA
E-GEOD-12860_1	0.0826817360252989	0.483030791647859	NA	NA
E-GEOD-12860_2	0.435870480226597	0.792355884438269	NA	NA
E-GEOD-12860_3	0.423794594054458	0.799779970642644	NA	NA
E-GEOD-12860_4	0.497430069642135	0.92318553866624	NA	NA
E-GEOD-12860_5	0.404915160558693	0.830219665704582	NA	NA
E-GEOD-12860_6	0.390317135575874	0.773420707217832	NA	NA
E-GEOD-12860_8	0.372029421020783	0.815225255977277	NA	NA
E-GEOD-14359_1	-0.00114355292235378	0.0208421139739354	NA	NA
E-GEOD-14359_2	0.0147630922644885	0.0644817575708526	NA	NA
E-GEOD-1919_1	-0.017683110748266	-0.149467461979066	NA	NA
E-GEOD-1919_2	-0.0862174465304256	-0.28720113960368	NA	NA
E-GEOD-1919_3	-0.0734067077192845	-0.272939980931512	NA	NA
E-GEOD-1919_4	0.00090937385404581	0.0217901273669124	NA	NA
E-GEOD-1919_5	-0.0559865607881691	-0.1726438313872	NA	NA
E-GEOD-1919_6	0.0241251748623141	0.145625017829461	NA	NA
E-GEOD-1919_7	0.00390113000035155	-0.0141291213052631	NA	NA
E-GEOD-1919_8	0.00130514001039986	-0.00574406107829582	NA	NA
E-GEOD-1919_9	-0.00167291059914855	-0.0104384963599876	NA	NA
E-GEOD-19664_1	0.0103707534892911	0.035529247078071	NA	NA
E-GEOD-19664_2	0.0387220114143926	0.144424822895111	NA	NA
E-GEOD-19664_3	0.0562739220577494	0.195356828471613	NA	NA
E-GEOD-19664_4	0.00451972544669863	0.0492700628581302	NA	NA
E-GEOD-19664_5	0.0735723920000437	0.250259387539593	NA	NA
E-GEOD-19664_6	0.0894289667306407	0.253569941891764	NA	NA
E-GEOD-43923_1	-0.0090446170438234	-0.0470767261351473	NA	NA
E-GEOD-51812_1	0.0503137708828346	0.161261024685772	NA	NA
E-GEOD-51812_2	0.0479174349126951	0.159325630413159	NA	NA
E-GEOD-68760_1	0.00490183163993824	0.00733008771573902	NA	NA
E-GEOD-82107_1	-0.0199317608030285	-0.119678778027709	NA	NA
E-GEOD-9451_1	0.0299769486738536	0.10669844431801	NA	NA
E-GEOD-9451_2	0.0340275024602786	0.0687753386403938	NA	NA
E-GEOD-9451_3	0.0339947223807121	0.0495872295418447	NA	NA
E-GEOD-9451_4	0.038624191383731	0.0774309050880744	NA	NA
E-MEXP-2019_1	0.009100916835636	0.0179222356478736	NA	NA
E-MEXP-2019_2	-0.00564555418261948	-0.00478385744550264	NA	NA
E-MEXP-2019_3	0.0154306835456797	0.0432185439494342	NA	NA
E-MEXP-2019_4	-0.00854703391361998	0.00230688303560045	NA	NA
E-MEXP-2276_1	0.00380204047153813	0.0438418568047972	NA	NA
E-MEXP-2488_1	-0.0387323044291412	-0.153056161876905	NA	NA
E-MEXP-3129_1	-0.00392403326700516	-0.0279136950112103	NA	NA
E-MEXP-3474_1	0.00229332928076002	0.0020149501892736	NA	NA
E-MTAB-3010_1	0.0374492695127263	0.111061565733522	NA	NA
E-MTAB-3010_2	0.0564827733673525	0.153402366940837	NA	NA
E-MTAB-3010_3	0.00511310152485524	0.000984884177488589	NA	NA
E-MTAB-3010_4	-0.0217235278448388	-0.058589323685444	NA	NA
E-MTAB-4152_1	0.0220286850976069	0.053652460737381	NA	NA
E-MTAB-4152_2	-0.00977067197223778	-0.0807013962872042	NA	NA
E-MTAB-4152_3	0.0100649635446407	-0.00261553740115323	NA	NA
GSE100609_1	-0.000647551296901842	0.0330546939599264	NA	NA
GSE100786_1	-0.000638265483440098	-0.0768829416352514	NA	NA
GSE100786_2	-0.00437642775121577	0.0461028627246023	NA	NA
GSE103697_1	-0.000328515111695138	-0.0618686814881675	NA	NA
GSE103697_2	0	0.0154503737493098	NA	NA
GSE103697_3	-0.000328083989501312	-0.0070794881066051	NA	NA
GSE104113_1	-0.0101364260416941	-0.0638280940582245	NA	NA
GSE104113_2	0.0128259307552081	0.0653169064632821	NA	NA
GSE104113_3	-0.0101364260416941	-0.0638280940582245	NA	NA
GSE10575_1	0.012840318448667	0.0604595919228669	NA	NA
GSE10575_2	-0.0138877074320719	-0.0322656694736464	NA	NA
GSE10575_3	0.0027115210208352	0.0406209656361514	NA	NA
GSE13604_1	-0.000357850564318792	-0.0151420714834308	NA	NA
GSE13837_1	-0.00207012113462187	-0.0106391015616196	NA	NA
GSE13837_2	-0.00659840416602238	0.0264341514833353	NA	NA
GSE13837_3	-0.00505988172064137	0.00668118822175411	NA	NA
GSE13837_4	-0.00226261161417509	-0.00430010661071153	NA	NA
GSE13837_5	-1.42961927804665e-05	0.0718056747762138	NA	NA
GSE13837_6	-0.0122396589180557	-0.0235366838597715	NA	NA
GSE13837_7	-0.0160735387617788	-0.00988223204107018	NA	NA
GSE13837_8	-0.0121439251196544	-0.0333736970477575	NA	NA
GSE13837_9	0.00380565696464753	-0.0164896754257632	NA	NA
GSE13837_10	0.0124189965849051	0.0403284757574356	NA	NA
GSE13837_11	0.0137754160998697	0.0251038513127936	NA	NA
GSE13837_12	0.0204820192952988	0.0440833986668667	NA	NA
GSE13837_13	-0.011420311717708	-0.0919069771528282	NA	NA
GSE13837_14	-0.0172848482223458	-0.0323110176446311	NA	NA
GSE13837_15	-0.0285316203829105	-0.086671880380213	NA	NA
GSE13837_16	-0.020527819354141	-0.0680445633808854	NA	NA
GSE13837_17	-0.00795815654116107	-0.0481079822432439	NA	NA
GSE13837_18	-0.0189857551000974	-0.0843199787882652	NA	NA
GSE13837_19	-0.02945839021005	-0.125602899235996	NA	NA
GSE13837_20	-0.0172196503834428	-0.093151638823391	NA	NA
GSE13837_21	0.00504546038222502	-0.00325528413206908	NA	NA
GSE13837_22	0.0144293291936501	0.0684797790416058	NA	NA
GSE13837_23	0.0147087526828436	0.0641343341803355	NA	NA
GSE13837_24	0.00785625197026272	0.030008884921205	NA	NA
GSE16464_1	-0.00859976568232639	-0.0630712877498465	NA	NA
GSE16464_2	-0.0510993851923197	-0.158503757002843	NA	NA
GSE19060_1	-0.00535472179157889	0.0413183094298008	NA	NA
GSE27372_1	-0.00312854276600425	0.0160895725836064	NA	NA
GSE27390_1	0.00373246391885056	0.0225625681657977	NA	NA
GSE29106_1	0.0433137496921612	0.106550336908266	NA	NA
GSE29107_1	-0.020916573774752	-0.0552299281212172	NA	NA
GSE29107_2	-0.0270525084716593	-0.0561987292487231	NA	NA
GSE29745_1	-0.0101700904008238	0.0375306547887989	NA	NA
GSE29745_2	-0.0445262142668435	-0.115985641609001	NA	NA
GSE29745_3	0.0382986469066748	0.0948083154010893	NA	NA
GSE35546_1	-0.00935091801854015	-0.00475016791137501	NA	NA
GSE35546_2	-0.00113519626063214	0.0493568445180342	NA	NA
GSE35546_3	-0.00718542954467086	0.0280252413557485	NA	NA
GSE35546_4	0.0289176139894237	0.133637801999549	NA	NA
GSE35546_5	0.012223239636266	0.0976140598118108	NA	NA
GSE35546_6	0.00920206604550387	0.10146227634685	NA	NA
GSE35955_1	0.0178194087114625	0.0407741670407002	NA	NA
GSE35956_1	0.0175136204717032	0.153342829265521	NA	NA
GSE35957_1	0.0219939290815942	0.151654897001129	NA	NA
GSE35958_1	0.0248523615638345	0.0939219819481189	NA	NA
GSE39340_1	-0.00114043932092168	0.0310008792898392	NA	NA
GSE39340_2	-0.00857214903177412	0.0271017172062496	NA	NA
GSE39340_3	0.0098178845412723	0.00138522349729257	NA	NA
GSE39795_1	-0.00189584422515475	-0.00556895350608844	NA	NA
GSE39795_2	-0.0140240225042098	-0.0783338803031429	NA	NA
GSE39795_3	-0.0124473437476651	-0.0991404060128786	NA	NA
GSE41038_1	-0.0114151829283229	-0.03847326505539	NA	NA
GSE41038_2	-0.0033424854905301	0.0013079315468683	NA	NA
GSE41038_3	-0.00108050922134725	-0.00713591824796607	NA	NA
GSE41992_1	0.00736751565833211	-0.02307799306592	NA	NA
GSE42235_1	0.00603029445449971	0.0342475427188579	NA	NA
GSE42235_2	0.00361245476282974	-0.0035255233621294	NA	NA
GSE42235_3	-0.00152871663449847	0.0187653707857321	NA	NA
GSE42235_4	0.0027619387712688	0.0335418703256994	NA	NA
GSE45233_1	-9.47799823525896e-05	-0.00799658440620219	NA	NA
GSE45233_2	-0.00480077167033973	-0.0216891465230336	NA	NA
GSE45233_3	0.00325295576295881	-0.011796020915477	NA	NA
GSE45233_4	0.00572540736973627	0.00202219678126627	NA	NA
GSE46053_1	-0.00622129349785322	0.00414131285639074	NA	NA
GSE46053_2	-0.0122241016064173	-0.0228121124590999	NA	NA
GSE46750_1	-0.0179633579727235	-0.0510797762836467	NA	NA
GSE51588_1	-0.0243974530152027	-0.0602419493421243	NA	NA
GSE51588_2	-0.000338085312402675	-0.0228864831693397	NA	NA
GSE51588_3	-0.0137517856673303	-0.0592331144438092	NA	NA
GSE52817_1	0.0263162257546534	0.0816906854206326	NA	NA
GSE52817_2	-0.0916498269503514	-0.215498582395314	NA	NA
GSE52817_3	-0.0514460763729397	-0.085026199255526	NA	NA
GSE52817_4	0.0927548835302726	0.231433251983752	NA	NA
GSE55235_1	0.0231630029631319	0.0993865387376184	NA	NA
GSE55235_2	0.0333631775444755	0.105918032903093	NA	NA
GSE55235_3	0.0103135466727317	0.0454902241291231	NA	NA
GSE55457_1	0.0143678944759669	0.0760310713214119	NA	NA
GSE55457_2	0.0103758326663394	0.00896070978570698	NA	NA
GSE55584_1	0.0148936840308235	0.154686948578879	NA	NA
GSE57218_1	-0.00572398596161107	-0.0731221992189083	NA	NA
GSE60762_1	0.00599803202114301	0.105656748117509	NA	NA
GSE62914_1	-0.0110468134856934	-0.0495379870527082	NA	NA
GSE62914_2	-0.0227225765343327	-0.0576415982306952	NA	NA
GSE62914_3	-0.0159378227453745	-0.00134720570441816	NA	NA
GSE62914_4	0.0354500662383395	0.0785268332586076	NA	NA
GSE64394_1	-0.0192071262572711	-0.101912477852731	NA	NA
GSE66635_1	0.000886969916430715	-0.00666617196019314	NA	NA
GSE68038_1	-0.0145815140296239	-0.0542775124108238	NA	NA
GSE68428_1	-0.0192366215168372	-0.0350922879378909	NA	NA
GSE68428_2	-0.0213575676627943	-0.0582383700170156	NA	NA
GSE68428_3	-0.0128154951090233	-0.04863566646672	NA	NA
GSE69459_1	-0.00991844510123349	-0.0428975188559932	NA	NA
GSE69459_2	-0.00669716374518659	0.0156219711937409	NA	NA
GSE69459_3	-0.000656640830585065	-0.0351209845094392	NA	NA
GSE69459_4	-0.0133755660344564	-0.0522402258533528	NA	NA
GSE69992_1	0.00420984764181928	0.0016703201487413	NA	NA
GSE70719_1	0.0653111567632293	0.330410112612893	NA	NA
GSE7116_1	0.039538182827347	0.21933346237577	NA	NA
GSE7116_2	-0.000428826051520757	0.108331844598744	NA	NA
GSE7116_3	-0.0243561514027941	-0.129051611586724	NA	NA
GSE72575_1	0.0111843528414863	0.0769666374921833	NA	NA
GSE72575_2	0.01406526188803	0.0809880379631111	NA	NA
GSE72575_3	0.0169287839749738	0.0502286271692109	NA	NA
GSE72575_4	-0.00130718954248366	0.079386444972201	NA	NA
GSE75181_1	0.0116305815613125	0.0444749513235443	NA	NA
GSE75181_2	-0.0145073879144728	-0.0749325883330107	NA	NA
GSE75181_3	0.0091607920311892	0.033683920263312	NA	NA
GSE75230_1	0.00265164828489942	0.023594096485026	NA	NA
GSE7669_1	-0.00299117416532092	-0.0199418292225338	NA	NA
GSE77916_1	-0.000327653997378768	0.0350022103817987	NA	NA
GSE80614_1	-0.00663856473201131	-0.0167797773351191	NA	NA
GSE80614_2	-0.00928058819929	-0.0371862438885835	NA	NA
GSE80614_3	-0.00241677627709516	-0.0169636808457983	NA	NA
GSE80614_4	-0.0139413021562193	-0.0505709232880683	NA	NA
GSE80614_5	-0.0189835968761984	-0.0658295673066488	NA	NA
GSE80614_6	-0.0126272156491934	-0.0452379058585167	NA	NA
GSE80614_7	-0.00418395024859297	-0.0214083782905514	NA	NA
GSE80614_8	-0.0019705418153694	-0.00875600927649681	NA	NA
GSE80614_9	-0.0063370754173863	-0.0456126001000058	NA	NA
GSE80614_10	-0.006105998489453	-0.0451530527780793	NA	NA
GSE80614_11	-0.00142448362468605	-0.074679885537481	NA	NA
GSE80614_12	-0.00923574399266026	-0.0256102682519876	NA	NA
GSE80614_13	-0.00761647879327853	-0.027432836447327	NA	NA
GSE80614_14	-0.01101973461993	-0.0339966540894975	NA	NA
GSE80614_15	-0.00878988819048849	-0.0138988439357511	NA	NA
GSE80614_16	-0.00526347433111344	0.0059940732388568	NA	NA
GSE85254_1	-0.0190245688409571	-0.0745629785534278	NA	NA
GSE86578_1	-0.0164362528392158	-0.0490338672538427	NA	NA
GSE86578_2	-0.00923903599151247	-0.0285480435491539	NA	NA
GSE86578_3	-0.0177859724793104	-0.0578323302939542	NA	NA
GSE9329_1	-0.00930156277453083	-0.127557520310879	NA	NA
GSE93698_1	-0.0228445520205107	-0.023400409302221	NA	NA
GSE93698_2	-0.0212512646132076	-0.0353678693319601	NA	NA
GSE93698_3	-0.0450522150062333	-0.0932200194756401	NA	NA
GSE93698_4	-0.0399128037274536	-0.0657796211247575	NA	NA
GSE93698_5	-0.0281789856396031	-0.0419286478669291	NA	NA
GSE93698_6	-0.00398844120994461	-0.0195597518886543	NA	NA
GSE93698_7	-0.0317290294205993	-0.114342499242387	NA	NA
GSE93698_8	-0.010195288869728	-0.0991791381670941	NA	NA
GSE93698_9	-0.0100823577913789	-0.0404919389957832	NA	NA
GSE93698_10	-0.0314926861571298	-0.108686620526032	NA	NA
GSE93698_11	-0.0191905945586978	-0.0716207949389258	NA	NA
GSE93698_12	-0.011258482274885	-0.0255348826954808	NA	NA
GSE93698_13	0.0231790187646589	0.0561705755992488	NA	NA
GSE93698_14	0.0157690798546523	0.094795622038257	NA	NA
GSE93698_15	0.00149125982383503	0.0218632328912201	NA	NA
GSE93720_1	-0.00650976435691742	-0.0439806307612874	NA	NA
GSE93720_2	-0.0269242432536152	-0.0723578403334992	NA	NA
GSE93720_3	-0.0107367731809569	-0.0527928812909409	NA	NA
GSE93720_4	-0.0334107573009338	-0.105041319641088	NA	NA
E-MTAB-5564_1	-0.0024760071863292	-0.0310771882873399	NA	NA
GSE77753_1	0.00537158813746475	0.0187426579741738	NA	NA
GSE43861_1	0.0274911542934376	0.112660901714215	NA	NA
GSE112809_1	0.000328299409061064	0.010303951275775	NA	NA
GSE111946_1	0.011831306918398	0.00540716378879064	NA	NA
GSE111946_2	-0.000374483013829113	-0.0022160978856268	NA	NA
E-MTAB-3201_1	-0.0142314498957147	-0.0836589229941328	NA	NA
E-MTAB-6700_1	0.00248243137359539	0.00861281072845481	NA	NA
GSE54749_1	0	-0.0173001609632725	NA	NA
GSE57218_B_1	-0.00532666160270339	0.00572773792130468	NA	NA
GSE57218_B_2	-0.00663105493808654	0.0216827932138425	NA	NA
GSE57740_1	-0.00216499769885362	0.018027523594673	NA	NA
GSE52992_1	-0.00155243267847483	-0.0595689952436595	NA	NA
GSE17160_1	-0.00159878727851225	0.00273907258201529	NA	NA
GSE17160_2	0.00122528613749788	0.128200782725914	NA	NA
GSE17160_3	-0.0053431369276143	-0.0534126827097642	NA	NA
GSE17160_4	0.000559873498088418	0.035438290607711	NA	NA
GSE17160_5	0.0012096419381735	0.0672518202809088	NA	NA
GSE17160_6	0.00128572232547453	0.0925678225745274	NA	NA
GSE17160_7	-0.0044034604167844	-0.0611770253790744	NA	NA
GSE17160_8	0.00633604560762621	0.0356691028738523	NA	NA
GSE17160_9	0.00233877916850106	0.00748251805765657	NA	NA
GSE17160_10	-0.00914332930090151	-0.0245654605777028	NA	NA
GSE17160_11	-0.00764115117793267	-0.0191340088969944	NA	NA
GSE17160_12	0.00387411688820572	-0.00646660235188416	NA	NA
GSE22971_1	-0.00400463396469651	-0.0149820138411128	NA	NA
GSE22971_2	0.00154229342885393	0.00357064207215476	NA	NA
GSE22971_3	-0.036272247474009	-0.118744600051126	NA	NA
GSE22971_4	-0.0296964099445031	-0.120478490969202	NA	NA
GSE13590_1	-0.00300001003431963	-0.0223416503647814	NA	NA
GSE13590_2	-0.000327225130890052	-0.00342323887795168	NA	NA
GSE99731_1	0.00208546981690628	-0.0180414056783822	NA	NA
GSE99731_2	-0.00700388713941289	0.0064036044175957	NA	NA
GSE99731_3	0.024630005641251	0.0815222257903375	NA	NA
GSE27492_1	0.000323415265200517	-0.0190251437037163	NA	NA
GSE27492_2	0.00180560294413615	0.0327467534888225	NA	NA
GSE27492_3	-0.00134409133143517	-0.0144342557697217	NA	NA
GSE27492_4	-0.0101068725133154	-0.0312222425087377	NA	NA
GSE27492_5	-0.00400834789582542	-0.00701325905168317	NA	NA
GSE27492_6	-0.0101075111392586	-0.0335649033365505	NA	NA
GSE27492_7	-0.011417527158682	-0.0466729353089699	NA	NA
GSE27492_8	-0.00994799376950739	-0.0294164713929908	NA	NA
E-GEOD-15069_1	0.00147152906079888	-0.00301013142736521	NA	NA
E-GEOD-15069_2	0.00398433409677339	0.0140788582585561	NA	NA
E-GEOD-15069_3	0.00579871201967865	0.0103311225303431	NA	NA
E-GEOD-15069_4	0.000559379676368076	0.0311232848141516	NA	NA
E-GEOD-15118_1	0.0157674587701741	0.117431611632651	NA	NA
E-GEOD-15118_2	0	-0.0298939170005926	NA	NA
E-GEOD-15118_3	-0.0095087645655528	-0.0464388161648647	NA	NA
E-GEOD-15118_4	0.000774527513096991	0.0455980718657076	NA	NA
E-GEOD-16007_1	-0.00515968177687858	-0.0155074396351357	NA	NA
E-GEOD-17473_1	-0.00709830292508457	-0.0818042669048203	NA	NA
E-GEOD-18647_1	0.0023153602856571	0.0138801816629876	NA	NA
E-GEOD-18647_2	0.0038878257362744	0.0484088136507798	NA	NA
E-GEOD-18647_3	-0.000779637644870145	0.00495291491881607	NA	NA
E-GEOD-18647_4	0.00611239884601472	0.0296111130381737	NA	NA
E-GEOD-18648_1	-0.00449705951507227	-0.00427613608655038	NA	NA
E-GEOD-18648_2	-0.00568906312006987	-0.0793750695409241	NA	NA
E-GEOD-2154_1	0.00867886208914114	0.0779690243145057	NA	NA
E-GEOD-2154_2	0.000509251608085696	0.00508149781665317	NA	NA
E-GEOD-2154_3	-0.00775887461614602	-0.00876231657379644	NA	NA
E-GEOD-2154_4	-0.0177248329322393	-0.0334848975745882	NA	NA
E-GEOD-26475_1	-0.00412457923654852	-0.0617857241877329	NA	NA
E-GEOD-26475_2	-0.00522774292961442	-0.0389229468492152	NA	NA
E-GEOD-26475_3	-0.00142532732853145	-0.0575414421210919	NA	NA
E-GEOD-33567_1	-0.00530315028213264	-0.00713868238389066	NA	NA
E-GEOD-33567_2	0.00863819491251448	0.00530848360424968	NA	NA
E-GEOD-37287_1	-0.00474692526978491	0.00197487319152365	NA	NA
E-GEOD-37287_2	-0.0382775285724906	-0.111371383020822	NA	NA
E-GEOD-37287_3	0.0176293255160064	0.0487502386048426	NA	NA
E-GEOD-51994_1	-0.0472144447698562	-0.164580536754991	NA	NA
E-GEOD-51994_2	-0.0595300593804807	-0.182276572945599	NA	NA
E-GEOD-51994_3	-0.0300727709782788	-0.112254439659577	NA	NA
E-GEOD-65077_1	0.0041918194139776	0.0375873985384533	NA	NA
E-MEXP-1244_1	0.000344727121861238	0.129732951808739	NA	NA
E-MTAB-1123_1	0.0111163919934435	0.0287009646213165	NA	NA
E-MTAB-1123_2	0.011810786466636	0.0789275971941792	NA	NA
E-MTAB-1123_3	0.000796507800732048	0.109505298989808	NA	NA
E-MTAB-1123_4	0.000355251408352843	0.0738130096371886	NA	NA
E-MTAB-1391_1	-0.00175393195761208	0.0421899190060575	NA	NA
E-MTAB-1391_2	0.0184775637197523	0.0577680801007719	NA	NA
E-MTAB-1391_3	0.015189642085712	0.0504255216951052	NA	NA
E-MTAB-2450_1	-0.0012100798602794	-0.0171264529382733	NA	NA
E-MTAB-2450_2	-0.00427845741888104	-0.0904759526303187	NA	NA
E-MTAB-2450_3	-0.00352441799030837	-0.0239586412969073	NA	NA
E-MTAB-2450_4	0.00968489819887006	0.0366083451916267	NA	NA
E-MTAB-5023_1	0.0114220577313248	0.0617436220208892	NA	NA
E-MTAB-5326_1	-0.00197063565801743	0.00154109837198317	NA	NA
E-MTAB-5326_2	-0.0122254897120046	-0.0255539873382799	NA	NA
E-MTAB-5326_3	0.00888265357998106	0.0139563800464154	NA	NA
GSE102588_1	-0.0110254195702814	-0.0982570971128671	NA	NA
GSE104793_1	-0.0257582243571219	-0.049387889570171	NA	NA
GSE104794_1	-0.0165485376316262	-0.0550141062175001	NA	NA
GSE104795_1	-0.0104802262068397	-0.0262733718621293	NA	NA
GSE105139_1	0	-0.0324992534994046	NA	NA
GSE105139_2	0.000692801961491039	0.0496765640880869	NA	NA
GSE105139_3	0.00129727797281548	0.0704686239313595	NA	NA
GSE10555_1	-0.0226157254113384	-0.0428816467894109	NA	NA
GSE10556_1	0.00241205180097742	-0.0275006827475058	NA	NA
GSE106631_1	-0.0129154905092318	0.039717782333566	NA	NA
GSE13104_1	0.0469373821476686	0.103936435591803	NA	NA
GSE13104_2	0.0149663592726047	0.0269716251050082	NA	NA
GSE13104_3	0.00403822878042034	0.0150249070242542	NA	NA
GSE16749_1	0.0069892766654704	0.0212494109374792	NA	NA
GSE16749_2	0.0148964801010702	0.102542188104096	NA	NA
GSE16749_3	-0.0179301253505323	-0.0598359547239247	NA	NA
GSE17348_1	0.0104480773048211	0.0224804216015673	NA	NA
GSE17563_1	-0.0117185693502816	-0.0356450339339571	NA	NA
GSE17563_2	-0.0183085934158777	-0.054390833927452	NA	NA
GSE17569_1	-0.00527241960065764	-0.0189530608290166	NA	NA
GSE17569_2	-0.000253476082307939	-0.00775888367323549	NA	NA
GSE17570_1	0.0049018711372887	0.00331932843362678	NA	NA
GSE17570_2	0.00170715922630955	0.0166385292291291	NA	NA
GSE18991_1	0	-0.127319898814396	NA	NA
GSE18992_1	0	0.000337231637781628	NA	NA
GSE19299_1	-0.023059477145904	-0.0782781112649686	NA	NA
GSE20850_1	0.0105824920801517	0.0269817119153253	NA	NA
GSE21093_1	-0.0187410802835099	-0.0413719626745549	NA	NA
GSE21523_1	0.00045196147737122	-0.0124176630820303	NA	NA
GSE21639_1	0.00181561533617759	-0.027121024358442	NA	NA
GSE21639_2	0.0074168228325414	0.103910272603027	NA	NA
GSE21639_3	-0.00612705974236741	-0.0775639068690025	NA	NA
GSE21639_4	0.00339925938935742	0.0284050690923523	NA	NA
GSE21710_1	0.00833194816074433	-0.01611796999804	NA	NA
GSE21710_2	0.0125673834611146	-0.0125809530501327	NA	NA
GSE21710_3	0.00652198978999578	-0.0250737325408185	NA	NA
GSE22925_1	-0.000200187525136938	-0.0242708983323809	NA	NA
GSE22925_2	-0.00305702939741846	-0.0120429582472851	NA	NA
GSE26499_1	-0.0390130559229844	-0.115060910383787	NA	NA
GSE30160_1	0.00717734279614385	0.0247055319446751	NA	NA
GSE30628_1	-0.0532837934450168	-0.146971261092889	NA	NA
GSE30628_2	-0.00614362158367203	-0.0182491067107244	NA	NA
GSE32163_1	0.00155570457273394	0.0552148779398016	NA	NA
GSE33656_1	-0.0109092233623626	-0.0192673763070091	NA	NA
GSE33754_1	-0.000737111546888435	-0.0566415126318077	NA	NA
GSE33754_2	-0.00643029522273795	-0.0219408311285456	NA	NA
GSE33754_3	-0.0144040951669891	-0.0550589541073852	NA	NA
GSE34570_1	-0.0041372581389374	-0.0151180371886382	NA	NA
GSE35003_1	0.00116687412444548	0.0637031765754228	NA	NA
GSE35466_1	-0.000812974378920318	0.133312810487637	NA	NA
GSE35466_2	-0.0207092543018526	-0.131646910563194	NA	NA
GSE35466_3	0.00775101881535567	0.118190848108214	NA	NA
GSE35466_4	0.003847029333361	-0.0317852631760113	NA	NA
GSE35466_5	0.00267208239636533	-0.131615768896124	NA	NA
GSE36925_1	-0.0011915392892134	-0.0703086142489487	NA	NA
GSE36925_2	-0.00941810453773932	-0.0490103135527	NA	NA
GSE36925_3	-0.0120430154055896	-0.0516187179397201	NA	NA
GSE37219_1	-0.0127317472662688	-0.0971088818322994	NA	NA
GSE37676_1	-0.00458875730370743	-0.00641937763787665	NA	NA
GSE41342_1	-0.0123136457678119	-0.0522721622089265	NA	NA
GSE41342_2	-0.00635370380417521	-0.0264564156031518	NA	NA
GSE41342_3	-0.00129806895147002	-0.0125485301582619	NA	NA
GSE41342_4	-0.00337401295281455	-0.0309014553328779	NA	NA
GSE41997_1	-0.00946164022636201	-0.0183931238287993	NA	NA
GSE43242_1	-0.0110316959291168	0.0116826719288452	NA	NA
GSE43242_2	0.00309800989848567	0.0216033544166608	NA	NA
GSE43663_1	-0.000318298103810228	0.0547123386635859	NA	NA
GSE43854_1	-0.00738885309034026	-0.0268727213066714	NA	NA
GSE45656_1	0.0074361054789118	0.0336828817579252	NA	NA
GSE45656_2	0.0129722602393945	0.0390891286756403	NA	NA
GSE45656_3	0.0187169048926718	0.0406301344353778	NA	NA
GSE45793_1	-0.0444642915571323	-0.177534141362145	NA	NA
GSE45793_2	-0.0284947607611505	-0.142481735515431	NA	NA
GSE45793_3	-0.0643887197660794	-0.191378447380144	NA	NA
GSE45793_4	-0.0736166272733386	-0.207385474238748	NA	NA
GSE45793_5	-0.0631150538661612	-0.200330393348954	NA	NA
GSE46390_1	0.00464790627617078	0.0388715208721879	NA	NA
GSE48438_1	-0.0129119841327803	-0.0630497190539449	NA	NA
GSE50549_1	-0.00576948290026463	-0.0284681173076627	NA	NA
GSE50549_2	0.00219600565336601	-0.0120688851703941	NA	NA
GSE51098_1	-0.00566709383299563	-0.00211111043578494	NA	NA
GSE53857_1	0.000520317312029161	-0.00185326299581692	NA	NA
GSE53857_2	-0.00384283168541367	0.0311332810751433	NA	NA
GSE53857_3	-0.00181778117184553	0.0142585202967093	NA	NA
GSE53982_1	0.00162387655338328	0.0230966532385136	NA	NA
GSE53982_2	0.000909695076600836	0.0500346412135914	NA	NA
GSE54779_1	-0.0210998811598249	-0.0859521387610761	NA	NA
GSE55900_1	-0.000656598818122127	-0.00246768221874396	NA	NA
GSE57104_1	0.00137743497711044	-0.0248944744353203	NA	NA
GSE59387_1	0.0174378440074322	0.0843142831700897	NA	NA
GSE60401_1	0.0936663288983065	0.315677844567909	NA	NA
GSE60401_2	-0.0149721760102788	-0.146521416617141	NA	NA
GSE60651_1	-4.98124953219117e-05	0.00556615305055258	NA	NA
GSE60737_1	0.00559132608830017	0.0314521040849027	NA	NA
GSE60761_1	0.00102568723297217	-0.00314084233607548	NA	NA
GSE60761_2	-0.00122549019607843	-0.039581346097631	NA	NA
GSE60761_3	0.00333724296610792	0.0345871389819779	NA	NA
GSE60761_4	0.00194538577761093	0.050731175103065	NA	NA
GSE63017_1	0	0.0257690622357161	NA	NA
GSE63017_2	0.00120192307692308	0.0435871130381237	NA	NA
GSE63017_3	0.00226533835175278	0.00866480219772134	NA	NA
GSE63017_4	0.000820542860060684	0.0160544981168028	NA	NA
GSE63939_1	-0.0182487273050829	-0.0400757625610958	NA	NA
GSE63939_2	0.00274359631372992	0.0216350875654473	NA	NA
GSE64141_1	-0.00908503090272768	-0.0429737733825104	NA	NA
GSE64965_1	0.0662173227002005	0.222272510296325	NA	NA
GSE65745_1	0.000328515111695138	0.0155875235996491	NA	NA
GSE65745_2	-0.00210017334764139	0.0232782774655532	NA	NA
GSE65745_3	-0.00210017334764139	0.0373198652230178	NA	NA
GSE66416_1	-0.00255488775204045	0.0380036698147279	NA	NA
GSE66862_1	-0.00773581514409615	0.00421719166789494	NA	NA
GSE69108_1	-0.0109405161236786	-0.0225956488691977	NA	NA
GSE71565_1	0.00122038184801178	0.0465865715934179	NA	NA
GSE72261_1	-0.00901024382837977	-0.0140850785730493	NA	NA
GSE72261_2	-0.0029367890092228	-0.00298177761988776	NA	NA
GSE72261_3	-0.0027144199540312	0.00265005665402685	NA	NA
GSE7683_1	0.00231498778424296	0.14080767336559	NA	NA
GSE7683_2	-0.0061086421283761	-0.0778429994422739	NA	NA
GSE78980_1	0.00496209986156728	0.0348798535665544	NA	NA
GSE78980_2	-0.000546299253025778	-0.0340662020233582	NA	NA
GSE78980_3	0.00480474503038948	0.0367444567849214	NA	NA
GSE78980_4	-0.000481903114259677	-0.0392975418874051	NA	NA
GSE78980_5	0.000607355298398165	-0.0063925948743983	NA	NA
GSE78980_6	-0.00341305443592451	0.00151596060210542	NA	NA
GSE78980_7	-0.0104230257725477	-0.046896583114483	NA	NA
GSE78980_8	-0.00219960831474281	-0.02626697935465	NA	NA
GSE78980_9	-0.0145190013478587	-0.0426561446845473	NA	NA
GSE78980_10	-0.00874988636151846	-0.0379506402962575	NA	NA
GSE81399_1	0.00531976621605182	0.0301073067689118	NA	NA
GSE84609_1	-0.00767737817937362	-0.0191012191122473	NA	NA
GSE84907_1	-0.013047922135749	-0.0776566690810134	NA	NA
GSE84907_2	-0.0124216976220726	-0.0622819950756008	NA	NA
GSE84907_3	-0.00315053105879195	0.0176562699380678	NA	NA
GSE90127_1	0.020877015825562	0.0582540236397713	NA	NA
GSE90127_2	-0.0254057094259223	-0.0931062084907601	NA	NA
GSE90127_3	0.0274262201846461	0.102593093353341	NA	NA
GSE9247_1	-0.00296451481474109	0.00621683649222627	NA	NA
GSE9247_2	-0.0166563257201792	-0.0504905741562865	NA	NA
GSE9247_3	-0.00267945700347343	-0.0186710608315238	NA	NA
GSE99306_1	-0.0439102832608189	-0.102668202178605	NA	NA
GSE99306_2	-0.0510781338801892	-0.109576503182847	NA	NA
GSE99306_3	0.00132038856563567	0.0236750214921278	NA	NA
GSE99306_4	-0.0486373973166414	-0.0821289812762261	NA	NA
GSE99306_5	-0.0338806845402886	-0.0693988182415901	NA	NA
GSE99306_6	-0.0452373710904017	-0.0847199622177171	NA	NA
GSE99306_7	-0.00219436256231689	0.0598440641141787	NA	NA
GSE99306_8	-0.0520494950644149	-0.108795970368619	NA	NA
GSE99306_9	-0.0454700920054834	-0.0931025245464973	NA	NA
GSE99306_10	0.0028079757991016	-0.0026498242483713	NA	NA
GSE99306_11	-0.0424055783496446	-0.0742456291545248	NA	NA
GSE99306_12	-0.0446090373706249	-0.0843243479617236	NA	NA
GSE99306_13	0.00273530272844774	0.0224869179217107	NA	NA
GSE99414_1	0.00415075377052261	-0.000966288300963754	NA	NA
GSE110581_1	0.0110839357885571	0.0724429093807052	NA	NA
GSE110581_2	0.00120696644299976	0.0109898488803043	NA	NA
GSE47799_1	-0.0016088732196012	-0.0368530531662199	NA	NA
GSE47799_2	-0.00599120537394226	-0.10487088638518	NA	NA
GSE47799_3	0.0041100256110192	0.0687965198429649	NA	NA
GSE111628_1	0.0048450112808018	0.122880011953892	NA	NA
GSE111628_2	0.000118097472868456	0.279410504063664	NA	NA
GSE111628_3	0.0102088872155042	0.272814376359329	NA	NA
GSE5657_1	-0.00231937275656703	0.0338802469821572	NA	NA
GSE5657_2	-0.00231860985082338	-0.000687869949496973	NA	NA
GSE13782_1	-0.00321167711113002	-0.0778287311996536	NA	NA
GSE41039_1	0.000185832842552849	-0.0489512576701619	NA	NA
GSE84198_1	-0.00203852487612417	0.0615837108053147	NA	NA
GSE84198_2	0.00330899741028207	0.0380456422302167	NA	NA
GSE84198_3	0.00273949412531515	0.0223001613289531	NA	NA
GSE114469_1	-8.00257505714965e-05	0.0163964212738235	NA	NA
GSE108036_1	-6.68177802658292e-05	0.131875195953755	NA	NA
GSE60451_1	-0.0159993062981388	-0.0617303401405961	NA	NA
GSE47902_1	-0.00077515211111794	-0.0860197055326048	NA	NA
GSE44325_1	0.0207407939439083	0.0657425501801172	NA	NA
GSE4481_1	-0.00194101461605083	-0.0709878676602232	NA	NA
GSE4481_2	0.00115991294413045	-0.0158372391771637	NA	NA
GSE4481_3	0.000983606557377049	0.00156982318106416	NA	NA
GSE102292_1	0.0058349056232529	0.0464620557741609	NA	NA
GSE102292_2	0.00602792756643237	0.0268379941100894	NA	NA
GSE102292_3	-0.0396460483690057	-0.140020527457189	NA	NA
GSE102292_4	-0.011803260481974	-0.0330518418456673	NA	NA
GSE41898_1	-0.0233747177883682	-0.0452488780662195	NA	NA
GSE87605_1	-0.0183448684793701	-0.0812199067194456	NA	NA
GSE87605_2	0.030774461445662	0.100384603520018	NA	NA
GSE87605_3	0.0155497212518707	0.0274294109578118	NA	NA
E-GEOD-54216_1	-0.0291974678086989	-0.0703980317319455	NA	NA
E-GEOD-54216_2	-0.0213246338433568	-0.0504298924296359	NA	NA
E-GEOD-54216_3	-0.0031320765914406	0.0192998955109333	NA	NA
E-GEOD-6119_1	0.0023883251980197	-0.0280363921354632	NA	NA
E-GEOD-6119_2	-0.0028164648434971	-0.0381055629525421	NA	NA
E-GEOD-6119_3	-0.00269881442266383	-0.0421870123039604	NA	NA
E-GEOD-8077_1	0.0057651287787993	0.0191664038469751	NA	NA
E-GEOD-8077_2	0.00390957787427067	0.00307536735610988	NA	NA
E-GEOD-8077_3	-0.00092340241712365	-0.0145101791944666	NA	NA
GSE103416_1	0.00505140685620787	-0.0372241364838364	NA	NA
GSE103416_2	-0.00778890434453507	-0.0804124604403215	NA	NA
GSE103416_3	-0.0172889649588626	-0.089553612595737	NA	NA
GSE19950_1	0.027801251497115	0.14862714451309	NA	NA
GSE30322_1	-0.0132833962817261	-0.102430427086056	NA	NA
GSE30322_2	-0.00628174464899131	-0.0959081949705612	NA	NA
GSE30322_3	-0.00575533794938698	-0.0902894661073664	NA	NA
GSE42295_1	0.00322354602705041	0.0272037113022551	NA	NA
GSE42295_2	-0.0123718259183122	0.00897769430695076	NA	NA
GSE42295_3	-0.0152896322793699	-0.0423010171007567	NA	NA
GSE66554_1	-0.0323126712110431	-0.0545435711518995	NA	NA
GSE66554_2	-0.018154092773649	-0.0288081090827313	NA	NA
GSE66554_3	0.00676670883757501	0.0250269413028888	NA	NA
GSE66554_4	0.0940781579204076	0.300021804791	NA	NA
GSE74898_1	-0.0208703191048547	-0.125225332702953	NA	NA
GSE74898_2	-0.0198125301702622	-0.0812967645458498	NA	NA
GSE74898_3	-0.0351220138460459	-0.143802274977735	NA	NA
GSE79176_1	-8.8155435664164e-06	-0.027455321745057	NA	NA
GSE79176_2	-1.88785808544866e-05	-0.0659528264302242	NA	NA
GSE79176_3	-2.92428442760068e-06	-0.045917525957973	NA	NA
GSE85785_1	0.0119037483508834	0.0490795232192679	NA	NA
GSE16981_1	-0.0118576970249755	-0.0388425290900212	NA	NA
GSE16981_2	0.00165012955841945	0.0487250474796679	NA	NA
GSE16981_3	-0.0183702872939477	-0.0647566247693757	NA	NA
GSE16981_4	-0.0183702872939477	-0.0647566247693757	NA	NA
GSE16981_5	-0.000812975689960697	-0.0482262177854413	NA	NA
GSE16981_6	-0.00722891727898413	-0.115027099732477	NA	NA
GSE16981_7	-0.00369938136449437	0.0713601844972985	NA	NA
GSE29859_1	-0.00685269210044445	-0.0258609587997006	NA	NA
GSE29859_2	-0.00760626982425556	-0.0405599737657505	NA	NA
GSE23492_1	0.00846191667549663	0.0178808015106241	NA	NA
GSE23492_2	0.0166190276876229	0.0783655542986734	NA	NA
GSE23492_3	0.00935708945901534	0.00133943248726833	NA	NA
GSE23492_4	-0.00191549505713783	-0.00747221948722115	NA	NA
GSE23492_5	0.00310575920398012	0.0270273674978858	NA	NA
GSE44991_1	-0.00816895980592398	-0.014314827159597	NA	NA
GSE44991_2	3.34295984741372e-06	0.0257993758312733	NA	NA
GSE39796_1	-0.0100216239622071	0.00423676145815855	NA	NA
GSE39796_2	0.00301163143534378	0.033986275256652	NA	NA
GSE39796_3	-0.015591908162975	-0.0340533843857121	NA	NA
GSE18394_1	0.010175644595044	0.0222709700407627	NA	NA
GSE18394_2	0.00667436944624019	0.0212353539248774	NA	NA
GSE18394_3	-0.00579430653734854	0.00870212458363982	NA	NA
GSE29233_1	-0.00514982735073905	0.0170743280815705	NA	NA
E-MEXP-2291_1	-0.0204857911563141	-0.0648156611517481	NA	NA
E-MEXP-2291_2	0.0299714023305175	0.113159600400001	NA	NA
E-MEXP-2291_3	-0.0466526542805564	-0.161189277698896	NA	NA
GSE18738_1	0.00956534131777125	0.0604046164062992	NA	NA
GSE107363_1	-0.00722977603200427	-0.0239839238270513	NA	NA
GSE85761_1	0.0866375102057082	0.256388063734497	NA	NA
GSE89179_1	0.022818403822457	0.0630698518410532	NA	NA
GSE89179_2	-0.00532084707516878	-0.0628109489416567	NA	NA
GSE89179_3	-0.00120432370322026	-0.0125967349687777	NA	NA
GSE89179_4	0.00151279954563056	-0.00926005474304255	NA	NA
GSE89179_5	0.00216510072565199	-0.0152259996305633	NA	NA
GSE89179_6	-0.00121937190356157	0.00947236653724979	NA	NA
GSE89179_7	0.00313207959728766	0.0029250699959049	NA	NA
E-GEOD-57723_1	-0.0109430567927151	-0.0442007109769226	NA	NA
E-GEOD-57723_2	-0.0186102929946417	-0.0659154024555777	NA	NA
E-GEOD-57723_3	-0.0139395497289017	-0.0346291052176117	NA	NA
E-GEOD-83930_1	-0.0036268118415364	-0.0588871000599887	NA	NA
GSE100268_1	0.0213265447121309	0.0663242818883284	NA	NA
E-GEOD-55769_1	-0.00255303271966754	0.0398306305260857	NA	NA
E-GEOD-55769_2	-0.000437814679300748	0.0530559708980359	NA	NA
E-GEOD-55769_3	-0.000137870557651238	0.0574338638935366	NA	NA
E-GEOD-69110_1	-0.00545693920149263	-0.0320094283546757	NA	NA
E-MTAB-4304_1	-0.0144470827802412	-0.123126297832939	NA	NA
E-MTAB-4879_1	0.0019459760138844	-0.0289286016124858	NA	NA
E-MTAB-4879_2	0.0152126826937938	0.0515041468310911	NA	NA
E-MTAB-4879_3	0.00105952901364814	-0.0226432175696321	NA	NA
E-MTAB-4879_4	0.00772615234889984	0.0321674063321937	NA	NA
Cytokine_Explant_1	-0.0285484987495664	-0.0955629480803716	NA	NA
Cytokine_Explant_2	-0.0246679548634502	-0.0922523455212556	NA	NA
Cytokine_Explant_3	-0.0227628185913794	-0.0918849244210299	NA	NA
Cytokine_Explant_4	-0.00564542278005354	-0.0118252181033447	NA	NA
Cytokine_Explant_5	-0.0329784961877836	-0.109102055408756	NA	NA
FN1_Explant_1	-0.00362524470829927	0.0430298394160999	NA	NA
E-MTAB-6266_1	-0.00368728957626439	-0.00403269277922498	NA	NA
E-MTAB-6266_B_1	-0.00847477476468462	-0.0258009946375061	NA	NA
E-MTAB-6266_B_2	0.00132873889812728	0.01353386178347	NA	NA
E-MTAB-6266_B_3	0.00137041904979503	0.0454459931480112	NA	NA
GSE74220_1	-0.0242774467892624	-0.0705916426191098	NA	NA
GSE114007_1	0.0271063992674587	0.0941408206859443	NA	NA
GSE109503_1	-0.0243331783683998	-0.0700606694863499	NA	NA
GSE109503_2	-0.0298430056987259	-0.103762387076542	NA	NA
GSE109503_3	0.00148303240477273	0.00406282576534048	NA	NA
GSE109503_4	0.0225192121347549	0.0549881223492118	NA	NA
GSE109503_5	0.0224682061573587	0.0548937723731458	NA	NA
GSE109503_6	-0.0255004976105406	-0.0558612602749104	NA	NA
GSE109108_1	-0.0102366284904382	-0.0199776754826715	NA	NA
GSE109108_2	5.28509035362407e-05	0.0582477248713261	NA	NA
GSE109108_3	-0.00047482730478198	-0.0351405464852061	NA	NA
GSE109108_4	-0.00139310351007237	-0.0411735295235134	NA	NA
GSE70667_1	0.000655950873758279	-0.097312266624267	NA	NA
GSE87608_1	-0.00263538995011427	-0.0466708036484381	NA	NA
GSE87608_2	-0.00693761090102553	-0.0911825317652853	NA	NA
GSE87608_3	0.0125147173683438	-0.0115775028520276	NA	NA
GSE87608_4	0.00883545376042986	0.0556104467261326	NA	NA
GSE90890_1	0.0136465905023028	0.0386003866472308	NA	NA
GSE97118_1	-0.00523363357148547	0.0419070351506675	NA	NA
GSE97118_2	-0.00126870773145334	-0.0339994642865542	NA	NA
GSE97118_3	-0.00579094043617132	0.0263340956147113	NA	NA
GSE97118_4	-0.00267351350663957	-0.00235172615241686	NA	NA
GSE97118_5	0.0006001643602876	-0.012394143036598	NA	NA
GSE97118_6	-0.00102472855668919	0.0252943191300196	NA	NA
GSE97118_7	0.00280707791299089	0.0287389590372193	NA	NA
GSE107592_1	-0.000964206540344507	-0.0321982653981334	NA	NA
GSE92641_1	-0.000747596223142296	0.00454948320901878	NA	NA
GSE107849_1	0.0077402244701324	0.0151503679114869	NA	NA
E-ERAD-89_1	-0.00242646139188411	0.0132353180567056	NA	NA
E-ERAD-89_2	5.59122997548494e-06	-0.0125925577892024	NA	NA
E-ERAD-89_3	-0.00127788744722288	-0.0268633347964932	NA	NA
E-ERAD-89_4	0.000327436910837394	0.0126906105915656	NA	NA
E-GEOD-45893_1	0	0.0286346749242383	NA	NA
E-GEOD-53105_1	-0.000284196649287048	0.0231139200917624	NA	NA
E-GEOD-53105_2	-0.0136400320983043	-0.0254037738765994	NA	NA
E-GEOD-54461_1	-0.00324774675028773	-0.0246402516874348	NA	NA
E-GEOD-54461_2	-0.000959695120966716	-0.0071238018022575	NA	NA
E-GEOD-54461_3	0.00386219348273173	-0.0168280255667226	NA	NA
E-GEOD-54461_4	0.00652219570091048	-0.0229321530857037	NA	NA
E-GEOD-54461_5	-0.0110549780948504	-0.0457980414146802	NA	NA
E-GEOD-54461_6	-0.00852866310455039	-0.0490716824865111	NA	NA
E-GEOD-54461_7	-0.022424665707054	-0.0623127783963192	NA	NA
E-GEOD-54461_8	-0.0309509194333378	-0.0741688655915251	NA	NA
E-GEOD-73372_1	-0.0168067461522303	-0.0111219507639732	NA	NA
E-GEOD-73372_2	-0.0228393208310291	-0.0818682124918587	NA	NA
E-GEOD-73372_3	-0.00551366863279427	-0.0647480596532393	NA	NA
E-GEOD-75549_1	-0.00402290256161435	-0.0278045095846792	NA	NA
E-GEOD-76988_1	-0.00670973373157408	-0.0203800780687346	NA	NA
E-MTAB-2923_1	-0.0251247909694529	-0.0659528969792653	NA	NA
E-MTAB-2923_2	0.0221098032313608	0.0738841107567698	NA	NA
E-MTAB-2923_3	0.0120542621732929	0.0407943964451414	NA	NA
E-MTAB-2923_4	0.0247738356677515	0.0597354419575726	NA	NA
E-MTAB-3428_1	0.0493187693050108	0.113482428817691	NA	NA
E-MTAB-3428_2	-0.00057286228504007	0.0027449291692284	NA	NA
E-MTAB-3428_3	-0.00351826242954893	0.00175943263918616	NA	NA
E-MTAB-3428_4	0.0485539999955887	0.109980980661819	NA	NA
GSE102856_1	0.00398004171188961	-0.0243605699487732	NA	NA
GSE103492_1	-0.00117639736025925	-0.0497160830360612	NA	NA
GSE103492_2	0.00112640483588711	-0.0159388213607876	NA	NA
GSE103492_3	0.000149705804038676	-0.0450172193557554	NA	NA
GSE103492_4	0.00331251728559207	-0.039041872045946	NA	NA
GSE103492_5	0.000173848073657135	0.0135960056742493	NA	NA
GSE103492_6	-0.00539854956863385	-0.0382780195161919	NA	NA
GSE103492_7	-0.00860839706331477	-0.0597236958153387	NA	NA
GSE103492_8	0.00200913078165128	0.00181473999309346	NA	NA
GSE103492_9	0.0020384014088772	-0.00235574071453689	NA	NA
GSE103492_10	-0.0027973401993098	-0.00559380129765766	NA	NA
GSE106259_1	0.0083430053169246	0.0307477237455587	NA	NA
GSE110303_1	0.00068087736666058	-0.0189848440141253	NA	NA
GSE110303_2	0.00981953969011239	0.0497991511648411	NA	NA
GSE110303_3	-0.000266140716947221	-0.00722577706851093	NA	NA
GSE110300_1	0.00683528410402191	0.0455461463651391	NA	NA
GSE110300_2	-0.00179494659892406	-0.0164367978288633	NA	NA
GSE110300_3	0.00414118787418055	0.0152382993113725	NA	NA
GSE110281_1	-0.0148934882580878	-0.0986464357035229	NA	NA
GSE110281_2	-0.00579147435227393	-0.0333935521088117	NA	NA
GSE110281_3	0.00496863365744318	0.0704822949416219	NA	NA
GSE104459_1	0.00182490593441371	-0.0258618890637341	NA	NA
GSE104459_2	-0.0106264777653152	-0.106769567211016	NA	NA
GSE104459_3	0.0165034768659373	0.0590955863761858	NA	NA
GSE110051_1	-0.0319191629843068	-0.0568713452332275	NA	NA
GSE110051_2	-0.00194566691747459	-0.0177880024202988	NA	NA
GSE110051_3	-0.0317086280829582	-0.0562922798614026	NA	NA
GSE112694_1	-0.0263998135161315	-0.0480877581445677	NA	NA
GSE112694_2	-0.0313097634131694	-0.0516302020933706	NA	NA
GSE112694_3	-0.00565764774776564	0.00372460849273308	NA	NA
GSE112694_4	-0.0014743257916525	-0.00891394657222303	NA	NA
GSE97232_1	-0.00325309043591412	-0.0180006276529868	NA	NA
GSE114079_1	0.000844390102174229	0.092071436940649	NA	NA
GSE114079_2	-0.000204379865833377	0.0639006346735517	NA	NA
GSE114079_3	0.00128949065119278	0.044201317938265	NA	NA
GSE114079_4	0.00421786371576229	0.0447877652360201	NA	NA
GSE104828_1	0.0197603704591621	0.0578997988074257	NA	NA
GSE114521_1	0.00637223996271361	0.0902864952559368	NA	NA
GSE114521_2	-0.000922767385136667	-0.0146143741697968	NA	NA
GSE112413_1	0.00240635427402461	0.0382525202077314	NA	NA
GSE112413_2	0.0155534328831053	0.0930748795670712	NA	NA
GSE101909_1	0.00443269487555991	0.0053757157978307	NA	NA
GSE101909_2	-0.00429284920649227	0.00919047689473639	NA	NA
GSE114919_1	0.00195029911353769	0.00913214311397846	NA	NA
GSE114919_2	0.00534184244064692	-0.0198758695700653	NA	NA
GSE114919_3	0.0139830484520206	0.0314329086784302	NA	NA
GSE114919_4	0.0172148740486371	0.0429761629844302	NA	NA
GSE114919_5	-0.00077258546329657	-0.00872930594153178	NA	NA
E-MTAB-5879_1	0.00471647996639731	0.0215369411807678	NA	NA
E-MTAB-5879_2	-0.0171224236014718	-0.067640131788998	NA	NA
E-MTAB-5879_3	-0.031928209301176	-0.0744749732791744	NA	NA
E-MTAB-5879_4	-0.0218436441604228	-0.0551729956695878	NA	NA
E-MTAB-5879_5	-0.0214213320313999	-0.0217558136653207	NA	NA
E-MTAB-5879_6	-0.0333445371254213	-0.0776443714004346	NA	NA
E-MTAB-5879_7	-0.00929038798682976	-0.036941924028142	NA	NA
E-MTAB-5879_8	0.000378241348562227	0.0177534451159863	NA	NA
E-MTAB-5879_9	-0.0129932303189226	-0.0831140325858671	NA	NA
E-MTAB-5879_10	-0.0285577402435586	-0.150863403881363	NA	NA
E-MTAB-4294_1	-0.010415059630056	-0.0170651794874033	NA	NA
E-MTAB-4294_2	-0.00598479431841833	-0.0219800961383066	NA	NA
E-MTAB-4294_3	-0.00782362740171092	-0.0123930140387796	NA	NA
E-MTAB-3186_1	-0.0171640919943531	-0.0595983468911575	NA	NA
E-MTAB-3186_2	0.0096775701235764	0.0187136840452643	NA	NA
E-MTAB-3186_3	0.00122628522398152	-0.00254047740409463	NA	NA
E-MTAB-3186_4	-0.00318563734213611	-0.0357056829435665	NA	NA
GSE114919_Rat_1	0.0169260652292392	0.0382445857139389	NA	NA
GSE114919_Rat_2	-0.0384267804287868	-0.0872160120566403	NA	NA
GSE114919_Rat_3	0.020624932863778	0.0386333041399631	NA	NA
GSE114919_Rat_4	0.0127515984517674	0.0182441775905556	NA	NA
GSE114919_Rat_5	-0.0357213340302048	-0.114924477138408	NA	NA
