comparisonID	jaccard	cosine	sigjaccard	chrDir
22659600_1	-0.061920831232723	-0.23767965054647	-0.0719276466067053	-0.062132787607866
24361742_1	0.0089432429976938	0.045910627877696	0.00774618287011269	0
GSE72258_1	0	0.0159443386728075	0	0
GSE72258_2	-0.000531632110579479	-0.00612410813882578	NA	0
GSE69531_1	-0.0231708013237101	-0.0802940187952979	NA	NA
GSE69531_2	-0.0109372219876102	-0.0562752782293934	NA	NA
GSE69531_3	0.0151462224930557	0.0259143071580258	NA	NA
GSE69531_4	-0.0231708013237101	-0.0802940187952979	NA	NA
GSE58203_1	0.0670205541080536	0.435808754636681	0.0613233942358815	0.101765570656107
GSE58203_2	0.104709298093438	0.455463537631509	0.109239980521642	0.093464554722378
GSE58203_3	0.184423931187381	0.490595434598269	0.183684907938674	0.119987228632095
GSE58203_4	0.215572946233824	0.504734964588403	0.214056782683048	0.179410530405989
GSE58203_5	0.0448523597653724	0.328694044315647	0.034571078997315	0.0598280595485541
GSE58203_6	0.0870879775622339	0.32924830398036	0.0836993407236991	0.0354776467529344
GSE58203_7	0.097956744251055	0.303664119888896	0.0968259908854668	0.0339955269847859
GSE58203_8	0.0658619701231608	0.143825888913636	0.0653839693097039	-0.00142780763904433
GSE59642_1	-0.0322690905307926	-0.0533071861285846	NA	NA
GSE59642_2	-0.0470814189494719	-0.0844076080790861	NA	NA
GSE59642_3	-0.0154378776138477	-0.0307360357431007	NA	NA
GSE64922_1	0.0900774422524284	0.364662243299908	0.0705408081508785	0.0487034509371672
GSE60162_1	0.00412227742254108	-0.0150119267799852	NA	NA
GSE31685_1	0.00844441608644449	0.0437376648082687	0.00437000679220178	0
E-MEXP-3890_1	0.0412677137446454	0.0970868080713519	0.0449683255847261	0.00619769430181143
GSE31980_1	0.10350047410085	0.238895473476231	0.0953393655571372	0
GSE15615_1	0.202471730391475	0.476259023451627	0.191360861828408	0
GSE15083_1	-0.000565864711038458	-0.00534362949691403	NA	0.0121286857794574
GSE108035_1	-0.0115424702682897	-0.012017338992328	-0.0120217882644826	0.00796723517837684
GSE108035_2	-0.00792687021397955	0.0011476822494183	-0.00630634595062492	0.00142672954471751
GSE108035_3	0.000172399733116717	0.0179249930783244	0.00472980519160078	0.000656527944464706
GSE21959_1	-0.00536683101027546	-0.038489810666856	-0.00397548719603218	-0.00786703530176892
GSE21959_2	-0.00421395560693875	-0.0278755367526282	0.000533263853808759	-0.00207103455769347
GSE24742_1	-0.00179502241090941	-0.00422126973538111	NA	0.00642903349020099
GSE24742_2	-0.000988417368367719	-0.0292174627161952	NA	0.00479329300765836
GSE24742_3	0.000556770752006202	0.00461337190684829	NA	0.000602761383746104
GSE74668_1	0.0376865352670494	0.291556037699782	NA	NA
E-GEOD-10024_1	0.109838855113214	0.31381650203366	NA	NA
E-GEOD-10024_2	0.175719092876969	0.452010294628981	NA	NA
E-GEOD-12860_1	0.082546016748448	0.304009403425229	NA	NA
E-GEOD-12860_2	-0.0326464551726838	-0.106953889068422	NA	NA
E-GEOD-12860_3	-0.0211206833519659	-0.0656040905537558	NA	NA
E-GEOD-12860_4	0.0017960223472433	0.0364420379058435	NA	NA
E-GEOD-12860_5	0.0287943301497528	0.105983016493033	NA	NA
E-GEOD-12860_6	-0.0427511852534718	-0.137691747914597	NA	NA
E-GEOD-12860_7	0.00270799945386017	0.00733008771573902	NA	NA
E-GEOD-12860_8	0.0421394175683137	0.157332355379621	NA	NA
E-GEOD-14359_1	0.0214054807324388	0.0429379797168037	0.0282417849181569	0.00247318336191533
E-GEOD-14359_2	0.0315909440578746	0.0966278818647645	0.0367559421008605	0.026134147105628
E-GEOD-1919_1	0.0351557015939564	0.161144621893323	NA	NA
E-GEOD-1919_2	0.0171562627004153	0.0420333411127506	NA	NA
E-GEOD-1919_3	-0.00795632595763722	-0.0520522716719376	NA	NA
E-GEOD-1919_4	0.0266193858733607	0.0984452966023903	NA	NA
E-GEOD-1919_5	0.0107463470661598	0.0330615346077275	NA	NA
E-GEOD-1919_6	-0.0102157110836869	-0.00767381637957465	NA	NA
E-GEOD-1919_7	-0.0194205467310051	-0.0988550331571223	NA	NA
E-GEOD-1919_8	-0.0209734069232898	-0.0716184418905577	NA	NA
E-GEOD-1919_9	0.000716366249000613	-0.016829261984466	NA	NA
E-GEOD-19664_1	0.109966582285989	0.258534534016408	NA	NA
E-GEOD-19664_2	-0.0251968333780558	-0.0319706510683186	NA	NA
E-GEOD-19664_3	-0.0774563734767102	-0.199070087896669	NA	NA
E-GEOD-19664_4	0.120008523478162	0.271467064738407	NA	NA
E-GEOD-19664_5	0.00993077344961345	0.0303275461593849	NA	NA
E-GEOD-19664_6	-0.103898243768503	-0.258039394774133	NA	NA
E-GEOD-43923_1	0.0407827232730842	0.0966885877721854	0.0135812432734719	0.0485548058873076
E-GEOD-51812_1	-0.0964901005295579	-0.248499773615882	-0.0919715276512881	-0.036713195423386
E-GEOD-51812_2	-0.0924954046347031	-0.235125038496207	-0.0879629022249977	-0.0340226669689259
E-GEOD-82107_1	0.00506174774467457	-0.0100683835999622	0	0.0190168544794053
E-GEOD-9451_1	-0.00192083339657641	-0.027593764187158	0.00257669094389105	-0.0016681981407166
E-GEOD-9451_2	0.00648248762654884	0.0126937820714038	0.00752591331613296	0.00650332382322132
E-GEOD-9451_3	0.00122156468696562	-0.0135380045005377	-0.00325274882025688	-0.00471305192866343
E-GEOD-9451_4	-0.0151353048934534	-0.0363508878382095	-0.0176189123699276	0.00477972820667112
E-MEXP-2019_1	-0.00400734686198612	-0.0105862947102537	0	0.00262619737811084
E-MEXP-2019_2	-0.031386562373966	-0.0856418374595599	-0.00726190967936854	-0.0191845700651717
E-MEXP-2019_3	-0.0118993959510786	-0.0662704299081572	NA	-0.0219919305451769
E-MEXP-2019_4	-0.0145219859924474	-0.0317008013161149	-0.00127759430595593	-0.0245555505080577
E-MEXP-2276_1	0.0162964541169604	0.134476043827599	NA	0.02432740895
E-MEXP-2488_1	-0.0688661215998274	-0.180370197749913	-0.0537179869395029	-0.0334071126564806
E-MEXP-3129_1	0.0121740879431916	0.120735174688048	0.0162471273775876	0.033374977353971
E-MEXP-3474_1	-0.0635416972288789	-0.151742739757892	NA	0
E-MTAB-3010_1	0.00884133196195772	0.0258044506136587	NA	NA
E-MTAB-3010_2	0.0200161464298362	0.0696939627289096	NA	NA
E-MTAB-3010_3	0.00388516482628375	-0.0137682871032178	NA	NA
E-MTAB-3010_4	0.0169311920893488	0.0514001298019638	NA	NA
E-MTAB-4152_1	-0.0117216461883827	-0.0629613806544045	-0.0116801319636371	-0.0370809408657992
E-MTAB-4152_2	0.011774003685577	0.128808371430265	0.00912119092083601	0.0223033607098582
E-MTAB-4152_3	0.0015958099531783	0.0277411116466988	0.00388368049394998	-0.0115756982625579
GSE100609_1	-0.0170370023905653	-0.0678013203372705	NA	-0.0215690027278974
GSE100786_1	0.00286704982948075	0.0471130342144333	NA	0.0140038798523775
GSE100786_2	0.00184504384555796	0.0382749895819239	NA	0.00557035609989607
GSE103697_1	0.000652341067676531	0.00643282986132954	NA	NA
GSE103697_2	0.000386996904024768	0.00992710621062206	NA	NA
GSE103697_3	0.00011983019753752	0.00393224406414005	NA	NA
GSE104113_1	0.0232147919857296	0.115021123008229	NA	NA
GSE104113_2	0.0472820846830457	0.0995953602491102	NA	NA
GSE104113_3	0.0232147919857296	0.115021123008229	NA	NA
GSE10575_1	0.0163080466396208	0.0541678222336897	0.000302479449946538	-0.00373158377645262
GSE10575_2	0.0129048937050476	0.0186729632132385	0.00174866724973793	0.00889582089415024
GSE10575_3	0.0278606013059312	0.0580383029838826	0.0279480177230861	0.0160391273368332
GSE13604_1	-0.00260572063426743	0.00516249310679021	-0.00217213811188839	0.00908903739552574
GSE13837_1	0.0015350357191078	0.0107499614626464	0.00364105414390134	-0.0054568619994706
GSE13837_2	0.00706301626651203	0.074623994932144	0.00830874635970231	-0.000348218363742027
GSE13837_3	0.0557701471085124	0.216869423290979	0.032724994221451	0.0393992637077967
GSE13837_4	0.124875428206984	0.326283493620783	0.0983550244558702	0.0749186018771343
GSE13837_5	0.00197115826188974	-0.0420434150249368	0.00334748839705743	-0.0163740355735753
GSE13837_6	0.0215961866434385	0.147110206722342	0.0180853481126789	0.0118080794666749
GSE13837_7	0.0582301830510241	0.260591674675316	0.0431784359995122	0.0371838259642367
GSE13837_8	0.169402429827466	0.423580569387191	0.162424321362549	0.0877105887933461
GSE13837_9	0.0239402049058599	0.0780556714440485	0.0165042927438969	0.0108752704365765
GSE13837_10	0.00631360317426527	0.0197110507834781	0.00458585461441278	-0.00214304113856126
GSE13837_11	0.0125407242184096	0.0311758962106955	0.00667236403943488	-0.000130043339203322
GSE13837_12	-0.016534663626551	-0.0710223705821064	-0.00749629688402522	-0.0134820908561444
GSE13837_13	0.0599377016458488	0.360279613445476	0.043798388061772	0.0890746908052376
GSE13837_14	0.102233438484232	0.403955095125264	0.0869201751792748	0.110861340269732
GSE13837_15	0.157109993123364	0.455962336562785	0.154229800961736	0.127336657760507
GSE13837_16	0.182612968304281	0.428390688218259	0.171081674969085	0.0949787432008128
GSE13837_17	0.0464251168697563	0.354027418212208	0.0314977425243727	0.07377817332899
GSE13837_18	0.100006399307552	0.437849303892941	0.081941010946122	0.103602678061067
GSE13837_19	0.153718913933927	0.46405189320034	0.140348104086461	0.120236579636956
GSE13837_20	0.129438706588992	0.418136145137042	0.118481826325354	0.116806422083713
GSE13837_21	0.0248119995593041	0.0864134402801265	0.018398109475124	0.0221232488523995
GSE13837_22	0.0229455486911587	0.0614508639794542	0.0148327948725818	-0.00320490779867342
GSE13837_23	0.0258365748362725	0.0767368779244776	0.0209011948967917	-0.000684119255038432
GSE13837_24	0.0705918902444167	0.170208609373515	0.061495117340606	0.0177508038510895
GSE16464_1	-0.0323487564474129	-0.0826619956587813	NA	NA
GSE16464_2	0.026200904642705	0.0387822728133327	NA	NA
GSE19060_1	-0.0014328554935249	0.0022538806432352	0	0.00703211868598251
GSE27372_1	0.0171139392383816	0.0834812018212759	0.0167855567241373	0.0304151692897346
GSE27390_1	0.0199603373570637	0.103521757454698	0.0113045429491737	0.0163183619439069
GSE29106_1	-0.0312861204920337	-0.0533432994334686	NA	NA
GSE29107_1	-0.0670856576548466	-0.143083470503548	NA	NA
GSE29107_2	0.0895394928364917	0.196073625805152	NA	NA
GSE29745_1	0.0269334632147987	0.0306098394745455	NA	NA
GSE29745_2	0.061421461541663	0.145801398072646	NA	NA
GSE29745_3	0.0259116614308967	0.0565452576912714	NA	NA
GSE35546_1	0.0150426455558617	0.0972160925217005	NA	NA
GSE35546_2	0.0185072806286867	0.102405558467965	NA	NA
GSE35546_3	0.0213254264863956	0.111731595723678	NA	NA
GSE35546_4	0.0427863827901336	0.126232909015684	NA	NA
GSE35546_5	0.0414536669315536	0.132948589052176	NA	NA
GSE35546_6	0.0375150404739368	0.122979784634118	NA	NA
GSE35955_1	-0.0217356068145047	-0.0835755169654595	-0.00678599213262789	-0.0194465427659238
GSE35956_1	0.0219140649359834	0.0621414945847113	0.0130843275459138	0.0148479134028225
GSE35957_1	0.0175106181974733	0.0585406713906863	0.0137096947577798	0.0053892762495216
GSE35958_1	0.0236649821931392	0.0852712423648606	0.0171259773897902	0.0112860581169507
GSE39340_1	-0.0130396880477766	-0.0895773773606122	NA	-0.0169457881226626
GSE39340_2	-0.0209193835225018	-0.0877725450928327	-0.00033178500331785	-0.0352036049630029
GSE39340_3	-0.002085391799397	0.00641069884861393	0.00033178500331785	7.0549075055968e-05
GSE39795_1	-0.00395652815596843	0.00301223579421744	NA	0.000637602278087183
GSE39795_2	0.000622322784046387	0.0133194669213715	-0.000162412669000336	0.00219446077401584
GSE39795_3	0.00199670965954175	0.01498305150449	-0.000310173697270471	-0.00373769482252227
GSE41038_1	0.000984241009309942	-0.00432585996887801	NA	-0.000616658527409034
GSE41038_2	0.00357162307633875	0.00139984830794493	NA	0.00688425314558035
GSE41038_3	0.00158377135318088	0.00637190699838892	NA	0.00784195011274713
GSE41992_1	-0.0320334669423407	-0.0763834285220712	NA	NA
GSE42235_1	0.000309977049592333	0.00767838136434385	0.00321494956334544	0.0220415967217641
GSE42235_2	0.0157279552943985	0.083397006272581	0.016631991426994	0.0417201737161907
GSE42235_3	0.0228184326440442	0.0983369996670796	0.0270211369838708	0.0432875521062611
GSE42235_4	0.022102807910772	0.094693877232112	0.0289804342502485	0.0407232315923178
GSE45233_1	0.0128368928020346	0.0418985386517148	NA	0.00077708259396884
GSE45233_2	0.00529327880614531	0.0099381832634403	-0.000476190476190476	-0.00328315457866553
GSE45233_3	0.00180659484232303	-0.0108199827475834	NA	0.00184700729748157
GSE45233_4	0.000452701060199602	0.0255082525472192	0	0.0110670498404953
GSE46053_1	0.0213882840337459	0.12440883766463	0.0152701513571915	0.0224795006745896
GSE46053_2	0.0344837634721675	0.182187288374192	0.0225343030958579	0.0274912223974664
GSE46750_1	0.0298172692503145	0.201429779525735	NA	0
GSE51588_1	-0.0464238998259659	-0.10480386527383	-0.0483960913984063	-0.00122258294282502
GSE52817_1	0.0434469852434695	0.106892931637458	NA	NA
GSE52817_2	0.0369004721545144	0.108697754811791	NA	NA
GSE52817_3	0.0407399950207604	0.094361667847759	NA	NA
GSE52817_4	-0.00206909152944278	-0.0246625731244607	NA	NA
GSE55235_1	0.0401483315510872	0.188223503855855	0.0476211443924949	0.018751083554115
GSE55235_2	-0.0118710555580683	-0.0522307309896095	-0.0189161707253393	-0.016579862065731
GSE55235_3	-0.0578238143544748	-0.204324154911591	-0.073696744868172	-0.0280665846072986
GSE55457_1	0.028226582348298	0.212397038728499	0.0308344308525562	0.0399301911867345
GSE55457_2	0.0209285558538717	0.0517181139153379	0.025059450973906	0.0167982490858909
GSE55584_1	0.0215839252795739	0.172178789651888	0.00664913677156068	0.0417734968962871
GSE57218_1	0.00268671443822798	0.0614612175056064	0.00295818497022176	0.00940595198735187
GSE57218_2	-0.00357071966214524	-0.0398292036093959	-0.00387374979774785	-0.0194436245737604
GSE57218_3	-0.011659752820574	-0.0694212244381963	-0.0126075071266932	-0.0144964951267289
GSE60762_1	0.0184635821028964	0.125718946574019	NA	0.0194929169630151
GSE62914_1	-0.00818999545412223	-0.0180383415022575	NA	0.00170184653821968
GSE62914_2	0.0204672278132908	0.0340733572337135	NA	0.0025771756268984
GSE62914_3	0.00649280955805921	0.0234238517178203	-0.000886524822695035	0.00161009511650496
GSE62914_4	-0.0277020068247145	-0.0581327202099483	0	-0.02625
GSE64394_1	0.0295143283318052	0.129483926220856	NA	0.0343770271917304
GSE66635_1	0.000148152525824825	-0.0192762871795535	NA	-0.00351568691901433
GSE68038_1	0.00372948816943723	-0.0262147754252148	-0.0023975696490274	0.00105790044738537
GSE68428_1	0.164470020222496	0.476342592356984	0.152664726887173	0.138386324335622
GSE68428_2	0.163245426382494	0.478503317907127	0.147492784366563	0.140301482614585
GSE68428_3	0.152971954684708	0.421787597568889	0.159165121400093	0.143141547282878
GSE69459_1	-0.00991947271384152	-0.0370642709868286	NA	NA
GSE69459_2	0.00511360784765846	0.0132165216701103	NA	NA
GSE69459_3	-0.00330230517374661	0.00825761767883425	NA	NA
GSE69459_4	-0.00434473444586522	-0.0235832055657846	NA	NA
GSE69992_1	0.0184043806011665	0.0244670979309007	0.0190918365292159	-0.0165224233533353
GSE70719_1	0.013475223309308	0.0651843632536885	0.010389296591847	0.00385145253069781
GSE7116_1	0.00890844008065176	0.00279091369072262	0.000756467020893202	-0.00173404660814315
GSE7116_2	0.0163701406464281	0.0361413490457285	NA	-0.0013551999656425
GSE7116_3	0.00279206963418644	0.0267333077771933	0.000880054125036027	0.00856888078377518
GSE72575_1	0.0206557803020751	0.118170093505128	0.0213049679572117	0.0380957713177287
GSE72575_2	0.00722634799162407	0.03253189957201	0.0065648094427514	-0.00328276350034788
GSE72575_3	0.0134688550092582	0.0615381369843027	0.0133896030916103	-0.00060097108886947
GSE72575_4	0.00540540540540541	0.148891366347216	0.0017921146953405	0.0278054807695536
GSE75181_1	0.0748749895198483	0.254558781752554	0.0817776220312881	-0.00182225412582455
GSE75181_2	0.196333375169295	0.592564338516868	0.20825087733153	0.204172433627268
GSE75181_3	0.113360423654575	0.361632994280608	0.125671456126322	0.0494230870904325
GSE75230_1	-0.00939120873976169	-0.042889681982103	-0.00924916278420054	-0.0139882077050907
GSE7669_1	-0.0140295217446612	-0.081356864266861	-0.00470425454160776	-0.00388549233750103
GSE77916_1	0.00127676805687068	0.0596840116009975	0.00088339222614841	0
GSE80614_1	0.00809754145829865	0.0962539847415512	0.00983172904443212	0.0235098951268983
GSE80614_2	0.0106825837657736	0.0797761755948749	0.0133325724456734	0.0306280372541929
GSE80614_3	0.00418797070615691	0.0544115100383009	0.0022530975135318	0.0113172401914232
GSE80614_4	0.0034149285904788	0.0344550791478914	0.00441451277816207	0.0233471345915972
GSE80614_5	-6.47128890194672e-05	-0.00702965907777647	0.00166682731238827	0.0236331606652832
GSE80614_6	-0.00148108745210591	-0.0230130294143314	-0.00140336923557169	0.0142743874709036
GSE80614_7	-0.00749046183513253	-0.0393930090630859	-0.010380827860646	0.0158055221797536
GSE80614_8	-0.0162941139134153	-0.0495218882672135	-0.0127860727292194	0.00689030503822868
GSE80614_9	0.00934633583061954	0.0907577966231373	0.00704833871600868	0.0214082056580311
GSE80614_10	0.0106439122676783	0.0964971848365919	0.0132114316536278	0.0106996422447739
GSE80614_11	0.00397003462170966	0.0506254228898315	NA	0.0099597434878096
GSE80614_12	0.000369302669649983	0.0261362183411597	-0.00150119438970829	-0.00284410012995531
GSE80614_13	-0.0075671718280749	-0.0175332226010034	-0.00792939758164771	-0.00613143417747943
GSE80614_14	-0.0120180074446962	-0.0629026924236542	-0.0132595333523379	-0.0151318421040037
GSE80614_15	-0.0206020425138288	-0.0757772554445718	-0.020327871971328	-0.0237057345762169
GSE80614_16	-0.026033039659614	-0.0823234649426979	-0.0305227424169404	-0.0168199888694511
GSE85254_1	0.258843997877384	0.694541772246016	0.102079267194595	0.300174605177586
GSE86578_1	0.0346766269037415	0.29453206101836	0.0358307568027643	0.0831992493389907
GSE86578_2	0.0447826964094553	0.355847144053309	0.0463524194196427	0.0952399952943136
GSE86578_3	0.140424631606051	0.496087848359917	0.151288967448265	0.173416126408199
GSE9329_1	-0.00886629812448378	-0.0462027853810901	NA	NA
GSE93698_1	0.0147934386424362	0.0229252875809907	0.0156640073941041	0.00628815696686164
GSE93698_2	0.00743444244456568	0.0164426715061043	0.0101235713857313	0.00756567259894325
GSE93698_3	-0.0218218649009588	-0.0507954706192234	-0.0178413224764254	-0.00706966241854087
GSE93698_4	0.00372976066639539	-0.00431637458923451	0.00188055592676881	0.000802047316477157
GSE93698_5	-0.0270764502597425	-0.0655334610491752	-0.0206272977621735	-0.0144363503817434
GSE93698_6	-0.00767529742142885	-0.0239576384520061	-0.00192119761846184	0.000135365092565936
GSE93698_7	-0.0388650034071773	-0.128223928270937	-0.0374531161550429	-0.0178344122256942
GSE93698_8	-0.0117351459869089	-0.0765313457468557	-0.00233320547424821	-0.0165638998665268
GSE93698_9	-0.0577661909696777	-0.173268611791771	-0.0500817280477971	-0.0268910185996245
GSE93698_10	-0.0315403463861756	-0.120417607377315	-0.0241211187663088	-0.019965321383418
GSE93698_11	-0.00433497755699475	-0.0468566184627083	-0.00302911679827609	-0.0100000426237788
GSE93698_12	-0.0490008387085427	-0.146891573461324	-0.0369820969823627	-0.0223628908393617
GSE93698_13	0.024656066986883	0.0879785344622719	0.0197299995470308	0.00985392895051925
GSE93698_14	-0.0235961640749078	-0.0577199954469581	-0.0121247980340941	-0.0169038627594222
GSE93698_15	-0.0416247084381367	-0.114991338571619	-0.037962213964266	-0.018147872100325
GSE93720_1	0.186915053311097	0.468626874234729	NA	NA
GSE93720_2	0.216589747006671	0.51578918709983	NA	NA
GSE93720_3	0.196107608372317	0.495416414570733	NA	NA
GSE93720_4	0.205266793909062	0.514800855745444	NA	NA
E-MTAB-5564_1	-0.0250157901300224	-0.078060762935963	-0.0155503624595355	-0.00596391619810217
GSE77753_1	0.00319755250020303	0.0183981972224861	NA	0.00205419727189205
GSE43861_1	0.0105067311125209	0.037206497755937	NA	NA
GSE112809_1	-0.000528820729772607	0.0010435572262113	NA	NA
GSE111946_1	-0.00216227638914312	0.0139086907424228	NA	NA
GSE111946_2	-0.000806026388035551	0.0203356343842569	NA	NA
E-MTAB-3201_1	-0.00294521079074183	0.0166108535058892	0.000341200119168647	0.0178744755468161
GSE57740_1	0.00188116653474137	0.0573174543484771	NA	NA
GSE52992_1	0.0107821240162116	0.0286236593312389	0.0125263758350726	0.0139208403028607
GSE17160_1	0.0319543368899406	0.201671024097657	NA	NA
GSE17160_2	0.0120261782853632	0.119931644671783	NA	NA
GSE17160_3	0.0148787027966107	0.121612676144373	NA	NA
GSE17160_4	0.0500311743956896	0.234963109891008	NA	NA
GSE17160_5	0.0167567697875558	0.184072350686082	NA	NA
GSE17160_6	0.0112727438122774	0.160948985681148	NA	NA
GSE17160_7	0.0169917911764371	0.0707643344297619	NA	NA
GSE17160_8	0.0744911755767497	0.265728014622931	NA	NA
GSE17160_9	-0.0380985232191212	-0.089075470957301	NA	NA
GSE17160_10	-0.0311363380959638	-0.0656333403603326	NA	NA
GSE17160_11	-0.0387783396876408	-0.0812061328008064	NA	NA
GSE17160_12	-0.01261611447352	-0.0274935547795945	NA	NA
GSE22971_1	-0.00164536433313527	-0.00580655811707205	NA	-0.0116370811170684
GSE22971_2	-0.000760227967285426	0.0470985179810821	NA	-0.002909993883609
GSE22971_3	0.0146614009892872	0.0518836063978713	0.0154890807070132	0.0364528963050308
GSE22971_4	0.0175337447911494	0.0736404797590038	0.0177295569734494	0.0387540515871229
GSE13590_1	-0.00692618193846652	-0.0230176271126036	-0.0062261549059193	0.00521213399333827
GSE13590_2	-2.96999238493922e-07	0.00919132945271302	0	0.000336063414069398
GSE99731_1	-0.000426485269513925	-0.00977261816307624	NA	-0.00134334713773966
GSE99731_2	-0.00173222102163268	-0.091010399502691	NA	-0.0148604856075698
GSE99731_3	-0.0144911529420335	-0.054677796050655	-0.0152060189363273	-0.0239415912939313
GSE27492_1	0.00157442998481106	0.0199610176138467	0.00191938579654511	-0.00471399096009137
GSE27492_2	0.0113623270195132	0.0996756018328069	0.0212480758963083	0.0211449645727266
GSE27492_3	0.0221099245464849	0.0858189683761894	0.0393452822516246	0.0315591705773049
GSE27492_4	0.0199463628300073	0.0738626493758985	0.0304532318350295	0.0278306924842225
GSE27492_5	0.0174425681564217	0.0831239847857868	0.0290553669748767	0.0237987757862622
GSE27492_6	-0.0178905085926788	-0.073041052463829	-0.030146478201012	0.0159208834720671
GSE27492_7	-0.0125285472282482	-0.0366191154259987	-0.0212091654041465	0.00800721434110364
GSE27492_8	-0.0161631159712202	-0.0650668732801112	-0.0312716236723426	-0.00551736398260356
E-GEOD-15069_1	0.00168939835386702	-0.0310721716873055	-0.000668249847170177	-0.00700599053061729
E-GEOD-15069_2	0.00268484474224972	-0.0411746059091786	-0.000810969822324356	0.000793840647706413
E-GEOD-15069_3	0.0291039023906725	0.0900627478818493	0.0255617898602317	0.0228012952993541
E-GEOD-15069_4	-0.00933231096198326	-0.0816980994728664	-0.0101553382765301	-0.0341674996943677
E-GEOD-15118_1	0.00125519460167705	0.00202466010187726	NA	NA
E-GEOD-15118_2	0.000652356210332467	-0.0256534320863867	NA	NA
E-GEOD-15118_3	0.0241823778847001	0.135082286257134	NA	NA
E-GEOD-15118_4	0.0273495453506018	0.141869449623725	NA	NA
E-GEOD-16007_1	0.000485907060592983	0.00123291892075926	NA	NA
E-GEOD-17473_1	0.00120778031361322	-0.0200238090724101	NA	0.00887075249865203
E-GEOD-18647_1	-0.00591770248759255	-0.0177247754495131	NA	-0.0102882448795328
E-GEOD-18647_2	-0.00873200267328328	0.00558812891978269	NA	-0.0156624221249504
E-GEOD-18647_3	-0.00356291398695219	-0.00501924865097231	NA	0.00406641742907479
E-GEOD-18647_4	0.00503098813489145	0.013381699598469	-0.000827583860338174	-0.000313009759916032
E-GEOD-18648_1	0.0068664080329299	0.0860541141980463	0.00957058617209046	0.0120698368737812
E-GEOD-18648_2	0.0119573520376448	0.0512709954830094	0.0145834349286835	0.0123159123159123
E-GEOD-2154_1	-7.18574074432057e-05	-0.00571497391406877	-0.000244471169031751	0.0125988947238206
E-GEOD-2154_2	0.0121977206115601	0.105461916048647	0.009741804588063	0.022629268856859
E-GEOD-2154_3	-0.000458036099586686	-0.00496811837451234	0.000604885856249858	0.00127374470580281
E-GEOD-2154_4	-0.0141351530985127	-0.060663710806188	-0.0194363861191766	-0.0143551053768413
E-GEOD-26475_1	0.0166128942388024	0.0784854192997571	0.0173202830852568	0.0256368827569132
E-GEOD-26475_2	0.0093485174826108	0.0808283261061902	0.000335120643431635	0.0351539807991852
E-GEOD-26475_3	0.0155491134370154	0.121584058122303	0.0114618968937043	0.0250976195470019
E-GEOD-33567_1	-0.0252356300531133	-0.0311416386385495	NA	NA
E-GEOD-33567_2	-0.020518415174622	-0.0352055391080174	NA	NA
E-GEOD-37287_1	0.00282137550768368	0.0122221522881738	NA	NA
E-GEOD-37287_2	-0.00912391512630949	-0.021613767643637	NA	NA
E-GEOD-37287_3	0.0138756642653908	0.0386154633018052	NA	NA
E-GEOD-51994_1	0.00657129402741115	-0.00287464805788127	0.00567084899244874	0.00639150374704338
E-GEOD-51994_2	-0.00313981892587761	-0.021713568729161	-0.00612340560579892	-0.00531769743522566
E-GEOD-51994_3	-0.010145674104405	-0.0302399682185598	-0.00417590414682171	-0.00868270393857397
E-GEOD-65077_1	-0.00125573486813996	-0.00069616834124692	NA	NA
E-MEXP-1244_1	-0.000233132384187019	0.029076486879024	NA	NA
E-MTAB-1123_1	0.0341174227952897	0.121920674500284	0.0258296395259891	0.0154352191590526
E-MTAB-1123_2	0.0224110836482513	0.110314828082609	0.0187629648398924	0.0112355676019428
E-MTAB-1123_3	0.00142056402502722	0.0343193046447555	0.0006788108420019	0.00342600219366568
E-MTAB-1123_4	0.00158450151043841	0.0974794220497251	-0.000335570469798658	0.00855863432812817
E-MTAB-1391_1	0.0166174305222717	0.0796731382361239	0.0161906341393573	0.026251868229359
E-MTAB-1391_2	-0.0109457400311923	0.000918837863182699	-0.0140352953981859	0.0205857916523506
E-MTAB-1391_3	-0.0193735930823293	-0.0390405813769387	-0.0257704174409668	0.00569052611584254
E-MTAB-2450_1	0.00522337648470806	0.0127482226383377	0.00812272551953039	0.00701378765547434
E-MTAB-2450_2	0.0185901968945543	0.0962295013157383	0.0133317744911433	0.0182504543011861
E-MTAB-2450_3	-0.0114395544225352	-0.0218948154936325	-0.00473142549420258	-0.0134264403918926
E-MTAB-2450_4	-0.026112555692851	-0.107952935251597	-0.0203611893004407	-0.0230444122403921
E-MTAB-5023_1	-0.00351497905932758	0.0172933564030027	NA	0.0127201432289727
E-MTAB-5326_1	0.00237989338880605	0.00879693514107247	NA	NA
E-MTAB-5326_2	0.033420274913405	0.0476613874297419	NA	NA
E-MTAB-5326_3	0.0429189896276843	0.0993700166720429	NA	NA
GSE102588_1	-0.00132957967612062	-0.0087096931129618	-0.000516552679436434	-0.00036194658858154
GSE104793_1	0.0413432184570949	0.146213261358084	0.0392768154294647	0.0608631389421668
GSE104794_1	0.022011107314241	0.115872936090762	0.0300597705583645	0.0469757267609237
GSE104795_1	0.0219318152902829	0.121056068369622	0.0300456217186162	0.0452908916048213
GSE105139_1	0.000532197977647685	0.0287792801789668	NA	0.0108954922701184
GSE105139_2	0.0202390443856892	0.16223815149181	NA	0.029335239275704
GSE105139_3	0.017450128944568	0.153946206116315	0.000497512437810945	0.0218238668880239
GSE10555_1	-0.0288078970527279	-0.0759850838797853	NA	NA
GSE10556_1	-0.0101884662386069	-0.0694070925208184	-0.00921002153630273	-0.0317427004405956
GSE106631_1	0.0597735098351638	0.212701086633219	0.0577026775073628	0.0597665691345125
GSE13104_1	0.0316147295625336	0.0697635302379333	NA	NA
GSE13104_2	0.0297804676999021	0.0596607906064195	NA	NA
GSE13104_3	0.045316148467902	0.101573721819156	NA	NA
GSE16749_1	0.0086840417459808	0.0254534162065853	NA	NA
GSE16749_2	0.00415972569694293	0.0090447508994632	NA	NA
GSE16749_3	-0.00412388383900134	-0.0114260519842005	NA	NA
GSE17348_1	-0.0437388223888782	-0.166579298235034	NA	NA
GSE17563_1	-0.0196146118482848	-0.0422536821217557	NA	NA
GSE17563_2	-0.00372047440278702	-0.0117904969524726	NA	NA
GSE17569_1	0.0164173895596435	0.0287456686581403	NA	NA
GSE17569_2	-0.00144675519713235	0.0105296812561183	NA	NA
GSE17570_1	-0.0145152376943037	-0.0173770307660962	NA	NA
GSE17570_2	0.0103972630902715	0.0271578550069544	NA	NA
GSE18991_1	0.000386697602474865	0.00201644522353634	NA	0.000712131029181327
GSE18992_1	0.000386996904024768	0.0152821904891449	NA	0.0012049968121362
GSE19299_1	0.0272211474111897	0.0536551745299827	0.0287690640697838	0.0148716737877435
GSE20850_1	0.0117452230274534	0.0386120603088974	NA	NA
GSE21093_1	-0.00616283157642381	-0.0129187403875301	NA	NA
GSE21523_1	0.0240308007862467	0.0476787422429672	NA	NA
GSE21639_1	0.00136983952576769	-0.014688501239507	NA	NA
GSE21639_2	-0.002693422845951	0.00878705248222648	NA	NA
GSE21639_3	-0.00222826786864058	-0.0116248137087443	NA	NA
GSE21639_4	-0.0139535606884602	-0.0418311537936401	NA	NA
GSE21710_1	-0.0126647023488649	-0.0419061860870487	NA	NA
GSE21710_2	-0.0114391951639165	-0.0406215419915905	NA	NA
GSE21710_3	-0.0101170860595133	-0.0342069267167525	NA	NA
GSE22925_1	0.0269824504374247	0.0744033141489054	0.0108639017551529	0.0175046493280031
GSE22925_2	0.00972700613477351	0.0410550942103598	0.00709380078198978	0.00323423276876496
GSE26499_1	-0.011034889099934	-0.035415957503398	NA	NA
GSE30160_1	-0.0100742416666327	-0.0352276147129732	-0.00671366385139	0.00293087058371545
GSE30628_1	0.0127520456035007	0.0171542392979289	0.012967252657896	0.00516084109471026
GSE30628_2	0.0149334697785375	0.0512674237537485	0.0103253766536951	0.000236627455439927
GSE32163_1	-0.00861055429396372	0.0151652711188073	NA	-0.00485309680192891
GSE33656_1	-0.0269938403639656	-0.0602276262337973	NA	NA
GSE33754_1	0.00643040776078549	0.01300586174044	0.00292341848172213	0.011136404715527
GSE33754_2	0.00588516927836855	0.0488564120748595	0.00331692732860212	0.0131395420646541
GSE33754_3	0.000478862778714826	0.021725688530259	0.00188290140868965	0.0149198309701802
GSE34570_1	-0.0207199983423387	-0.0641252494854208	NA	NA
GSE35003_1	0.00357054109846201	0.0313562319088043	NA	NA
GSE35466_1	0.0546460789113384	0.257663262745671	NA	NA
GSE35466_2	0.0314537468599812	0.123539085853837	NA	NA
GSE35466_3	0.0396952526197358	0.173556633622263	NA	NA
GSE35466_4	0.0305763902770124	0.12922043351203	NA	NA
GSE35466_5	0.0261476778578437	0.0783300212602821	NA	NA
GSE36925_1	0.000117574013470314	0.0620003933977163	NA	NA
GSE36925_2	0.0251285383474182	0.0489211357492989	NA	NA
GSE36925_3	0.0280082545925627	0.0522403181652068	NA	NA
GSE37219_1	-0.012722757853104	-0.01334388997788	NA	NA
GSE37676_1	-0.00224673133407248	-0.0169800649960337	-0.00121329086023856	-0.0147348174633701
GSE41342_1	-0.00214105878968917	-0.0213326567017278	-0.00360968266666772	-0.0039893319163401
GSE41342_2	-0.000590281527938516	0.00107717727759768	NA	0.00205592724588786
GSE41342_3	-0.000411361718057441	0.0192068399944469	NA	0.0116779077549947
GSE41342_4	-0.00698095168281371	-0.10121309501514	-0.00166666666666667	-0.0132063488033168
GSE41997_1	-0.00105470419320613	-0.0368203650122865	-0.0010076870444267	-0.00524462458210471
GSE43242_1	-0.000874408145615913	0.0330920957988475	0.00255289556499795	0.00561695526054714
GSE43242_2	-0.00368856484580415	0.0026040873104771	-0.00116181070741657	-0.0015837400440776
GSE43663_1	-0.00100531767303313	-0.0541660154893089	NA	-0.00559973924380704
GSE43854_1	0.0220626608020528	0.0702620685549289	NA	NA
GSE45656_1	0.00228064942153256	-0.0102114668257171	NA	NA
GSE45656_2	0.00725456063571384	0.0279901529701303	NA	NA
GSE45656_3	0.0046013889016337	0.0162543082004614	NA	NA
GSE45793_1	-0.00855392003542199	-0.0145198185717771	-0.00709528949428831	0
GSE45793_2	0.0214459160575117	0.051728708823953	0.0176650744418948	0
GSE45793_3	0.00429664244117715	0.0103456872056342	0.00618827251338998	0
GSE45793_4	0.0262321811296739	0.0586963589434242	0.0283326723232421	0
GSE45793_5	0.00490441534827695	0.00621186448197146	0.00965601189036863	0
GSE46390_1	-0.0112484601476756	-0.0555276329113932	NA	NA
GSE48438_1	0.0101778766700943	0.0326728996520695	NA	0.00187924302658096
GSE50549_1	0.00668293407039499	0.0312332126370529	0.00754610188390539	0.0118688412756307
GSE50549_2	0.0107491667610166	0.0282338817703549	0.0113323850141317	0.00936085397666209
GSE51098_1	0.0092498868696546	0.0277969948821157	0.0104964250997035	0.00815664572689234
GSE53857_1	-0.0007118362353834	-0.0119370873565526	0.000380228136882129	0.00467381838626713
GSE53857_2	-0.000149808432385503	0.0072261651740024	0	-0.00566853559601603
GSE53857_3	-0.000527183852942154	0.00176880299371793	-0.000558659217877095	0.00316405749708835
GSE53982_1	-0.0227891245588725	-0.0689188300352223	-0.026667227887959	-0.0139762891168965
GSE53982_2	0.00758449806192921	0.072178614228456	0.00748752416272431	0.0176167786461904
GSE54779_1	0.0526166033769527	0.158020328303858	0.0568559780817675	0.0371467483674444
GSE55900_1	-0.00026595729607154	0.0883775445868023	-0.000411861054201051	0.0240292328139504
GSE57104_1	-0.0119511317121158	-0.0561689727789681	NA	-0.0161338035154254
GSE59387_1	0.0118194491323612	0.0399781980442023	NA	NA
GSE60401_1	0.00914108556603145	0.0219460705830022	NA	NA
GSE60401_2	-0.028710098858651	-0.11188700694586	NA	NA
GSE60651_1	-0.038419828234034	-0.162813566537049	NA	NA
GSE60737_1	0.0711333092938717	0.211582554224185	NA	NA
GSE60761_1	0.000608220361277733	0.0557138553318911	-0.000333778371161549	0.00993619963986624
GSE60761_2	-0.000385203868176004	-0.0232282981236387	NA	-0.00304302305517272
GSE60761_3	0.00755579805313722	0.0906576816389422	0.000662251655629139	0.0168674880474964
GSE60761_4	0.0116617229003659	0.132841327125833	0.000334448160535117	0.0174674532418369
GSE63017_1	0	0.0033570032302227	NA	0.00978656550436347
GSE63017_2	0.000794911669012002	0.00435029681789047	NA	-0.00183063033035404
GSE63017_3	0.000100611948315493	-0.00220549522980941	0.00017561543191155	-0.00327732700719039
GSE63017_4	-0.000524848007844654	-0.0013386202204951	NA	-0.0088679695657297
GSE63939_1	0.0203669598797924	0.0366704509541581	0.0218078646614674	-0.0152727453715938
GSE63939_2	0.0315797669137211	0.0677940566957889	0.0291181257890531	-0.00803548265874864
GSE64141_1	-0.0350641773764388	-0.0815575148268057	NA	NA
GSE64965_1	0.0343597156914499	0.10152039600669	0.0372148635172938	0.00567015216122668
GSE65745_1	-0.000773993808049536	-0.00019269180349623	NA	-0.00517090152796776
GSE65745_2	-0.000889623064319809	-0.0193490247570986	-0.00137163661851174	-0.00408736011612118
GSE65745_3	-0.00115473441108545	-0.0197681920154616	-0.00118764845605701	-0.00696403133903134
GSE66416_1	-0.00443121000346812	-0.0321760068195352	NA	NA
GSE66862_1	0.00286101953625458	0.0200180890697918	0.00199587887188985	0.00400504849963129
GSE69108_1	0.0264334363835098	0.0895552862456255	0.0294404475160632	0.0254927650362802
GSE71565_1	0.00389078400606649	0.0364028991359179	NA	NA
GSE72261_1	0.00644366066035295	0.0241306601230749	0.00071806271389162	1.45953287755138e-05
GSE72261_2	0.00636798641905941	0.0286957440996738	0.00364425360188792	-0.000256954112157676
GSE72261_3	0.0102400436836914	0.0277213516152727	0.0128802868703216	-0.000159780235138762
GSE7683_1	-0.0131897094410802	-0.0540666117899921	-0.00914227013207468	-0.0312268894561748
GSE7683_2	-0.0178727302783816	-0.108688143704606	-0.0161210591297883	-0.0262429625332851
GSE78980_1	0.00105792976131472	0.00577513183256701	NA	NA
GSE78980_2	0.000292985678697256	-0.0399954435714381	NA	NA
GSE78980_3	-0.00552692047296451	-0.0413764196117539	NA	NA
GSE78980_4	0.00436864536456622	0.0390260490578492	NA	NA
GSE78980_5	-0.00141657517739443	-0.0260320245412093	NA	NA
GSE78980_6	-0.00103811548262628	-0.0456994664612483	NA	NA
GSE78980_7	-0.00636424809314858	-0.0234006908243621	NA	NA
GSE78980_8	-0.0119189069484774	-0.0475188728082084	NA	NA
GSE78980_9	-0.00367310525449123	-0.0221542113754839	NA	NA
GSE78980_10	-0.00935483651740953	-0.0410717034614827	NA	NA
GSE81399_1	-0.0092587570980359	-0.0407360619757016	NA	-0.000707023121568562
GSE84609_1	-0.0113821667142474	-0.0203621917968744	-0.0111065066545649	-0.00636705463610598
GSE84907_1	0.0390481257048346	0.0914324205796942	0.0391924959352939	0.0122621529027571
GSE84907_2	0.0227735245094535	0.0483371928888764	0.0247169999803765	0.00263128227137576
GSE84907_3	-0.0143296442086134	-0.0592107844090766	-0.0100970416208817	-0.0065922981739227
GSE90127_1	-0.0050187432921579	-0.00504559964182231	NA	NA
GSE90127_2	-0.0246484282241366	-0.0758126529036608	NA	NA
GSE90127_3	0.0112567424676101	0.0367804432509412	NA	NA
GSE9247_1	-0.000891131112820789	0.0404957783345816	0.00251430715486454	0.00786463449257885
GSE9247_2	0.0199115483525703	0.0508122119390509	0.0151326749068918	0.00818584995639804
GSE9247_3	-0.00722978724858751	-0.0298325032372285	-0.00789650671517776	-0.00312059958911007
GSE99306_1	0.00946221501689547	0.0152229204074521	0.0154578934836734	0.00413439682758248
GSE99306_2	0.00591481034103659	0.00802809500659066	0.00767775057268109	-0.00402663067863993
GSE99306_3	-0.00319032741790175	0.00868033443254109	-0.00336129038786081	-0.00225833188183336
GSE99306_4	0.00494090477672778	0.00688346664250888	0.00871492826706475	-0.00811578162408258
GSE99306_5	0.018361246317308	0.0207820689673034	0.0183824046176016	-0.00335731472928159
GSE99306_6	-0.00169347762073696	-0.0121749605462529	-0.00096667970554358	-0.0133822846642652
GSE99306_7	0.00950587384951933	0.0666848953807158	0.00345042471412674	-0.00313615546228025
GSE99306_8	0.0143680848303352	0.0150171279008099	0.013251095107729	0.00208710653541391
GSE99306_9	0.0164943054813046	0.0164109062457613	0.0145577129914585	0.00405135872729927
GSE99306_10	-0.000453392523062092	-0.00882292901355683	-0.000227629560825266	-0.00936178247572777
GSE99306_11	0.0258980422437941	0.0404115032532231	0.0216602053798062	-0.00229057243771541
GSE99306_12	-0.00502098297942758	-0.0148727013180437	-0.00314737682247668	-0.00875007687235496
GSE99306_13	0.0188962233822045	0.0809694800020539	0.0174373868276606	0.00295060810653415
GSE99414_1	0.00146558213391552	0.0504608771514469	-0.000507877924433508	0.00387241816232011
GSE110581_1	0.0100699977177994	0.0376948317651979	0.00948043351656357	-0.00513619416270495
GSE110581_2	0.00127258870380686	0.0140970358844747	0	-0.00768354099567329
GSE47799_1	9.3484924131273e-05	-0.000923798992302917	0.00128955451266987	0.000431348608743672
GSE47799_2	0.000152832981882067	-0.0330332482635457	-0.000993354412609145	0.00948735294943658
GSE47799_3	0.00331251032751661	0.0289122413457297	0.00216337057338898	-0.0095072869935917
GSE111628_1	0.00179578435951413	0.0231002930741047	NA	NA
GSE111628_2	-0.000590659939807209	0.0166940522682957	NA	NA
GSE111628_3	-0.000175791565149316	0.0250644542517374	NA	NA
GSE5657_1	0.00256679012415498	0.00294665728266172	0.00145458841752696	0.0011473003975571
GSE5657_2	0.00260295617947975	0.0239602833205096	0.00149352837406593	0.00319929290071571
GSE13782_1	0.0383876480913078	0.142938217042226	0.0265215372429826	0.0193367986811526
GSE41039_1	-0.000531339607626798	0.0286422861277876	-0.000410846343467543	0.0134775820093397
GSE84198_1	-0.00176074780225123	-0.00591760411001423	-0.000699261856174322	-0.0064277229541155
GSE84198_2	-0.00126573926976775	-0.022671960552353	0.000364774564095158	-0.0014981424887304
GSE84198_3	-0.0338714574953335	-0.0819072468791462	-0.0325225549461145	-0.0044890168036468
E-GEOD-54216_1	0.00120743195991336	0.00420298277668549	0.00588207076916496	0.00353102045954904
E-GEOD-54216_2	0.00435034166316012	0.00674364618016039	0.00742306760386202	-0.00658902064088162
E-GEOD-54216_3	-0.00336387551171858	0.00650184964675624	-0.00578777509762752	-0.00180801238228538
E-GEOD-6119_1	0.0873939622920287	0.262424388556977	0.107920413288346	0.0876298941928932
E-GEOD-6119_2	0.0876708269816385	0.255631405291872	0.106005978146044	0.0699885617539604
E-GEOD-6119_3	0.0857815835486562	0.254396323821164	0.100501615659517	0.0717837559391084
E-GEOD-8077_1	-0.00357717906787168	-0.0878405006175326	-0.0112472566838144	-0.012517412100867
E-GEOD-8077_2	0.0021545747271875	0.0128832199990434	0.00139619450146245	0.00961328976034858
E-GEOD-8077_3	0.011067012351604	0.0838501808252344	0.0147607534555548	0.0120713746617403
GSE103416_1	0.00708008138871484	0.0274411620723712	0.0102617239404213	0.031819027608408
GSE103416_2	0.0112733013972675	0.0291715715349417	0.0128905168681669	0.0285825207313584
GSE103416_3	0.00799610364614793	0.0142946487029359	0.00806784311380152	0.0289114777430022
GSE19950_1	0.0133204010926502	0.0604228488940478	0.0155003496969504	-0.00163473155709098
GSE30322_1	-0.0157852129612781	-0.0447420633179091	-0.00980553161143947	0.0112752145644624
GSE30322_2	-0.00956442020344801	-0.0339036328283787	-0.0108339171582022	-0.0107077849423346
GSE30322_3	-0.00578409671984581	-0.0285740646299739	-0.00338629130664261	-0.00127033085638286
GSE42295_1	0.00151296634265907	-0.00387010095643983	0	0.00742892185129572
GSE42295_2	0.00669048660058753	0.0136561041485583	0.00548217403159244	0.013258521321944
GSE42295_3	0.00409377898014771	0.0065574528198725	0.00993021790412308	-0.00212426993923057
GSE66554_1	-0.0242315392967025	-0.0705991942358705	-0.0247614644388751	-0.0118196774132575
GSE66554_2	-0.0299387522537187	-0.0821139620860285	-0.0216942491781755	-0.00827336345163597
GSE66554_3	-0.00903794535523725	-0.0305049228579785	0	-0.0124331554531807
GSE66554_4	0.0203502077149881	0.0429442538816783	0.0187097234168159	-0.00587853938884216
GSE74898_1	-0.00696827052246044	-0.0284046322428318	-0.0160321168084088	0.00103202255752336
GSE74898_2	-0.0121767654799235	-0.0247199325999166	-0.0152513227695022	-0.0103099603088403
GSE74898_3	-0.00917201553382885	-0.0353333298111473	-0.0184103003492809	-0.0057184863889593
GSE79176_1	0.00026525198938992	-0.00446474294360542	NA	NA
GSE79176_2	0.000761945414581391	0.0019118694760255	NA	NA
GSE79176_3	0	0.00603663540687191	NA	NA
GSE85785_1	-0.0022642218473026	0.000294202176260568	0.00211078929175253	-0.00792613636363636
GSE23492_1	-0.0010370870206527	-0.0136893122867596	NA	NA
GSE23492_2	-0.00575594143908444	-0.0147130008962626	NA	NA
GSE23492_3	-0.0276311219954309	-0.0854291498613254	NA	NA
GSE23492_4	-0.0341940477369197	-0.106512313231418	NA	NA
GSE23492_5	0.0254151353697541	0.0802007430694136	NA	NA
GSE44991_1	0.00300911630977512	0.033534483817007	0.00922065245991777	-0.00735491454189641
GSE44991_2	-0.000964672871312519	0.00174575529045172	NA	0.0157887633058955
GSE39796_1	-0.0093168741418977	-0.0160559077724697	NA	NA
GSE39796_2	-0.00934708479884562	-0.0183500909340966	NA	NA
GSE39796_3	-0.00208799381827675	-0.00171737870830928	NA	NA
GSE18394_1	-0.00573780788286331	-0.0239490489907666	0.00197027797297638	0
GSE18394_2	-0.0228690530351573	-0.0525365396247919	-0.0236954911113146	0
GSE18394_3	0.0133749462077619	0.0118161187668471	0.0169751434621909	0
GSE29233_1	0.0339961371702293	0.160125955588646	NA	NA
E-MEXP-2291_1	0.00188576343764364	0.0176434443040387	NA	NA
E-MEXP-2291_2	0.0247792135996826	0.0792626418390121	NA	NA
E-MEXP-2291_3	-0.0180210338706131	-0.0550363162215943	NA	NA
GSE107363_1	-0.00797026754374665	-0.0409774356781594	NA	NA
GSE85761_1	0.00497920816544571	0.0177369808336998	NA	NA
GSE89179_1	0.000397264203946951	0.000125753496845725	NA	NA
GSE89179_2	-0.00212921992008407	-0.0285035277182935	NA	NA
GSE89179_3	-0.0242801674326501	-0.0358870517773351	NA	NA
GSE89179_4	-0.0373160606932275	-0.0760985724459527	NA	NA
GSE89179_5	0.030024100673431	0.0785957279119247	NA	NA
GSE89179_6	0.00390984737422758	0.0180672268852948	NA	NA
GSE89179_7	0.0248791035067152	0.0700499068558253	NA	NA
E-GEOD-57723_1	0.0932008553475609	0.22761742050138	NA	NA
E-GEOD-57723_2	0.00522980155794448	0.0369922386930887	NA	NA
E-GEOD-57723_3	0.0868339839209764	0.240631949348353	NA	NA
E-GEOD-83930_1	0.00372385579484451	0.016320742386221	NA	NA
GSE100268_1	0.0555423180127848	0.149649477391388	NA	NA
E-GEOD-55769_1	0.00816555050293685	-0.0165530236897119	0.00985923559281564	0.00189706134112184
E-GEOD-55769_2	0.000998682623083112	0.0208709158787075	0.00152742122218866	0.0131777958565456
E-GEOD-55769_3	0.00881001349395461	0.00874751484830612	0.00831077629864186	0.00915261470071123
E-GEOD-69110_1	0.0136835962539445	0.0768874173994765	0.0158504241614587	0.0268620524340934
E-MTAB-4304_1	0.0171772212684979	0.0644082456886322	0.024398201447989	0.0175675145229518
E-MTAB-4879_1	0.0105763938460913	0.0303143759848631	0.00343721398705659	-0.00584558450832193
E-MTAB-4879_2	-0.0122992755594869	-0.00720801227686324	-0.00709684493170711	-0.0124497550907871
E-MTAB-4879_3	0.0104934849064033	0.000691948664737856	-0.000306637482823656	-0.00527069544340874
E-MTAB-4879_4	-0.00209335318861613	-0.00676756873554682	-0.00183212474924799	-0.0273501688867053
Cytokine_Explant_1	0.0332167026592705	0.060877810539122	0.0199392817853366	0.0166286349655846
Cytokine_Explant_2	0.19514000669482	0.40905801449707	0.206393168668056	0.110499573711347
Cytokine_Explant_3	0.199171229902805	0.4305649095747	0.202640610130825	0.120412150570495
Cytokine_Explant_4	0.0117201339675284	0.0179880130949453	0.00156443033255119	0.0240356243477135
Cytokine_Explant_5	0.0689488064290063	0.167318882068068	0.0616318112510341	0.0455224576470801
FN1_Explant_1	0.0405227004807733	0.348059703721005	0.0332562085724468	0.103507843834534
E-MTAB-6266_1	-0.0271458730217563	-0.0880749007983907	-0.0281702626914828	-0.008910072341161
E-MTAB-6266_B_1	-0.0386665186920586	-0.124336991894953	-0.0435916797035786	-0.00988625977370141
E-MTAB-6266_B_2	-0.0155616175049596	-0.0367303972266902	-0.0146051712732323	-0.0152132251691669
E-MTAB-6266_B_3	0.0209232930101714	0.103824079177126	0.0293610560428649	0.00366120952122037
GSE70667_1	0.000914261007375569	0.0114337677775222	0.00155976278682404	0.0215483682009483
GSE87608_1	-0.00168223661803719	-0.0322219535833063	NA	0.00234392581769402
GSE87608_2	-0.00601802959629091	-0.0316256807447064	-0.000457224141434668	-0.00896939781864588
GSE87608_3	-0.0074215625734807	-0.0304664227522875	-0.00545094609712104	-0.00762365695869532
GSE87608_4	-0.00379416418935302	-0.0167955891158397	-0.000806079832056918	0.0111670963316511
GSE90890_1	-0.0345169576162236	-0.155202089473275	-0.00310624297908646	-0.0118909734705549
GSE97118_1	-0.00979915033940066	0.00409383382703495	NA	NA
GSE97118_2	0.00751637005233429	0.0429579476913588	NA	NA
GSE97118_3	-0.00142166954335788	0.030677571424316	NA	NA
GSE97118_4	0.0143051587590798	0.040863569110718	NA	NA
GSE97118_5	0.00592252790049507	0.0603238301268383	NA	NA
GSE97118_6	0.0112326151265298	0.0624085373742105	NA	NA
GSE97118_7	-0.00400405656023069	0.00872335688109525	NA	NA
GSE107592_1	-0.00225383963795837	0.00361999729037612	-0.00358436973361575	-0.00433852543445629
GSE92641_1	0.0217094236494701	0.0820818224089052	0.0174148326039706	0.0124152124084311
GSE107849_1	-0.00026638252530634	-0.00838846103376489	NA	NA
E-ERAD-89_1	-0.00188678603846324	0.000204071818861259	NA	NA
E-ERAD-89_2	-0.000638910241373422	-0.00247409414024363	NA	NA
E-ERAD-89_3	-0.00221133330292627	0.00652166994922249	NA	NA
E-ERAD-89_4	0.000530639282679666	0.0273928218401305	NA	NA
E-GEOD-45893_1	0	-0.0139269900310556	NA	NA
E-GEOD-53105_1	0.00361064468730866	0.014891033795595	0.000671108810054043	0.00717095195483821
E-GEOD-53105_2	0.00511744037426843	0.000941681199288068	0.00367677014089295	-0.00112561291403796
E-GEOD-54461_1	-0.00994223042404036	-0.0314129531186876	-0.00952136838770901	-0.00272156006704346
E-GEOD-54461_2	-0.0030613656744226	-0.01503512473688	0.00232892043114154	0.00558743671523933
E-GEOD-54461_3	0.00335646416438199	-0.00291540246240127	0.00716930890936354	0.00210822510822511
E-GEOD-54461_4	0.00754116889821407	0.00355360051764915	0.011752697097626	-0.00676175676175676
E-GEOD-54461_5	0.0203624125828486	0.0346177183783387	0.0282089764540961	0.00206366611329054
E-GEOD-54461_6	0.0213662723120658	0.0437822743053243	0.0297281727249608	0.0103909577822373
E-GEOD-54461_7	0.0248766112421833	0.0506079523278446	0.0325544023374099	0.0128486104103153
E-GEOD-54461_8	0.0215938854370233	0.0459599494880609	0.0287809645240048	0.0135292120215714
E-GEOD-73372_1	0.0016361435912919	0.00975331822122067	NA	NA
E-GEOD-73372_2	0.00207428192901822	0.0630604761530009	NA	NA
E-GEOD-73372_3	0.0166349963548571	0.0484414881796612	NA	NA
E-GEOD-75549_1	0.0320864790195391	0.223109481974198	NA	NA
E-GEOD-76988_1	0.00853070061584977	0.0454722321500622	NA	NA
E-MTAB-2923_1	-0.0246659830520795	-0.0763549313396102	NA	NA
E-MTAB-2923_2	0.0270940722734006	0.083187307714942	NA	NA
E-MTAB-2923_3	0.0207760709709491	0.042589169854373	NA	NA
E-MTAB-2923_4	0.0149136496367768	0.0382597703391684	NA	NA
E-MTAB-3428_1	0.0312127799496008	0.0859837114979305	NA	NA
E-MTAB-3428_2	0.000194852663073605	0.0217745070201768	NA	NA
E-MTAB-3428_3	0.000117180008273982	-0.0279185072908086	NA	NA
E-MTAB-3428_4	0.0323940350750564	0.0839355359586875	NA	NA
GSE102856_1	0.00852933041840542	0.0949058007790226	NA	NA
GSE103492_1	0.0159796593860742	0.0299801135535974	0.0242376708568174	0.0178176393737786
GSE103492_2	0.0100056934953716	0.0332580250508843	0.0062446914385264	-0.00824878445532718
GSE103492_3	0.0234446970766592	0.0421711710757851	0.0282106847360398	0.0280702160994282
GSE103492_4	0.00975445221648244	0.020864323434733	0.0136413454316237	0.0191849409263049
GSE103492_5	0.00826129452405576	0.0202402627380947	0.0034649190430512	0.00251803778407244
GSE103492_6	0.00878516687015015	0.0560216404293345	0.00735573569590161	0.0188264479972442
GSE103492_7	0.00761382389407818	0.0422675465273745	0.00804730800335364	0.0190001439784245
GSE103492_8	0.0170669883787179	0.0711723605612636	0.00240811736471687	0.00558647236925975
GSE103492_9	0.0193589720616722	0.0861218045417255	0.00256892828011778	0.0195456644825619
GSE103492_10	0.0021340351708375	0.018413647948533	0.000154506079766844	0.0115030516566271
GSE106259_1	-0.0392524403598523	-0.134557859187525	-0.04349517666008	-0.034188928623302
GSE110303_1	0.00143863214177453	-0.0355014949861543	NA	NA
GSE110303_2	0.00514622403967246	0.0559124579797896	NA	NA
GSE110303_3	0.00518801602557513	0.019859358849955	NA	NA
GSE110300_1	0.000255159414209803	-0.00539129092124164	NA	NA
GSE110300_2	0.00158292788825204	0.0272946735868632	NA	NA
GSE110300_3	0.00425299969759833	0.0353739300587175	NA	NA
GSE110281_1	0.00714177517948895	0.0457434754747872	NA	NA
GSE110281_2	0.0126147558948141	0.0466997493357774	NA	NA
GSE110281_3	0.000626282025121449	0.00405684485104654	NA	NA
GSE104459_1	0.00230890438922684	-0.0190921829844381	-0.00119164472038559	0.0115440617580847
GSE104459_2	0.00177355172209743	-0.0318319828044112	0.00242032626809796	0.0018735209923198
GSE104459_3	0.00149294576608691	-0.000833437172116636	-0.00110969996562464	-0.010181980003423
GSE110051_1	0.000280308882000063	0.0200726160112776	0.00907612215295053	0.00440225525546236
GSE110051_2	-0.00434874190645149	0.001539705731435	0.00428283473027321	0.00557773002402253
GSE110051_3	0.00175939240817826	0.0167506801424313	0.000579167798946567	0.00276315444210471
GSE112694_1	0.019429665086303	0.0177832523747415	0.0238545408256264	-0.00322557607946244
GSE112694_2	0.0322099715727967	0.0344440598255974	0.0352118322757701	-0.0135073612478518
GSE112694_3	-0.0057682337276306	-0.0262031966845991	-0.00920270435365071	-0.0037396326418931
GSE112694_4	-0.00695322119190284	0.00865598005092354	-0.00845034721442526	-0.00225784832124724
E-MTAB-5879_1	0.0160103653144525	0.0580863992490113	0.013990802117913	-0.0137430589502504
E-MTAB-5879_2	0.00675196370485708	0.0149188485157613	0.00660235202895517	0.00856163312772922
E-MTAB-5879_3	0.0292638189348743	0.0860724282123363	0.0307141081594706	-0.00610948624840204
E-MTAB-5879_4	0.0117186325630773	0.0522294064201991	0.0157037602353375	0.0163303734770573
E-MTAB-5879_5	0.0204888367235174	0.0697779405252251	0.0252187476956873	-0.00639290508571554
E-MTAB-5879_6	0.0247305407582602	0.066290899584963	0.0318826290078557	0.0145543405324242
E-MTAB-5879_7	0.0148470444468101	0.102574904380594	0.00212765957446809	0.026448740327302
E-MTAB-5879_8	0.00840212318893055	0.068394833291793	0	0.0125232850671474
E-MTAB-5879_9	0.00706059868328364	0.0329016666928968	0.000711237553342817	-0.00169114533831006
E-MTAB-5879_10	0.0161193578584878	0.0389896501794471	0.000207706179960564	0.00665615891659496
E-MTAB-4294_1	0.0226903995551704	0.04157535175677	0.0343821168106498	0.0185029590541396
E-MTAB-4294_2	0.0146678879565054	0.0378700621446206	0.0218285261271687	0.0160117283365837
E-MTAB-4294_3	0.000513733042359207	0.00476446772488818	-0.001276120594568	-0.0186181941597542
E-MTAB-3186_1	0.00949356919828642	0.0221704019985868	0.0104741215395913	0.0158198462568988
E-MTAB-3186_2	0.00938567113629668	0.0250584184037186	0.0176359289227556	0.0198595308528261
E-MTAB-3186_3	0.0093626686149925	0.0147072172551624	0.00804099705762177	0.0243503206039229
E-MTAB-3186_4	0.00666218468851324	0.00784381722115962	0.00723873765651816	0.0191646846557761
