comparisonID	jaccard	cosine	sigjaccard	chrDir
22659600_1	-0.0124466092753516	-0.0295328432394792	NA	NA
24361742_1	0.0277784757728607	0.0852625984767412	NA	NA
GSE72258_1	0.000525762355415352	0.0193476612836013	NA	NA
GSE72258_2	0	0.0320504758382995	NA	NA
GSE69531_1	0.0267525930534499	0.066678724165612	NA	NA
GSE69531_2	0.0377900296579273	0.0902312086107767	NA	NA
GSE69531_3	0.0152147071189533	0.0295441428938457	NA	NA
GSE69531_4	0.0267525930534499	0.066678724165612	NA	NA
GSE58203_1	0.0190558336374459	0.0626143149268504	NA	NA
GSE58203_2	0.0137732138727063	0.044001738025839	NA	NA
GSE58203_3	-0.00342622580957684	-0.00123836441035088	NA	NA
GSE58203_4	-0.0203890439510342	-0.045627761452465	NA	NA
GSE58203_5	0.00944661126641025	0.0387891028355849	NA	NA
GSE58203_6	0.00237915718322334	0.0191007743702916	NA	NA
GSE58203_7	-0.0182866485226765	-0.0594368590571696	NA	NA
GSE58203_8	-0.0288495606242777	-0.103301102599225	NA	NA
GSE59642_1	0.0395050320145987	0.08726002092176	NA	NA
GSE59642_2	0.0146531951294472	0.0274830545869209	NA	NA
GSE59642_3	-0.0282483062643429	-0.0764469536395429	NA	NA
GSE64922_1	-0.0213833367562068	-0.084090578928498	NA	NA
GSE60162_1	-0.000701994327855573	-0.0232542465240716	NA	NA
GSE31685_1	-0.00569097487197803	-0.0181926290567904	NA	NA
E-MEXP-3890_1	0.00519951318116692	0.00635108159095506	NA	NA
GSE31980_1	0.0109959598574563	0.0476739714998235	NA	NA
GSE15615_1	-0.00799211907251422	-0.036228063418148	NA	NA
GSE15083_1	0.00919901700772629	0.0607992642532943	NA	NA
GSE108035_1	-0.00299158997062412	-0.016231907088684	NA	NA
GSE108035_2	0.0025248085746703	-0.027564264396052	NA	NA
GSE108035_3	0.000360038598013465	-0.0299077404140873	NA	NA
GSE21959_1	0.0329313225089375	0.153498796738817	NA	NA
GSE21959_2	0.0204297862168137	0.106661502036287	NA	NA
GSE24742_1	0.00231655887930707	0.036356219119134	NA	NA
GSE24742_2	0.00345213956154147	0.0170544005809997	NA	NA
GSE24742_3	-0.00961464580328243	-0.037655778786543	NA	NA
GSE74668_1	0.0103587488211753	0.0438600414564991	NA	NA
E-GEOD-10024_1	0.0121190569553283	0.0675533826395401	NA	NA
E-GEOD-10024_2	0.00167061264364162	0.0362240390839035	NA	NA
E-GEOD-12860_1	-0.0128235176326169	-0.0254305473958033	NA	NA
E-GEOD-12860_2	-0.0126319802498333	-0.0454181604215002	NA	NA
E-GEOD-12860_3	-0.0301061656414873	-0.0597068096627738	NA	NA
E-GEOD-12860_4	-0.0252099129743692	-0.0406900171902679	NA	NA
E-GEOD-12860_5	-0.0167358623106518	-0.0451377601487006	NA	NA
E-GEOD-12860_6	-0.0148553041803173	-0.043980713461807	NA	NA
E-GEOD-12860_7	-0.0159369586209811	-0.0129574803266048	NA	NA
E-GEOD-12860_8	-0.030687910697313	-0.0657078440397125	NA	NA
E-GEOD-14359_1	-0.0181629153273373	-0.0614221423541867	NA	NA
E-GEOD-14359_2	0.0207026812451345	0.0684818494668444	NA	NA
E-GEOD-1919_1	-0.0182175203068685	-0.0501248925564237	NA	NA
E-GEOD-1919_2	-0.0541904897074052	-0.132422747781486	NA	NA
E-GEOD-1919_3	-0.0468158914415779	-0.138260545368405	NA	NA
E-GEOD-1919_4	-0.0612785063259024	-0.118164945763965	NA	NA
E-GEOD-1919_5	-0.0815348529379777	-0.177874061816394	NA	NA
E-GEOD-1919_6	-0.0327632778054967	-0.104820463435581	NA	NA
E-GEOD-1919_7	-0.0306009208223965	-0.120030015451738	NA	NA
E-GEOD-1919_8	-0.0476405868020539	-0.113816428826614	NA	NA
E-GEOD-1919_9	0.00384445013711554	0.0275929074119319	NA	NA
E-GEOD-19664_1	0.00712367157277555	0.0182632480653488	NA	NA
E-GEOD-19664_2	-0.0187961210904763	-0.066865144255529	NA	NA
E-GEOD-19664_3	0.0188651525246713	0.0671517872291986	NA	NA
E-GEOD-19664_4	0.0199917235933348	0.0498988465745978	NA	NA
E-GEOD-19664_5	-0.0205179779409576	-0.0399033014824359	NA	NA
E-GEOD-19664_6	0.0208709692445462	0.0595553234240372	NA	NA
E-GEOD-43923_1	-0.0451247765405785	-0.0661372357234056	NA	NA
E-GEOD-51812_1	-0.00967174333869542	-0.0299510436145884	NA	NA
E-GEOD-51812_2	-0.0150706369000791	-0.0419218583090871	NA	NA
E-GEOD-68760_1	0.00184028861612324	0.00975331822122067	NA	NA
E-GEOD-82107_1	-0.00527877787482932	-0.0603591496107225	NA	NA
E-GEOD-9451_1	0.0414854050370589	0.116650330915504	NA	NA
E-GEOD-9451_2	0.0281495211695035	0.0905679384639848	NA	NA
E-GEOD-9451_3	-0.028640189693513	-0.0472160946631687	NA	NA
E-GEOD-9451_4	-0.0107335015563865	-0.0347419514749864	NA	NA
E-MEXP-2019_1	0.00657114230330017	0.00699160455512698	NA	NA
E-MEXP-2019_2	0.04062060680593	0.0903763122285055	NA	NA
E-MEXP-2019_3	0.0124141167338053	0.0208748625283102	NA	NA
E-MEXP-2019_4	0.0130169696151294	0.0723121161523772	NA	NA
E-MEXP-2276_1	-0.00170991357556848	-0.0161207283356355	NA	NA
E-MEXP-2488_1	0.00339589683534143	0.0321413216713503	NA	NA
E-MEXP-3129_1	0.00522963025452814	0.040211937445744	NA	NA
E-MEXP-3474_1	0.000847939162412031	0.0106390597946791	NA	NA
E-MTAB-3010_1	-0.00697416535771942	-0.0186648297745867	NA	NA
E-MTAB-3010_2	-0.00917817069397564	-0.0177408461744233	NA	NA
E-MTAB-3010_3	0.00918443859113365	0.0572179733178674	NA	NA
E-MTAB-3010_4	0.0211916932497083	0.0846616386246575	NA	NA
E-MTAB-4152_1	0.0102150615616953	-0.0112370670189674	NA	NA
E-MTAB-4152_2	0.00157976110553294	0.0445314101285187	NA	NA
E-MTAB-4152_3	0.00808725792632311	0.0205349385795102	NA	NA
GSE100609_1	0.00257325478778233	0.0519908938261803	NA	NA
GSE100786_1	0.00258690817948896	0.0474630761588644	NA	NA
GSE100786_2	0.00399126820055871	0.0439634824892414	NA	NA
GSE103697_1	0	0.0231202702105728	NA	NA
GSE103697_2	0	-0.00681335753616375	NA	NA
GSE103697_3	0.000525210084033613	0.0138869272022326	NA	NA
GSE104113_1	-0.0274801261078526	-0.0947750228227533	NA	NA
GSE104113_2	-0.00687430099692232	-0.0391538915833112	NA	NA
GSE104113_3	-0.0274801261078526	-0.0947750228227533	NA	NA
GSE10575_1	-0.0158935894216428	-0.0621577836469712	NA	NA
GSE10575_2	0.000598185468488124	0.00779735320444649	NA	NA
GSE10575_3	-0.0254732656370139	-0.0705665420103965	NA	NA
GSE13604_1	0.0102141376435278	0.0470955075198249	NA	NA
GSE13837_1	0.00987206592777537	0.0356879812809424	NA	NA
GSE13837_2	0.011038898883241	0.0448031431573375	NA	NA
GSE13837_3	-0.00117204474726225	0.0102576057235398	NA	NA
GSE13837_4	-0.00214184995785959	0.011703084568496	NA	NA
GSE13837_5	0.0109396961122183	0.0587847097416101	NA	NA
GSE13837_6	0.0133780523706996	0.0859720157192318	NA	NA
GSE13837_7	0.0119226062951241	0.0594009387925374	NA	NA
GSE13837_8	-0.00339709354958314	0.0117195564118197	NA	NA
GSE13837_9	-0.00917088245554922	-0.0125044349053864	NA	NA
GSE13837_10	-0.013660684321714	-0.027495446083288	NA	NA
GSE13837_11	-0.0297159324471844	-0.0410769016375556	NA	NA
GSE13837_12	-0.0111352987083387	-0.00791641226945841	NA	NA
GSE13837_13	0.0134515857543235	0.0558670592341814	NA	NA
GSE13837_14	0.0153627980358098	0.0605732039483374	NA	NA
GSE13837_15	-0.00305129551265143	0.00653053085568459	NA	NA
GSE13837_16	-0.00783120054118244	-0.00480388029728178	NA	NA
GSE13837_17	0.0165066527347257	0.0785226911364678	NA	NA
GSE13837_18	0.0138265250698292	0.0643372049807781	NA	NA
GSE13837_19	0.00148577275195377	0.0158185645347141	NA	NA
GSE13837_20	-0.0128017455814708	-0.0246293849803628	NA	NA
GSE13837_21	-0.00990014245676985	-0.0115715470392779	NA	NA
GSE13837_22	-0.0121793248744133	-0.000250728549516568	NA	NA
GSE13837_23	-0.0162599110492276	-0.0117986543242217	NA	NA
GSE13837_24	-0.00135330827055341	0.0124117214420993	NA	NA
GSE16464_1	-0.0157659637467786	-0.0431661292850858	NA	NA
GSE16464_2	0.0433756342433164	0.127696604998509	NA	NA
GSE19060_1	0.00436403484085662	0.0600298426991253	NA	NA
GSE27372_1	-0.00526781288965361	-0.0597202303768159	NA	NA
GSE27390_1	0.00303812452107062	0.0059296654699222	NA	NA
GSE29106_1	-0.0284583470628085	-0.0781814990261965	NA	NA
GSE29107_1	-0.0326343422621165	-0.0670514623441415	NA	NA
GSE29107_2	0.00883082582242278	0.00647211351797517	NA	NA
GSE29745_1	-0.0164449213575256	-0.082418395786554	NA	NA
GSE29745_2	-0.000904029408513047	-0.00429035468002774	NA	NA
GSE29745_3	-0.000447798818869687	-0.0289820662439924	NA	NA
GSE35546_1	0.00967510246079826	0.0559214043816807	NA	NA
GSE35546_2	0.0122601000476781	0.0523272214672721	NA	NA
GSE35546_3	0.0101107195786376	0.0508117281767634	NA	NA
GSE35546_4	0.0206513151591636	0.0637424635317008	NA	NA
GSE35546_5	0.0187939038605816	0.0630740622574275	NA	NA
GSE35546_6	0.0124055145036762	0.059554595173255	NA	NA
GSE35955_1	0.0326995136921107	0.0737835133348715	NA	NA
GSE35956_1	0.0189528556012537	0.048121437578811	NA	NA
GSE35957_1	0.0109626192551851	0.0317052517783321	NA	NA
GSE35958_1	-0.0138117641705942	-0.031102324060694	NA	NA
GSE39340_1	-0.0077853857039913	-0.0241623742210719	NA	NA
GSE39340_2	0.016558177936665	0.035664033389025	NA	NA
GSE39340_3	-0.0208541370467791	-0.0635775322989801	NA	NA
GSE39795_1	0.00282221574145676	0.0206180137404912	NA	NA
GSE39795_2	0.00436336820332329	0.00731718551775281	NA	NA
GSE39795_3	0.00286079470646558	-0.00897769872093826	NA	NA
GSE41038_1	0.00713145285752672	0.000537998806855561	NA	NA
GSE41038_2	0.00557562810479653	0.0306750590337523	NA	NA
GSE41038_3	0.00158356870471814	-0.00246616541056923	NA	NA
GSE41992_1	0.0203861228149777	-0.0190182198525305	NA	NA
GSE42235_1	0.00152627976306863	-0.0181528981304416	NA	NA
GSE42235_2	0.00239244171181317	0.00530235512705425	NA	NA
GSE42235_3	-0.00942898952382636	-0.0204333810619186	NA	NA
GSE42235_4	-0.00948341988368933	-0.0432446618168363	NA	NA
GSE45233_1	-0.0284815618631556	-0.0453411184281961	NA	NA
GSE45233_2	-0.00435295185976124	0.00875600812298039	NA	NA
GSE45233_3	0.00418698907452878	0.00225568393969307	NA	NA
GSE45233_4	-0.0207495975707895	-0.0504727279534799	NA	NA
GSE46053_1	0.00605546909403218	0.0503161780940505	NA	NA
GSE46053_2	0.00454494794822564	0.0300686185832238	NA	NA
GSE46750_1	-0.00633258090692975	-0.017225200030856	NA	NA
GSE51588_1	0.0350831863305565	0.0593150871663205	NA	NA
GSE52817_1	-0.00457170088443135	-0.0171179973148817	NA	NA
GSE52817_2	0.0137477389122005	0.0436616112939585	NA	NA
GSE52817_3	0.00955779974147083	0.0453786364468122	NA	NA
GSE52817_4	-0.00367431956467226	-0.0472425103830436	NA	NA
GSE55235_1	-0.0404488130629643	-0.127049434190358	NA	NA
GSE55235_2	-0.0847477578804572	-0.191032082102735	NA	NA
GSE55235_3	-0.044045678676337	-0.122070236784417	NA	NA
GSE55457_1	-0.00545433296527197	0.0202579353159153	NA	NA
GSE55457_2	-0.0223653529129108	-0.0781878057221779	NA	NA
GSE55584_1	-0.0194798559681429	-0.070392521018444	NA	NA
GSE57218_1	0.00468641379909628	-0.0117198654804988	NA	NA
GSE57218_2	0.0133532675430004	0.00795110462053897	NA	NA
GSE57218_3	0.00644965651337851	0.0136239837838769	NA	NA
GSE60762_1	-0.0201685100304282	-0.0775913852882593	NA	NA
GSE62914_1	0.0027054185711316	0.0157838022467165	NA	NA
GSE62914_2	0.00953781046859508	0.0295991089965656	NA	NA
GSE62914_3	0.0193990204778611	0.0529071286277809	NA	NA
GSE62914_4	-0.0111385281084466	-0.00891808307298686	NA	NA
GSE64394_1	-0.00769693721702214	-0.0297781089527957	NA	NA
GSE66635_1	-0.00210931702393142	-0.00201382330265583	NA	NA
GSE68038_1	0.00375406547083829	0.00245621249756104	NA	NA
GSE68428_1	-0.00530900882975033	-0.0114387167523899	NA	NA
GSE68428_2	-0.00140486943216697	-0.00525079821305137	NA	NA
GSE68428_3	-0.00956593577000272	-0.0183743318820864	NA	NA
GSE69459_1	0.0142157108295369	0.0488203444336338	NA	NA
GSE69459_2	0.00989833348302843	0.0289065917045484	NA	NA
GSE69459_3	0.00388022140274524	0.0118370713993686	NA	NA
GSE69459_4	0.0198442727790644	0.0437453028262619	NA	NA
GSE69992_1	-0.0169531678144903	-0.0597071512656784	NA	NA
GSE70719_1	-0.0021105027671931	-0.0243585972360859	NA	NA
GSE7116_1	0.00162994816808621	0.0594986434013973	NA	NA
GSE7116_2	0.000159837891339354	0.0418240051689064	NA	NA
GSE7116_3	0.00142752982578437	-0.0253066512839866	NA	NA
GSE72575_1	-0.00441021740222417	-0.0508654408115881	NA	NA
GSE72575_2	-0.00950824080466532	-0.0360570537361525	NA	NA
GSE72575_3	-0.00995482220222167	-0.0629670196773663	NA	NA
GSE72575_4	0.00208333333333333	0.0300417281702346	NA	NA
GSE75181_1	-0.00115213497861879	-0.000810153579374345	NA	NA
GSE75181_2	-0.000728277177139802	0.0111484039459811	NA	NA
GSE75181_3	-0.000758195580847641	0.0013490107012723	NA	NA
GSE75230_1	0.00184084287641743	-0.0350568708234876	NA	NA
GSE7669_1	0.0103100416526255	0.117240274955939	NA	NA
GSE77916_1	-0.000456552913154852	-0.0299065006425614	NA	NA
GSE80614_1	0.0106491757296175	0.0511129464285362	NA	NA
GSE80614_2	0.0146672091784359	0.0767794357611829	NA	NA
GSE80614_3	0.00574329715927226	0.0413061804708996	NA	NA
GSE80614_4	0.0114040419078907	0.0429958384103607	NA	NA
GSE80614_5	0.0183610585021709	0.0557511339149307	NA	NA
GSE80614_6	0.0118972418821867	0.0180120022236247	NA	NA
GSE80614_7	0.00830430312799577	0.00359174679171652	NA	NA
GSE80614_8	-0.00480976236789107	-0.0330332126126003	NA	NA
GSE80614_9	0.0107033639143731	0.0844900069145372	NA	NA
GSE80614_10	0.011937213211576	0.0973831051886366	NA	NA
GSE80614_11	0.00469238790406674	0.0997444221339068	NA	NA
GSE80614_12	0.0126037254664379	0.0680257830571844	NA	NA
GSE80614_13	0.00821957364294642	0.0305706812096646	NA	NA
GSE80614_14	0.0122278137735569	0.0375230192628938	NA	NA
GSE80614_15	0.0203349120589258	0.0477149054541299	NA	NA
GSE80614_16	0.0186674789078612	0.033473257960758	NA	NA
GSE85254_1	-0.018639513927288	-0.0503905126032692	NA	NA
GSE86578_1	0.0159089337346892	0.112510194653336	NA	NA
GSE86578_2	0.0140872205582417	0.103737654819253	NA	NA
GSE86578_3	0.0178322344042894	0.045230269852164	NA	NA
GSE9329_1	0.00994841524510177	0.0283839771721754	NA	NA
GSE93698_1	0.0628869506291455	0.14074568943793	NA	NA
GSE93698_2	0.0712867521913954	0.149093875111213	NA	NA
GSE93698_3	0.0842722717573894	0.181190700637639	NA	NA
GSE93698_4	0.0553461424560454	0.115306119476007	NA	NA
GSE93698_5	0.0879598743359178	0.218498742761198	NA	NA
GSE93698_6	-0.0126150412643652	-0.0330559189061533	NA	NA
GSE93698_7	0.0297068399040996	0.0462294560954067	NA	NA
GSE93698_8	-0.023688695386203	-0.111632774806897	NA	NA
GSE93698_9	0.081281687875268	0.176258750376506	NA	NA
GSE93698_10	0.0481543798099881	0.0735793495920193	NA	NA
GSE93698_11	-0.0157816058110086	-0.0701405874806226	NA	NA
GSE93698_12	0.0858462461706131	0.185595106910823	NA	NA
GSE93698_13	-0.0563963996162877	-0.132014239213387	NA	NA
GSE93698_14	0.0515124875146338	0.166782394749355	NA	NA
GSE93698_15	0.105582563280069	0.230572468609743	NA	NA
GSE93720_1	-0.0250353350407941	-0.0692962097455187	NA	NA
GSE93720_2	-0.0131465307164722	-0.0180258010866466	NA	NA
GSE93720_3	-0.0304187240129384	-0.0679413027162628	NA	NA
GSE93720_4	-0.00803994092258258	-0.0112358297572989	NA	NA
E-MTAB-5564_1	0.0202338460914233	0.068207719616453	NA	NA
GSE77753_1	-0.0108516587260214	-0.0369276827131097	NA	NA
GSE43861_1	0.0324858446739886	0.13042701122796	NA	NA
GSE112809_1	-0.00146056475170399	-0.0583829986218884	NA	NA
GSE111946_1	-0.0122243208287775	-0.0633203025171444	NA	NA
GSE111946_2	-0.000526264858469923	-0.0171362456657003	NA	NA
E-MTAB-3201_1	-0.0124500820125037	-0.0373685508512348	NA	NA
GSE57740_1	0.00358054356508346	-0.0253231296516738	NA	NA
GSE52992_1	0.0214290796695045	0.0703043924663957	NA	NA
GSE17160_1	-0.0027004759895507	-0.0338670989998235	NA	NA
GSE17160_2	-0.00413732374087119	-0.059738817251178	NA	NA
GSE17160_3	0.00838343618178671	-0.0347231905190937	NA	NA
GSE17160_4	-0.0189302856700677	-0.0779406816059681	NA	NA
GSE17160_5	-0.00744437133206492	-0.0390937775873002	NA	NA
GSE17160_6	-0.00458090414759258	-0.0371514477592522	NA	NA
GSE17160_7	0.00423025506849677	-0.0188599589444347	NA	NA
GSE17160_8	-0.0427205377608577	-0.130405327851749	NA	NA
GSE17160_9	0.0351339091822517	0.0991101581351832	NA	NA
GSE17160_10	0.0362068340310189	0.106572908795982	NA	NA
GSE17160_11	0.0423650386909463	0.104942250860691	NA	NA
GSE17160_12	0.0247199200889002	0.0617286472628949	NA	NA
GSE22971_1	-0.00260016510884655	0.0222355402906054	NA	NA
GSE22971_2	-0.00102519233500471	0.022446339327144	NA	NA
GSE22971_3	-0.0246846056323769	-0.0860789560856804	NA	NA
GSE22971_4	-0.027210766965479	-0.0926176068184716	NA	NA
GSE13590_1	0.00112455588703339	-0.0189999374732364	NA	NA
GSE13590_2	0.000489098467929435	-0.0137257426864329	NA	NA
GSE99731_1	0.000986527071074332	0.0543218569480515	NA	NA
GSE99731_2	0.00569802981940717	0.148945106468452	NA	NA
GSE99731_3	0.0219566523521354	0.0856546768603004	NA	NA
GSE27492_1	8.853330690419e-05	0.0339051347705554	NA	NA
GSE27492_2	-0.01341178379526	-0.0614458887455788	NA	NA
GSE27492_3	-0.0171868815615718	-0.031393221602041	NA	NA
GSE27492_4	-0.00669738011338671	-0.0162318357619922	NA	NA
GSE27492_5	-0.0145662620389779	-0.0209110713959662	NA	NA
GSE27492_6	0.0352313811165354	0.179896517558749	NA	NA
GSE27492_7	0.027401289158942	0.166547797260226	NA	NA
GSE27492_8	0.0395534683668474	0.192253819335843	NA	NA
E-GEOD-15069_1	0.00988934930620222	0.117680335161686	NA	NA
E-GEOD-15069_2	-0.00824365519098802	-0.0523465751659603	NA	NA
E-GEOD-15069_3	-0.0115091246229518	0.00883986447109888	NA	NA
E-GEOD-15069_4	-8.32861819558394e-05	0.0266326938556415	NA	NA
E-GEOD-15118_1	-0.00132286549124542	-0.0772088028632498	NA	NA
E-GEOD-15118_2	-0.000524658971668416	-0.0362613682261905	NA	NA
E-GEOD-15118_3	0.00348162808697526	0.08468663458042	NA	NA
E-GEOD-15118_4	0.00520989452063906	0.0477364002249761	NA	NA
E-GEOD-16007_1	-0.017419272690417	-0.0553507616227291	NA	NA
E-GEOD-17473_1	0.000816839509366543	-0.0198746836531744	NA	NA
E-GEOD-18647_1	-0.00574630218666881	-0.0340767804213988	NA	NA
E-GEOD-18647_2	0.00290826719247179	0.0433107738771894	NA	NA
E-GEOD-18647_3	0.0315318840576785	0.0517343473822752	NA	NA
E-GEOD-18647_4	0.0360640883973124	0.0987010649761182	NA	NA
E-GEOD-18648_1	0.0151825989309947	0.0626028497660465	NA	NA
E-GEOD-18648_2	0.000920659904034539	-0.0205404237671361	NA	NA
E-GEOD-2154_1	-0.0265259684672625	-0.250998995962485	NA	NA
E-GEOD-2154_2	-0.0406373157444938	-0.143172606886281	NA	NA
E-GEOD-2154_3	-0.00258707040751332	-0.0224542751295526	NA	NA
E-GEOD-2154_4	0.0117145747051196	0.0348527863552802	NA	NA
E-GEOD-26475_1	-0.0091815288963533	-0.161035644151372	NA	NA
E-GEOD-26475_2	0.0015628945050946	0.00160581035117585	NA	NA
E-GEOD-26475_3	-0.00582019113265262	-0.0460043510693823	NA	NA
E-GEOD-33567_1	0.022708841089214	0.0690717814979137	NA	NA
E-GEOD-33567_2	0.0323239046317834	0.0740887842895057	NA	NA
E-GEOD-37287_1	0.00368673130434353	0.0146907352864418	NA	NA
E-GEOD-37287_2	0.00500844283734257	0.00281353978587017	NA	NA
E-GEOD-37287_3	-0.00710730751134043	-0.027733990383372	NA	NA
E-GEOD-51994_1	-0.0022023780457634	-0.010841648492042	NA	NA
E-GEOD-51994_2	0.00413338994321911	-0.0060346298179803	NA	NA
E-GEOD-51994_3	0.012431541275139	0.00170530518870886	NA	NA
E-GEOD-65077_1	-0.000973158178288858	-0.00554472782511952	NA	NA
E-MEXP-1244_1	0.0155792407411107	0.0541943449284161	NA	NA
E-MTAB-1123_1	-0.0465124700361057	-0.145523357573444	NA	NA
E-MTAB-1123_2	-0.0268764850412465	-0.0888545572476849	NA	NA
E-MTAB-1123_3	-0.00548123414786732	0.072612895535187	NA	NA
E-MTAB-1123_4	-0.00158131349206916	-0.0232059497594848	NA	NA
E-MTAB-1391_1	-0.0737703867389806	-0.211897099975147	NA	NA
E-MTAB-1391_2	-0.0409823323787345	-0.0744701081832108	NA	NA
E-MTAB-1391_3	-0.00729424321770963	0.014336885020714	NA	NA
E-MTAB-2450_1	0.0101348689611708	0.0610315685594799	NA	NA
E-MTAB-2450_2	0.00323271847026121	0.012212259625132	NA	NA
E-MTAB-2450_3	-0.0255914632899443	-0.0851144830643433	NA	NA
E-MTAB-2450_4	-0.0154232702323254	-0.0562441453183583	NA	NA
E-MTAB-5023_1	-0.0188492289889209	-0.0351040268438992	NA	NA
E-MTAB-5326_1	0.000657058089100444	0.00788001789866902	NA	NA
E-MTAB-5326_2	0.0134255812363034	0.0410289825343579	NA	NA
E-MTAB-5326_3	-0.0366826292665866	-0.0828577698851258	NA	NA
GSE102588_1	0.0115175081419724	0.0285948305554964	NA	NA
GSE104793_1	0.0378774946076609	0.120091818169156	NA	NA
GSE104794_1	0.0126949250271401	0.0709844813820295	NA	NA
GSE104795_1	0.0161546152152737	0.0498833599025409	NA	NA
GSE105139_1	0	-0.0319371356301007	NA	NA
GSE105139_2	-0.0341003388029171	-0.140812969461878	NA	NA
GSE105139_3	-0.0338574143833106	-0.129756819801309	NA	NA
GSE10555_1	0.0146303844410299	0.0700708067906636	NA	NA
GSE10556_1	0.0124496333303869	0.0221427346113652	NA	NA
GSE106631_1	-0.0193799827701393	-0.0469612136134467	NA	NA
GSE13104_1	-0.0685654783849705	-0.179744878634762	NA	NA
GSE13104_2	-0.0609538578033518	-0.146033284375302	NA	NA
GSE13104_3	-0.0701201953379259	-0.204195055078516	NA	NA
GSE16749_1	0.00374514910195884	0.0245388557124041	NA	NA
GSE16749_2	0.0312750269024745	0.044006617723778	NA	NA
GSE16749_3	0.00926715658885242	0.05282403257755	NA	NA
GSE17348_1	-0.0238839642217251	-0.0456439075171249	NA	NA
GSE17563_1	0.0682030309690115	0.142137734469641	NA	NA
GSE17563_2	0.0165683206127797	0.0368035175494137	NA	NA
GSE17569_1	-0.00680856069857181	-0.00828906904697031	NA	NA
GSE17569_2	-0.0181428626055339	-0.0180629941109669	NA	NA
GSE17570_1	-0.0305207067703116	-0.0588795537715585	NA	NA
GSE17570_2	-0.00834083544995865	-0.0183652400377942	NA	NA
GSE18991_1	0	0.0127772737246844	NA	NA
GSE18992_1	0	-0.0187890150984915	NA	NA
GSE19299_1	0.000265476869898917	0.0229799173106851	NA	NA
GSE20850_1	0.0433299701856217	0.0970628289838607	NA	NA
GSE21093_1	-0.0337769499654764	-0.0702069163429838	NA	NA
GSE21523_1	-0.0449425286912271	-0.109583693679801	NA	NA
GSE21639_1	-0.00284519352905647	-0.0355464804445646	NA	NA
GSE21639_2	0.0284942728537983	0.109551936973358	NA	NA
GSE21639_3	0.00960926500643491	0.0591310929744282	NA	NA
GSE21639_4	0.0234069228405682	0.068886199634192	NA	NA
GSE21710_1	0.0193548622939057	0.0543507533704698	NA	NA
GSE21710_2	0.0151548648881691	0.0405001648226583	NA	NA
GSE21710_3	0.0157479366851982	0.0403956077192124	NA	NA
GSE22925_1	-0.0235393105630779	-0.07658090421052	NA	NA
GSE22925_2	-0.0135020652052103	-0.00267189945962719	NA	NA
GSE26499_1	-0.0656984122485986	-0.158928250268222	NA	NA
GSE30160_1	-0.0757846179098757	-0.136135820986493	NA	NA
GSE30628_1	0.0207653904504626	0.038197639246822	NA	NA
GSE30628_2	0.0290472449450137	0.0840328570587102	NA	NA
GSE32163_1	0.015612584915142	0.0814500873331352	NA	NA
GSE33656_1	0.0732520273607896	0.129163277192277	NA	NA
GSE33754_1	-0.00680466596469571	-0.0366297182602487	NA	NA
GSE33754_2	0.00843622470049048	0.0319912098499331	NA	NA
GSE33754_3	0.0272427790449827	0.0870016306553163	NA	NA
GSE34570_1	-0.018412911898433	-0.0304315628015692	NA	NA
GSE35003_1	0.0215731914998693	0.111852709418695	NA	NA
GSE35466_1	-0.016414192863692	0.0245560215761923	NA	NA
GSE35466_2	-0.0215167071251525	-0.0492247698907003	NA	NA
GSE35466_3	-0.0330225109966337	-0.0638387221888186	NA	NA
GSE35466_4	-0.0413208519916601	-0.155093190165389	NA	NA
GSE35466_5	-0.0377923908904331	-0.162763461045284	NA	NA
GSE36925_1	3.25669576649592e-05	0.0278143109255021	NA	NA
GSE36925_2	-0.00489691729280031	-0.0161646577906757	NA	NA
GSE36925_3	-0.00222236700622815	-0.0100461439648702	NA	NA
GSE37219_1	0.0157941526510837	-0.00204473192355612	NA	NA
GSE37676_1	-0.0249543328595769	-0.0914699739037057	NA	NA
GSE41342_1	0.0310990716847563	0.193398196686248	NA	NA
GSE41342_2	0.0154937420563911	0.162784580952779	NA	NA
GSE41342_3	0.00306784083978861	-0.0109955810296586	NA	NA
GSE41342_4	0.0122109580362251	0.144457294598049	NA	NA
GSE41997_1	0.0118292395723217	0.0797347157591354	NA	NA
GSE43242_1	0.000907106955119277	0.0452568781322727	NA	NA
GSE43242_2	-0.00161910859565599	0.00707556418609945	NA	NA
GSE43663_1	-0.00156864486099852	0.00739547865220326	NA	NA
GSE43854_1	-0.0661875701707426	-0.170028479315828	NA	NA
GSE45656_1	0.0678080102539019	0.190308536862423	NA	NA
GSE45656_2	0.00102480529135757	0.0403782742498747	NA	NA
GSE45656_3	0.0236306215261398	0.10870753094009	NA	NA
GSE45793_1	-0.00456288939973018	-0.0595581476759573	NA	NA
GSE45793_2	-0.000867675909631917	-0.0374581932753651	NA	NA
GSE45793_3	0.00180526548622785	-0.00240014983590336	NA	NA
GSE45793_4	-0.0107099830668944	-0.0292567342335241	NA	NA
GSE45793_5	0.0394296689885611	0.06214811198936	NA	NA
GSE46390_1	-0.00381891213510598	-0.0752723035927258	NA	NA
GSE48438_1	0.00762479931698495	0.0123094228597087	NA	NA
GSE50549_1	0.00271766091315811	0.0199121461038598	NA	NA
GSE50549_2	-0.0118502292730831	-0.0255908773840513	NA	NA
GSE51098_1	-0.0822293021041306	-0.208330817188428	NA	NA
GSE53857_1	-0.0083738669540296	-0.0601427156502111	NA	NA
GSE53857_2	-0.000503342056974415	-0.0701833920991459	NA	NA
GSE53857_3	-0.00353382398543254	-0.0149238570051919	NA	NA
GSE53982_1	-0.0168206057185399	0.00144406954264931	NA	NA
GSE53982_2	-0.0130271624074023	-0.0876483894389308	NA	NA
GSE54779_1	0.0201971905520848	0.00267281723963957	NA	NA
GSE55900_1	0.000492125984251968	0.0528091000648219	NA	NA
GSE57104_1	0.0297579460688321	0.0686102873981905	NA	NA
GSE59387_1	-0.0632947051586412	-0.189141441021055	NA	NA
GSE60401_1	-0.00810242093674849	-0.0329683760524787	NA	NA
GSE60401_2	-0.0145479794112218	-0.114038523868695	NA	NA
GSE60651_1	0.0270569389217601	0.0886358804461181	NA	NA
GSE60737_1	-0.0372112295748397	-0.13614359603354	NA	NA
GSE60761_1	-0.000984099298180677	0.0299537689031248	NA	NA
GSE60761_2	0.000490677134445535	0.0807556379304523	NA	NA
GSE60761_3	-0.00671138372625939	-0.0462123490301638	NA	NA
GSE60761_4	-0.0177556446570843	-0.0654289422562175	NA	NA
GSE63017_1	0	-0.019430921658203	NA	NA
GSE63017_2	-0.000486985850002969	0.0029168891670048	NA	NA
GSE63017_3	-0.000479451469944922	-0.00595984041460203	NA	NA
GSE63017_4	0.00253821861416438	0.00664872770201654	NA	NA
GSE63939_1	0.0197574446574192	0.051116372689691	NA	NA
GSE63939_2	-0.0218896490476764	-0.0523487198927583	NA	NA
GSE64141_1	-0.00322664712137548	0.030727044424896	NA	NA
GSE64965_1	-0.00479555805484402	0.0422442603362152	NA	NA
GSE65745_1	-0.00105263157894737	-0.0333616872168311	NA	NA
GSE65745_2	-0.00156739811912226	-0.0533777037446301	NA	NA
GSE65745_3	-0.00156628785378967	-0.0639278858448814	NA	NA
GSE66416_1	0.0264305177101152	0.08153848516473	NA	NA
GSE66862_1	-0.0107524327760786	-0.0328677493205505	NA	NA
GSE69108_1	0.0269151700073853	0.116234935960847	NA	NA
GSE71565_1	-0.00992854761484709	0.0181646390476098	NA	NA
GSE72261_1	0.000905782410914588	0.0567516393468067	NA	NA
GSE72261_2	0.0122097767504691	0.0132560769981036	NA	NA
GSE72261_3	0.0192369223897536	0.0247112177965957	NA	NA
GSE7683_1	0.00380747698268664	0.0415090091613648	NA	NA
GSE7683_2	-0.000611243139818597	-0.0298884576111818	NA	NA
GSE78980_1	-0.028616508290127	-0.0452025130217076	NA	NA
GSE78980_2	-0.000585636781711447	0.086489183769886	NA	NA
GSE78980_3	-0.00768546759469449	-0.0788997692231925	NA	NA
GSE78980_4	-0.00987569319583207	-0.102879517877545	NA	NA
GSE78980_5	5.32023252890323e-05	0.00271688257372671	NA	NA
GSE78980_6	-5.77395904465287e-06	-0.0321920373347349	NA	NA
GSE78980_7	0.0567599777614283	0.130193042540411	NA	NA
GSE78980_8	0.0734715120194447	0.204573634096408	NA	NA
GSE78980_9	0.0493978957406424	0.116557959095236	NA	NA
GSE78980_10	0.0738637021256069	0.208324764759033	NA	NA
GSE81399_1	0.00189583267733357	-0.00123128996231061	NA	NA
GSE84609_1	0.0797679112196802	0.250160033879091	NA	NA
GSE84907_1	-0.0140011616920256	-0.0810183779750521	NA	NA
GSE84907_2	-0.0152599364588373	-0.0395189602623329	NA	NA
GSE84907_3	-0.00393336955653149	0.0575678179313959	NA	NA
GSE90127_1	-0.0524573407629907	-0.112723906627413	NA	NA
GSE90127_2	0.00248268252965809	-0.0178265063020638	NA	NA
GSE90127_3	-0.054014689595362	-0.0909065366756967	NA	NA
GSE9247_1	0.00877369989479933	0.101138669556364	NA	NA
GSE9247_2	-0.00534743368088173	-0.0280578470814129	NA	NA
GSE9247_3	0.00102174413640799	-0.00665067344133118	NA	NA
GSE99306_1	0.0318530676171724	0.113196855567663	NA	NA
GSE99306_2	0.0137346470658309	0.0652554041247671	NA	NA
GSE99306_3	0.0201728765038127	0.0562963153202047	NA	NA
GSE99306_4	0.0197845889061137	0.0831591807337315	NA	NA
GSE99306_5	0.016976866157306	0.0843466060189637	NA	NA
GSE99306_6	0.0124703049389115	0.0659771679043141	NA	NA
GSE99306_7	0.00994735416167002	0.010629565712877	NA	NA
GSE99306_8	0.0116519086582377	0.0487674891363126	NA	NA
GSE99306_9	0.0106770448564246	0.052576236348288	NA	NA
GSE99306_10	0.00194992878936082	-0.0267990726315806	NA	NA
GSE99306_11	0.0295462997263148	0.108527494479762	NA	NA
GSE99306_12	0.00870164018680317	0.0594693110005029	NA	NA
GSE99306_13	0.0278827961495581	0.0650102034056769	NA	NA
GSE99414_1	-0.00790155697268259	-0.115269103582955	NA	NA
GSE110581_1	-0.00326210959389924	-0.0674526392730659	NA	NA
GSE110581_2	0.000587841130604289	-0.0323951797332943	NA	NA
GSE47799_1	0.00379651968329146	-0.0407685510541199	NA	NA
GSE47799_2	0.000560261477890136	-0.0204986954951831	NA	NA
GSE47799_3	0.00339987453331389	-0.00949407228079012	NA	NA
GSE111628_1	-0.00651014179534622	-0.0166638879202708	NA	NA
GSE111628_2	-0.000163161456544833	0.112049034701958	NA	NA
GSE111628_3	0.00655121422684632	0.0725758732115391	NA	NA
GSE5657_1	0.0025547642281693	0.0297962905024794	NA	NA
GSE5657_2	-0.00055009354232869	0.0374913597395175	NA	NA
GSE13782_1	-0.0666309040589317	-0.197962671580586	NA	NA
GSE41039_1	0.00220023096441541	-0.00808188107126396	NA	NA
GSE84198_1	0.00396516334671561	0.110914065473744	NA	NA
GSE84198_2	0.0157490560172507	0.111064382611669	NA	NA
GSE84198_3	0.00412993215649875	-0.00214979293379726	NA	NA
E-GEOD-54216_1	-0.0398496058896061	-0.0902152725859149	NA	NA
E-GEOD-54216_2	-0.0268282928450535	-0.0296687336677191	NA	NA
E-GEOD-54216_3	0.0228905753842431	0.0945095628371815	NA	NA
E-GEOD-6119_1	-0.0331398064162427	-0.0619428475308068	NA	NA
E-GEOD-6119_2	-0.0339958679769617	-0.0639352340999085	NA	NA
E-GEOD-6119_3	-0.0409567296146688	-0.0762906888246181	NA	NA
E-GEOD-8077_1	-0.0081243877725761	-0.0559152633382906	NA	NA
E-GEOD-8077_2	-0.00600953525787002	-0.0459666514559908	NA	NA
E-GEOD-8077_3	0.00427906830900892	0.0187369303896692	NA	NA
GSE103416_1	-0.108078475880066	-0.30492425788654	NA	NA
GSE103416_2	-0.0179805274197993	-0.114320301255505	NA	NA
GSE103416_3	0.0147305070205109	-0.0174666696863679	NA	NA
GSE19950_1	-0.0281261961104587	-0.109096897323455	NA	NA
GSE30322_1	0.0182254881920141	0.0847456750965236	NA	NA
GSE30322_2	0.0131796332528611	0.0437935400556867	NA	NA
GSE30322_3	0.0011808365026128	-0.0205357954835389	NA	NA
GSE42295_1	-0.000917578988737826	-0.0147835774351435	NA	NA
GSE42295_2	0.0266878388265639	0.105910768754834	NA	NA
GSE42295_3	0.0287106022271687	0.0880369399008621	NA	NA
GSE66554_1	0.100008608284527	0.2000283092643	NA	NA
GSE66554_2	0.0737179016767413	0.145746200377596	NA	NA
GSE66554_3	0.0434949491827146	0.127347298888809	NA	NA
GSE66554_4	0.0293462265810722	0.126110064099253	NA	NA
GSE74898_1	0.0494066647789896	0.0892332022678802	NA	NA
GSE74898_2	0.0480125899542813	0.0896877214893902	NA	NA
GSE74898_3	0.0364452550577225	0.0383353031259371	NA	NA
GSE79176_1	0.000494446475695398	0.00795741416377675	NA	NA
GSE79176_2	0.00259413672159354	0.0831060841299955	NA	NA
GSE79176_3	0.00100790898977678	0.0812564861749609	NA	NA
GSE85785_1	-0.0389694598523461	-0.113256994601544	NA	NA
GSE23492_1	0.0088049219681718	-0.0172119722963437	NA	NA
GSE23492_2	-0.0215655414347618	-0.0948087969859708	NA	NA
GSE23492_3	0.00364079327555407	0.0255228327032771	NA	NA
GSE23492_4	-0.0060084272022715	-0.0103149242826444	NA	NA
GSE23492_5	-0.0103986203601923	-0.0558798067495262	NA	NA
GSE44991_1	0.00756662221905815	0.0607840728739441	NA	NA
GSE44991_2	0.00253123961445654	0.0249781560811412	NA	NA
GSE39796_1	0.0190107680990628	0.044480581304199	NA	NA
GSE39796_2	0.029833504896221	0.0627993536000061	NA	NA
GSE39796_3	-0.00277317881413666	-0.00942302419167824	NA	NA
GSE18394_1	0.0472758214404429	0.136796797994004	NA	NA
GSE18394_2	0.00447864769520107	0.0369327012196306	NA	NA
GSE18394_3	0.0473658234624948	0.120096365760406	NA	NA
GSE29233_1	0.00886275373655113	0.032762126093875	NA	NA
E-MEXP-2291_1	-0.00391614581511842	-0.0149238862803804	NA	NA
E-MEXP-2291_2	-0.00183161689638149	0.0316984492797326	NA	NA
E-MEXP-2291_3	0.00480654802209273	-0.0422643868701225	NA	NA
GSE107363_1	0.0118357771684296	0.0717899423600133	NA	NA
GSE85761_1	0.0127364349193677	0.0804853765634022	NA	NA
GSE89179_1	0.0176929449770945	0.0960926878027385	NA	NA
GSE89179_2	0.00993227255135172	-0.0357642635496027	NA	NA
GSE89179_3	0.0151221054040009	0.0325487243639492	NA	NA
GSE89179_4	0.0107080661770394	0.0169734538658567	NA	NA
GSE89179_5	-0.0300600513622292	-0.0761755959893712	NA	NA
GSE89179_6	-0.0164388899924188	-0.0396428573798155	NA	NA
GSE89179_7	-0.0174992981569476	-0.050136255750086	NA	NA
E-GEOD-57723_1	0.0230557340140216	0.0512895595749572	NA	NA
E-GEOD-57723_2	0.0206641184510946	0.0019230683490473	NA	NA
E-GEOD-57723_3	0.0323528465541099	0.0892833584291315	NA	NA
E-GEOD-83930_1	0.003205745203141	0.00042755376358188	NA	NA
GSE100268_1	-0.0231743691234305	-0.104772087720423	NA	NA
E-GEOD-55769_1	0.00789122911679018	0.0050946521475617	NA	NA
E-GEOD-55769_2	0.00158683438054391	0.0174960552087628	NA	NA
E-GEOD-55769_3	0.00475553474624204	-0.0027761979244139	NA	NA
E-GEOD-69110_1	-0.00856885477730171	0.0426391602822202	NA	NA
E-MTAB-4304_1	0.00779591716529172	-0.0329098666831079	NA	NA
E-MTAB-4879_1	-0.0217629209705338	-0.0640209850169066	NA	NA
E-MTAB-4879_2	-0.00505127985044422	0.0183299553494623	NA	NA
E-MTAB-4879_3	-0.00924374819715976	-0.0598732655760235	NA	NA
E-MTAB-4879_4	0.0137201622453073	0.0179471310488457	NA	NA
Cytokine_Explant_1	-0.00687699436049557	-0.0154841218979852	NA	NA
Cytokine_Explant_2	-0.0249872273028087	-0.0791701865008982	NA	NA
Cytokine_Explant_3	-0.0407806202970546	-0.0978884108495909	NA	NA
Cytokine_Explant_4	0.00858598457948742	0.0181900079295156	NA	NA
Cytokine_Explant_5	-0.0307898329287214	-0.0728102807445281	NA	NA
FN1_Explant_1	-0.00486412824480508	-0.138207006170188	NA	NA
E-MTAB-6266_1	0.0211225712024932	0.0528295847496813	NA	NA
E-MTAB-6266_B_1	0.0447401289995202	0.0916906789946809	NA	NA
E-MTAB-6266_B_2	-0.00342706616395562	0.00601445455656462	NA	NA
E-MTAB-6266_B_3	-0.0299817580601253	-0.100370582307251	NA	NA
GSE70667_1	-0.00205030395216105	0.0342687095861937	NA	NA
GSE87608_1	0.00277163640230771	0.115563820467099	NA	NA
GSE87608_2	-0.0219294600721452	-0.0505398825689726	NA	NA
GSE87608_3	-0.000789122324165985	0.00447116641464786	NA	NA
GSE87608_4	0.0135006928442594	0.128771103110496	NA	NA
GSE90890_1	-0.0191150226736734	-0.145304107789824	NA	NA
GSE97118_1	-0.091400442827631	-0.179865239003903	NA	NA
GSE97118_2	-0.00589239904876396	-0.0366561388421381	NA	NA
GSE97118_3	-0.0985243235024351	-0.172105899129934	NA	NA
GSE97118_4	-0.0330809385891476	-0.0608652153741304	NA	NA
GSE97118_5	0.00660528132238752	0.0482908083257714	NA	NA
GSE97118_6	0.00749610618514611	-0.0018790749004682	NA	NA
GSE97118_7	0.00107288948687966	0.018996414728273	NA	NA
GSE107592_1	-0.0304842318058812	-0.106767185953901	NA	NA
GSE92641_1	-0.012808975388574	-0.0409912096853139	NA	NA
GSE107849_1	0	0.00403140215343127	NA	NA
E-ERAD-89_1	0	-0.00892362352696439	NA	NA
E-ERAD-89_2	0.00153939040553478	0.0116971857830011	NA	NA
E-ERAD-89_3	-0.00193629226250014	0.0153099220561428	NA	NA
E-ERAD-89_4	0.00152050748634913	0.0475596560313658	NA	NA
E-GEOD-45893_1	0	0.039189265301741	NA	NA
E-GEOD-53105_1	0.00318920490123681	-0.0148173662867784	NA	NA
E-GEOD-53105_2	0.0121936589782267	0.0519850989912765	NA	NA
E-GEOD-54461_1	0.0420167220349714	0.0981449442632885	NA	NA
E-GEOD-54461_2	0.0466210702822963	0.123199490482107	NA	NA
E-GEOD-54461_3	0.0357222475194387	0.10605955052854	NA	NA
E-GEOD-54461_4	0.0265243526732836	0.10307582102836	NA	NA
E-GEOD-54461_5	0.0131961068332169	0.0435476136714522	NA	NA
E-GEOD-54461_6	0.00524354551593637	0.00147422897775721	NA	NA
E-GEOD-54461_7	0.0149176066569145	0.0161098787308357	NA	NA
E-GEOD-54461_8	0.00948293886746254	-0.0017253712078332	NA	NA
E-GEOD-73372_2	0.221580056676091	0.625551676548387	NA	NA
E-GEOD-73372_3	-0.272581269570616	-0.659585986812183	NA	NA
E-GEOD-75549_1	0.0166746057417374	-0.0293505174893456	NA	NA
E-GEOD-76988_1	-0.0610334561607655	-0.234225800639678	NA	NA
E-MTAB-2923_1	0.110622812569652	0.326338216275244	NA	NA
E-MTAB-2923_2	-0.0795057874866581	-0.281963966173578	NA	NA
E-MTAB-2923_3	-0.0180918909332329	-0.0370800737849097	NA	NA
E-MTAB-2923_4	-0.0143714697693056	0.0153932599662293	NA	NA
E-MTAB-3428_1	-0.120532522175067	-0.29292373614444	NA	NA
E-MTAB-3428_2	0.0179397923668557	0.134163689307228	NA	NA
E-MTAB-3428_3	-0.0177643816960057	-0.117983606254094	NA	NA
E-MTAB-3428_4	-0.112340596341812	-0.279294848354283	NA	NA
GSE102856_1	0.00080389522470393	0.0371511527978285	NA	NA
GSE103492_1	0.00756986217003686	0.00674115969155327	NA	NA
GSE103492_2	-0.0213585231897884	-0.0503631442804121	NA	NA
GSE103492_3	-0.000291212779215066	-0.0214573867031298	NA	NA
GSE103492_4	0.0188236988310839	0.0178778116988206	NA	NA
GSE103492_5	-0.0241133880201133	-0.0344236965253381	NA	NA
GSE103492_6	-0.00748854210750909	0.0099904733868121	NA	NA
GSE103492_7	0.0159283597204368	0.0499357686237413	NA	NA
GSE103492_8	-0.0356438122741047	-0.0524929301273716	NA	NA
GSE103492_9	-0.0394486701360911	-0.0595549716509368	NA	NA
GSE103492_10	-0.00619753162548084	-0.00829540351627247	NA	NA
GSE106259_1	0.0265078102815893	0.0849957811699393	NA	NA
GSE110303_1	0.00744258917349869	0.0494499721243508	NA	NA
GSE110303_2	-0.0119575211545252	-0.0591743331798898	NA	NA
GSE110303_3	0.00604504534725175	0.0263067875580487	NA	NA
GSE110300_1	0.0109845311912467	0.108369877016722	NA	NA
GSE110300_2	-0.00166007079786811	0.181587719925177	NA	NA
GSE110300_3	-0.000273011961716214	0.122136666307425	NA	NA
GSE110281_1	0.0168212546251851	0.0809454741709706	NA	NA
GSE110281_2	0.00464283780958807	0.0761219342849755	NA	NA
GSE110281_3	-0.0148190562553825	-0.000477359902011766	NA	NA
GSE104459_1	-0.00729706889936095	-0.028624269485802	NA	NA
GSE104459_2	-0.0105322834817843	-0.0617162548766907	NA	NA
GSE104459_3	-0.00165396772766443	0.0200607750005099	NA	NA
GSE110051_1	-0.0326046052965089	-0.0854364773970365	NA	NA
GSE110051_2	-0.0431960707987123	-0.134625539858103	NA	NA
GSE110051_3	-0.0521681918611823	-0.155942447271558	NA	NA
GSE112694_1	0.0318112841422842	0.0691710954164254	NA	NA
GSE112694_2	0.0204652238896266	0.0589800647716692	NA	NA
GSE112694_3	0.00758093605666453	0.0391812720202667	NA	NA
GSE112694_4	0.00515491791867488	0.0212114997040233	NA	NA
E-MTAB-5879_1	-0.0329456449940495	-0.0754504523915586	NA	NA
E-MTAB-5879_2	-0.00659467153351741	-0.0331979830186981	NA	NA
E-MTAB-5879_3	-0.0147831148500148	-0.0205196771860977	NA	NA
E-MTAB-5879_4	0.00584944587545446	0.0148437948822133	NA	NA
E-MTAB-5879_5	-0.0191553574720606	-0.0126050741960703	NA	NA
E-MTAB-5879_6	-0.00878445601766679	-0.0110170044593715	NA	NA
E-MTAB-5879_7	0.00955184415718902	0.0335738364007416	NA	NA
E-MTAB-5879_8	0.0141680915503297	0.0843669719915041	NA	NA
E-MTAB-5879_9	0.0102503477477658	0.115047971350371	NA	NA
E-MTAB-5879_10	0.022506827345537	0.0909569275773522	NA	NA
E-MTAB-4294_1	-0.0193845358967346	-0.0881694306814336	NA	NA
E-MTAB-4294_2	-0.026750336462703	-0.0988721439343032	NA	NA
E-MTAB-4294_3	-0.00171879682755217	-0.0398149417430908	NA	NA
E-MTAB-3186_1	0.00181270467642861	-0.047710291452339	NA	NA
E-MTAB-3186_2	0.00741649280641368	-0.000301801974470079	NA	NA
E-MTAB-3186_3	0.0149221903009325	0.017496685183341	NA	NA
E-MTAB-3186_4	0.000900039020462928	-0.0108569171028716	NA	NA
