comparisonID	jaccard	cosine	sigjaccard	chrDir
22659600_1	0.000561667047937447	-0.019952730635693	0.00410489386404562	-0.00678205309944658
24361742_1	0.0152300445840187	0.0961006159462728	0.00433661035433247	0.00456644609870416
GSE72258_1	9.72501676727029e-05	-0.0320143018725954	-0.000364431486880466	0.0058242225078255
GSE72258_2	0.000668896321070234	0.00256744475258904	0.00862068965517241	0.00434782608695652
GSE69531_1	-0.0151327527186158	-0.0352110757345706	NA	NA
GSE69531_2	0.0188102550563139	0.0140710662334177	NA	NA
GSE69531_3	0.0170557940129809	0.0383564406480944	NA	NA
GSE69531_4	-0.0151327527186158	-0.0352110757345706	NA	NA
GSE58203_1	0.00114456632864217	-0.0189108025752971	-0.000865054055625926	-0.00652589735450966
GSE58203_2	-0.000358497609761379	-0.0222955454061774	-0.000514727439981395	-0.00709251757139127
GSE58203_3	9.02468044936891e-05	0.00157124666830359	0.00194232168823309	-0.00216828244842527
GSE58203_4	0.0246569340907606	0.0420826798757954	0.0304568673307497	-0.00243418481070112
GSE58203_5	0.00303967986152351	-0.00058517067894577	0.00725220390532955	0.0062763206673564
GSE58203_6	0.00752868456655864	0.00932376562917986	0.00679906127352063	0.00390176631069133
GSE58203_7	0.0108286419288563	0.0350657236824291	0.0151766030380093	0.00787736983616679
GSE58203_8	0.04062221728078	0.0844301754251345	0.0471953330576117	0.00698997081380019
GSE59642_1	-0.0443344576918953	-0.0700417872721043	NA	NA
GSE59642_2	0.0119151767714011	0.0359679134944229	NA	NA
GSE59642_3	0.0579876946036898	0.127817003593884	NA	NA
GSE64922_1	-0.024197828791108	-0.0287615811823985	-0.0435946025948538	-0.0104294597484125
GSE60162_1	0.00835253504952584	0.0847577329468193	NA	NA
GSE31685_1	-0.035892753776392	-0.0930900036307685	-0.0577650764512539	-0.0225744044040433
E-MEXP-3890_1	0.00440804790710931	-0.0279828679255448	0.00637016790308852	-0.0166325968136124
GSE31980_1	-0.0205384966077357	-0.033438798108746	-0.0247763060044401	-0.0145651780189926
GSE15615_1	-0.0131144082484539	-0.0372496854275241	-0.0150114054753857	0
GSE15083_1	0.00217107895228105	0.00209512962844967	NA	0.00455637962845526
GSE108035_1	-0.00291169740998643	0.00265328163894692	-0.00431590855479056	0.000794913119379634
GSE108035_2	0.0354970028133061	0.0662761679542755	0.0392919618854597	0.00978695271063305
GSE108035_3	0.0412415262722562	0.089740224864673	0.0462200105097854	0.0269702214167003
GSE21959_1	-0.00233887283544506	-0.0172284498329129	-0.00661116448559398	-0.00333542631518572
GSE21959_2	-0.00317549629572785	-0.0430536203560316	-0.00785412187770091	-0.00395439795715994
GSE24742_1	0.00615589718081319	0.034997659445644	NA	0.0169534926091985
GSE24742_2	0.000942809258393482	-0.0213913338798742	NA	0.0102776514855518
GSE24742_3	0.00715415909611944	0.0165561991120365	NA	0.00138885559436054
GSE74668_1	-0.00277026260922848	-0.00771664962281457	NA	NA
E-GEOD-10024_1	-0.00116793869871911	0.00134341503248145	NA	NA
E-GEOD-10024_2	0.00604738156011738	-0.0169261783365261	NA	NA
E-GEOD-12860_1	0.00762156909019531	-0.0134229099221917	NA	NA
E-GEOD-12860_2	-0.00312311834681776	-0.017708780521148	NA	NA
E-GEOD-12860_3	0.00442332869540935	-0.00692912654139009	NA	NA
E-GEOD-12860_4	0.00590023937153237	-0.0165008782278712	NA	NA
E-GEOD-12860_5	0.00567423708150177	-0.0189861293948569	NA	NA
E-GEOD-12860_6	0.0011724511172034	-0.00842862028846366	NA	NA
E-GEOD-12860_7	0.00539678028231273	-0.0229321530857037	NA	NA
E-GEOD-12860_8	0.00857830467324834	-0.0139495716527517	NA	NA
E-GEOD-14359_1	0.00942384499977898	-0.00151735144830807	0.0162951996358682	-0.0285463454878781
E-GEOD-14359_2	-0.0389651350385226	-0.12078150919182	-0.0619265055583072	-0.0323504340229372
E-GEOD-1919_1	0.00344764120336797	0.0223207727318774	NA	NA
E-GEOD-1919_2	0.00012998827713223	0.00605619667611057	NA	NA
E-GEOD-1919_3	-0.005294878960145	-0.00690714582995303	NA	NA
E-GEOD-1919_4	-0.00410016224473891	0.0105184514522325	NA	NA
E-GEOD-1919_5	0.00098898146616978	0.00260617274887385	NA	NA
E-GEOD-1919_6	-0.00205722532279476	-0.00488081463959266	NA	NA
E-GEOD-1919_7	-0.000374013370652036	0.00148175843601659	NA	NA
E-GEOD-1919_8	-0.00576432563679391	-0.0269307425939871	NA	NA
E-GEOD-1919_9	0.000387001881639778	0.0503305835634835	NA	NA
E-GEOD-19664_1	-0.00768493865437573	-0.0157991670739592	NA	NA
E-GEOD-19664_2	0.00847034725833408	-0.00942952679379627	NA	NA
E-GEOD-19664_3	-0.0215237185413332	-0.0643461636542342	NA	NA
E-GEOD-19664_4	-0.0137428981897107	-0.0268465016521657	NA	NA
E-GEOD-19664_5	0.00797927995733567	0.00574336485649587	NA	NA
E-GEOD-19664_6	-0.00930214556327451	-0.0484072126253075	NA	NA
E-GEOD-43923_1	-0.0172037726788465	-0.0851690951239676	-0.0232904014227919	-0.0332803777994055
E-GEOD-51812_1	0.00490896438885366	0.00434495249188165	0.00419994509555563	0.00513075368295206
E-GEOD-51812_2	-0.000374852334079842	-0.0100924787913769	-0.00128132625018311	0.00800791757827912
E-GEOD-68760_1	0.00761701393338486	0.00337416141018017	0.0114760911399389	-0.00496907170501894
E-GEOD-82107_1	0.00435913877314931	0.0262312843622536	0.00733001676187832	0.0216624957092153
E-GEOD-9451_1	-0.0246076242963371	-0.0610940755173564	-0.0330497082024194	-0.0117526894676381
E-GEOD-9451_2	-0.0393565464480255	-0.108328934224057	-0.0536432300105963	-0.0324268134579184
E-GEOD-9451_3	-0.00828689161835795	-0.0227559715726339	-0.0116358391363032	-0.00404995475248658
E-GEOD-9451_4	-0.0376548545045893	-0.121266556313755	-0.0436379961013588	-0.0364081254401052
E-MEXP-2019_1	-0.0242893119538014	-0.047834483343736	NA	-0.0101678060364773
E-MEXP-2019_2	0.0353611582848476	0.0646249086541824	0.00690788590641422	0.00765077848427029
E-MEXP-2019_3	-0.0171477243881961	-0.0330770945284998	NA	0.00251733764464692
E-MEXP-2019_4	-0.00815980119802331	-0.0444873798779212	-0.00252553333897426	-0.0177035208652912
E-MEXP-2276_1	0.00619131103460825	0.0192641269182691	NA	-0.00503049904172195
E-MEXP-2488_1	-0.014072836627229	-0.0300514984253986	-0.014598603476947	-0.0147967682825254
E-MEXP-3129_1	0.00209968033380087	0.00210181335129591	0.00660374699330282	-0.00069357747260369
E-MEXP-3474_1	0.016893189379499	0.0431787095942053	NA	-0.00120585711716335
E-MTAB-3010_1	0.0332275643610685	0.0521407259758024	NA	NA
E-MTAB-3010_2	0.0318732826077955	0.0498898137700762	NA	NA
E-MTAB-3010_3	-0.0140795706346194	-0.0552624398702484	NA	NA
E-MTAB-3010_4	-0.0380423330076778	-0.0746364559664236	NA	NA
E-MTAB-4152_1	0.00994030589625545	0.0407912149041299	0.0103536403901759	-0.00343159163551655
E-MTAB-4152_2	0.000903785302094984	0.0648097903087012	0.00458520357543219	0.0124421469277063
E-MTAB-4152_3	0.0145720145380225	0.0892807794535882	0.0192361215341568	0.00817395112047223
GSE100609_1	0.00214851012967583	0.0347796730763646	NA	0.00424163248864264
GSE100786_1	-0.00103679225790212	-0.000144423044641632	-0.000452898550724638	-0.00897777471195459
GSE100786_2	0.000498871368946337	-0.0238639855794946	NA	-0.00462301196177798
GSE103697_1	0.000238095238095238	2.15576300374797e-05	NA	NA
GSE103697_2	0	0.000652354949310272	NA	NA
GSE103697_3	-0.000238095238095238	0.00593575669002349	NA	NA
GSE104113_1	-0.000471686289573524	-0.00540706416465407	NA	NA
GSE104113_2	-0.0115755123164877	-0.0182782316086207	NA	NA
GSE104113_3	-0.000471686289573524	-0.00540706416465407	NA	NA
GSE10575_1	-0.00939673281171518	0.00932452683968167	0.000863218151820751	0.00915458240694344
GSE10575_2	0.019513755621195	0.0306643098386539	0.0160668263305415	-0.00811713703859143
GSE10575_3	0.056420864523437	0.121240963802746	0.0621562199411369	0.0315340417240672
GSE13604_1	0.00120827522167005	0.0160086165414985	0.0020514217686415	0.00247117309366907
GSE13837_1	-0.000460246682579778	-0.0110783014203811	0.00105820105820106	0.0020726060620478
GSE13837_2	-0.00313746824741433	-0.0211110959040661	-0.0031475729477151	-0.00160861942068113
GSE13837_3	-0.00567632543049575	-0.0231875039487574	-0.00720787488420943	-0.00427656868923055
GSE13837_4	0.00849197963834096	0.0222841717898227	0.0153936510743255	0.00569556423065378
GSE13837_5	-0.00300570544733204	-0.0181453067636833	-0.000540963558352733	-0.00604005064490221
GSE13837_6	-0.00244053102556891	-0.0296154959103155	-0.00359855450557863	0.000347609899585736
GSE13837_7	-0.00272920231293543	-0.0146371343811762	-0.0058715209360907	-0.00267910268058703
GSE13837_8	0.00954467040650688	0.0230764032367612	0.0164117456259951	0.00328917394903255
GSE13837_9	0.00508984083172035	0.00572537626057881	0.0035759769641403	0.00516876198267612
GSE13837_10	0.00467198643957763	0.0078991024814489	0.00742327454161187	0.00562837726373164
GSE13837_11	0.00352210229005073	-0.00247639320229599	0.00443676534841975	0.00948858751575274
GSE13837_12	-0.00164019857543186	0.00125096014566154	-0.00045162497254982	0.0047962313436766
GSE13837_13	0.00190599539498268	-0.00768554361053858	0.000842919786032862	0.00153877318906938
GSE13837_14	-0.00148355529031503	-0.0220141304947031	0.00211549634355738	-0.0059975674932395
GSE13837_15	0.000864360360467208	-0.0135704069358114	0.00218094120585493	-0.00115392810842351
GSE13837_16	0.00884302121752323	0.0128034225434326	0.0197900915051502	0.00312835949929757
GSE13837_17	0.00127294347199497	-0.0100325995043124	0.000575895115315733	-0.00542003975656506
GSE13837_18	0.000472873927755745	-0.0163680076612335	0.000511675649011755	-0.00223654002814189
GSE13837_19	-0.0021426533475021	-0.01415285666453	-0.000849193228517862	0.0031844677250197
GSE13837_20	0.0029976322471815	0.0155423673929817	0.0109221599635134	0.0100459873887345
GSE13837_21	0.00168350698280733	0.0026626428682101	0.000693628612044009	0.00100916951571603
GSE13837_22	-0.000894229607084941	-0.00456399906100701	0.000583422366631791	0.00154663714520727
GSE13837_23	-0.00172944010587711	0.00153273323956309	0.00279127454584232	0.00157833680174907
GSE13837_24	0.00166724292856122	0.00291307471438349	0.00225288561054767	-0.00313790762118126
GSE16464_1	0.0527987629201944	0.129842301326996	NA	NA
GSE16464_2	-0.0397261152533856	-0.0729885776295863	NA	NA
GSE19060_1	-0.00185983451280542	-0.0110833673912476	0	-0.0150978702376005
GSE27372_1	-0.000813315156811327	-0.0155522426032881	-0.000189063587172657	-0.00496670243120547
GSE27390_1	-0.00214570500883846	-0.0230420699808997	0.00104739912177373	-0.00384369083898445
GSE29106_1	0.0114593266390492	0.0125273141157956	NA	NA
GSE29107_1	-3.05462393834777e-06	0.00220437213493525	NA	NA
GSE29107_2	-0.0235120546870458	-0.0392351063368125	NA	NA
GSE29745_1	0.0586053501015265	0.171766624305046	NA	NA
GSE29745_2	0.00698371383904379	0.066598596552523	NA	NA
GSE29745_3	0.0310421195098605	0.0597132525884216	NA	NA
GSE35546_1	-0.00797571296650627	-0.0420760760406019	NA	NA
GSE35546_2	-0.0113293845754843	-0.0620235744367891	NA	NA
GSE35546_3	-0.00830343952140615	-0.0527384420358437	NA	NA
GSE35546_4	-0.0249028855441664	-0.0765445132859993	NA	NA
GSE35546_5	-0.0201926066206032	-0.0620588601025672	NA	NA
GSE35546_6	-0.0241907125383391	-0.0704764087054124	NA	NA
GSE35955_1	-0.00275440277197107	-0.00102912102742682	0.00098878381321464	-0.00295826594861423
GSE35956_1	-0.0282118211313541	-0.0873189158075754	-0.0327792869546649	-0.0172979052015275
GSE35957_1	-0.0368545231683505	-0.106796851260611	-0.0596153956317181	-0.0199889348612674
GSE35958_1	-0.0195637170395288	-0.0696582339589046	-0.0225444916406193	-0.00993670369616969
GSE39340_1	-0.0124076916570514	-0.0547043274850595	-0.00260669959925434	-0.0293872063493646
GSE39340_2	-0.00786645750662195	-0.0429034251920156	0.00158656321756469	-0.00949956293706294
GSE39340_3	-0.000235615243286621	-0.0078595871004054	0.000364431486880466	-0.00821132568387223
GSE39795_1	-0.00334467163250202	-0.011189590318055	NA	0.00508343326883229
GSE39795_2	0.00149205025431776	0.00678254625859844	0.000980469584740486	0.00581746005844678
GSE39795_3	0.00187634127631314	0.0191760217484511	0.00223232524453436	0.00841556838547098
GSE41038_1	-0.00547181642612512	0.00594764790297702	NA	8.72686159628707e-06
GSE41038_2	-0.00183085856732256	-0.00329479470002032	NA	0.000935949476192677
GSE41038_3	-0.000421746904563195	-0.00403146982568248	NA	-0.00739378915422473
GSE41992_1	0.00716118609532785	0.0200525785973925	NA	NA
GSE42235_1	0.00385908752307155	0.018598162773024	0.00989807171140855	0.0187448545904536
GSE42235_2	-0.00177846981335925	0.0130558517852842	-0.00147102334472144	0.00214897824653922
GSE42235_3	0.00644465157276479	0.020780830158783	0.0156173623349565	0.0161522735505833
GSE42235_4	0.00851553690010007	0.0242304256204293	0.0217038518926006	0.0205590386624869
GSE45233_1	-0.00303332309462677	-0.0140883689797731	NA	-0.000119167483337505
GSE45233_2	-0.00848133992325491	-0.059477006130401	0	0.0022999878666622
GSE45233_3	-0.00276826667805407	-0.00393678344144477	NA	0.00244749578271983
GSE45233_4	0.0215522460526954	0.0330370493813609	0	0.0191923356564442
GSE46053_1	-0.00341910060155967	-0.0338712285345656	-0.00503024953566902	-0.0174276547655691
GSE46053_2	-0.00664567704718288	-0.0280739954371873	0.00463986887940035	-0.00738751847726217
GSE46750_1	-0.0194676402045222	-0.145810232700075	-0.0185706376131668	-0.000987185571903179
GSE51588_1	-0.0157513822893574	0.00220380676820938	-0.0239650253392534	-0.0081908474893673
GSE51588_2	-0.0446501515816173	-0.0695404206695189	-0.0530074632220919	-0.0214817968703528
GSE51588_3	0.0348289889246364	0.12106790547105	0.0411070465135531	-0.00679400415175414
GSE52817_1	-0.0089890916342329	-0.0195431391846257	NA	NA
GSE52817_2	0.00803793749572403	0.014003742881721	NA	NA
GSE52817_3	-0.0314684939717431	-0.0612252779565903	NA	NA
GSE52817_4	-0.00646957949046876	-0.0238889201047589	NA	NA
GSE55235_1	0.00618563953549726	0.0162752696186652	0.00844943413011018	-0.00916490726038631
GSE55235_2	-0.00927135718935278	-0.0276509945345571	-0.012146768432607	-0.031350671978366
GSE55235_3	-0.00970849616980304	-0.0442475350350047	-0.0163019874251071	-0.00655100749977411
GSE55457_1	0.0102303540701381	0.0474471203449235	0.0163575739116649	0.0133224961413344
GSE55457_2	-0.00383709347516242	-0.0204569910110069	-0.00207685579482441	-0.0104944767988246
GSE55584_1	0.00532304885978955	0.022247358904902	0.00213578261032777	0.00137344919942136
GSE57218_1	-0.0011263799106626	0.0222970861025652	-0.00170075344468826	0.0113783526681446
GSE60762_1	-0.00545826134061226	-0.0196972742063984	NA	0.00355490336618447
GSE62914_1	-0.0195130510795596	-0.0442288283958565	NA	-0.0180960354021605
GSE62914_2	-0.0291538517326155	-0.0430031237238038	NA	-0.00470050723075109
GSE62914_3	-0.0162840032231448	-0.0233972971009987	0	-0.0127313620683884
GSE62914_4	0.00584082033010912	-0.0028802492284676	-0.000545851528384279	0.0111410610976911
GSE64394_1	0.0162815051568414	0.0421187184168205	NA	-0.00859753906237577
GSE66635_1	0.000711548816806477	0.00292608239547975	NA	-0.00258616870458976
GSE68038_1	-0.0243446311050922	-0.0419735679851289	-0.0033378416898052	-0.0165249958746832
GSE68428_1	0.00539340130554133	0.00101320996018685	-0.000673301449227423	-0.00807135975912226
GSE68428_2	-0.000370907703478127	-0.0158983875607184	0.000683771243645591	-0.00779853364628451
GSE68428_3	0.0268129459778078	0.0233559408665942	0.0249721662794707	-0.00386737866840974
GSE69459_1	0.0195039522293206	0.0430070078904085	NA	NA
GSE69459_2	0.00668518515742591	0.00157536348514506	NA	NA
GSE69459_3	0.00198928208114933	0.0369323268828165	NA	NA
GSE69459_4	0.016769342836333	0.0533348486957927	NA	NA
GSE69992_1	0.00460536079256036	0.0276372618070299	0.00726024007380389	-0.00405504705956521
GSE70719_1	-0.0113084946022375	-0.101349463732005	-0.016138145649383	-0.00282637758660777
GSE7116_1	0.00502632683322956	0.0233604314326505	0.0062661445744037	0.00969210192526814
GSE7116_2	0.00169112767720704	0.00609819459450032	0.00723051251273098	0.0170566502463054
GSE7116_3	-0.00193701305245166	-0.0182230049661746	-0.00132443547007423	0.0021368453041594
GSE72575_1	-0.00201939596283336	-0.0171382487200157	0.00212430483796453	0.00636582460117414
GSE72575_2	0.000656018919434946	-0.00535249744229659	0.00105036758757074	0.00837111920235346
GSE72575_3	0.000202638456989044	0.00884688653031512	0.000979653104844672	0.0094476918447838
GSE72575_4	-0.00071157495256167	-0.0168311636411389	-0.000356887937187723	-8.44263472310099e-05
GSE75181_1	0.00395862251734952	0.0142569689354852	0.00346470447016003	0.00326459469806129
GSE75181_2	-5.07441811255834e-05	-0.0176893231953086	-0.00192831949667877	0.00731891102062776
GSE75181_3	0.00345808105912923	0.0133122839216328	0.00168760393200992	0.00352936478315788
GSE75230_1	-0.00143472669499581	-0.00455340508413748	-0.00090529717416552	-0.00376716915774603
GSE7669_1	-0.00167342691532747	0.00528790678187492	-0.00440298858072313	-0.0149470982473571
GSE77916_1	9.64741471463612e-05	-0.0368647145685835	0.000236876845332728	-0.00725714419883475
GSE80614_1	-3.90414622066589e-06	-0.0326414434149881	-0.00130727683909252	-0.00414901338265072
GSE80614_2	-0.00503613566732073	-0.0574201804205527	-0.012541092349916	-0.0171462062387833
GSE80614_3	0.00028666503186936	-0.0339785592946432	-0.00137801557876654	-0.0037191987047517
GSE80614_4	-0.00649099863406643	-0.00245102326472559	-0.0130485449460792	0.000665540367583064
GSE80614_5	0.0127967674640833	0.0535946304744719	0.0260425193048921	0.0423465410952286
GSE80614_6	0.0183145423578227	0.0870782469095211	0.0317706751646945	0.0341504953487455
GSE80614_7	0.0164920619997836	0.0941979529313564	0.0251993083884409	0.0299689866874829
GSE80614_8	0.0171460881928634	0.0895274284759147	0.0296439571248866	0.0361311390604287
GSE80614_9	-0.000331988277337572	0.0133200080429694	-0.00105861434576606	-0.000181067821856594
GSE80614_10	-0.000989483925561975	-0.012212541748472	-0.00353467601363667	0.00137509945687896
GSE80614_11	-0.000282510909194897	0.00768318723289437	NA	-0.00684746556783105
GSE80614_12	-0.00449997508421192	-0.0338317922963758	-0.00833703338501466	0.000130330331189433
GSE80614_13	-0.00369993760278685	-0.0127720999940159	-0.00887002183343729	0.00834211830595932
GSE80614_14	0.00373996380351738	0.0238627052336716	0.00495293199527009	0.0142901249928749
GSE80614_15	0.00262521979458486	0.0312951898164214	0.00124784543738348	0.0255789768885611
GSE80614_16	0.00355613978728492	0.0394194313268814	0.000432868416221794	0.0224031513384236
GSE85254_1	0.00782480219603359	0.0217522385675055	0.00598239183693758	0.0142900752066789
GSE86578_1	0.00174526289239517	0.014224015134735	0.00238273711581043	0.00811466513439316
GSE86578_2	0.000976402624960186	-0.00524667280002831	-0.000508464762717263	0.00440167490666936
GSE86578_3	0.0015015224245589	0.00107245805435113	0.00163432852520205	0.00954220314147091
GSE9329_1	0.00376808199236292	0.0364108589645212	NA	NA
GSE93698_1	0.0166150000123187	0.0785018053181075	0.0257378778319731	0.0176559916342421
GSE93698_2	0.0243190318811173	0.0822876059190637	0.0263287773942883	0.0199961553947689
GSE93698_3	0.0230741402538192	0.0893822363933565	0.0251514781473459	0.0360146673514806
GSE93698_4	0.0196570440396678	0.0661069318606167	0.0227558879812244	0.0206907358139354
GSE93698_5	0.0153915999448856	0.0945910537752033	0.0191736465651844	0.0261198465218449
GSE93698_6	-0.00157833576291023	-0.0204986628358846	0.000290699303886377	0.00717661295116895
GSE93698_7	-0.00683295094561402	0.00604418634866891	-0.00436749058821787	0.00794975337398605
GSE93698_8	-0.0122384197714797	-0.0577315123316363	-0.00332798413747296	-0.0198891643884968
GSE93698_9	0.00532341314575929	0.0438258714662689	0.00750195640447453	0.00385257433046754
GSE93698_10	-0.00144157519646242	0.0213235796776496	-0.00119151691235233	-0.00568660755262028
GSE93698_11	-0.00801455196372288	-0.0330446917239976	-0.008787490266973	-0.0100787259737951
GSE93698_12	0.0148875447713219	0.0538811492980709	0.0102964065826374	0.00774631025157023
GSE93698_13	-0.0127572161553421	-0.0483343943785959	-0.0173238384662796	-0.0119372627636065
GSE93698_14	0.0120304821966243	0.0484645035275599	0.0199409572975081	0.0220236721936896
GSE93698_15	0.017704053988737	0.0753005508008131	0.0245886201120582	0.0301791134190026
GSE93720_1	0.00645802710948352	-0.0128827910858096	NA	NA
GSE93720_2	-0.00114083412143378	-0.0239321848789522	NA	NA
GSE93720_3	0.0154928979588022	0.000752701680084101	NA	NA
GSE93720_4	0.0109806741793447	-0.00330233187740633	NA	NA
E-MTAB-5564_1	0.00026476016144536	0.0193665609165623	-0.000828486585815452	-0.0143565991283869
GSE77753_1	0.00553095458484839	0.0406771311402878	NA	0.00920021001657954
GSE43861_1	0.000389441239986767	-0.00038078916430068	NA	NA
GSE112809_1	-0.000378232476594993	-0.0290865759649843	NA	NA
GSE111946_1	0.0578288264136353	0.0923546757400716	NA	NA
GSE111946_2	-0.00178685235790176	0.0296937222177915	NA	NA
E-MTAB-3201_1	0.0142608554367392	-0.00191243962587216	0.0125534146477134	-0.00598109418244479
E-MTAB-6700_1	0.00425149585514589	-0.00423890096587865	0.00594696357300766	0
GSE54749_1	0.000334448160535117	0.0163224957197505	NA	0.00129493286890851
GSE57218_B_1	-0.000444058855814207	-0.010537280284594	0.000112088232115653	0.0030260231211689
GSE57218_B_2	-0.00240494122351386	-0.0235041924989886	-0.00243281575439154	0.00239763452844242
GSE57740_1	0.000805130442274746	0.0212472689917624	NA	NA
GSE52992_1	0.0162283670130409	0.143235953393828	0.023175979872487	0.0374036458487256
GSE17160_1	-0.007652673911053	-0.034122844553221	NA	NA
GSE17160_2	-0.00557347774772413	-0.0609797827188537	NA	NA
GSE17160_3	-0.00297999651793529	-0.00236913529592288	NA	NA
GSE17160_4	0.00968592375233586	0.0414276582333599	NA	NA
GSE17160_5	0.000778699441433172	-0.0241660369048014	NA	NA
GSE17160_6	0.000220417017141315	-0.0461400861368498	NA	NA
GSE17160_7	0.00813841671965603	0.0688080982863399	NA	NA
GSE17160_8	0.0135392366530933	0.00181065681901901	NA	NA
GSE17160_9	-0.0575910104110677	-0.0995424016708909	NA	NA
GSE17160_10	-0.0595666317965516	-0.099013277260702	NA	NA
GSE17160_11	-0.0517088621018803	-0.0814795875949508	NA	NA
GSE17160_12	-0.0610982197080085	-0.12160107574682	NA	NA
GSE22971_1	-0.00273570722006509	-0.111109975991795	NA	-0.0203560544553873
GSE22971_2	-0.00189068701451065	-0.0222142933967917	NA	-0.0181477549792424
GSE22971_3	0.0385894333138417	0.115482592863657	0.0429455463855238	0.0470881567661993
GSE22971_4	0.0593659290545356	0.15666477591754	0.0531914243307886	0.0450600708467303
GSE13590_1	-0.00288495529206644	-0.0205657806665388	-0.0042326931257126	-0.00502568390443
GSE13590_2	-0.000906760946921589	0.0210138763015849	-0.000841750841750842	0.00194593944629986
GSE99731_1	0.00553764890652232	0.117720858802155	NA	0.0324495597583606
GSE99731_2	0.000900004071093522	0.032556864621779	NA	0.026646679991117
GSE99731_3	-0.0565287306435924	-0.139052217507955	-0.0634058680965121	-0.0318883543874952
GSE27492_1	-0.0011884733614707	0.0059550079517425	0	-0.0193714621545862
GSE27492_2	-0.000239428367652474	0.0191885509292676	0.00175875052585965	-0.00765821432852687
GSE27492_3	0.0202064690105031	0.075729293384847	0.0561613673639257	0.0282250713915645
GSE27492_4	0.0134280692632988	0.0611129893753276	0.0397101118965034	0.0247067039177111
GSE27492_5	0.0085637913622493	0.0590449804784697	0.0311018972097099	0.0189022187219476
GSE27492_6	0.0025331261719826	0.0211355639413627	0.00585199800905744	0.00603596710719936
GSE27492_7	0.000924774750793948	0.013341061747426	0.00742597788570745	0.00614833639492068
GSE27492_8	-0.000475974985904667	-0.00222859154499181	-0.000765384749635644	-0.00640515528206558
E-GEOD-15069_1	-0.00413861444165017	-0.0227202569991753	-0.00603472842734799	0.0100960188392934
E-GEOD-15069_2	0.00226834480068716	-0.0102942855327357	0.0033439851903958	0.00559874144530552
E-GEOD-15069_3	-0.0259898811974268	-0.0352413670865699	-0.031880047158792	0.00338271955167376
E-GEOD-15069_4	-0.00341466377098416	-0.0672435619917664	-0.00586028859583016	-0.00105378824435752
E-GEOD-15118_1	0.0011609391582134	-0.0467386428571017	NA	NA
E-GEOD-15118_2	-0.000334896182183523	0.0668997669393193	NA	NA
E-GEOD-15118_3	0.00376137146129862	0.0160141933062523	NA	NA
E-GEOD-15118_4	0.00445851178990283	-0.046288606040874	NA	NA
E-GEOD-16007_1	-0.00125320260046814	0.00692846516276129	NA	NA
E-GEOD-17473_1	0.0154953726008678	0.0852059427681877	NA	0.0186116514844691
E-GEOD-18647_1	-0.000700141274461283	0.0180899995357255	NA	0.00394973964526556
E-GEOD-18647_2	0.00855058531529876	0.0223756800483942	NA	-0.00176554912950996
E-GEOD-18647_3	-0.00749978916199953	-0.0307217277470317	NA	-0.00481504407134875
E-GEOD-18647_4	-0.00208993099684466	-0.0212207898179872	-0.00386648882608493	-0.0150637682445978
E-GEOD-18648_1	0.00271272634313909	-0.00893638816881731	0.00121586979046283	-0.00113139866700525
E-GEOD-18648_2	0.0109149294024075	0.0562709723458126	0.0171075534710828	0.00655499529451013
E-GEOD-2154_1	-0.00811560408087406	-0.12466690206773	-0.0160694400247192	-0.0790370149943219
E-GEOD-2154_2	-0.027195655486518	-0.247437309355221	-0.0383291023473847	-0.0851562577057298
E-GEOD-2154_3	-0.0242492977269103	-0.230231262088633	-0.0434568510738622	-0.0887777322481735
E-GEOD-2154_4	-0.0274637883340105	-0.127698788659272	-0.0459288305046758	-0.0279961690773638
E-GEOD-26475_1	0.00776258278799353	0.0528983928267038	0.0103273104989931	0.00606371300151204
E-GEOD-26475_2	0.0144662312232789	0.155667639738212	0.0042257664475103	0.0358253935376968
E-GEOD-26475_3	0.00845569639420938	0.0746371918316247	0.0165981652289843	0.0158676857059428
E-GEOD-33567_1	-0.0832061015136382	-0.192111051791102	NA	NA
E-GEOD-33567_2	0.0273802829883858	0.0348666086102552	NA	NA
E-GEOD-37287_1	0.0104471826996506	0.0402470060056252	NA	NA
E-GEOD-37287_2	0.0230963360370147	0.0527356120073055	NA	NA
E-GEOD-37287_3	-0.00745951475088173	-0.0276573225877088	NA	NA
E-GEOD-51994_1	-0.00526338842664974	-0.0210236297300753	-0.00939454506846357	0.0024902919500563
E-GEOD-51994_2	-0.00687757856702546	-0.0189565423228915	-0.0159685249674419	-0.00266377943045654
E-GEOD-51994_3	-0.00691018221721936	-0.0077308433980032	-0.0102190520875407	-0.00567728591955143
E-GEOD-65077_1	-0.000890774871205029	-0.0643800302022017	NA	NA
E-MEXP-1244_1	-0.0104003125004966	-0.107570109292375	NA	NA
E-MTAB-1123_1	0.0117876661085775	0.0430434419680512	0.0153014484405451	0.0152531306800019
E-MTAB-1123_2	0.0131895236799887	0.0664589390778382	0.0229424801691281	0.0143806140521313
E-MTAB-1123_3	0.000300776036182613	0.0635219056060116	1.67042623561453e-05	0.0217239993230092
E-MTAB-1123_4	0.000855787334575475	0.0585754295343722	0	0.00690909669094743
E-MTAB-1391_1	-0.110441548406552	-0.439252344999981	-0.152974994741537	-0.152870689352224
E-MTAB-1391_2	-0.187226018513878	-0.478189504653645	-0.219005352028056	-0.153599900435575
E-MTAB-1391_3	-0.147741085054929	-0.37190122590355	-0.182982098714549	-0.0969300366520683
E-MTAB-2450_1	0.000312022111991283	-0.010255116892082	-0.000172767135644436	0.00827899104527719
E-MTAB-2450_2	0.0103506695668401	0.0965879738785372	0.00651354760545775	0.00917684309682403
E-MTAB-2450_3	0.0568505713767909	0.108676892865156	0.0793146806401018	0.0131601833658628
E-MTAB-2450_4	0.0368790951058107	0.0387450191512409	0.0566399187719092	0.0167338757006019
E-MTAB-5023_1	-0.000704915470962273	-0.0156390611974333	NA	-0.0222858836943354
E-MTAB-5326_1	-0.00185673354460153	-0.0177971669821157	NA	NA
E-MTAB-5326_2	-0.000205047124192205	-0.0151559671552652	NA	NA
E-MTAB-5326_3	-0.0173980719943003	-0.0407684518181763	NA	NA
GSE102588_1	0.00242141255025627	0.0407923097003494	-0.00815176871114237	0.00891411815909512
GSE104793_1	-0.0350273618385069	-0.0749035019721219	-0.0488674777464332	-0.0187539909706937
GSE104794_1	0.0172314452390384	-0.0157226445727739	0.02525408839268	-0.00349955746921914
GSE104795_1	0.0206405272657218	0.00318920302364465	0.033219459378928	0.00226716167727404
GSE105139_1	-0.000476417341591234	-0.00978481730315709	NA	0.00208321549762459
GSE105139_2	-0.00178841907059082	-0.0210505745012692	NA	-0.0154917455691741
GSE105139_3	0.000130944911474478	-0.0166368505032881	-0.000153047810408786	-0.0116178803327982
GSE10555_1	-0.0287700647349182	-0.0640834416951336	NA	NA
GSE10556_1	-0.0143707435752662	-0.0297398712339018	-0.0268858999751286	-0.0238307334473087
GSE106631_1	-0.0330523593472746	-0.0984801867143087	-0.0526728468556402	-0.0297967432823233
GSE13104_1	-0.0839840346676373	-0.266669795479057	NA	NA
GSE13104_2	-0.0761859652384622	-0.245532952955057	NA	NA
GSE13104_3	-0.046901642113309	-0.18985243675981	NA	NA
GSE16749_1	-0.0347618971203239	-0.0573490030352162	NA	NA
GSE16749_2	0.0114677748739589	0.0369680971639751	NA	NA
GSE16749_3	0.00106443315896822	0.00954382348225475	NA	NA
GSE17348_1	0.00171749645336147	0.02012330230266	NA	NA
GSE17563_1	0.0634326149539605	0.189437292378003	NA	NA
GSE17563_2	-0.0373727525311763	-0.0722629580233572	NA	NA
GSE17569_1	-0.0430611684270191	-0.0928811530510913	NA	NA
GSE17569_2	-0.0558923177303383	-0.0915696514843457	NA	NA
GSE17570_1	-0.0402806449547381	-0.0695483482130865	NA	NA
GSE17570_2	-0.0454518390957602	-0.101595705639171	NA	NA
GSE18991_1	0	0.043269855456459	NA	0.000291207566551346
GSE18992_1	0	0.0260993380224531	NA	0.00243937017374517
GSE19299_1	-0.000426239509596634	0.0187030386545997	-0.00169254228120898	0.00349001402676024
GSE20850_1	0.0221044018889048	0.0741731359632999	NA	NA
GSE21093_1	-0.0639990609582495	-0.150620124912085	NA	NA
GSE21523_1	-0.00564208365523475	0.00899782085376372	NA	NA
GSE21639_1	-0.002783650040682	-0.0515626730136735	NA	NA
GSE21639_2	0.00248310000771548	0.0248973296861525	NA	NA
GSE21639_3	0.00129521095902102	0.0120325725326477	NA	NA
GSE21639_4	0.0062950480932231	0.0369436759121813	NA	NA
GSE21710_1	-0.0542817312267642	-0.160759111329698	NA	NA
GSE21710_2	-0.0552940330425721	-0.152275592230586	NA	NA
GSE21710_3	-0.0409315505991407	-0.114584040874963	NA	NA
GSE22925_1	0.0114569651288183	0.0495127562993486	0.017388728010643	-7.65725369573089e-05
GSE22925_2	-0.011446125601002	-0.0539989225533442	-0.0128569238656156	-0.0326335360464604
GSE26499_1	-0.00656340210435856	-0.0111122574587853	NA	NA
GSE30160_1	-0.0361091694680166	-0.131533662181526	-0.0489626469863923	-0.0227678854730804
GSE30628_1	0.0166258246862338	0.0641301701630228	0.0206217934332766	0.0112691671775128
GSE30628_2	0.00774783309074899	0.0442371045553815	0.0128449673285276	0.0109069791996621
GSE32163_1	-0.0102623318704254	-0.0673605267543201	NA	-0.00870653740890628
GSE33656_1	-0.0527663111349483	-0.0934881623210894	NA	NA
GSE33754_1	0.00316158706212116	-0.0411216305097772	0.00496930438008517	0.000505270810614321
GSE33754_2	-0.000266305152997751	0.00174567450862942	0.00640124294439887	0.0192976406533575
GSE33754_3	0.00192230489921941	0.00978001887305908	0.00875058343357513	0.0234950887785628
GSE34570_1	-0.0167130042920693	-0.0780097692877029	NA	NA
GSE35003_1	-0.00173893048945998	-0.0137267923260061	NA	NA
GSE35466_1	0.00369474690726039	-0.0209797892980265	NA	NA
GSE35466_2	0.00404927488268659	0.0242239493144765	NA	NA
GSE35466_3	0.00501032524893376	-0.0170452709558767	NA	NA
GSE35466_4	0.00593225937737472	-0.00974458852953126	NA	NA
GSE35466_5	0.00901561751979257	0.0419319808224325	NA	NA
GSE36925_1	0.0012364003633988	-0.0147352144318147	NA	NA
GSE36925_2	-0.000394434870781314	0.00382315000730153	NA	NA
GSE36925_3	-0.0029864723901595	-0.0021244663132133	NA	NA
GSE37219_1	0.0407461755514499	0.111846684206534	NA	NA
GSE37676_1	-0.0121591816214452	-0.0830854857990653	-0.0212699801061756	-0.0401145418851756
GSE41342_1	0.0113185999709777	0.0935357177613345	0.00488258251017279	0.038037065868839
GSE41342_2	0.00401784451545595	0.0764113399826032	NA	0.0367925036633295
GSE41342_3	0.00118363197407666	0.0414027153480145	NA	0.021458664395775
GSE41342_4	-0.00697731039494861	-0.0214886921172616	-0.00270767924491045	-0.00349477456695376
GSE41997_1	0.0048103891622302	0.0611142033353123	0.00207821282087926	0.00897942382533748
GSE43242_1	-0.00773015117112572	-0.0824075629305639	-0.00287201873182418	-0.0197130553875433
GSE43242_2	-0.00207111778119061	-0.0268557920457318	5.58916427251981e-05	-0.000453354906514268
GSE43663_1	0.000664488239703229	0.0022517141310623	0.00135836385836386	0.0103178135849728
GSE43854_1	0.0192789333889724	0.0307066011832981	NA	NA
GSE45656_1	0.0107671323872004	0.0698621813281887	NA	NA
GSE45656_2	-0.0669661194276465	-0.177041186286155	NA	NA
GSE45656_3	-0.0466900409484866	-0.103040001138302	NA	NA
GSE45793_1	-0.0042292204175873	-0.0172489915888767	0.00542305256748652	-0.00565589740332344
GSE45793_2	0.0176365509059228	0.0586561052754204	0.0202828997195498	0.0103573584538687
GSE45793_3	0.0068436246660298	0.0445299847590476	0.00234628661383264	0.00545634920634921
GSE45793_4	0.0138580692233413	0.0229062769891665	0.0181386581657679	0.00392368002014453
GSE45793_5	0.0306577935364177	0.0805519827718488	0.017833249865585	0.00803916483310587
GSE46390_1	0.00772944568442921	0.0310490512010669	NA	NA
GSE48438_1	0.00576263129842368	0.00592335039596722	NA	0.00291165208228989
GSE50549_1	-0.00429367334310235	-0.0145138575331411	-0.0133168589790441	4.88758553274682e-05
GSE50549_2	-0.000860154429956609	-0.00571953047488218	-0.00362538385307356	-0.00588723561239547
GSE51098_1	-0.0615377303843457	-0.175603730074853	-0.0471547483543228	-0.0654611076197401
GSE53857_1	0.000941989817268795	-0.0448281399374774	0.00266762086964791	-0.00550045149272642
GSE53857_2	-0.00279720963385946	-0.0586351218787935	-0.0010082677959266	-0.0221016824277694
GSE53857_3	-4.60774347673268e-05	-0.0234371800326029	-0.00088809946714032	0.000110117890918516
GSE53982_1	-0.0302618776574354	-0.123828750223554	-0.0389910222844961	-0.0252703887550023
GSE53982_2	0.00795952742104231	0.0235162319458016	0.0160559823162388	0.0142119090112395
GSE54779_1	0.0289058130952427	0.0610382178121087	0.0371391690444274	0.00704750849069165
GSE55900_1	0.000572991420278761	-0.0237943477538357	0.00305937592428276	-0.00110749165223067
GSE57104_1	0.0241841061104341	0.147909734423794	NA	0.0430544352128203
GSE59387_1	-0.00478538242523813	-0.0740938430899222	NA	NA
GSE60401_1	-0.00469259281891592	-0.0367732390687458	NA	NA
GSE60401_2	-0.00119620816546857	0.0252416159584057	NA	NA
GSE60651_1	-0.0131779875747158	-0.0304953846349043	NA	NA
GSE60737_1	-0.0205986172402287	-0.0225823199299452	NA	NA
GSE60761_1	-0.00146522183054238	0.0200869047874729	0.000913645835328774	0.00103418537944842
GSE60761_2	0.000952834683182468	0.020362729041565	NA	0.00745645772363676
GSE60761_3	0.00167834400548666	-0.0159367935225694	-0.000748814050003947	0.00847164646646703
GSE60761_4	0.0042821562036621	-0.0120825261634895	0.000391236306729264	-0.00189887391304364
GSE63017_1	0.000335345405767941	-0.00829509164728681	NA	0.00610828297744186
GSE63017_2	-0.00123855099932133	-0.00932305811590745	NA	-0.00170387299514345
GSE63017_3	-0.00198474018677347	-0.00908971426114049	0.0042479308899389	-0.00450458470577762
GSE63017_4	-0.00154938437868911	-0.024723815593226	NA	-0.000232673734054797
GSE63939_1	-0.0945093964126755	-0.231894864687732	-0.117428123464959	-0.0599762647293692
GSE63939_2	-0.0886160614038029	-0.224352328400766	-0.104356749369859	-0.0521273947207773
GSE64141_1	-0.0705237463514477	-0.184358113970634	NA	NA
GSE64965_1	-0.0278962569507354	-0.102035485705062	-0.037072574924258	-0.00834851394568426
GSE65745_1	0	-0.000245016009032569	NA	0.000120659555294126
GSE65745_2	-9.6364052948645e-05	0.0134837681102811	0.00201612903225806	0.00710355474410437
GSE65745_3	-0.000334459291043883	0.00383871104200179	-2.98566878980892e-05	0.00643133462282398
GSE66416_1	-0.0103211879493403	-0.0505425723221678	NA	NA
GSE66862_1	-0.00154502354631293	-0.0578389916544542	0.000677913124621667	-0.0115338584205334
GSE69108_1	0.00402611448557154	0.000577548744245163	0.00281696668252858	-0.00488094518949585
GSE71565_1	-0.0641781073402816	-0.211772204907405	NA	NA
GSE72261_1	-0.00530793544038935	-0.0114988815459171	-0.00208418745065884	-0.00633593459680416
GSE72261_2	0.00454933798891412	0.0294035545038037	0.00812817354722469	0.0201096183656898
GSE72261_3	0.00308797633984335	0.0300908873800054	0.00417330716651743	0.0120190396516023
GSE7683_1	-0.00619779512518635	-0.0636757351920526	-0.00567864041568039	-0.00590450966667667
GSE7683_2	-0.00765386927686427	-0.0474432782974003	-0.0168763786277906	-0.0137984618626212
GSE78980_1	-0.0221712729224451	-0.110434125750458	NA	NA
GSE78980_2	0.00118651951112684	0.0804704267281118	NA	NA
GSE78980_3	0.00238228572912364	-0.0333445501170102	NA	NA
GSE78980_4	0.00238109349092255	0.0221151668253539	NA	NA
GSE78980_5	-0.00104190838771206	-0.0116108969286559	NA	NA
GSE78980_6	-0.000808141074090193	-0.0115529353070887	NA	NA
GSE78980_7	0.01775538249247	0.139986972527655	NA	NA
GSE78980_8	0.0110214456817088	0.115598163208992	NA	NA
GSE78980_9	0.0175554713852179	0.124242360493111	NA	NA
GSE78980_10	0.00710470847148553	0.115492919352329	NA	NA
GSE81399_1	0.00726281910798957	0.0264457145177717	NA	-0.00252381122248778
GSE84609_1	0.00744246204263889	0.0583074487797756	0.00379319946145145	0.00869647003453687
GSE84907_1	-0.00273302624308499	0.0238106188149154	-0.00719395681726236	0.0154645691860629
GSE84907_2	0.0146385242166392	0.0449794356706168	0.0176901503281366	0.00647473194776853
GSE84907_3	0.0165180635801045	0.0343501251581837	0.0293386641984121	0.0116412101674466
GSE90127_1	-0.112941269867329	-0.311710484782127	NA	NA
GSE90127_2	0.0146279519737814	0.0274632945270003	NA	NA
GSE90127_3	-0.109078331955178	-0.292856888132199	NA	NA
GSE9247_1	-0.011043203585996	-0.081181311743387	-0.0233758065039692	-0.010024199388833
GSE9247_2	-0.0491043617019514	-0.09499099912242	-0.0599863029435447	-0.00767186080424417
GSE9247_3	-5.28752302010002e-05	-0.0334993885268867	-0.00185303083496015	-0.00621089666401348
GSE99306_1	0.0139884491772772	0.0747954340324186	0.0166745987129968	0.0142955816725999
GSE99306_2	0.0151880177985945	0.0663288107909569	0.0140894914386085	0.0153356815320278
GSE99306_3	0.00381585100611471	0.00279992855830634	-0.000555865578199966	0.00316296080053196
GSE99306_4	0.0107744520868398	0.0595614903301637	0.00995555872280454	0.0141392894466271
GSE99306_5	0.0127811453744186	0.0546249349872677	0.0119488929167231	0.00715932214981826
GSE99306_6	0.010937914548364	0.0431487275524918	0.00963275355464302	0.00643480450281692
GSE99306_7	0.00388234444028269	0.00588760520354095	0.00186790523997988	0.0147042276559344
GSE99306_8	0.0166885812931117	0.0720163399036974	0.0155825088876959	0.00973001920160301
GSE99306_9	0.00457974810824325	0.0396078584714971	0.0030611818132757	0.00458608823027762
GSE99306_10	0.0131919543855743	0.0585920751284179	0.0118516486049162	0.00818299347711113
GSE99306_11	0.0215704376195601	0.0848354201388851	0.0183486332524205	0.0269804710925531
GSE99306_12	0.00867465812804542	0.049858237072256	0.011031051401128	0.0113136304109598
GSE99306_13	0.014181708250821	0.0456524604535869	0.0156358755136797	0.00568257438053444
GSE99414_1	0.000894632622527638	-0.055886762193764	-0.00133214930611656	-0.0158527906231774
GSE110581_1	-0.00210888774720881	-0.0426082755126169	-0.00393107122467803	-0.00772709685763828
GSE110581_2	-0.000378348072650406	-0.00840143409751574	0	0.000109539028034695
GSE47799_1	-0.00197890743607567	-0.0398524630840222	-0.0174243561680283	-0.0193806897134736
GSE47799_2	0.00196860840689912	0.00888025427456843	0.00172306021355109	-0.00517322364829696
GSE47799_3	-0.00341105381055412	-0.0352200704331407	-0.00865488711630953	-0.00416762098655469
GSE111628_1	0.00280317923958786	0.0213544450803074	NA	NA
GSE111628_2	0.00137496739791584	0.0318908228933681	NA	NA
GSE111628_3	0.00385683434907578	0.0352141163419731	NA	NA
GSE5657_1	0.00539314147460903	0.065576675644697	0.0118500443655723	0.0100462934183495
GSE5657_2	0.0054649399021857	0.0488272205688975	0.00705420409384789	0.0191411311601648
GSE13782_1	-0.014844220004492	-0.0597155598704029	-0.0119803735911142	-0.0333911335812477
GSE41039_1	-0.00109266953051525	-0.0325801867074028	-0.00537588772882891	-0.0128456735057984
GSE84198_1	-0.000207833701133285	-0.0120155654862543	0.000465629998270331	0.00448064326740797
GSE84198_2	-0.00147026831536033	-0.00823952431499598	0.00126198100436792	-0.000730056380385501
GSE84198_3	0.0434470635445291	0.101734483354595	0.0549710348826173	0.0108567544178271
GSE114469_1	-0.0452306641824472	-0.0815763619877802	NA	NA
GSE108036_1	-0.00213863681348942	-0.068476529316057	-2.33153711713831e-06	-0.0230747973455815
GSE60451_1	0.016781513578615	0.104840019970864	0.0226008463678841	0.0370844867380159
GSE47902_1	-0.000286466787461852	0.00455752107919343	NA	NA
GSE44325_1	0.0180541667384568	0.0699561063750298	NA	NA
GSE4481_1	0.00449128784381123	0.120205644745963	NA	0.0166508204298514
GSE4481_2	0.00783478433059965	0.0419875583418	0.00456598049969785	0.0163495041543822
GSE4481_3	0.000239088482818023	0.0307885115521216	NA	-0.00118815644741388
GSE102292_1	0.0125052568173052	0.0271179125440127	NA	NA
GSE102292_2	-0.0274996042643513	-0.168815689795748	NA	NA
GSE102292_3	-0.0271982183925244	-0.0870259736571878	NA	NA
GSE102292_4	-0.0336650385934098	-0.0650780463324422	NA	NA
GSE41898_1	-0.024276891455428	-0.0102861145245187	-0.0396165125278883	0.014716990146757
GSE87605_1	-0.020324959956064	-0.0676479457374664	-0.0255174084781157	-0.0318932203577014
GSE87605_2	-0.00179361004890589	-0.0280779399544767	-0.00125767632138725	-0.0155450454915827
GSE87605_3	-0.0155015071556061	-0.0643350442108202	-0.0175570161005945	-0.0281705741227015
E-GEOD-54216_1	-0.0277017189239652	-0.125413599587116	-0.0326305882536473	-0.0235650073121523
E-GEOD-54216_2	-0.0429556875646416	-0.141827405591125	-0.053027743965164	-0.0229057233600689
E-GEOD-54216_3	-0.020013273444593	-0.0715850417474009	-0.0355243909149753	-0.0187155165096342
E-GEOD-6119_1	0.00293969530937225	-0.013097666469493	0.00531504421155706	-0.00058235440470478
E-GEOD-6119_2	0.00188180778084606	-0.0130381134597106	0.00727319308041492	-0.0025450057029823
E-GEOD-6119_3	0.000493049385772791	-0.0113455904564879	0.0057418086021125	-0.00818524477948955
E-GEOD-8077_1	-0.00745919413912587	-0.0483651904901947	-0.00595175841335554	-0.0121895138540316
E-GEOD-8077_2	0.000517559559287084	-0.0216989268204846	-0.00113733345042751	-0.0130508106160806
E-GEOD-8077_3	0.00771593113054259	0.0277316232988289	0.00797937634274167	0.00677613075397301
GSE103416_1	0.0457295964214122	0.0922096806092009	0.0683030966447544	-0.00180725499874436
GSE103416_2	0.0293886206645039	0.106731906386653	0.0418397604366878	0.0363268891888053
GSE103416_3	0.0271541214187355	0.145320887716658	0.0403231442537845	0.0403290327886131
GSE19950_1	0.0116240117956411	0.055174079519314	0.0159058034577013	0.0108062227627445
GSE30322_1	-0.0165371211398406	-0.0886165337042407	-0.0103121505540888	-0.0100111967331884
GSE30322_2	-0.00910556502911901	-0.043942220828551	-0.0108186986928059	-0.00234429982806389
GSE30322_3	-0.00523317975984793	-0.0295389663353539	-0.00146931820191263	-0.00965735522339296
GSE42295_1	0.00142842289186989	0.0488571779878401	NA	0.00978721008304634
GSE42295_2	0.0132875858396848	0.087845983086142	0.0203703240457961	0.0371303740889384
GSE42295_3	0.00900860881266709	0.0714841374153534	0.0166158647332057	0.0482930298719772
GSE66554_1	0.00375863716095626	0.0583978609149544	-0.00359222204412011	0.0460875503042008
GSE66554_2	-0.00200483122176159	-0.0443202984325006	0.0021871752468685	0.0148447810812726
GSE66554_3	0.0132060995530579	0.0661462416029314	0.000959748111885186	-0.00915199538229958
GSE66554_4	0.0138923497896575	0.0662207395420478	0.00852495530159431	0.00993364140857714
GSE74898_1	-0.00259673383905241	0.0542130178188541	-0.0114396768241167	0.0138407072230602
GSE74898_2	0.00135600220839158	0.0626908852880266	-0.00499597536770906	0.0185642336699056
GSE74898_3	-0.0196474923549012	0.0116871998951069	-0.03011177876976	-0.000331461112994688
GSE79176_1	-2.96232761038697e-06	-0.00460952644314611	NA	NA
GSE79176_2	0.00189984995694772	-0.00450567013865768	NA	NA
GSE79176_3	0.000570341351013217	-0.00069350761264135	NA	NA
GSE85785_1	-0.00975169569817458	-0.100632333382516	-0.0182473730638945	-0.0620297791350423
GSE16981_1	-0.0356129030838266	-0.0999635198258406	-0.0513994918272707	-0.0248003999299994
GSE16981_2	-0.0315997297824227	-0.0557416264040096	-0.0473946131122212	-0.0128816636233931
GSE16981_3	-0.0219629488526317	-0.0596446280367483	-0.0305186688401112	-0.0115096482042246
GSE16981_4	-0.0219629488526317	-0.0596446280367483	-0.0305186688401112	-0.0115096482042246
GSE16981_5	-0.00247013336180094	0.00476749764358112	-0.003937858856139	0.0101236594836514
GSE16981_6	-0.00181816275026512	-0.00306677234219551	-0.00386726475351043	0.00177038467018317
GSE16981_7	-0.00467312800011696	-0.0751796573003289	-0.00242532104373165	-0.0217141421137612
GSE29859_1	-0.000605789015343077	-0.0612932416027971	-0.00343949583236629	-0.022610892297092
GSE29859_2	-0.00436401056765719	-0.0667393144501624	-0.0143034250953574	-0.0276805162330282
GSE23492_1	-0.0195416926106597	-0.0241374374692497	NA	NA
GSE23492_2	0.0160995463143134	0.0488039168103212	NA	NA
GSE23492_3	-0.00580592606311265	-0.0202182772710328	NA	NA
GSE23492_4	0.0211319061745744	0.0506574079590359	NA	NA
GSE23492_5	-0.00562143629389818	0.00478118904737864	NA	NA
GSE44991_1	0.00282911257789057	0.00507923401961954	0.00794329673036177	0.0014523969912599
GSE44991_2	-0.0023213409240473	-0.0246300632560943	NA	-0.0133747751243541
GSE39796_1	0.00227049549973301	0.0348581437447267	NA	NA
GSE39796_2	0.00604714579894019	0.0550308231689621	NA	NA
GSE39796_3	0.000191779883848444	-0.0141558713927336	NA	NA
GSE18394_1	0.00949776593619492	-0.00302228679876015	0.0142886407039494	-0.0186759270533874
GSE18394_2	0.0131034199646745	0.0137986901065801	0.0342691692764479	-0.00939903367311149
GSE18394_3	-0.00896174917012914	-0.0130685890091817	-0.0154092324394173	-0.023361779754356
GSE29233_1	0.00396192512892278	0.0102083800767646	NA	NA
E-MEXP-2291_1	-0.00188803393917138	-0.0105728292436745	NA	NA
E-MEXP-2291_2	-0.00885730778558845	-0.0363017310066111	NA	NA
E-MEXP-2291_3	0.00774085188441033	0.0228900735604867	NA	NA
GSE18738_1	-0.00883356147240242	-0.0578298802903919	-0.0175785982462247	-0.0139838279445537
GSE107363_1	-0.00965573046392365	-0.0176823227606282	NA	NA
GSE85761_1	-0.0383448509492279	-0.0915327142658615	NA	NA
GSE89179_1	-0.0656983418661136	-0.14310892332272	NA	NA
GSE89179_2	0.00765612689806209	0.0370620275531463	NA	NA
GSE89179_3	-0.017326306550243	-0.0755792973208444	NA	NA
GSE89179_4	-0.00460491415535682	-0.0279781816779056	NA	NA
GSE89179_5	-0.0401662592980729	-0.050141032960647	NA	NA
GSE89179_6	-0.0252636855582055	-0.0718021109865	NA	NA
GSE89179_7	-0.0142796169667685	-0.040216488383067	NA	NA
E-GEOD-57723_1	0.0137455445543236	0.0200342006738519	NA	NA
E-GEOD-57723_2	-0.0117360772671863	-0.0453204646779252	NA	NA
E-GEOD-57723_3	0.00336882562965813	-0.0171005533121103	NA	NA
E-GEOD-83930_1	-0.00292208877266476	0.00530957930357858	NA	NA
GSE100268_1	0.00908025677191977	0.0441015570420006	NA	NA
E-GEOD-55769_1	-0.00482991490851299	-0.0637712171127203	-0.00992466148396292	-0.00897887323943662
E-GEOD-55769_2	-0.0012321645905207	-0.059732060545284	-0.00380425712681869	-0.014076210732496
E-GEOD-55769_3	-0.00604851462733085	-0.0796098344598466	-0.0120396008734708	-0.00476088688694909
E-GEOD-69110_1	-0.00375695287748853	-0.0309567560795806	-0.00657435717125279	-0.00386370521221122
E-MTAB-4304_1	0.0218464832264977	0.0414843578876503	0.0279465917848183	-0.00254012524513836
E-MTAB-4879_1	0.00197732244932006	0.00649584304750387	0.000544777628963274	0.00756153768733705
E-MTAB-4879_2	-0.0239424401055101	-0.0662698051321954	-0.00985752151340616	-0.00602576468643158
E-MTAB-4879_3	-0.00687979677695229	0.00782053874598305	0.000517437605406501	0.00423957066771411
E-MTAB-4879_4	-0.0317454466792264	-0.0633016372484593	-0.00119890271781304	-0.015519516641563
Cytokine_Explant_1	-0.000387674092673731	-0.0196812676800997	0.000737739932009367	0.00389474879922251
Cytokine_Explant_2	0.0363867161791574	0.0919976289896514	0.032052845166999	0.0152037808091224
Cytokine_Explant_3	0.0267342743523572	0.0659856272376534	0.0293506516472226	0.0214457287757489
Cytokine_Explant_4	0.0192742534063204	0.0499753104460863	-0.000956928991928282	0.00644942166537728
Cytokine_Explant_5	0.0139464495509755	0.031566797551353	0.0201621670821279	0.00579788073733365
FN1_Explant_1	-0.0053063164067805	-0.0451601037346568	-0.00496742474162081	-0.0275797284115904
E-MTAB-6266_1	-0.0109625173151947	0.0107416356770429	-0.016238042175569	0.00617706070560544
E-MTAB-6266_B_1	0.00808847578896965	0.0762192757200183	-0.00894110526448023	0.0146824744092053
E-MTAB-6266_B_2	-0.0168389733188421	-0.048054384938367	-0.0243035479495458	0.00565761492813165
E-MTAB-6266_B_3	-0.0198873230255688	-0.143374614065869	-0.0239212069722862	-0.0379214746834019
GSE74220_1	-0.00893094609856864	-0.0252925231594717	-0.0114230926905961	0.00498438285726427
GSE114007_1	0.00450108003421406	-0.0169413490944159	0.012194015686012	0.000208079945657573
GSE109503_1	-0.0419415944067605	-0.0461168955845537	-0.0608810166670362	-0.0131555504191767
GSE109503_2	-0.0192206876001294	-0.0454106446946927	-0.0207992224370486	-0.00899305316734301
GSE109503_3	-0.022938204019695	-0.0182704337313745	-0.0159896933903522	-0.0184738753761524
GSE109503_4	0.0062920807769379	-0.0061310692613102	0.0172199768128621	-0.0015733052837045
GSE109503_5	0.0186821604716874	0.0124551892266797	0.0351344234057837	0.00562778226645748
GSE109503_6	-0.00612767071599635	-0.0180490684402848	-0.0129162127583507	-0.00962847840840499
GSE109108_1	0.00240372973723	0.0201679974953751	-0.00846259141646332	0.00598619838189696
GSE109108_2	-0.0316366968401391	-0.0587416369919179	-0.0404046716425677	0.0194768740668057
GSE109108_3	-0.000823883340274617	-0.00175240216598751	NA	-0.00438358653119811
GSE109108_4	0.00230220251328579	0.035920567924565	0	-0.00701046324642689
GSE70667_1	9.54699558879894e-05	0.0448858266717721	0.000706214689265537	0.00663543359826707
GSE87608_1	0.00134710934595151	0.0541575128592874	NA	0.00870675252009947
GSE87608_2	0.000845483336801608	0.0406275841883792	-0.00052175980209128	-0.0241122664161393
GSE87608_3	0.00636688322791144	0.0599470071345126	0.00386315733931145	-0.0062705656432569
GSE87608_4	0.0190710983866621	0.0501352320015282	0.00715066458166716	0.0264228101807386
GSE90890_1	0.0297928611130051	0.113445037671985	0.00705042209948164	0.0102004295517945
GSE97118_1	-0.0432703950110056	-0.198635531416937	NA	NA
GSE97118_2	-0.0263239598819074	-0.145460617285622	NA	NA
GSE97118_3	-0.0640105209896982	-0.220506773807434	NA	NA
GSE97118_4	-0.0620394815353561	-0.175218923063873	NA	NA
GSE97118_5	-0.00881915193388796	-0.0636812283894754	NA	NA
GSE97118_6	-0.0453931959119263	-0.139199321124685	NA	NA
GSE97118_7	-0.00647911434489382	-0.0479864440428679	NA	NA
GSE107592_1	-0.0399393123772078	-0.0951633982840784	-0.05028393149	-0.0225359454741759
GSE92641_1	-0.0249993253329162	-0.0617382461729306	-0.0367849801976186	-0.00218368864512714
GSE107849_1	0.014845721243733	0.051428463003805	0.0277768386655956	0.00740125035654457
E-ERAD-89_1	-0.000843505574312311	-0.0161680334393233	NA	NA
E-ERAD-89_2	0.00019141937605205	0.00737444927760788	NA	NA
E-ERAD-89_3	-0.000889380010297953	0.00273030445495422	NA	NA
E-ERAD-89_4	-3.30810910251287e-06	0.0041780821076222	NA	NA
E-GEOD-45893_1	0	-0.0591677054827382	NA	NA
E-GEOD-53105_1	0.00162908772086658	0.0621552215536045	0.000708647515971617	-0.00513522447312244
E-GEOD-53105_2	-0.0276914599684634	-0.0628097376324018	-0.0195033123528428	-0.0227704330434452
E-GEOD-54461_1	0.26219930019795	0.565801812224458	0.196035886725355	0.154198866657607
E-GEOD-54461_2	0.288729109755276	0.653263779525737	0.230014209350986	0.23094467560487
E-GEOD-54461_3	0.384384691798927	0.759316622842351	0.360482595667306	0.376304023845007
E-GEOD-54461_5	0.409645493624545	0.802696699139601	0.378244782507039	0.322604073307167
E-GEOD-54461_6	0.337316703224898	0.73739133799125	0.300132119444962	0.240261994949495
E-GEOD-54461_7	0.303365827052932	0.695404673970894	0.261123538944279	0.185143912379012
E-GEOD-54461_8	0.257515136859812	0.637556772434356	0.220734631727245	0.165435550970567
E-GEOD-73372_1	0.0276049248501187	0.105887688741562	NA	NA
E-GEOD-73372_2	-0.00236729199165097	0.018982528990874	NA	NA
E-GEOD-73372_3	-0.0365768901346607	-0.115149079585254	NA	NA
E-GEOD-75549_1	0.000176557585407388	-0.00181801389337353	NA	NA
E-GEOD-76988_1	-0.0270473353634792	-0.154301629402657	NA	NA
E-MTAB-2923_1	-0.0259150293945295	-0.0358024476196515	NA	NA
E-MTAB-2923_2	0.0430139114060293	0.0763624771117725	NA	NA
E-MTAB-2923_3	0.0595962956182447	0.0931767606432863	NA	NA
E-MTAB-2923_4	0.0264414335294189	0.0319168472967683	NA	NA
E-MTAB-3428_1	0.0085827681039723	-0.0545727829279094	NA	NA
E-MTAB-3428_2	0.00197927514424088	-0.0450085254185352	NA	NA
E-MTAB-3428_3	0.0119835175891656	0.118770977111222	NA	NA
E-MTAB-3428_4	0.0107830336152945	-0.0365630177248882	NA	NA
GSE102856_1	0.0172551011957663	0.134989984648747	NA	NA
GSE103492_1	0.0183127729499348	0.076107887463388	0.0229209665678855	-0.0154223038597279
GSE103492_2	-0.0119318778950468	-0.0868347198847221	-0.0101806666754641	-0.00111047089495139
GSE103492_3	0.0193455221652779	0.0420061905625737	0.0137863635755152	-0.0198042235620107
GSE103492_4	0.0253012012194023	0.123083204661677	0.0266482747405513	-0.00845607830188323
GSE103492_5	-0.0129969135501043	-0.104199960604705	-0.00244102126261371	-0.00492390700442582
GSE103492_6	0.000244630023186376	-0.0147096411085399	-0.000155856885134043	-0.00233194841066993
GSE103492_7	0.00942529911668819	0.0998824108641715	0.000678428813955643	0.000509753882235796
GSE103492_8	0.0152112798634241	-0.021090200166691	0.0102457418998484	0.00700623878493366
GSE103492_9	0.0179595841150685	0.0224559916929068	0.00752116370653546	0.0114778791371294
GSE103492_10	0.00522232600390488	0.0584461789708912	0.000177783392377328	-0.00299390164299915
GSE106259_1	-0.0110612333022263	-0.0195399679406164	-0.0172443502070287	-0.0329139188026177
GSE110303_1	0.00922875990480935	0.089324743896714	NA	NA
GSE110303_2	-0.00857993561090022	-0.0393708278995329	NA	NA
GSE110303_3	0.00773537514280449	0.0548892511700265	NA	NA
GSE110300_1	-0.000397883134616936	-0.01679598291827	NA	NA
GSE110300_2	-9.468757123323e-05	-0.0458680421171459	NA	NA
GSE110300_3	-0.00209761010839545	-0.00763005842720599	NA	NA
GSE110281_1	0.0120128713918985	0.0734196154501739	NA	NA
GSE110281_2	0.0176323412587505	0.0952399519298648	NA	NA
GSE110281_3	0.0042693873915127	0.0304990506644073	NA	NA
GSE104459_1	0.0171649012951807	0.109766715238471	0.00321007595096102	0.00433799213632719
GSE104459_2	0.022858477418797	0.151653748758806	0.0177440639258672	0.00776724654420312
GSE104459_3	-0.0059119416509465	-0.0261907091739103	-0.00169691810290687	-0.0083575811916324
GSE110051_1	-0.0601376232518171	-0.163691254952721	-0.0660630411343564	-0.00996079539770454
GSE110051_2	-0.0359103650705545	-0.0278133746919297	-0.000252400940641245	-0.0160054262706867
GSE110051_3	-0.0516506667214113	-0.146581405205688	-0.0602091186897657	-0.0209438415621059
GSE112694_1	0.0473418422260088	0.116658299122543	0.0495650186776084	0.00451730993968828
GSE112694_2	0.0099929744001416	0.050649079527014	0.00913121627915062	0.00642241184703598
GSE112694_3	-0.0799159517832012	-0.163226008713684	-0.102094011897564	-0.0245282401482895
GSE112694_4	-0.0902567241097984	-0.194316309737734	-0.101564597176521	-0.0198682563514475
GSE97232_1	-0.000188132987495914	-0.0415238924134256	-0.00063371945646638	-0.00443172582748211
GSE114079_1	-0.000286753876273819	-0.0344681073599809	NA	NA
GSE114079_2	0.00232086451063107	0.0192096896459513	NA	NA
GSE114079_3	0.00103865901755623	0.0319383713970249	NA	NA
GSE114079_4	0.00501730622626615	0.0404486250444316	NA	NA
GSE104828_1	0.0425058669583187	0.0878608788523789	NA	NA
GSE114521_1	-0.00051005556102867	-0.0366438942452768	0.000564153911324848	-0.0027480909519685
GSE114521_2	0.00609248930297875	0.0687636330728673	0.00693947598985816	0.00298684428050234
GSE112413_1	0.0136257422073611	0.0261037667812816	0.0120357635124419	0.015612599992526
GSE112413_2	0.0165343124119096	0.0200623854696467	0.017408943771923	0.00522966294713739
GSE101909_1	0.0131615251691524	0.102690910465972	0.0145437361010371	0.0215051596075174
GSE101909_2	0.0188470969460939	0.0517925466016218	0.0186103671283482	0.00849488095011628
GSE114919_1	0.0416342525843122	0.106842459310529	0.0301337326457494	0.0123012751042187
GSE114919_2	0.0411649813431375	0.0962491052471843	0.0193724826109386	0.00659571354412204
GSE114919_3	0.0711075188406835	0.189864542895613	0.068852390360294	0.0210591848605151
GSE114919_4	0.0457082829331272	0.10165176811473	0.0377652506141961	0.0047328055187963
GSE114919_5	-0.0273533506452066	-0.0890177752784164	-0.0101159312751979	-0.0185606054267989
E-MTAB-5879_1	-0.0133145457344903	-0.0934734714264358	-0.00567643712008673	0.0293262032085562
E-MTAB-5879_2	0.0233386449428571	0.0433325805471586	0.0408452728252164	-0.00255475684249604
E-MTAB-5879_3	0.000785499314973227	-0.0117015701450597	0.0200667022899968	0.0207133458493743
E-MTAB-5879_4	0.026416519746629	0.0505301856613597	0.0514250770318482	0.0149836502435198
E-MTAB-5879_5	-0.0195531201978977	-0.0772996065369064	-0.0233594777243678	-0.0151128751135682
E-MTAB-5879_6	0.0149593182033209	0.0359588258267775	0.0459006269074674	-0.0119742594632981
E-MTAB-5879_7	-0.000208125132908046	-0.00241997581239972	0.00023738946376043	0.00402303645441884
E-MTAB-5879_8	0.00697441295281947	0.0155544873651395	0	-0.00113351093806035
E-MTAB-5879_9	-0.0032736452755074	0.0170475681473777	0	-0.00103982395099869
E-MTAB-5879_10	0.0342009578298109	0.13405685559508	0.000235843746482044	-0.00427388639703039
E-MTAB-4294_1	0.0260709225343288	0.0424237586456923	0.0530129098251578	0.00809215021849274
E-MTAB-4294_2	0.00927195395641583	-0.00876827013172404	0.010463854864435	0.00121941292129803
E-MTAB-4294_3	-0.0235356351528487	-0.0710574081504103	-0.0246254446811628	0.00748857309444378
E-MTAB-3186_1	0.0730077261424554	0.186057533529116	0.0872503238269458	0.0130788683420262
E-MTAB-3186_2	0.0397052554938923	0.104937658884023	0.0466315082683612	0.00595237066154719
E-MTAB-3186_3	0.03593670804833	0.1007451820671	0.0399139897838579	0.013922939802045
E-MTAB-3186_4	0.0451959953253466	0.139481235988472	0.0467039697471904	0.00855713913231006
GSE114919_Rat_1	0.0524194674199219	0.144608861194881	0.0310043590232861	0.00220900440229761
GSE114919_Rat_2	-0.030118046292744	-0.124647338847281	-0.0209292985221777	0.0307092254426737
GSE114919_Rat_3	0.0561416363108734	0.148786725482477	0.0656206788260097	0.0187902177649019
GSE114919_Rat_4	0.0598006886388105	0.173604638083103	0.0673440241070832	0.0223382012499392
GSE114919_Rat_5	-0.0013135932224026	-0.0283711670175583	-0.00240312325959294	0.00823777633131884
