comparisonID	jaccard	cosine	sigjaccard	chrDir
22659600_1	-0.0309292983147117	-0.0696255300193155	NA	NA
24361742_1	0.0132016349495924	0.0733763426360382	NA	NA
GSE72258_1	0	0.0854247985182597	NA	NA
GSE72258_2	0	-0.0232766419136147	NA	NA
GSE69531_1	-0.0202625281804663	-0.065350805685187	NA	NA
GSE69531_2	0.00520693839833813	0.0332394705354101	NA	NA
GSE69531_3	0.02447417652829	0.0745713845656811	NA	NA
GSE69531_4	-0.0202625281804663	-0.065350805685187	NA	NA
GSE58203_1	0.0519823935637177	0.160123538889982	NA	NA
GSE58203_2	0.0618248411673349	0.176057921153654	NA	NA
GSE58203_3	0.0651178409618336	0.165820008618047	NA	NA
GSE58203_4	0.0881195628176065	0.190340250250124	NA	NA
GSE58203_5	0.0389747874770625	0.159899305836165	NA	NA
GSE58203_6	0.0407190665465748	0.136462759350863	NA	NA
GSE58203_7	0.0367410951472711	0.125852449066506	NA	NA
GSE58203_8	0.0410501889811481	0.0792620305485473	NA	NA
GSE59642_1	-0.018262400470217	-0.0514327453307929	NA	NA
GSE59642_2	-0.00542080382645455	-0.0161140152424915	NA	NA
GSE59642_3	0.0158731081999599	0.0451566909444502	NA	NA
GSE64922_1	0.0647415849335674	0.144254276280768	NA	NA
GSE60162_1	-0.00429139620738717	-0.169901766133153	NA	NA
GSE31685_1	-0.00321353906030439	0.0423399379450422	NA	NA
E-MEXP-3890_1	0.0272945622579739	0.0590093508267575	NA	NA
GSE31980_1	-0.00999617435476553	-0.0218614713294217	NA	NA
GSE15615_1	0.0645056923143011	0.297196699973521	NA	NA
GSE15083_1	0.00372891319056675	-0.0193336057682675	NA	NA
GSE108035_1	4.66847994612038e-05	0.00429759735892777	NA	NA
GSE108035_2	-0.000268157168405036	0.0500857940968992	NA	NA
GSE108035_3	0.00210062031779602	0.0609556683565176	NA	NA
GSE21959_1	0.0145745141295244	0.0638661841415681	NA	NA
GSE21959_2	0.0119769004457268	0.047564431237084	NA	NA
GSE24742_1	-0.00992534966546935	-0.0465480416332869	NA	NA
GSE24742_2	0.00125045727979454	0.00685247098581779	NA	NA
GSE24742_3	0.00610263713919124	-0.0396426938037697	NA	NA
GSE74668_1	0.051841155005491	0.0664100224767728	NA	NA
E-GEOD-10024_1	-0.000271612467647897	-0.050709071243389	NA	NA
E-GEOD-10024_2	0.191823842589696	0.526120470124191	NA	NA
E-GEOD-12860_2	0.0591907621878949	0.335809056477557	NA	NA
E-GEOD-12860_3	0.111925811592561	0.457463793484023	NA	NA
E-GEOD-12860_4	0.0939980639626144	0.477725579583339	NA	NA
E-GEOD-12860_5	0.126392905638177	0.637723686308759	NA	NA
E-GEOD-12860_6	0.0506087074740574	0.296625490200411	NA	NA
E-GEOD-12860_7	0.0826817360252989	0.483030791647859	NA	NA
E-GEOD-12860_8	0.200394040736155	0.662769608977635	NA	NA
E-GEOD-14359_1	-0.0126112545626076	-0.0163985488255175	NA	NA
E-GEOD-14359_2	0.0234183223970159	0.0959155966299243	NA	NA
E-GEOD-1919_1	0.0342699961374873	0.00438873674065442	NA	NA
E-GEOD-1919_2	-0.0127857718593241	-0.156105483973207	NA	NA
E-GEOD-1919_3	-0.0356583297066606	-0.20491961804458	NA	NA
E-GEOD-1919_4	0.03417145089229	0.0745253726378657	NA	NA
E-GEOD-1919_5	-0.00557907492671731	-0.0889128208559176	NA	NA
E-GEOD-1919_6	0.00444504599071063	0.0877733234907555	NA	NA
E-GEOD-1919_7	-0.0304117513602754	-0.0502762659161337	NA	NA
E-GEOD-1919_8	-0.0189607551154612	-0.0310208334745483	NA	NA
E-GEOD-1919_9	-0.00552070001861094	-0.0182215035840857	NA	NA
E-GEOD-19664_1	0.0589235827459615	0.213463757667545	NA	NA
E-GEOD-19664_2	-0.0182868398051583	0.0471755826634258	NA	NA
E-GEOD-19664_3	-0.0255561614998001	-0.0470622969022941	NA	NA
E-GEOD-19664_4	0.0658380687183249	0.252888662135372	NA	NA
E-GEOD-19664_5	0.00255217911008576	0.0780238134152942	NA	NA
E-GEOD-19664_6	-0.0261961507847547	-0.0180521636502039	NA	NA
E-GEOD-43923_1	0.00220962928826887	-0.0182441512856001	NA	NA
E-GEOD-51812_1	-0.0255258965158486	-0.10215647449205	NA	NA
E-GEOD-51812_2	-0.0244269288970672	-0.0972009290336748	NA	NA
E-GEOD-68760_1	0.106379323586655	0.304009403425229	NA	NA
E-GEOD-82107_1	-0.00192486456970479	-0.0575957739380561	NA	NA
E-GEOD-9451_1	-0.0184669911921164	0.00987476573286793	NA	NA
E-GEOD-9451_2	-0.0160713409382563	-0.00788178392809178	NA	NA
E-GEOD-9451_3	0.00560677438392423	0.0160365385801663	NA	NA
E-GEOD-9451_4	-0.0157989302135237	-0.0386539879814575	NA	NA
E-MEXP-2019_1	0.00835320855166828	0.0357362415923276	NA	NA
E-MEXP-2019_2	-0.00898500166698288	-0.00367628399783495	NA	NA
E-MEXP-2019_3	0.00159158333154713	0.00960648387557007	NA	NA
E-MEXP-2019_4	-0.00503436693915069	0.0413071782665375	NA	NA
E-MEXP-2276_1	0.029674020240835	0.0887344036020077	NA	NA
E-MEXP-2488_1	-0.0393749202773011	-0.211263181403867	NA	NA
E-MEXP-3129_1	0.00295097324228294	0.0518164167862156	NA	NA
E-MEXP-3474_1	-0.0153804507199256	-0.0767284807300081	NA	NA
E-MTAB-3010_1	0.00695785558529511	0.0656897465153401	NA	NA
E-MTAB-3010_2	0.0216818530289488	0.117668121719168	NA	NA
E-MTAB-3010_3	0.0106122646371397	0.0166646910018488	NA	NA
E-MTAB-3010_4	-0.0123095045395241	-0.0385691821618706	NA	NA
E-MTAB-4152_1	0.018823083620041	0.0188739229516308	NA	NA
E-MTAB-4152_2	0.00741762409550911	0.00964148879593156	NA	NA
E-MTAB-4152_3	0.0300679475532509	0.0265915952183172	NA	NA
GSE100609_1	-0.0226526968789766	-0.0220048985692687	NA	NA
GSE100786_1	0.00727849114495944	-0.0165349757682004	NA	NA
GSE100786_2	0.00319754215975962	0.0373740258711291	NA	NA
GSE103697_1	0	-0.0516376424868898	NA	NA
GSE103697_2	0	-0.00206228933114472	NA	NA
GSE103697_3	-0.000938086303939962	-0.017929807156815	NA	NA
GSE104113_1	0.00507816243896875	0.0230954797544512	NA	NA
GSE104113_2	0.022087318556346	0.0824313822098614	NA	NA
GSE104113_3	0.00507816243896875	0.0230954797544512	NA	NA
GSE10575_1	-0.00738587322064552	-0.0289416503759605	NA	NA
GSE10575_2	-0.0184600066903273	-0.0746011179293704	NA	NA
GSE10575_3	0.00870492872261174	0.0248154045535838	NA	NA
GSE13604_1	-0.00658729279040999	-0.00771162680387739	NA	NA
GSE13837_1	-0.00114429697998732	0.00234483762260252	NA	NA
GSE13837_2	0.00555216098834639	0.0865222071335015	NA	NA
GSE13837_3	0.049277772410241	0.11952175275498	NA	NA
GSE13837_4	0.0736970032930826	0.139776444041271	NA	NA
GSE13837_5	-0.00444494013012692	0.0324709026074723	NA	NA
GSE13837_6	0.00835920737092176	0.0574839197970163	NA	NA
GSE13837_7	0.0308998653577687	0.112653788583266	NA	NA
GSE13837_8	0.0843947909782225	0.170249354980698	NA	NA
GSE13837_9	0.0192426509340931	0.00250589456668083	NA	NA
GSE13837_10	0.00747976693549967	0.0301354464040428	NA	NA
GSE13837_11	0.0128072299086814	0.0199454476524864	NA	NA
GSE13837_12	-0.0157606148752078	-0.0308033089891305	NA	NA
GSE13837_13	0.0487238361857234	0.105143534759774	NA	NA
GSE13837_14	0.0547368550112406	0.160014460386107	NA	NA
GSE13837_15	0.0677840528849646	0.162975243904905	NA	NA
GSE13837_16	0.0754716927291666	0.159377384128313	NA	NA
GSE13837_17	0.0410128637185599	0.133970141530059	NA	NA
GSE13837_18	0.0577572513764397	0.138375230916045	NA	NA
GSE13837_19	0.0665405365779084	0.13282324914808	NA	NA
GSE13837_20	0.0755068063524185	0.146750158154658	NA	NA
GSE13837_21	0.0120025462246667	0.00488560224346741	NA	NA
GSE13837_22	0.015951177905034	0.04463453818007	NA	NA
GSE13837_23	0.0165830260710951	0.055677136272701	NA	NA
GSE13837_24	0.031658098056221	0.0648743083911787	NA	NA
GSE16464_1	-0.00917025225828087	-0.0664676138845559	NA	NA
GSE16464_2	-0.00279313111939421	-0.0171805354829991	NA	NA
GSE19060_1	-0.00701760400409736	0.0161352840618869	NA	NA
GSE27372_1	0.0107388059030894	0.0444403792007012	NA	NA
GSE27390_1	0.0318968631298363	0.0921287240471925	NA	NA
GSE29106_1	0.0152495029081508	0.0837774176242276	NA	NA
GSE29107_1	-0.0185444739831715	-0.0782648414160355	NA	NA
GSE29107_2	0.00882358937467501	0.0258347997899532	NA	NA
GSE29745_1	-0.0006804004972202	1.63977176910284e-05	NA	NA
GSE29745_2	0.0193250237206155	0.0328065987440146	NA	NA
GSE29745_3	0.0139860104816957	0.0719903666350811	NA	NA
GSE35546_1	0.0172903775083286	0.08759700463823	NA	NA
GSE35546_2	0.0272700139812461	0.112265826691658	NA	NA
GSE35546_3	0.0222952569934729	0.0995790738986132	NA	NA
GSE35546_4	0.0411998984891009	0.259385249642728	NA	NA
GSE35546_5	0.0481565964937556	0.233126218045589	NA	NA
GSE35546_6	0.0396472081927723	0.206773573163719	NA	NA
GSE35955_1	-0.0176092016300526	-0.0715894086848689	NA	NA
GSE35956_1	0.0130234369898186	0.155007149248787	NA	NA
GSE35957_1	-0.00470643834035212	0.0525668332367906	NA	NA
GSE35958_1	0.0316558939920591	0.158459366527744	NA	NA
GSE39340_1	-0.00874218972687709	0.0060880397640778	NA	NA
GSE39340_2	-0.0133947857731514	-0.000719617925072168	NA	NA
GSE39340_3	0.0052699916629934	0.00692153706233741	NA	NA
GSE39795_1	-0.000176597222299021	-0.00651426234898939	NA	NA
GSE39795_2	-0.00156751460599011	-0.0475056688906468	NA	NA
GSE39795_3	-0.00245115934322213	-0.0572770678417302	NA	NA
GSE41038_1	-0.00857235601714054	-0.0390332067401955	NA	NA
GSE41038_2	-0.00553738768332663	-0.0175726060950328	NA	NA
GSE41038_3	-0.00162036130006741	-0.0187975448440939	NA	NA
GSE41992_1	-0.0110402001005921	-0.0519227395678133	NA	NA
GSE42235_1	-0.0173176961916031	-0.0396897774209706	NA	NA
GSE42235_2	-0.0109672589376284	-0.0490650359514742	NA	NA
GSE42235_3	-0.00491017794393926	-0.00591868704860174	NA	NA
GSE42235_4	-0.00364117300858988	0.00913461934622898	NA	NA
GSE45233_1	0.00612446231429719	0.00777249006477038	NA	NA
GSE45233_2	-0.0140031957811936	-0.0336897164265209	NA	NA
GSE45233_3	0.000428639651436477	-0.0234219923841692	NA	NA
GSE45233_4	0.0200331851311427	0.0195157915892318	NA	NA
GSE46053_1	0.0114368954673743	0.0462172858047602	NA	NA
GSE46053_2	0.0200179053163172	0.0470881345353832	NA	NA
GSE46750_1	-0.00899714452028495	0.00425699466414353	NA	NA
GSE51588_1	-0.0163790662995518	-0.0350270990586493	NA	NA
GSE52817_1	0.0177527154777271	0.078780650881571	NA	NA
GSE52817_2	-0.0173021665131934	-0.100014572819851	NA	NA
GSE52817_3	-0.00960730683137484	-0.0164462405048663	NA	NA
GSE52817_4	0.0210964309128328	0.132817284497374	NA	NA
GSE55235_1	0.0551018600892193	0.16359506172555	NA	NA
GSE55235_2	0.0175122336356434	0.0692598696512073	NA	NA
GSE55235_3	-0.039872850874564	-0.0458573128359333	NA	NA
GSE55457_1	0.0495523649593368	0.144372679587982	NA	NA
GSE55457_2	0.042653342641998	-0.00321334241186647	NA	NA
GSE55584_1	0.0397337277166994	0.158573474810211	NA	NA
GSE57218_1	0.00348175687274514	0.0176525510173412	NA	NA
GSE57218_2	0.010579544637634	0.037135268393068	NA	NA
GSE57218_3	0.00544847703564809	0.0327355033876346	NA	NA
GSE60762_1	0.0505540527216843	0.17886359281955	NA	NA
GSE62914_1	-0.00912256517655447	-0.0484337595730373	NA	NA
GSE62914_2	-0.00475248679438681	-0.0285086738610755	NA	NA
GSE62914_3	0.00166561820010554	0.0177095134127354	NA	NA
GSE62914_4	-0.00112047763763948	0.00382343020805866	NA	NA
GSE64394_1	0.0320025434478546	0.0334901358824398	NA	NA
GSE66635_1	0.000908784805255491	-0.0193786658563046	NA	NA
GSE68038_1	-0.00621909196019606	-0.0270321463779918	NA	NA
GSE68428_1	0.0794380209184681	0.185955724059951	NA	NA
GSE68428_2	0.0866629837597443	0.175533865857422	NA	NA
GSE68428_3	0.0959012348508738	0.183735575304095	NA	NA
GSE69459_1	0.00611924849140191	-0.0267685054259759	NA	NA
GSE69459_2	0.01672316479301	0.0445387142184519	NA	NA
GSE69459_3	-0.00276984932353374	-0.0315564319445956	NA	NA
GSE69459_4	-0.000287586007137238	-0.0379811286144252	NA	NA
GSE69992_1	0.0287338442836038	0.0434782120141055	NA	NA
GSE70719_1	0.0301685182716494	0.275014333099318	NA	NA
GSE7116_1	0.00106626399234584	0.00425613375698399	NA	NA
GSE7116_2	0.0350291267324616	0.0193604243413704	NA	NA
GSE7116_3	0.0161954823594994	0.0115608401002863	NA	NA
GSE72575_1	0.0408628708039015	0.0935648526352492	NA	NA
GSE72575_2	0.0420785662270518	0.0928260184041704	NA	NA
GSE72575_3	0.0470086781648123	0.0646086492548075	NA	NA
GSE72575_4	0.0160550458715596	0.111158121861528	NA	NA
GSE75181_1	0.0425300132554296	0.102327245011624	NA	NA
GSE75181_2	0.127076731267713	0.255223984527289	NA	NA
GSE75181_3	0.0646116014076237	0.155556380985843	NA	NA
GSE75230_1	-0.00478666880892739	-0.0365024511108915	NA	NA
GSE7669_1	-0.0403555145653505	-0.133772891038312	NA	NA
GSE77916_1	-0.00187265917602996	0.00157151493066123	NA	NA
GSE80614_1	0.00489948265948603	0.0287715674164281	NA	NA
GSE80614_2	6.56249582638236e-05	0.00515047814032958	NA	NA
GSE80614_3	0.00465063520871143	0.0205178855349205	NA	NA
GSE80614_4	-0.0104675550135522	-0.0484946382779367	NA	NA
GSE80614_5	-0.0169323019484861	-0.065716231055408	NA	NA
GSE80614_6	-0.0163099791968218	-0.0519775087846254	NA	NA
GSE80614_7	-0.00277568694072361	-0.0347638922265744	NA	NA
GSE80614_8	-0.0139953245248483	-0.0302834572988758	NA	NA
GSE80614_9	0.00349573203524691	0.00155617031101821	NA	NA
GSE80614_10	0.00211893116043952	-0.0105694818920696	NA	NA
GSE80614_11	0.00577731092436975	-0.0331747332912714	NA	NA
GSE80614_12	-0.00308817531781519	-0.0276552253830882	NA	NA
GSE80614_13	-0.0108919425601587	-0.0372178748668344	NA	NA
GSE80614_14	-0.00961063903449006	-0.0425463502467364	NA	NA
GSE80614_15	-0.00811665443871757	-0.0196931557375358	NA	NA
GSE80614_16	-0.00521263904296032	-0.000601244249306364	NA	NA
GSE85254_1	0.105069502085235	0.214231985817003	NA	NA
GSE86578_1	0.0274961632309551	0.0773842765185269	NA	NA
GSE86578_2	0.0370300738044241	0.113067758121343	NA	NA
GSE86578_3	0.0901823520321351	0.181854198461017	NA	NA
GSE9329_1	-0.00920378279808251	-0.0886430854764266	NA	NA
GSE93698_1	-0.0125471149001231	-0.0477616354398918	NA	NA
GSE93698_2	-0.017411250406285	-0.057257520092078	NA	NA
GSE93698_3	-0.0350465559077917	-0.107470464566437	NA	NA
GSE93698_4	-0.0144255636433052	-0.0743699345064002	NA	NA
GSE93698_5	-0.0371992821133694	-0.124999849179422	NA	NA
GSE93698_6	-0.00584823577437814	-0.00456258804998091	NA	NA
GSE93698_7	-0.0259477697211351	-0.093419239195218	NA	NA
GSE93698_8	-0.00837310932556834	-0.0511409534332807	NA	NA
GSE93698_9	-0.0625413025646918	-0.161383701594938	NA	NA
GSE93698_10	-0.026134870232238	-0.0970589695517778	NA	NA
GSE93698_11	0.0044413574814579	-0.0421704484576801	NA	NA
GSE93698_12	-0.0488119753572463	-0.147996301795075	NA	NA
GSE93698_13	0.0238256021867979	0.0674238893707	NA	NA
GSE93698_14	-0.0516833717256556	-0.0871398028430852	NA	NA
GSE93698_15	-0.0513414302691473	-0.119178346971397	NA	NA
GSE93720_1	0.0810074925970109	0.200307241130575	NA	NA
GSE93720_2	0.0775797309449224	0.199120106811842	NA	NA
GSE93720_3	0.0761131362383913	0.198950112764185	NA	NA
GSE93720_4	0.0594032817121071	0.141128963799676	NA	NA
E-MTAB-5564_1	-0.0320050317599914	-0.0801918780562429	NA	NA
GSE77753_1	0.015446859271612	0.0261163324240791	NA	NA
GSE43861_1	-0.00279980214516297	0.0122132463230665	NA	NA
GSE112809_1	-0.000924214417744917	0.0227576212484925	NA	NA
GSE111946_1	0.00778433219777198	0.0109108368408331	NA	NA
GSE111946_2	-0.000140442424847698	0.00813381053641687	NA	NA
E-MTAB-3201_1	0.0156577890981187	-0.000474944410995766	NA	NA
GSE57740_1	0.00684312662534078	0.0264364887281717	NA	NA
GSE52992_1	-0.00652114628953329	-0.0561136474413344	NA	NA
GSE17160_1	0.0278453253077217	0.0949562671954437	NA	NA
GSE17160_2	0.0230006206582489	0.155576139823688	NA	NA
GSE17160_3	0.00554912970633774	0.0127961745154836	NA	NA
GSE17160_4	0.0465107735289113	0.132615587395779	NA	NA
GSE17160_5	0.0231867647786155	0.130427239736095	NA	NA
GSE17160_6	0.0210265127084733	0.1370507640072	NA	NA
GSE17160_7	0.0176674157914725	-0.00614157768571587	NA	NA
GSE17160_8	0.0678560303828797	0.158932365141657	NA	NA
GSE17160_9	-0.016158864962401	-0.029185052717865	NA	NA
GSE17160_10	-0.0163843095578989	-0.0437190588018042	NA	NA
GSE17160_11	-0.0166031280492477	-0.0400664544202997	NA	NA
GSE17160_12	-0.00169725216640881	-0.00371591184858966	NA	NA
GSE22971_1	0.00124608150470219	-0.00047908120453759	NA	NA
GSE22971_2	-0.000975271706979024	0.0165734173503248	NA	NA
GSE22971_3	0.00178720001973066	-0.041707039250157	NA	NA
GSE22971_4	0.00464126316966798	-0.0388674736122202	NA	NA
GSE13590_1	-0.0177061122178794	-0.0322800776061104	NA	NA
GSE13590_2	0	-0.0100283530736963	NA	NA
GSE99731_1	-0.000204820052604889	-0.0139508847179749	NA	NA
GSE99731_2	0.0017181185852734	-0.0309288979356146	NA	NA
GSE99731_3	-0.00140884084728084	0.0319343194622803	NA	NA
GSE27492_1	-0.00278293135435993	-0.0336354246965633	NA	NA
GSE27492_2	0.00648000857463279	0.0359054739612594	NA	NA
GSE27492_3	0.00909456997604594	0.0118349883013043	NA	NA
GSE27492_4	0.00224214254967706	0.000112904971198928	NA	NA
GSE27492_5	0.00389183475201152	0.0203263796230936	NA	NA
GSE27492_6	-0.019055192421347	-0.0602436031568901	NA	NA
GSE27492_7	-0.00864774308668357	-0.0483424839367551	NA	NA
GSE27492_8	-0.0170113224084308	-0.0581679570455073	NA	NA
E-GEOD-15069_1	-0.00706983349775714	-0.0566880766569867	NA	NA
E-GEOD-15069_2	0.00166967752311141	-0.011706937964116	NA	NA
E-GEOD-15069_3	0.00681744260431059	0.0372133029366161	NA	NA
E-GEOD-15069_4	0.0017388783578807	-0.00826272607052645	NA	NA
E-GEOD-15118_1	0.00167525520700668	0.0825965361020709	NA	NA
E-GEOD-15118_2	0	-0.0647271912377994	NA	NA
E-GEOD-15118_3	-0.0046583255928592	-0.0190558416515321	NA	NA
E-GEOD-15118_4	0.000636834880473397	0.0653880517612084	NA	NA
E-GEOD-16007_1	-0.0194277896920029	-0.0335253785003375	NA	NA
E-GEOD-17473_1	0.0013287520626313	-0.0489278119482801	NA	NA
E-GEOD-18647_1	0.0149911223017792	0.0326566473553567	NA	NA
E-GEOD-18647_2	0.005606698309413	0.0552399382680205	NA	NA
E-GEOD-18647_3	0.00537881580541089	0.0200083486474383	NA	NA
E-GEOD-18647_4	0.00115784305609391	0.032641232006917	NA	NA
E-GEOD-18648_1	0.0192872708323464	0.0598865187503249	NA	NA
E-GEOD-18648_2	0.0184779028355634	-0.00210045844208592	NA	NA
E-GEOD-2154_1	0.00147333219596042	0.0510021897869999	NA	NA
E-GEOD-2154_2	0.0245333405377956	0.0558108805733752	NA	NA
E-GEOD-2154_3	0.0130339942238728	0.0336212800606826	NA	NA
E-GEOD-2154_4	-0.00364379489172607	0.00730448899139749	NA	NA
E-GEOD-26475_1	0.0145795571151782	0.0237549602514867	NA	NA
E-GEOD-26475_2	0.0148113641835454	0.0128865325197128	NA	NA
E-GEOD-26475_3	0.0184433387823691	-0.00362130650784931	NA	NA
E-GEOD-33567_1	-0.0151946691209086	-0.0258720440756349	NA	NA
E-GEOD-33567_2	0.00484547511532112	0.0041626212611299	NA	NA
E-GEOD-37287_1	0.00233548204070827	0.00454426748457164	NA	NA
E-GEOD-37287_2	-0.0112742561080666	-0.0910828269983928	NA	NA
E-GEOD-37287_3	0.00497805435352787	0.0381023205326262	NA	NA
E-GEOD-51994_1	-0.0165994794672303	-0.0935734266486978	NA	NA
E-GEOD-51994_2	-0.0131697180256368	-0.107144140998462	NA	NA
E-GEOD-51994_3	-0.00998009674552369	-0.0692998573952897	NA	NA
E-GEOD-65077_1	0.00175438596491228	0.068653395593505	NA	NA
E-MEXP-1244_1	0.000513241948301109	0.100272238901502	NA	NA
E-MTAB-1123_1	0.0261478237102562	0.0434287978330903	NA	NA
E-MTAB-1123_2	0.0178773195168268	0.0539682926619977	NA	NA
E-MTAB-1123_3	9.16912225722671e-05	0.0430038012068932	NA	NA
E-MTAB-1123_4	-1.88285235014207e-05	0.0532454426836795	NA	NA
E-MTAB-1391_1	0.0108789288226145	0.0807465147773033	NA	NA
E-MTAB-1391_2	-0.00303376566075583	0.0244653660857085	NA	NA
E-MTAB-1391_3	-0.0157997185157625	-0.0103247483298516	NA	NA
E-MTAB-2450_1	-0.0137166633789056	-0.0194490906529324	NA	NA
E-MTAB-2450_2	0.00407065375506744	-0.0389403837464097	NA	NA
E-MTAB-2450_3	0.0108432551942872	0.00338949072301313	NA	NA
E-MTAB-2450_4	-0.0143411988619899	0.0204480279748189	NA	NA
E-MTAB-5023_1	0.0039773059550826	0.0562645252717027	NA	NA
E-MTAB-5326_1	0.00588419726392164	0.0161510474162222	NA	NA
E-MTAB-5326_2	0.0074565630456358	0.012626865888284	NA	NA
E-MTAB-5326_3	0.0112132670425389	0.0365229326628191	NA	NA
GSE102588_1	-0.00430164770049107	-0.0730028638203279	NA	NA
GSE104793_1	0.00124272184789055	0.0279105453123904	NA	NA
GSE104794_1	0.0196716836925068	0.0513021055284461	NA	NA
GSE104795_1	0.0194313508099178	0.0555298641549552	NA	NA
GSE105139_1	0	-0.0147394559837334	NA	NA
GSE105139_2	0.0421213816135849	0.147513178033578	NA	NA
GSE105139_3	0.0389974749836342	0.162661159312599	NA	NA
GSE10555_1	-0.0210794297468929	-0.0629624101898273	NA	NA
GSE10556_1	-0.00275457323476288	-0.0375109511972322	NA	NA
GSE106631_1	0.0457132038940031	0.129385160279383	NA	NA
GSE13104_1	0.0244022043406475	0.115171629856434	NA	NA
GSE13104_2	0.0116505376226065	0.0556932842547369	NA	NA
GSE13104_3	0.0198412426288451	0.0609915593467207	NA	NA
GSE16749_1	0.0116643024016922	0.0431459408739313	NA	NA
GSE16749_2	-0.00738717552968864	0.062462332019106	NA	NA
GSE16749_3	-0.00373612745560788	-0.0445896452688266	NA	NA
GSE17348_1	-0.0310042303585379	-0.0593439938661416	NA	NA
GSE17563_1	-0.00370351933100793	-0.0338604860667276	NA	NA
GSE17563_2	-0.0119586855499091	-0.0277739724074026	NA	NA
GSE17569_1	-0.00721016208779403	-0.0207873374639687	NA	NA
GSE17569_2	0.00261414181364584	0.00525123099374073	NA	NA
GSE17570_1	-0.00150739416419708	-0.0110033992886401	NA	NA
GSE17570_2	-0.00877955477325578	-0.0114949657327975	NA	NA
GSE18991_1	0	-0.0865669519839883	NA	NA
GSE18992_1	0.00235849056603774	-0.00497791276832212	NA	NA
GSE19299_1	0.00657638630050615	-0.0154437860281241	NA	NA
GSE20850_1	0.0241935591525668	0.0573704698525324	NA	NA
GSE21093_1	-0.0104011148630289	-0.0291163382841079	NA	NA
GSE21523_1	0.0182608808108334	0.0133344113915448	NA	NA
GSE21639_1	0.000884009648646475	-0.0422246935922423	NA	NA
GSE21639_2	-0.000779751442321057	0.0489687010409739	NA	NA
GSE21639_3	-0.00833655371767968	-0.0699756774572163	NA	NA
GSE21639_4	-0.0274420037667298	-0.0264932004598024	NA	NA
GSE21710_1	-0.00959131346978023	-0.0162659659261959	NA	NA
GSE21710_2	-0.00626154796505746	-0.0106093764289024	NA	NA
GSE21710_3	-0.00577101278762556	-0.0154001997889935	NA	NA
GSE22925_1	0.0178734803529163	0.0189553109147848	NA	NA
GSE22925_2	0.00952549063317035	0.0281837666312324	NA	NA
GSE26499_1	-0.0169476580440098	-0.0809739953067739	NA	NA
GSE30160_1	-0.0160937437063932	-0.00962681672607477	NA	NA
GSE30628_1	0.00380748747031866	-0.0773294859200474	NA	NA
GSE30628_2	0.0130427625891836	0.0101329890145949	NA	NA
GSE32163_1	-0.0159126302349351	0.0155647910779361	NA	NA
GSE33656_1	-0.0220381719599025	-0.0328602859033947	NA	NA
GSE33754_1	0.0159263951049084	-0.0179300826525599	NA	NA
GSE33754_2	0.00174835473872095	0.0248560085563251	NA	NA
GSE33754_3	-0.00280367900475699	0.00104857488935413	NA	NA
GSE34570_1	-0.00540229049027863	-0.0101980473514892	NA	NA
GSE35003_1	-0.00747999120494615	0.0189794821516519	NA	NA
GSE35466_1	0.063843185899956	0.220530952090284	NA	NA
GSE35466_2	0.0224578343562922	-0.0102642289307337	NA	NA
GSE35466_3	0.0426406630760397	0.17593175378154	NA	NA
GSE35466_4	0.0391552138834379	0.0484289445882	NA	NA
GSE35466_5	0.0399834226861688	-0.0211656740222007	NA	NA
GSE36925_1	0.00544231807048861	0.00938147533157584	NA	NA
GSE36925_2	0.0279866119176469	0.0250280502031929	NA	NA
GSE36925_3	0.0258155794170509	0.0204631354103053	NA	NA
GSE37219_1	-0.0177313072963901	-0.101594105717414	NA	NA
GSE37676_1	0.00625579826033803	0.0125532839917037	NA	NA
GSE41342_1	-0.010451976658265	-0.0421736639055034	NA	NA
GSE41342_2	-0.00881148532618079	-0.0125262266581537	NA	NA
GSE41342_3	-0.00217194877594941	0.00450648207873171	NA	NA
GSE41342_4	-0.00569805627052454	-0.0449729520984577	NA	NA
GSE41997_1	-0.00305191939571497	-0.0355158772840117	NA	NA
GSE43242_1	-0.0123358608949827	0.00330723577804917	NA	NA
GSE43242_2	-0.00298110818598265	0.0194398701592196	NA	NA
GSE43663_1	0.000939337926398925	0.0299122174044517	NA	NA
GSE43854_1	0.0142621833617566	0.0196767153857789	NA	NA
GSE45656_1	0.00618634091227143	0.0234973318134898	NA	NA
GSE45656_2	0.0133119259920207	0.0641150646925216	NA	NA
GSE45656_3	0.00558363357928607	0.0445682920692182	NA	NA
GSE45793_1	-0.0199714646791785	-0.118296572168628	NA	NA
GSE45793_2	-0.00897811156695041	-0.0879890833306835	NA	NA
GSE45793_3	-0.0271003543724807	-0.139380351964347	NA	NA
GSE45793_4	-0.0129109369633359	-0.116943082278305	NA	NA
GSE45793_5	-0.0286266324303217	-0.127855589034588	NA	NA
GSE46390_1	-0.0111538317080727	0.00691976315726917	NA	NA
GSE48438_1	0.0101763434484056	0.00201052932658704	NA	NA
GSE50549_1	0.00248786771016747	0.0132642842671237	NA	NA
GSE50549_2	0.00477565805772744	0.0141826006206249	NA	NA
GSE51098_1	-0.00371274979993195	0.0166738355374901	NA	NA
GSE53857_1	-0.00028843340610237	-0.00973279890950091	NA	NA
GSE53857_2	-0.00145227645068073	0.0183001447801667	NA	NA
GSE53857_3	0.00179972417091837	0.018798055714782	NA	NA
GSE53982_1	-0.0213500298290252	-0.0312066610765727	NA	NA
GSE53982_2	0.0247912180261568	0.0874385794828145	NA	NA
GSE54779_1	0.021252595699461	0.0363305653843625	NA	NA
GSE55900_1	0	0.0310473978338741	NA	NA
GSE57104_1	-0.00713258710976186	-0.0389382189000162	NA	NA
GSE59387_1	0.0284730133642911	0.0803723853343392	NA	NA
GSE60401_1	0.0378904423812658	0.212855376045393	NA	NA
GSE60401_2	-0.0128435887261104	-0.124596411127828	NA	NA
GSE60651_1	-0.041252600863011	-0.0683424523186873	NA	NA
GSE60737_1	0.0334002593404476	0.143635555854075	NA	NA
GSE60761_1	0.00545665162785026	0.0190553973383103	NA	NA
GSE60761_2	0.00235849056603774	-0.0378198593622075	NA	NA
GSE60761_3	0.004164735115409	0.0818097495023039	NA	NA
GSE60761_4	0.0263450759876808	0.108122901119044	NA	NA
GSE63017_1	0	0.0224332988454841	NA	NA
GSE63017_2	0.000924214417744917	0.0331199619399776	NA	NA
GSE63017_3	-0.000980697928672281	-0.00657212092428972	NA	NA
GSE63017_4	0.00115314009359332	0.00310116512421934	NA	NA
GSE63939_1	-0.00454930128494069	-0.00739262827318607	NA	NA
GSE63939_2	0.0189756132961962	0.0609239909348704	NA	NA
GSE64141_1	-0.00733668907798691	-0.0281157700592047	NA	NA
GSE64965_1	0.0299244359255746	0.205122434052466	NA	NA
GSE65745_1	0	0.0116516513414215	NA	NA
GSE65745_2	0.000929368029739777	0.0215532266664289	NA	NA
GSE65745_3	0	0.029442875910467	NA	NA
GSE66416_1	-0.021271477111044	0.0108786400841748	NA	NA
GSE66862_1	-0.0138810658811603	0.00843564261250864	NA	NA
GSE69108_1	-0.00333275964468851	0.00506770944134112	NA	NA
GSE71565_1	0.0185474189915399	0.0894108709290731	NA	NA
GSE72261_1	-0.000967551484894133	-0.018002731956183	NA	NA
GSE72261_2	0.0201206063285463	0.0253879492113408	NA	NA
GSE72261_3	0.0204861238356028	0.0287030486075983	NA	NA
GSE7683_1	-0.0034142932563975	0.0551910397270397	NA	NA
GSE7683_2	-0.012483714469194	-0.0779364535113734	NA	NA
GSE78980_1	0.00852200322304591	0.0326082424905485	NA	NA
GSE78980_2	-0.000299427499114752	-0.0506529896323549	NA	NA
GSE78980_3	-0.00137387125579117	0.00541193154390594	NA	NA
GSE78980_4	-0.00309698968374767	0.0153341860483499	NA	NA
GSE78980_5	-0.008295204391763	-0.0328680971787872	NA	NA
GSE78980_6	-0.00745807731694829	-0.0343065432983745	NA	NA
GSE78980_7	-0.00841377239678522	-0.0503619272452486	NA	NA
GSE78980_8	-0.0110499246412158	-0.0571846082131683	NA	NA
GSE78980_9	-0.0118137539986063	-0.0492206392201752	NA	NA
GSE78980_10	-0.012074824755633	-0.0647159419715144	NA	NA
GSE81399_1	-0.00372302330922498	0.00926516666138044	NA	NA
GSE84609_1	-0.0308852754935384	-0.0689458449953153	NA	NA
GSE84907_1	0.0112460833714581	-0.0124518574218426	NA	NA
GSE84907_2	0.0112905940894767	-0.0030511919715927	NA	NA
GSE84907_3	-0.00581218851238884	0.0135019984132421	NA	NA
GSE90127_1	-0.0045277629557831	0.0187299031398606	NA	NA
GSE90127_2	-0.0206852004115153	-0.0880754355244008	NA	NA
GSE90127_3	0.00281314557287659	0.0646794840785014	NA	NA
GSE9247_1	-0.0077931564768111	0.033049798304528	NA	NA
GSE9247_2	-0.0041903496674252	-0.017413764010392	NA	NA
GSE9247_3	-0.000267400265954182	-0.00212615907800309	NA	NA
GSE99306_1	-0.0142892924303568	-0.0648117888106068	NA	NA
GSE99306_2	-0.0261007805531282	-0.0892323162580048	NA	NA
GSE99306_3	0.0240895278532343	0.0447492998704327	NA	NA
GSE99306_4	-0.0251661691972387	-0.0735871141967646	NA	NA
GSE99306_5	-0.019594572055786	-0.0582049260504289	NA	NA
GSE99306_6	-0.0259538423338828	-0.0797217158471207	NA	NA
GSE99306_7	0.0171103137035524	0.0697146412665777	NA	NA
GSE99306_8	-0.0220412629676899	-0.0809602935113593	NA	NA
GSE99306_9	-0.0188943408910467	-0.0701450381696663	NA	NA
GSE99306_10	0.00570259619245621	0.000227913218573813	NA	NA
GSE99306_11	-0.0127785446963852	-0.0496201406647011	NA	NA
GSE99306_12	-0.0309101771850884	-0.081107594285838	NA	NA
GSE99306_13	0.0252507835334466	0.0529544238791648	NA	NA
GSE99414_1	0.0046169887562577	-0.0134368887017828	NA	NA
GSE110581_1	0.00641401581819695	0.0715180516196549	NA	NA
GSE110581_2	0.00226244343891403	0.0312123367826663	NA	NA
GSE47799_1	0.00485487529050732	-0.0261712333383573	NA	NA
GSE47799_2	-0.000856176933408213	-0.0598719072222936	NA	NA
GSE47799_3	0.00553948356328892	0.0356822318310325	NA	NA
GSE111628_1	0.0142615693830564	0.108498065397671	NA	NA
GSE111628_2	-0.00255446308077887	0.168965061627354	NA	NA
GSE111628_3	0.00873660002027673	0.18388016733001	NA	NA
GSE5657_1	-0.00019409392534563	-0.00438968904018039	NA	NA
GSE5657_2	0.00585585585585586	-0.0262213948812624	NA	NA
GSE13782_1	0.0186426651689144	0.015854134759097	NA	NA
GSE41039_1	-0.00403796653796654	-0.0248345343606638	NA	NA
GSE84198_1	-0.00341296928327645	0.0182799908365777	NA	NA
GSE84198_2	-0.0113226168870869	-0.0197904980365644	NA	NA
GSE84198_3	-0.00955406773256715	-0.0169587135440829	NA	NA
E-GEOD-54216_1	-0.00553467410440119	-0.0257726919286416	NA	NA
E-GEOD-54216_2	-0.0124808676909701	-0.0267074977887395	NA	NA
E-GEOD-54216_3	-0.0154300744481452	-0.0100830224130787	NA	NA
E-GEOD-6119_1	0.0466991864851005	0.133204460632841	NA	NA
E-GEOD-6119_2	0.0452156867001881	0.131261100327391	NA	NA
E-GEOD-6119_3	0.0422693925128508	0.126061459858603	NA	NA
E-GEOD-8077_1	0.00316340676079367	-0.026568992153101	NA	NA
E-GEOD-8077_2	-0.002084694117118	-0.0125614650533687	NA	NA
E-GEOD-8077_3	-0.00713429987004549	0.0148375680971238	NA	NA
GSE103416_1	0.0109210762474444	-0.00322543881136357	NA	NA
GSE103416_2	0.0056221190437866	-0.0331826648062616	NA	NA
GSE103416_3	-0.00312958002764034	-0.0324690233054648	NA	NA
GSE19950_1	0.0183653693540168	0.101820865658058	NA	NA
GSE30322_1	-0.0212253052255959	-0.0918497076367079	NA	NA
GSE30322_2	-0.0201787557830426	-0.0953841233152073	NA	NA
GSE30322_3	-0.000528618674422568	-0.0816777125366692	NA	NA
GSE42295_1	0.00431541642185273	-0.048694618903035	NA	NA
GSE42295_2	0.00264361903587503	-0.0673848184476952	NA	NA
GSE42295_3	0.00114004874821553	-0.0663745551079961	NA	NA
GSE66554_1	-0.0242962084744792	-0.0886760860599873	NA	NA
GSE66554_2	-0.0267976440820808	-0.0491298467875685	NA	NA
GSE66554_3	-0.0204494278690401	-0.0355399792423103	NA	NA
GSE66554_4	0.0282267318861509	0.181451858519126	NA	NA
GSE74898_1	0.000702023373811813	-0.0957055416305401	NA	NA
GSE74898_2	0.00231117398562249	-0.0574742738982014	NA	NA
GSE74898_3	-0.00547468093238154	-0.0998261273326933	NA	NA
GSE79176_1	0	-0.0122232357893612	NA	NA
GSE79176_2	0.00124698089282836	-0.0339775705595604	NA	NA
GSE79176_3	-0.000929368029739777	-0.0251787925773435	NA	NA
GSE85785_1	0.00473652075863968	0.0587568914261643	NA	NA
GSE23492_1	0.00464464003335673	0.0130172096868828	NA	NA
GSE23492_2	-0.0031845218290129	0.0103863160560003	NA	NA
GSE23492_3	-0.0262821685830126	-0.0557480622175511	NA	NA
GSE23492_4	-0.0290363250125967	-0.0785887083311552	NA	NA
GSE23492_5	0.0268828665931659	0.0685793203716831	NA	NA
GSE44991_1	-0.000996929104554917	0.00689874841245524	NA	NA
GSE44991_2	-0.00504927502696326	-0.0232346483845551	NA	NA
GSE39796_1	-0.00634866407929535	-0.000853310601603174	NA	NA
GSE39796_2	-0.0156495515415718	-0.00403167117770587	NA	NA
GSE39796_3	-0.0048333463447368	0.00353176113302743	NA	NA
GSE18394_1	-0.00280386630851438	0.00819041319354727	NA	NA
GSE18394_2	-0.00613858023674631	-0.0106907239976676	NA	NA
GSE18394_3	-0.0075540726708587	0.0163876675087678	NA	NA
GSE29233_1	0.0120095474024536	0.0438899183061474	NA	NA
E-MEXP-2291_1	0.00452751862293963	0.00805213939515526	NA	NA
E-MEXP-2291_2	0.00766595350836619	0.0867255376931929	NA	NA
E-MEXP-2291_3	-0.00359031451677364	-0.0705874258114304	NA	NA
GSE107363_1	-0.0052016082962796	-0.033726782247087	NA	NA
GSE85761_1	0.0104808962108535	0.133535672086698	NA	NA
GSE89179_1	-0.0144308572763699	-0.0067365783550091	NA	NA
GSE89179_2	0.0074818263982575	-0.0423476908097897	NA	NA
GSE89179_3	-0.0249447255323572	-0.0727954094916086	NA	NA
GSE89179_4	-0.0223984656184798	-0.070043702114283	NA	NA
GSE89179_5	0.0245195095014228	0.0568869674046679	NA	NA
GSE89179_6	-0.00254016816184688	0.0193517296837738	NA	NA
GSE89179_7	0.0183316441908064	0.0594086687854238	NA	NA
E-GEOD-57723_1	0.0299655312626156	0.0553873194970664	NA	NA
E-GEOD-57723_2	-0.0244630478397862	-0.0570341283996228	NA	NA
E-GEOD-57723_3	0.0240435132259176	0.07443533710024	NA	NA
E-GEOD-83930_1	-0.000302457067018207	-0.0510446691809957	NA	NA
GSE100268_1	0.0325502808083046	0.0879892597904788	NA	NA
E-GEOD-55769_1	0.0137749287749288	0.0618777628313108	NA	NA
E-GEOD-55769_2	0.00354347540121021	0.0938096381580868	NA	NA
E-GEOD-55769_3	0.0116864848418389	0.103706053621584	NA	NA
E-GEOD-69110_1	0.0117586168730983	0.0190467529020715	NA	NA
E-MTAB-4304_1	0.00707749607082578	-0.0487211447500118	NA	NA
E-MTAB-4879_1	-0.00804086961349221	-0.0500137368633505	NA	NA
E-MTAB-4879_2	-0.01195458726325	0.0167996288113949	NA	NA
E-MTAB-4879_3	0.00908862100775705	-0.00287741394827358	NA	NA
E-MTAB-4879_4	-0.00662937594269312	-0.00891458879612437	NA	NA
Cytokine_Explant_1	-0.00410048150699328	-0.0306417756601291	NA	NA
Cytokine_Explant_2	0.0562772369991765	0.0865880321123845	NA	NA
Cytokine_Explant_3	0.0617421592829607	0.126927645346152	NA	NA
Cytokine_Explant_4	-0.00107713533239773	-0.0494744062605462	NA	NA
Cytokine_Explant_5	0.0169908245325823	0.0234104583639306	NA	NA
FN1_Explant_1	0.0608224659325252	0.191087944846514	NA	NA
E-MTAB-6266_1	-0.0171894737805705	-0.0476389364037837	NA	NA
E-MTAB-6266_B_1	-0.0213892413868087	-0.0723979606577716	NA	NA
E-MTAB-6266_B_2	-0.0129774934386791	-0.0178775787306819	NA	NA
E-MTAB-6266_B_3	0.000372358388241425	0.064418880476707	NA	NA
GSE70667_1	0.000920720946358047	-0.109500035069586	NA	NA
GSE87608_1	-0.00178474190889742	-0.0665252304026341	NA	NA
GSE87608_2	0.0105789257145477	-0.0683063256657447	NA	NA
GSE87608_3	0.0116206161363044	-0.0235117218701158	NA	NA
GSE87608_4	-0.0142270091886196	0.00744488574072886	NA	NA
GSE90890_1	-0.0122855124437262	-0.0385799263208771	NA	NA
GSE97118_1	-0.00317802878291458	0.0470604495924856	NA	NA
GSE97118_2	0.000270199595796668	-0.0120194071937345	NA	NA
GSE97118_3	-0.00395354386657741	0.0497418633398488	NA	NA
GSE97118_4	0.00699547152939462	0.012781229016416	NA	NA
GSE97118_5	0.00468082918400002	-0.000414967227946457	NA	NA
GSE97118_6	0.00732760564279351	0.0322115627425403	NA	NA
GSE97118_7	-0.0109082117651449	-0.00161587749093403	NA	NA
GSE107592_1	0.00714531171880592	0.00995613283849931	NA	NA
GSE92641_1	0.0119788251287395	0.0544815735666807	NA	NA
GSE107849_1	0	-0.0146866233367673	NA	NA
E-ERAD-89_1	-0.00181617788000767	0.0100804757185889	NA	NA
E-ERAD-89_2	-4.80892536547839e-06	-0.0109089557183312	NA	NA
E-ERAD-89_3	-0.00174520069808028	-0.018426167491886	NA	NA
E-ERAD-89_4	1.71150818100915e-06	0.00451646088896265	NA	NA
E-GEOD-45893_1	0	0.0130910438278833	NA	NA
E-GEOD-53105_1	-0.000812852576576672	0.0402398000420173	NA	NA
E-GEOD-53105_2	-0.00874937746387045	-0.0111721122819478	NA	NA
E-GEOD-54461_1	-0.00168836876872428	-0.0363249131957018	NA	NA
E-GEOD-54461_2	-0.00219081181336079	-0.0162950421504284	NA	NA
E-GEOD-54461_3	0.00669477209842585	-0.0158104330366133	NA	NA
E-GEOD-54461_4	0.0103789807829393	-0.0136014406140289	NA	NA
E-GEOD-54461_5	0.0146925782135394	0.00205476891746734	NA	NA
E-GEOD-54461_6	0.0143251432842165	0.00572654084386009	NA	NA
E-GEOD-54461_7	0.00545549881269415	-0.012264072840789	NA	NA
E-GEOD-54461_8	0.00301973852644606	-0.0274072318485282	NA	NA
E-GEOD-73372_1	-0.0148626019655091	-0.0254305473958033	NA	NA
E-GEOD-73372_2	-0.00890299359756893	-0.0306749839217733	NA	NA
E-GEOD-73372_3	0.0200905910319841	0.00254721728870248	NA	NA
E-GEOD-75549_1	0.0450417760227065	0.109541216038452	NA	NA
E-GEOD-76988_1	0.0075109368263659	0.0292317041239362	NA	NA
E-MTAB-2923_1	-0.0213272736915228	-0.0691024147818038	NA	NA
E-MTAB-2923_2	0.0150882803282748	0.0752775156863549	NA	NA
E-MTAB-2923_3	0.00892781445001433	0.038527503742928	NA	NA
E-MTAB-2923_4	0.00279421668331353	0.030169601756034	NA	NA
E-MTAB-3428_1	0.0264689232022019	0.113533682761414	NA	NA
E-MTAB-3428_2	-0.00434246541529436	-0.00540168689726051	NA	NA
E-MTAB-3428_3	0.00117975878053212	-0.00709570339363433	NA	NA
E-MTAB-3428_4	0.0257704374682242	0.110247828093481	NA	NA
GSE102856_1	0.00496128723319662	0.0218085837005064	NA	NA
GSE103492_1	-0.00881969009989927	-0.0324970731547113	NA	NA
GSE103492_2	0.0102110099022616	0.0107104178726742	NA	NA
GSE103492_3	0.00163964205017931	-0.0185552140146669	NA	NA
GSE103492_4	-0.0127678112352296	-0.030774945401319	NA	NA
GSE103492_5	0.0174619030572974	0.0306563138733949	NA	NA
GSE103492_6	0.00882753457784987	-0.00885754945010734	NA	NA
GSE103492_7	-0.00873145865456075	-0.0444249505628102	NA	NA
GSE103492_8	0.0153592525240549	0.0274060274370563	NA	NA
GSE103492_9	0.0130421539838553	0.0248304576154781	NA	NA
GSE103492_10	0.00361748855744043	-0.00401974269158468	NA	NA
GSE106259_1	-0.0398069904721954	-0.0779483923847626	NA	NA
GSE110303_1	0.00194530717544055	0.0158613026679839	NA	NA
GSE110303_2	0.00238816738816739	0.0386062808243704	NA	NA
GSE110303_3	0.00299762831803714	0.0055068898602121	NA	NA
GSE110300_1	-0.00394386491912384	0.0241000852962837	NA	NA
GSE110300_2	-0.00095737678760197	-0.0399735866144373	NA	NA
GSE110300_3	-0.00472958343323968	0.00213042511401883	NA	NA
GSE110281_1	-0.00362323142343553	-0.0354600368336528	NA	NA
GSE110281_2	-0.00793668836538748	-0.0154815892679012	NA	NA
GSE110281_3	-0.00558304112632337	0.0212014723941143	NA	NA
GSE104459_1	-0.00187536992256181	-0.0521850173823113	NA	NA
GSE104459_2	-0.00218007260768062	-0.101295463487533	NA	NA
GSE104459_3	0.00209702144658328	0.030277863455142	NA	NA
GSE110051_1	-0.0112700669827787	-0.0282765650474866	NA	NA
GSE110051_2	0.0062520769413299	-0.0106420190265667	NA	NA
GSE110051_3	-0.00253891634917133	-0.029196895589645	NA	NA
GSE112694_1	-0.00637636988931348	-0.0397449445841693	NA	NA
GSE112694_2	0.00496387933669156	0.00395976648065795	NA	NA
GSE112694_3	-0.0110350799286486	-0.0235975460802688	NA	NA
GSE112694_4	0.0116260831185357	0.0424073210887216	NA	NA
E-MTAB-5879_1	0.00967434624008822	0.0583586853532715	NA	NA
E-MTAB-5879_2	0.00408850315591612	0.00191753134623999	NA	NA
E-MTAB-5879_3	0.00643406906558572	0.0186563990489616	NA	NA
E-MTAB-5879_4	0.0106809129573885	0.0133986246592847	NA	NA
E-MTAB-5879_5	-0.000989611660888912	0.0169879398320677	NA	NA
E-MTAB-5879_6	0.00911222168978858	0.0118375856775339	NA	NA
E-MTAB-5879_7	0.0173886220765552	0.0195470356626951	NA	NA
E-MTAB-5879_8	0.0162622307449894	0.0208575466660441	NA	NA
E-MTAB-5879_9	-0.013610362829548	-0.0743499497975302	NA	NA
E-MTAB-5879_10	0.0142854012750054	-0.0660322091581993	NA	NA
E-MTAB-4294_1	-0.000241626247488929	0.0106031681236893	NA	NA
E-MTAB-4294_2	0.00887604551288822	0.0346973521189946	NA	NA
E-MTAB-4294_3	0.0153802447660589	0.0412965873344599	NA	NA
E-MTAB-3186_1	0.00450557232037004	-0.0268305497090533	NA	NA
E-MTAB-3186_2	0.0030759001314929	0.0136746233030363	NA	NA
E-MTAB-3186_3	-0.00340826084922672	-0.0177397170985361	NA	NA
E-MTAB-3186_4	-0.011959479643138	-0.0638624549713189	NA	NA
