comparisonID	jaccard	cosine	sigjaccard	chrDir
22659600_1	0.00876132470323231	0.00102895453254089	0.00848865176387227	-0.00346210964836919
24361742_1	0.0111902317362659	0.0534508226177344	0.00230586061526224	0
GSE72258_1	0	-0.0265950689517421	0	0
GSE72258_2	0.000960614793467819	-0.0210062529687836	NA	0
GSE69531_1	0.00378211590875496	0.0133605376149471	NA	NA
GSE69531_2	0.00809117409278864	0.0231433922264006	NA	NA
GSE69531_3	0.00100591508858169	0.00568109247061167	NA	NA
GSE69531_4	0.00378211590875496	0.0133605376149471	NA	NA
GSE58203_1	-0.0089547190798205	-0.0410431635880636	-0.0061807010194107	-0.00772902697130169
GSE58203_2	-0.0116198401620341	-0.0446514173241726	-0.00839133413402945	-0.00349668790346399
GSE58203_3	-0.0150452800687529	-0.0325544094380583	-0.0142724641430752	-0.00192753761656948
GSE58203_4	-0.00738759137324973	-0.00435274348710282	-0.00679850800339814	-0.00536379533421903
GSE58203_5	-0.00445233967647946	-0.0433734688610408	-0.00447202894293108	-0.00339422980932415
GSE58203_6	-0.00929897344718443	-0.035892865352724	-0.0102424648301349	-0.00331342609203759
GSE58203_7	-0.00418814906901774	-0.0170820662649941	-0.00435171572619814	-0.00100866494309117
GSE58203_8	0.00677498728285088	0.023932904536848	0.00653925659351077	0.00107386472924322
GSE59642_1	0.00190551324905728	-0.0148131066632559	NA	NA
GSE59642_2	0.0126082035521165	0.0194129694017385	NA	NA
GSE59642_3	0.0106204482456884	0.0405525447027853	NA	NA
GSE64922_1	-0.0137581579142119	-0.0388808859286622	-0.0146511203684857	-0.0114665885486911
GSE60162_1	0.00229674156222798	0.0655250204722782	NA	NA
GSE31685_1	-0.00854797771339921	-0.0325985443530743	-0.0111733835930752	0
E-MEXP-3890_1	-0.00201875085909761	-0.0188185406819083	-0.00235776145213804	-0.0125818741617222
GSE31980_1	-0.00745703944487211	-0.0139377943516739	-0.00812748476398412	0
GSE15615_1	-0.0182940223746751	-0.061008961349222	-0.0212746821652383	0
GSE15083_1	0.00306481519925598	0.0161008876442817	NA	0.0029893854340509
GSE108035_1	0.0109170535473102	0.0359274179941747	0.0076881542769299	-0.00616466219914496
GSE108035_2	0.0168585514617904	0.0598204526211252	0.0178873868529125	-0.00513841124955034
GSE108035_3	0.0143235756837212	0.0599960789663539	0.014821936484987	-0.000801282051282051
GSE21959_1	0.00115007687550844	0.00580649163620959	-0.00169204471764781	0.00276399572550677
GSE21959_2	-0.00263994789380114	-0.0101027178411332	-0.00635175086123977	-0.00273855383039834
GSE24742_1	0.00909286811567534	0.0257610781562389	NA	0.000551197165338561
GSE24742_2	-0.00179576844206638	-0.0150175619088971	NA	0.00339657035458107
GSE24742_3	0.00592885482047955	0.0137631523428747	NA	-0.00101997130659064
GSE74668_1	-0.00508203046865541	-0.0179003368145886	NA	NA
E-GEOD-10024_1	-0.00626240419290153	0.00274960086701063	NA	NA
E-GEOD-10024_2	-0.00556538294771225	-0.0268904919845565	NA	NA
E-GEOD-12860_1	-0.0011517059372989	-0.0363249131957018	NA	NA
E-GEOD-12860_2	-0.00339824874268382	-0.0195886500751257	NA	NA
E-GEOD-12860_3	-0.00192400728702632	-0.0167972132715702	NA	NA
E-GEOD-12860_4	-0.000911624106075175	-0.0253391877361311	NA	NA
E-GEOD-12860_5	-0.00391359474249173	-0.0261988976729226	NA	NA
E-GEOD-12860_6	0.00304032369867274	-0.00762985797495668	NA	NA
E-GEOD-12860_7	-0.00287052169861284	-0.0246746450731708	NA	NA
E-GEOD-12860_8	0.000574351620902002	-0.0228863720845392	NA	NA
E-GEOD-14359_1	-0.00132264691802783	0.0122938497711511	-0.00457619434370117	-0.0269489247311828
E-GEOD-14359_2	-0.0194291666082977	-0.0882562528018897	-0.0243329531421468	-0.00704225352112676
E-GEOD-1919_1	-0.00319300269649445	-0.0259473172990103	NA	NA
E-GEOD-1919_2	-0.00863431646658939	-0.00313835813155533	NA	NA
E-GEOD-1919_3	-0.00459112581102412	0.0130788233037225	NA	NA
E-GEOD-1919_4	-0.0185934069339547	-0.0401995672192731	NA	NA
E-GEOD-1919_5	-0.0123223481423041	-0.019129171493264	NA	NA
E-GEOD-1919_6	-0.0101154727563865	-0.0285815901628447	NA	NA
E-GEOD-1919_7	-0.00465652183772058	-0.0121574775688012	NA	NA
E-GEOD-1919_8	-0.0121712797830308	-0.0360674293743883	NA	NA
E-GEOD-1919_9	0.000360211788110396	0.0466769844715011	NA	NA
E-GEOD-19664_1	-0.00666667321793367	-0.0112861304638227	NA	NA
E-GEOD-19664_2	0.00386123141234091	-0.0160480513448791	NA	NA
E-GEOD-19664_3	0.00373743129958024	-0.00145152489111602	NA	NA
E-GEOD-19664_4	-0.00668004647266317	-0.00979337848877407	NA	NA
E-GEOD-19664_5	0.00278801655338227	0.00306210191908891	NA	NA
E-GEOD-19664_6	0.00173065565139401	-0.00460713538188024	NA	NA
E-GEOD-43923_1	-0.0227952259550074	-0.0477785373057958	-0.0120002254398544	-0.0203872358450181
E-GEOD-51812_1	0.0125032460290093	0.0372414248268202	0.0100821119341422	0.00149072033899244
E-GEOD-51812_2	0.00916100422751194	0.0246420599332261	0.00690029950207918	0.00114209343296276
E-GEOD-68760_1	-0.0104987414791724	-0.0314129531186876	-0.00952136838770901	-0.00272987915426403
E-GEOD-82107_1	0.00284043984059493	0.00631365357580633	0	0.00688118697269973
E-GEOD-9451_1	-0.00372957904019447	-0.0104044342346071	-0.00689618938793478	-0.00263495718885036
E-GEOD-9451_2	-0.0124027445310971	-0.0348732141752323	-0.0134032326100595	0.000314245218709379
E-GEOD-9451_3	-0.00536043229383993	-0.0199705191084796	-0.00161202334561903	-0.0043010752688172
E-GEOD-9451_4	-0.00514444802930988	-0.0202408442540829	-0.00177548236037241	-0.00141724148408489
E-MEXP-2019_1	0.00495397550263096	0.000301484387989491	NA	-0.0024078594908249
E-MEXP-2019_2	0.0267729546835067	0.051466037396392	0.00297422207741476	0.0137711602901983
E-MEXP-2019_3	0.00713183079489943	0.00999767068069201	NA	0.00263989225399602
E-MEXP-2019_4	-0.00943120161950869	-0.0376957988187262	-0.00112269231778837	-0.0126433934350112
E-MEXP-2276_1	0.00173832710772637	0.00927533295874004	NA	-0.00623036333484095
E-MEXP-2488_1	0.000584414024993068	-0.00585630712470122	0.00308696422418316	-0.000576293614497049
E-MEXP-3129_1	0.00168441852119213	-0.000536817006702792	-0.00063701229923747	-0.00581029439466961
E-MEXP-3474_1	0.00497997507377138	0.038987781589141	NA	0
E-MTAB-3010_1	0.00931294283358617	0.0290858979621639	NA	NA
E-MTAB-3010_2	0.00542504569046748	0.0259160312644889	NA	NA
E-MTAB-3010_3	-0.00505411452447767	-0.0116176121000743	NA	NA
E-MTAB-3010_4	-0.0111813419838983	-0.0362271725837333	NA	NA
E-MTAB-4152_1	0.00843240148247863	0.0294403553952037	0.00813854093998526	0.0060124995523083
E-MTAB-4152_2	-0.00105926362739572	0.0378839774678678	-0.000725776446963099	0.000959102083280895
E-MTAB-4152_3	0.00598241386062823	0.0580047811117627	0.00630624616292945	0.00262334707806057
GSE100609_1	5.90375808245678e-05	0.0145498464006338	NA	0.00477038796516231
GSE100786_1	-0.00224887556221889	-0.00600001674367584	NA	-0.00989221125228502
GSE100786_2	0.00112135350726336	-0.00665295398066498	NA	-0.00238932695063464
GSE103697_1	0	-0.0101411311419995	NA	NA
GSE103697_2	0	-0.00317026536229404	NA	NA
GSE103697_3	0	0.00360350302666441	NA	NA
GSE104113_1	-0.00915649383751901	-0.0267021527815319	NA	NA
GSE104113_2	-0.00656867563010853	-0.0361528324898166	NA	NA
GSE104113_3	-0.00915649383751901	-0.0267021527815319	NA	NA
GSE10575_1	-0.000240001890596838	0.00923298153831071	0	-0.00413778304792706
GSE10575_2	0.00894927261312414	0.0494366328896091	0.00478456379104569	-0.0100895751757821
GSE10575_3	0.0192428228694072	0.0729785026446639	0.0217117221194433	0.00519683858020425
GSE13604_1	0.00479511421978937	0.024628089423744	0.00601110667851491	0.00734300270326471
GSE13837_1	0.0023714123472017	-0.006126764950096	-0.000711237553342817	-0.0017713273527227
GSE13837_2	0.00155712324675916	-0.00166378522674978	0.00313039861787814	0.00427169882176219
GSE13837_3	-0.00341739080320082	-0.00894495595335407	0.000251536382120337	-0.00298146193681985
GSE13837_4	-0.0016905449883054	0.0083927762325751	-0.00318709520154123	0.0030380053372594
GSE13837_5	0.00112647120979922	0.00424994039000629	0	0.00239627565463553
GSE13837_6	0.00196469116087892	-0.0121604758974774	0.00293032668146728	0.00221471054881457
GSE13837_7	-0.00268439963902434	-0.0124970645169728	0.000699225473321859	-0.000783048946870697
GSE13837_8	-0.00770545276904241	-0.0058091671065119	-0.00729954797969837	0.000449581082744389
GSE13837_9	-0.000775274254483555	-0.0140668068505303	-0.00370583652125444	0.00471153887284766
GSE13837_10	0.000309811757416385	-0.00404416618883203	0.00205067834835837	0.00533899810915524
GSE13837_11	-0.000159833772776582	-0.0074764578144115	0.00193330290819105	0.000209096548323307
GSE13837_12	-0.00161163554709411	0.00410330751579127	-0.00276126105730593	-0.000580675092222516
GSE13837_13	-0.0079291153444795	-0.032834471223071	-0.00471389589018268	-0.000460439288344615
GSE13837_14	-0.0110231014509374	-0.0391707837097574	-0.0116514154848429	-0.00126199133529321
GSE13837_15	-0.0105376336994787	-0.035846442644194	-0.0114466039872586	-0.00269763804258192
GSE13837_16	-0.00570605994853438	-0.0169424056075218	-0.00760850495024435	-0.00274772335139789
GSE13837_17	-0.00615719077730873	-0.0275399070645748	-0.00224253075571178	-0.00445763882613293
GSE13837_18	-0.0103286768041897	-0.0343543030269449	-0.00782332129261533	-0.0043200943940297
GSE13837_19	-0.0113345050861907	-0.0349102328970214	-0.00326275547224594	-0.00722538565390974
GSE13837_20	-0.0102947919095348	-0.01318422123081	-0.00739233237200833	-0.00322213077338055
GSE13837_21	-0.00391675519053345	-0.01203746491766	0.00120084718789474	0.00345623160665734
GSE13837_22	-0.00211270440647043	-0.0133958898297495	-0.000734949661890461	0.000626451162807505
GSE13837_23	-0.00553352177264826	-0.00963823232372447	-0.00511516373860155	0.00647501179159681
GSE13837_24	-0.00851415833046091	-0.0131282626578378	-0.00705826249030691	0.00490995582738702
GSE16464_1	0.0164794499140036	0.0743180887469582	NA	NA
GSE16464_2	-0.0143072816650142	-0.0351943718169681	NA	NA
GSE19060_1	-0.0042556591556514	-0.00453644937174012	0	-0.00807440722611755
GSE27372_1	-0.00288270880662557	-0.0169371581029633	-0.00424497763361206	-0.00652136275320778
GSE27390_1	-0.00275172680306398	-0.0208828243528146	-0.00204803000691236	0.00259449767323783
GSE29106_1	0.0051296182997173	0.00066795499008421	NA	NA
GSE29107_1	0.00356561995780403	0.00660348520173838	NA	NA
GSE29107_2	-0.0107456221761882	-0.0334742361708914	NA	NA
GSE29745_1	0.0146231273742853	0.0628430183023845	NA	NA
GSE29745_2	-0.00535939129422632	0.00393055854805188	NA	NA
GSE29745_3	0.00915874664772478	0.0274441120686998	NA	NA
GSE35546_1	-0.00244202455495002	-0.0362949161749586	NA	NA
GSE35546_2	-0.000177576944585941	-0.0486744168121557	NA	NA
GSE35546_3	-0.00218698069055314	-0.0412135024815911	NA	NA
GSE35546_4	-0.00378896107216146	-0.0269496010402819	NA	NA
GSE35546_5	-0.0027033597670367	-0.0189507631849088	NA	NA
GSE35546_6	-0.00568408699878016	-0.0263336533441154	NA	NA
GSE35955_1	0.00586649383453986	0.0332158418270041	0.00341488136085229	0.000183150183150183
GSE35956_1	-0.0127252643466327	-0.0743629771591321	-0.0160893328953417	-0.00370933928450666
GSE35957_1	-0.00711647823064241	-0.0489759003169267	-0.0167550566678321	-0.0126360615343702
GSE35958_1	-0.0140860880624422	-0.0810152937228755	-0.019109700371014	-0.00476652184532489
GSE39340_1	-0.000715973844884044	0.000523809343816341	NA	-0.00734478670304168
GSE39340_2	-0.000139070410405129	-0.00962354309333155	0	-0.00191204371029116
GSE39340_3	-0.000154075602037638	0.0111186635132866	0	0.00212922561882044
GSE39795_1	-0.00151467184338395	-0.0146790091066324	NA	0.00522446427855515
GSE39795_2	-0.00296841838712685	-0.00202540504752281	-0.000156022958225695	0.00616164496095915
GSE39795_3	0.00516498884022076	0.0106269017572088	0.00100603621730382	0.00730957778441358
GSE41038_1	0.00570516080954133	0.0215592917967272	NA	0.00385818088212065
GSE41038_2	-0.0017263295828628	0.00708196827241511	NA	0.00161562300610701
GSE41038_3	-0.000614658959107923	0.000548416566270179	NA	0.00145542510246217
GSE41992_1	0.00636341165325603	0.0227801260656739	NA	NA
GSE42235_1	0.00221799249098931	-0.0119542020106951	0.00788198233380243	0.00640286512928022
GSE42235_2	-0.00113410570138937	-0.00760535112064825	-0.000578642358513809	0.00120798756196453
GSE42235_3	0.0027514239455945	-0.0118096874909991	0.00421374813345983	0.00325801252369374
GSE42235_4	0.00173512122870354	-0.00395475015659576	0.00145636905221643	0.00250531209705247
GSE45233_1	-0.0179352575164586	-0.0250632323157148	NA	-0.00757716049382716
GSE45233_2	-0.00217259837661597	-0.0226451980448567	0	-0.000426393673783626
GSE45233_3	0.000794239602749928	0.0122027353480795	NA	0.00548357172781136
GSE45233_4	-0.0069660573889063	0.00267364094854412	0	0.000362476021028277
GSE46053_1	-0.0148494943345465	-0.0354014518696447	-0.00909328635498144	-0.0080254225046945
GSE46053_2	-0.0125203204655264	-0.038642064560445	-0.00807676600198573	-0.00272926841046313
GSE46750_1	-0.0137965300922994	-0.07058401763451	NA	0
GSE51588_1	-0.00190694405032124	-0.00877980484703594	-0.00324893355838322	-0.00250524743527094
GSE52817_1	-0.00308345198460672	-0.0024263218989122	NA	NA
GSE52817_2	0.00431102144374489	0.0123118726428068	NA	NA
GSE52817_3	-0.00930117027919932	-0.0271662928478976	NA	NA
GSE52817_4	-0.00300070190705198	-0.0118291231426867	NA	NA
GSE55235_1	-0.0114504283364983	-0.034692056900948	-0.017542210504573	-0.0172714493659437
GSE55235_2	-0.021030167593162	-0.0417584717028526	-0.0348234187788134	-0.0357249298533397
GSE55235_3	-0.00893233380577365	-0.0213782608650273	-0.0184529467616196	-0.011572445069982
GSE55457_1	-0.000857000382257353	-0.021858596974373	0.00120365094296157	-0.0199359942495337
GSE55457_2	-0.0100443236523978	-0.0350860326659442	-0.0157589980760212	-0.0116496966890668
GSE55584_1	-0.00128136685226247	-0.0298145381085865	-0.00345026690015214	-0.0207755700512147
GSE57218_1	-0.00113895216400911	0.000734985987100723	-0.00229007633587786	0.00997284967408932
GSE57218_2	0.00179408781029116	-0.00816432880029389	-0.000961813965628399	0.00481078081864345
GSE57218_3	-0.000295285768144518	-0.00916704072414868	-0.00128961212269532	0.00408554692614572
GSE60762_1	-0.00195654082401528	-0.0328818608183978	NA	-0.0111812635993576
GSE62914_1	-0.00277004617819267	-0.0173153484476131	NA	-0.00347149249034749
GSE62914_2	-0.0131425045084274	-0.0319508840730123	NA	-0.00367775366019748
GSE62914_3	-0.00493228639959127	-0.007466098152596	0	-0.0105175714190085
GSE62914_4	0.00617330999776377	-0.00469743755609676	0	0.00331007478384992
GSE64394_1	-0.00312217147431503	0.0185972543766701	NA	-0.00719560959446681
GSE66635_1	-0.000860582078540397	0.0128177286261167	NA	0.00359094282707757
GSE68038_1	-0.00578262533337716	-0.00599313125919136	-0.000487649169111944	-0.00552965334127398
GSE68428_1	-0.00963149462308364	-0.0256837185187081	-0.0112950727530351	-0.00652414403451518
GSE68428_2	-0.0113645634649231	-0.0324560390772007	-0.0101217796765233	-0.00659557751867371
GSE68428_3	-0.00499194245210686	-0.0158025551545506	-0.00539648535290713	-0.00683097385002951
GSE69459_1	-0.0023864075453856	0.0159225182666199	NA	NA
GSE69459_2	-0.00318898727520179	-0.0102726694921807	NA	NA
GSE69459_3	0.00404692368648852	0.0229271348951938	NA	NA
GSE69459_4	0.00277351040754843	0.0249128491508271	NA	NA
GSE69992_1	0.00615449762594718	0.0303664496543805	0.00780623503230132	0.00521136459559722
GSE70719_1	-0.0052584729052237	-0.0746838034825561	-0.00726151177457167	-0.00110150696053387
GSE7116_1	0.00534373899794909	0.0126148086392349	-2.95508274231679e-05	0.00311996172182196
GSE7116_2	0.0013753548058054	0.0237564965300555	NA	0.00640689104476242
GSE7116_3	-0.00237082366492039	0.00679700132339212	0	0.00123666393327688
GSE72575_1	-0.00413912718014932	-0.0057874517487564	-0.00427964331644386	0.00297272044037294
GSE72575_2	-0.00219510259798178	0.00144195694438821	-0.00320621035431592	0.00245269482557618
GSE72575_3	-0.00172324033656476	0.00651304708017032	-0.000206915959707233	0.00403944569029958
GSE72575_4	9.61269194550728e-05	-0.0247062121172427	0	0.00343545381779055
GSE75181_1	0.00328784842531337	0.0110400460142171	0.00279820067993614	0.00172832980972516
GSE75181_2	-0.00723493637783523	-0.0296935800414011	-0.0122768570845574	-0.00275531940240825
GSE75181_3	0.00178387074980343	0.005903080434604	0.00178130170144678	0.00072463768115942
GSE75230_1	0.000743258543226026	0.00517207975346318	-0.00207517356479013	0.00485633474008261
GSE7669_1	0.000388987387880149	0.0118242707259354	-0.00476142405276264	0.00351898370702361
GSE77916_1	9.69562328588698e-05	-0.0205514225935393	-0.000728862973760933	0
GSE80614_1	-0.00121256390539501	-0.0186985755212854	-0.000922266139657444	-0.00500788821275637
GSE80614_2	-0.00155560870591272	-0.0256587885973778	-0.002142198718837	-0.00289923923772644
GSE80614_3	-0.000189534287180072	-0.0332466814742398	-0.000764525993883792	-0.00047746371275783
GSE80614_4	3.46697083858055e-05	0.00483335192562598	-0.00110224550317989	-0.00396925403225806
GSE80614_5	0.00370341109796515	0.0144054694782243	0.00523101419566763	0.00455597078463255
GSE80614_6	0.00626947892290809	0.0226759510716208	0.00537698523446583	0.00594977270082292
GSE80614_7	0.0112760585999634	0.0344905908004143	0.0135312840771953	0.00536527185484547
GSE80614_8	0.0114589130182408	0.0442766794951606	0.0129013780795223	0.00636613181339451
GSE80614_9	-0.00176842099502242	-0.00529808087668494	-0.00046084471184446	-0.00102459016393443
GSE80614_10	-0.001597844086194	-0.00937495286340423	-0.00231728495804825	-0.000985027580772262
GSE80614_11	-0.00066498382101219	-0.00553225037497413	NA	-0.00786158403593867
GSE80614_12	0.000889347584961171	-0.0116655094635485	-0.000910009583885432	-0.00190017339712571
GSE80614_13	-0.00138327803408126	-0.00231826647746102	0.00105951216695633	-0.000819472220867275
GSE80614_14	0.00061806395505066	-0.00138069037402532	0.000198228643744556	0.00148555818103869
GSE80614_15	0.00271460918682263	-0.00236219575308318	0.00302381513634233	0.00150826167214443
GSE80614_16	0.00264224401484738	0.00136892531509581	0.00434931851855724	0.00019850800403878
GSE85254_1	-0.00720009192699241	-0.00982389023594389	-0.00224030473577632	0.00342100152587044
GSE86578_1	-0.00108089638530733	-0.0101169464761045	0.000523119768100276	-0.0017719550952283
GSE86578_2	-0.00309317252407716	-0.0317534693431361	-0.00222789118915358	-0.00426268521961303
GSE86578_3	-0.00502119019010363	-0.0114207745623186	-0.00820089599086998	-0.00385972601534269
GSE9329_1	0.00850522319168219	0.0250005333164542	NA	NA
GSE93698_1	0.0140754716388317	0.0582692804676211	0.0183107367811495	0.0162430298346895
GSE93698_2	0.0181304018819281	0.0580618405189555	0.0206984492898617	0.0218903694778168
GSE93698_3	0.0305921524230112	0.0797576966477488	0.0333696049467141	0.038971240083496
GSE93698_4	0.0154819829597119	0.0505392218391772	0.0176000983999356	0.0212043200887594
GSE93698_5	0.0220189369846399	0.0836993137268986	0.0260296942456619	0.0390450644211413
GSE93698_6	-0.00207089732806635	-0.0223619205262907	-0.000219401227107214	0.00454112424167855
GSE93698_7	0.00998835891851846	0.0271584877522789	0.0170252756686105	0.0124420065388893
GSE93698_8	-0.00556033705722777	-0.0391381760738277	0.000458576188770582	-0.0103197833831148
GSE93698_9	0.023129330686002	0.0594697002114104	0.02769164901856	0.0212721068774392
GSE93698_10	0.0188292219714289	0.0453546126654422	0.0197961867993215	0.0121963516620824
GSE93698_11	-0.00969757007098069	-0.0143714723364183	-0.00466005334426387	-0.00266043827974246
GSE93698_12	0.0313698266659316	0.0696793308713339	0.0244580847481574	0.0251273452447193
GSE93698_13	-0.0260254541846388	-0.0585057215598767	-0.0255345832012884	-0.0253383450255975
GSE93698_14	0.0141902477402244	0.0414361406575341	0.0144481756704574	0.0174273453865367
GSE93698_15	0.0317233292812921	0.0786783831282499	0.0304969010150451	0.0396288701386708
GSE93720_1	-0.0132596368472309	-0.041230738381356	NA	NA
GSE93720_2	-0.0147983646736239	-0.0358158895251788	NA	NA
GSE93720_3	-0.0156329127635786	-0.0347941348984725	NA	NA
GSE93720_4	-0.01193831194429	-0.0204619259775053	NA	NA
E-MTAB-5564_1	0.00853866875809	0.034425880377613	0.0093945497303884	0.00180871508886937
GSE77753_1	0.00249819781861149	0.0227966760873469	NA	0.00166596890332368
GSE43861_1	0.00712598563603622	-0.0193148004172233	NA	NA
GSE112809_1	9.90543778324509e-05	-0.0296638172163005	NA	NA
GSE111946_1	0.010704094859423	0.042451301721962	NA	NA
GSE111946_2	-0.00207809226485693	0.0227377103015499	NA	NA
E-MTAB-3201_1	-0.00149760733662868	-0.0108141232705126	-0.00119487833772304	-0.00704573196605149
GSE57740_1	0.000189439575247393	-0.00324999229813496	NA	NA
GSE52992_1	0.00724378487014757	0.0666662024541152	0.00543467371512367	0.019817535665741
GSE17160_1	-0.00473702030700032	-0.0185074118021585	NA	NA
GSE17160_2	-0.00109648811438615	-0.0394604812289751	NA	NA
GSE17160_3	-0.00739976616789214	-0.0157874156693784	NA	NA
GSE17160_4	-0.00859407933619209	-0.0191895999189605	NA	NA
GSE17160_5	-0.00488495678283605	-0.0228325618646545	NA	NA
GSE17160_6	-0.000956624223237948	-0.0523383135065576	NA	NA
GSE17160_7	-0.00229107459698018	0.038183231137698	NA	NA
GSE17160_8	-0.0128843134390313	-0.0460006967066331	NA	NA
GSE17160_9	-0.00478053199865252	-0.0223723231245772	NA	NA
GSE17160_10	-0.0026127116053986	-0.0239868394588107	NA	NA
GSE17160_11	0.00165189235132426	-0.00394583496402624	NA	NA
GSE17160_12	-0.00600430232330825	-0.038987490997043	NA	NA
GSE22971_1	-0.00309270106899872	-0.0670063285035605	NA	-0.0118098366015399
GSE22971_2	-0.00160520732934124	-0.029743298805515	NA	-0.00663235963569791
GSE22971_3	0.00021590080280065	0.0112386250533041	-0.00342950656411327	-0.012452851841276
GSE22971_4	0.00350261497391266	0.0262103317674427	-0.00769183506663849	-0.0101834339983324
GSE13590_1	0.0015196923020647	-0.00328171689425879	0.00148511170448751	0.00193131063487701
GSE13590_2	0.000382848392036753	0.00410969912443357	0	-0.00417812086461486
GSE99731_1	0.00574164192140539	0.0412519798871983	NA	0.0102678396871945
GSE99731_2	0.000655161298799813	0.0474086972405527	NA	0.0158891606649454
GSE99731_3	-0.0155441768105504	-0.0418553103087203	-0.00892769336226292	0.00736839709577288
GSE27492_1	-0.00209690472761191	0.00659532922162068	-0.0015625	-0.00890625710001363
GSE27492_2	-0.00818919252954027	-0.0213636970889885	-0.0216901394540351	-0.0349623012062559
GSE27492_3	-0.00472263962543449	0.00721272590794023	-0.00901085788056836	-0.0233683517063698
GSE27492_4	-0.00516511497577872	-0.00146036730789629	-0.00931958748262264	-0.0118902149590901
GSE27492_5	-0.00730579129216099	-0.0086599947900299	-0.0112779468175923	-0.0326344224337535
GSE27492_6	0.00495032943026964	0.02635943238523	0.0143367284843078	0.0117907746106447
GSE27492_7	0.000997788257880567	0.011619279400639	0.0122454496935487	0.00412827964039723
GSE27492_8	0.00384310397219509	0.0133709652301745	0.00875181287780237	0.00501290823871469
E-GEOD-15069_1	-0.000185519584668946	0.0229189410791925	0.00279342580707506	0.00704433998674352
E-GEOD-15069_2	0.00578065781632352	0.0127881434144091	0.0090407134108063	0.00761511511511511
E-GEOD-15069_3	-0.0110801255757765	-0.0238922628211495	-0.0123380774918698	-0.0101796835868628
E-GEOD-15069_4	-0.000681871831639849	0.0040195703518289	0.00135352050433067	0.00123349947266356
E-GEOD-15118_1	-0.000382262996941896	-0.013387833011559	NA	NA
E-GEOD-15118_2	-0.000383729854182655	0.0732300803610404	NA	NA
E-GEOD-15118_3	-0.00303442320645611	-0.00573544642457544	NA	NA
E-GEOD-15118_4	-0.00418406435439593	-0.0483065483063291	NA	NA
E-GEOD-16007_1	0.00964430904840958	0.0258926890436979	NA	NA
E-GEOD-17473_1	0.00463945784327516	0.0239384954893713	NA	-0.00196811463623137
E-GEOD-18647_1	-0.00436842407441868	0.0101072846616878	NA	-0.00775770123596211
E-GEOD-18647_2	-0.00177231334252646	0.00733282844805257	NA	-0.00646021807396205
E-GEOD-18647_3	-0.0017363532237834	-0.0047871205048889	NA	0.00219405647015951
E-GEOD-18647_4	0.00355033463123785	-0.00588023875882432	-0.00145348837209302	-0.00106334155670633
E-GEOD-18648_1	-0.00423022317052132	-0.0161799757200671	0.00101974647921454	0.00151253092870706
E-GEOD-18648_2	-0.00163629240423117	0.0287386948658404	-0.000991200185236662	-0.00104713410787559
E-GEOD-2154_1	-0.0110137348282484	-0.0786061813055638	-0.022078950193216	-0.072097407978273
E-GEOD-2154_2	-0.0351823094650108	-0.170610675797645	-0.0603310096267843	-0.0710339109066575
E-GEOD-2154_3	-0.0220140575506134	-0.12352142561725	-0.0424289827955277	-0.055639748558582
E-GEOD-2154_4	-0.00387533956190626	-0.0511137015175543	-0.0111571337511699	-0.00486612522986549
E-GEOD-26475_1	-0.00345486784030625	-0.00838606607739267	-0.00284203864699112	-0.0067224072892182
E-GEOD-26475_2	0.00554729950284136	0.0253246579398742	0.000713266761768902	0.00558473033825602
E-GEOD-26475_3	-0.00173607156865249	-0.0372974611211479	-0.00319009823760743	-0.0163558373741141
E-GEOD-33567_1	-0.0116860048690315	-0.0624626155208144	NA	NA
E-GEOD-33567_2	0.0065807380679243	0.030120368833546	NA	NA
E-GEOD-37287_1	0.00645221883498642	0.0222340149435591	NA	NA
E-GEOD-37287_2	0.00983812803494017	0.0262261842698746	NA	NA
E-GEOD-37287_3	-0.00976897784313933	-0.0310182862555584	NA	NA
E-GEOD-51994_1	-0.00444713302819975	-0.0055376249199597	-0.00210527032072144	-0.0085398724728067
E-GEOD-51994_2	0.00132801058065551	-0.0100379495573086	-0.00327291919518922	-0.00357945094747315
E-GEOD-51994_3	-0.000493121504253723	-0.00974288552733226	-0.00394054290096725	-0.000385765518415648
E-GEOD-65077_1	-0.000471539993474642	-0.101569950497518	NA	NA
E-MEXP-1244_1	-0.00268539169961488	-0.0754543786337757	NA	NA
E-MTAB-1123_1	-0.00998953361271172	-0.0459396357112395	-0.00620485868595035	-0.00817966409193757
E-MTAB-1123_2	8.8228949151249e-05	-0.00278496674424645	-0.0010525826800833	0.00231971428122541
E-MTAB-1123_3	0.000671500459630095	0.0574013996597377	-0.00169241992639454	0.011702813101052
E-MTAB-1123_4	0.00075496217364188	-0.00589611825036932	0	-0.00652919260808753
E-MTAB-1391_1	-0.0633279658955074	-0.24932857413562	-0.0856613179961882	-0.0938362401273572
E-MTAB-1391_2	-0.0570229694719888	-0.19651072109854	-0.0626374900953898	-0.062185335007207
E-MTAB-1391_3	-0.0360626961813575	-0.118423627885898	-0.0432715176679453	-0.0288657824105608
E-MTAB-2450_1	0.00519843881301695	0.00242213065508274	0.00666073679048652	-0.00264834105228567
E-MTAB-2450_2	-0.0015865872561573	0.0225259945824487	-0.000706661954422492	-0.00415042314095449
E-MTAB-2450_3	0.00613683480149272	0.0151413743326915	0.00507267572432081	0.00654064219561342
E-MTAB-2450_4	0.00487485667923326	0.000938745473581689	0.000917912115700646	0.000795763113256645
E-MTAB-5023_1	-0.0094518196039075	-0.0282926112432123	NA	-0.022488529340739
E-MTAB-5326_1	0.00274459406905849	-0.00306604196598903	NA	NA
E-MTAB-5326_2	-0.00150494030098746	0.00138986029615502	NA	NA
E-MTAB-5326_3	-0.0093115514866864	-0.0383927373091931	NA	NA
GSE102588_1	0.00857022818200165	0.0471133043856355	-0.00142210393955652	0.0149063765115802
GSE104793_1	-0.00997362299257838	-0.0490966439569735	-0.0123539947994293	-0.00138193659699084
GSE104794_1	-0.00531745659071105	-0.0428927593936336	-0.00352147074456894	0.000730623279985337
GSE104795_1	-0.00236791203881865	-0.0298450309675039	-0.00211658109275248	0.00267954289620677
GSE105139_1	-0.000768639508070715	-0.00310797325361397	NA	0.000987537797353748
GSE105139_2	-0.0121481884938102	-0.0515921992472003	NA	-0.0353688820337121
GSE105139_3	-0.00906379117630983	-0.0523073674502721	0	-0.0393195509457819
GSE10555_1	-0.00655110128130695	-0.00777018229610504	NA	NA
GSE10556_1	-0.00477384004180699	-0.00250216495489438	-0.00367153820262097	-0.00311434400173852
GSE106631_1	-0.023717566339404	-0.0875558557720675	-0.0281914716694954	-0.0220783679309486
GSE13104_1	-0.0461084068934437	-0.153063355390385	NA	NA
GSE13104_2	-0.0337711634246397	-0.121627309270986	NA	NA
GSE13104_3	-0.0282917238021419	-0.124550889934231	NA	NA
GSE16749_1	-0.002920944370132	-0.0142751944366329	NA	NA
GSE16749_2	0.0100865461922671	0.0356863534094076	NA	NA
GSE16749_3	0.000979188897483172	0.0361968819132684	NA	NA
GSE17348_1	0.00541851631682371	0.0421508936960269	NA	NA
GSE17563_1	0.0379485008219232	0.129563362730415	NA	NA
GSE17563_2	-0.0071511733594053	-0.0389281443804794	NA	NA
GSE17569_1	-0.00647748529468458	-0.027098243582385	NA	NA
GSE17569_2	-0.00675131961936364	-0.0450550716434256	NA	NA
GSE17570_1	0.00267421043454304	-0.0228635044383575	NA	NA
GSE17570_2	-0.0104243093601836	-0.0371182113019567	NA	NA
GSE18991_1	0	0.018470735906148	NA	0.00936238360973182
GSE18992_1	0	0.0241347726288488	NA	0.00438924186732406
GSE19299_1	-0.00769698653743743	-0.00982805177938637	-0.00832184307225362	0.00280739972668748
GSE20850_1	0.026051918420411	0.0532625540704985	NA	NA
GSE21093_1	-0.0274055248704201	-0.0799100034537631	NA	NA
GSE21523_1	-0.0148931765388518	-0.0293696056141963	NA	NA
GSE21639_1	-0.00179087217377416	-0.0228374891084205	NA	NA
GSE21639_2	0.00985131626585631	0.0416478007435046	NA	NA
GSE21639_3	0.00520244281712172	0.0215217497312659	NA	NA
GSE21639_4	0.0126628139617199	0.0408562966054377	NA	NA
GSE21710_1	-0.019963356690429	-0.0714472384034928	NA	NA
GSE21710_2	-0.0182462794937222	-0.0684652984041392	NA	NA
GSE21710_3	-0.015747007117812	-0.0552250193271207	NA	NA
GSE22925_1	-0.00156614538168287	0.00208541617026708	0.00156183795649725	-0.0210568376556178
GSE22925_2	-0.018327728238618	-0.0482770352849305	-0.0228355020246902	-0.0369256606946228
GSE26499_1	-0.00540017324451863	-0.0188156835986922	NA	NA
GSE30160_1	-0.0314735642803991	-0.0862346161287549	-0.0355111666645153	-0.0167359260565092
GSE30628_1	0.0046259038258131	0.0249136944632383	0.00901970583298956	-0.00259606807806451
GSE30628_2	-0.00633656807690514	-0.00684855932561975	-0.00187586784819507	0.00285632885036856
GSE32163_1	-0.00207771847021171	-0.0317733190851633	NA	0.00338662012336619
GSE33656_1	0.0128990087703017	0.000284074038706631	NA	NA
GSE33754_1	-0.00554182645984333	-0.0564019361479992	-0.0104515806500957	-0.00536037594720801
GSE33754_2	-0.00641542515948184	-0.028842360499585	-0.00778909297543811	-0.00673145777542352
GSE33754_3	-0.00107303189436608	-0.0116950704049849	-0.00200694712229343	0.00330618132854536
GSE34570_1	-0.00398564841699972	-0.0435976450793312	NA	NA
GSE35003_1	-0.00255626096389855	-0.0248544990403993	NA	NA
GSE35466_1	-0.0118805553746135	-0.0740195044205886	NA	NA
GSE35466_2	-0.00690106438811744	-0.0183500318215314	NA	NA
GSE35466_3	-0.00998177314207315	-0.0434351485961491	NA	NA
GSE35466_4	-0.00679130890755409	-0.0465134561208445	NA	NA
GSE35466_5	-0.0147915801099697	-0.0233908085718369	NA	NA
GSE36925_1	-0.000856794191686547	-0.0382481812506655	NA	NA
GSE36925_2	-0.00520371719186771	-0.00852147173340753	NA	NA
GSE36925_3	-0.00112536386456988	-0.00704701069218998	NA	NA
GSE37219_1	0.0156017811470237	0.0759901159809336	NA	NA
GSE37676_1	-0.00629904606603655	-0.0206277694697325	-0.00968721980308189	-0.0140468297402604
GSE41342_1	0.00805789624633379	0.0589617299298534	0.00564767085341101	0.0198089492207139
GSE41342_2	0.000644143838253585	0.0278137974470286	NA	0.00786659056768707
GSE41342_3	0.00151482760583441	-0.00999275801915842	NA	-0.0021016509631455
GSE41342_4	-0.000181679049767267	0.0171168348848987	0	0.00993678644969235
GSE41997_1	0.00604044260353444	0.0336886734814876	0.000708372094251403	0.00365285852945789
GSE43242_1	-0.000582041420531143	-0.0364621556388546	-0.000547929257766379	-0.00409149488774171
GSE43242_2	-0.000627615890989693	-0.0146123199239885	-0.000717210940649734	0.00836489984490062
GSE43663_1	0.000474634434317813	-0.00631061265209332	NA	0.00260876132613994
GSE43854_1	-0.00421572867287997	-1.28891108566951e-05	NA	NA
GSE45656_1	0.0242034171189318	0.0659742290272608	NA	NA
GSE45656_2	-0.0242860142352661	-0.0844818256715552	NA	NA
GSE45656_3	-0.0111506747187871	-0.0353062964245485	NA	NA
GSE45793_1	0.00233218173587953	0.00362301780759614	0.0020654414650749	0
GSE45793_2	0.0141638768505856	0.0445513741757443	0.00203369178254106	0
GSE45793_3	0.0139019501572737	0.0557263719907714	0.0051088019558591	0
GSE45793_4	0.00410446810881751	0.0106792896648282	0.00495948644419891	0
GSE45793_5	0.0284049557489282	0.0652328643106271	0.0162093059332716	0
GSE46390_1	-0.00139843526311604	0.0188742595277435	NA	NA
GSE48438_1	0.00084478629839131	-0.0121693092715317	NA	-0.00312896741224881
GSE50549_1	-0.000992369254642323	-0.0115312347527371	-0.00237908406251276	0.00119691244437455
GSE50549_2	-0.00361907656137964	-0.00727663597506951	-0.00395946781080161	-0.0022085757379875
GSE51098_1	-0.0417776829887727	-0.13489065706786	-0.0368149476050291	-0.0563471544366232
GSE53857_1	-0.000351651176585264	-0.0269462180115213	0	0.00537301880104458
GSE53857_2	-0.00160880114733112	-0.0336846981992964	0	0.00758584950828085
GSE53857_3	-0.000382474366578991	-0.0224900886650841	0	-0.00107048748353096
GSE53982_1	-0.00526565178071335	-0.0177259281510843	-0.00691097670599618	-0.00250692771676645
GSE53982_2	-0.000471520751196806	-0.00994039226862339	-0.00151544079806454	0.00547279677062123
GSE54779_1	0.00645384050772192	0.0028821846241711	0.00660130341902095	0.000292473580144816
GSE55900_1	0	-0.0407289215271622	0	-0.00191145774681382
GSE57104_1	0.0173628997307072	0.0932224890588493	NA	0.0282134869792654
GSE59387_1	-0.0155613826091666	-0.05736908403567	NA	NA
GSE60401_1	-0.00296769604808645	-0.0189314693177149	NA	NA
GSE60401_2	0.00309454718166892	0.0113353277829499	NA	NA
GSE60651_1	0.00368065270742938	0.00611254711677406	NA	NA
GSE60737_1	-0.0242552094577033	-0.0686622090988498	NA	NA
GSE60761_1	-0.0019835726412159	0.00337139223295074	0.00029363191376463	0.00135874299137392
GSE60761_2	0	0.00885665603758511	NA	0.00600762478586598
GSE60761_3	-0.000670104021438343	-0.0419124608902017	0.000436781609195402	-0.00522393073763011
GSE60761_4	-0.000375325378611154	-0.0411824006561272	0.000733137829912023	-0.0130191071282032
GSE63017_1	-0.000384024577572965	-0.0137152705133057	NA	-0.00539836982033884
GSE63017_2	-0.000573062033970573	-0.0131189933085394	NA	-0.000331028710834917
GSE63017_3	-0.000443892402852337	-0.0102190716740836	0.00312686344663089	0.00748133369101111
GSE63017_4	-0.000464767246851531	-0.0196027974709739	NA	-0.00554016620498615
GSE63939_1	-0.0192628255419914	-0.053591079457239	-0.0223316100113784	-0.00420970514077231
GSE63939_2	-0.0286589249308394	-0.0840827240794986	-0.0286113752178088	-0.0123077706401737
GSE64141_1	-0.0141349211967214	-0.0565234751353331	NA	NA
GSE64965_1	-0.0234589670180034	-0.0834034591070205	-0.0267023852251618	-0.00546448087431694
GSE65745_1	0	0.0212290811412898	NA	-0.000928615198172156
GSE65745_2	0.000285473040890998	0.0215447318693926	-0.000417291488146244	-0.00112907925407925
GSE65745_3	0.000285473040890998	0.0258032350109858	-0.000419094576423129	0.00451076960266335
GSE66416_1	-0.00236450208226108	-0.0133567439645274	NA	NA
GSE66862_1	-0.00557891296380244	-0.0681490737304919	-0.00444491917454001	-0.012032070292971
GSE69108_1	0.00177558534505373	0.0120712816739345	0.000954923732154434	-0.00201558811710523
GSE71565_1	-0.0435712350117689	-0.119774587656262	NA	NA
GSE72261_1	-0.0074689501532838	-0.0181626813176498	-0.00150140240884343	-0.00820629767853104
GSE72261_2	0.00361862631910847	0.0175984733369128	0.00620938711958715	0.0072379854266498
GSE72261_3	0.00446858991166389	0.0180940721554048	0.00252481517309314	-0.00371882066796597
GSE7683_1	-0.000445574053752855	-0.0348148114806139	-0.000357995239118182	0.00302407220707748
GSE7683_2	-0.00408366450957566	0.00623639593344997	-0.00527317060821542	-0.00408430870612148
GSE78980_1	-0.0210003322452736	-0.0625532063488232	NA	NA
GSE78980_2	0.00076219512195122	0.0756911221269821	NA	NA
GSE78980_3	-0.00100502148471699	0.0026116584762217	NA	NA
GSE78980_4	-0.0010497197199645	0.00710673130760858	NA	NA
GSE78980_5	0.00114183147568395	-0.00681528015852207	NA	NA
GSE78980_6	0.000861944459405814	0.0215734638011819	NA	NA
GSE78980_7	0.0284729047099887	0.105972524023068	NA	NA
GSE78980_8	0.0249700029178749	0.107559103737842	NA	NA
GSE78980_9	0.0255649714669128	0.0916815157282037	NA	NA
GSE78980_10	0.0233039482885573	0.103894036415876	NA	NA
GSE81399_1	-0.00147129292237112	0.0167919716456554	NA	-0.000557931690714887
GSE84609_1	0.0119264872771614	0.0577585887634557	0.0152357682828686	0.0173713328053945
GSE84907_1	-0.00259916019151936	-0.00353632811729414	-0.00587201351321014	0.00193701126336179
GSE84907_2	-0.00538305607864217	0.0103248666944465	-0.00546146218783099	0.00212002609262883
GSE84907_3	-0.00134046161106179	0.0210677660692675	-0.000294533313708676	0.00150472462309408
GSE90127_1	-0.0487992510609142	-0.147832369733703	NA	NA
GSE90127_2	0.0109056124768315	0.0222761292707118	NA	NA
GSE90127_3	-0.0497412905484287	-0.144081312383689	NA	NA
GSE9247_1	-0.00688336342885361	-0.0613072550387528	-0.00921483125067998	-0.00285281409661901
GSE9247_2	-0.00828917092637445	-0.030766127675669	-0.0102548323288184	0.00409602498740855
GSE9247_3	0.00138658792105427	-0.00978206269789904	0.00134418830601318	-0.000810725692860118
GSE99306_1	0.00920686151581283	0.0569295192603848	0.0100646753320038	0.00958093755263889
GSE99306_2	0.0110252562730993	0.0604979951176991	0.00707276514578467	0.00139978007612606
GSE99306_3	-0.00145223879946163	-0.0127674168778385	0.00706800162749213	0.00325649596256584
GSE99306_4	0.00912192110033546	0.0625063504416389	0.00518036741924786	0.00395199445498522
GSE99306_5	0.0059769823917386	0.0413268813881354	0.00394662974404296	0.00203504592183885
GSE99306_6	0.0130169835069007	0.0450231423600145	0.00218834664858878	0.00508103749015386
GSE99306_7	0.00128083751591945	-0.0234022592838412	-0.000267912676308242	0.00184011735426832
GSE99306_8	0.0121550956884445	0.0651641318796824	0.00919153015624809	0.00805366140643947
GSE99306_9	0.00656873721040718	0.0438431294722614	0.00172116848233693	0.00660163761701734
GSE99306_10	0.00520897690572189	0.032398927129918	0.0084206249599515	0.00517615176151761
GSE99306_11	0.0125747903044215	0.0578291633728452	0.0105617126773112	0.0170960436022348
GSE99306_12	0.00841981627042337	0.0560417670378238	0.00448394501291733	0.00244493358543224
GSE99306_13	-0.00247106925151686	-0.00270300995131951	0.000757906006053041	0.00670730263259975
GSE99414_1	0.000586789288257746	-0.0426439782122048	-0.00217168077505619	-0.0247788677697187
GSE110581_1	-0.00282785279447139	-0.0500056269836637	-0.00111718754868319	-0.00697371765850259
GSE110581_2	-0.00152788388082506	-0.0374605321154494	0	-0.0106101583789211
GSE47799_1	0.00035405015262108	-0.00961313968822594	0.00377608611109579	-0.00835879806468042
GSE47799_2	0.000886903304794397	0.0125344801683246	0.00186603272113703	-0.00233644859813084
GSE47799_3	0.00131196985539901	-0.0177715168505387	0.00313967531912889	0.00496184218629755
GSE111628_1	1.56787853753337e-06	0.00384061353959963	NA	NA
GSE111628_2	0.00180615040987381	0.0459073979095491	NA	NA
GSE111628_3	0.00378652521994236	0.0356776836877121	NA	NA
GSE5657_1	0.00380345859763952	0.0224830945455424	0.00554771968599963	0.00187040430299915
GSE5657_2	0.00339503034082829	0.0183715244905433	0.00288184438040346	0.00372899484711725
GSE13782_1	-0.0262342752085403	-0.0810903433484391	-0.0280828286607767	-0.0514546174944554
GSE41039_1	-0.00104809514636242	-0.0343602810202019	0	-0.00984435211867301
GSE84198_1	-0.000859889491907167	-0.0165682986989916	0.000491778349176289	0.00120958089467811
GSE84198_2	0.00266049715728909	0.00139642387525443	0.000763280592832683	0.00530277768481952
GSE84198_3	0.021123387364332	0.0704560506276012	0.0229847370515902	0.00672739591275062
E-GEOD-54216_1	-0.0221589118142115	-0.085541012345679	-0.0318532226251155	-0.0265385115794952
E-GEOD-54216_2	-0.0221555728699781	-0.0897730787788513	-0.031164448083507	-0.0202989135163669
E-GEOD-54216_3	-0.00364275217362587	-0.0357632514000372	-0.0066664946042296	-0.00288037273919882
E-GEOD-6119_1	-0.0175476192959867	-0.0567815834612619	-0.0250100679099645	-0.0123401731477496
E-GEOD-6119_2	-0.0175702018466391	-0.0542768679688318	-0.0243643865679962	-0.00976025024252143
E-GEOD-6119_3	-0.0180211548487535	-0.0507920561371095	-0.027874066480927	-0.0133160320402258
E-GEOD-8077_1	-0.00388314224925415	0.00702548089281242	0.000103907665257699	-0.00472080390546756
E-GEOD-8077_2	-0.00103599592226502	0.00809038162737233	-0.00236657366485422	-0.00603519823291948
E-GEOD-8077_3	-0.000742372209853793	-0.000873907768254948	-0.00850176841179178	0.00201739823801232
GSE103416_1	-0.00803829881783482	0.0126015499368661	-0.013712226688278	-0.0299744897959184
GSE103416_2	0.0104874841849919	0.0371005854996337	0.00712404776740713	0.000541684974414546
GSE103416_3	0.0126429825269146	0.0507646463930812	0.0138928846777187	0.00677272803099268
GSE19950_1	0.00187310359061012	0.0150566749067101	0.000824430715902213	-0.00692697647620921
GSE30322_1	-0.00572057185104177	-0.020413246584088	-0.0020837312605465	0.00406723949562267
GSE30322_2	-0.00600653700673709	0.00131758194074957	0.00144360750456681	-0.00355015847422126
GSE30322_3	0.00124734692983984	0.012828682755915	0.00523066034407034	-0.0029871207918977
GSE42295_1	0.000578216750008201	0.0226730103448667	0	0.00926610468290893
GSE42295_2	0.00464633280732688	0.0346976196166369	0.00551343963791635	0.0137731481481481
GSE42295_3	0.00534413987429335	0.0267588185023039	0.00653514427256141	0.0258791689983654
GSE66554_1	0.0220061807088457	0.0692007421758244	0.0204627568156577	0.0265725977620574
GSE66554_2	0.0137613602495355	0.0064392790518844	0.018230652299219	0.0181648984965037
GSE66554_3	0.0127236992891072	0.0697609512678029	0	0.00568573705221029
GSE66554_4	0.00425400367630126	0.0587331491787839	-0.00187329338144835	0.0118557291428048
GSE74898_1	0.01760450880788	0.0585414337767164	0.0248368092971833	0.0236245522276007
GSE74898_2	0.019612568457239	0.0563522672065337	0.0257416819300297	0.0229288287910744
GSE74898_3	0.0116303846666001	0.0282679750069605	0.0140500147876872	0.0107579472597188
GSE79176_1	3.75538755236258e-06	0.00780675815210693	NA	NA
GSE79176_2	0.00152525356763003	0.0186850256567378	NA	NA
GSE79176_3	0.000863574976369747	0.0128736128247889	NA	NA
GSE85785_1	-0.0139020287201518	-0.0591394206712875	-0.0124378109452736	-0.0406368786208073
GSE23492_1	0.00145447320787051	-0.00278392806373447	NA	NA
GSE23492_2	0.00273523566612835	0.0292925426843228	NA	NA
GSE23492_3	0.00251029847387651	0.000859565664011633	NA	NA
GSE23492_4	0.00946552569997084	0.0356459336346212	NA	NA
GSE23492_5	-0.00174490224693117	-0.00572184355817299	NA	NA
GSE44991_1	0.00169088606779254	0.00615584167487314	-0.00503712503712504	0.00116109053024679
GSE44991_2	-0.000185316586333158	-0.000208736238304777	NA	-0.00800314794717034
GSE39796_1	0.00631925977539366	0.0281959014367673	NA	NA
GSE39796_2	0.0113599881323381	0.0349717409120585	NA	NA
GSE39796_3	0.00262677113306372	-0.000240343809758912	NA	NA
GSE18394_1	-0.000375084228664967	-0.0164065946370729	0.00140980198898424	0
GSE18394_2	-0.0012226563754389	-0.0127435334163318	0.000213125006123346	0
GSE18394_3	-0.00349167961148229	-0.00847699449160752	-0.00471342596595229	0
GSE29233_1	-0.000823859040254851	7.08643740952496e-05	NA	NA
E-MEXP-2291_1	0.000415567621905371	-0.00598377030139573	NA	NA
E-MEXP-2291_2	-0.0111886470016941	-0.0298940130429346	NA	NA
E-MEXP-2291_3	0.0150064134600593	0.0213748696349948	NA	NA
GSE107363_1	0.00162242445578328	-0.000845731057023147	NA	NA
GSE85761_1	-0.010310263145315	-0.0124246826551381	NA	NA
GSE89179_1	-0.0224486955483195	-0.0685293366578273	NA	NA
GSE89179_2	0.00397566021583161	0.0238618086437125	NA	NA
GSE89179_3	-0.000794750935620311	-0.00418243893111892	NA	NA
GSE89179_4	0.0030779380576271	0.00204934227130169	NA	NA
GSE89179_5	-0.00983612250826498	-0.0318857899488085	NA	NA
GSE89179_6	-0.00693462837795465	-0.0420201156265637	NA	NA
GSE89179_7	-0.00139583724692621	-0.027288476981581	NA	NA
E-GEOD-57723_1	0.000973689032846593	-1.86502041452332e-05	NA	NA
E-GEOD-57723_2	-0.00931616939866896	-0.0412309227068254	NA	NA
E-GEOD-57723_3	-0.00802030663963414	-0.0339786629585318	NA	NA
E-GEOD-83930_1	-0.00045151472695617	0.0182322617046635	NA	NA
GSE100268_1	0.00604587417822648	0.0245638060931825	NA	NA
E-GEOD-55769_1	-0.00687668552854206	-0.0538168961496705	-0.00974471794515195	-0.00326245363010069
E-GEOD-55769_2	-0.000378787878787879	-0.0648820234317156	-0.00139664804469274	-0.00640515004446836
E-GEOD-55769_3	-0.00742534525787978	-0.0625456588665535	-0.0112668986815589	6.46565887011076e-05
E-GEOD-69110_1	-0.00718861681354383	-0.0275060369032313	-0.0126570604373421	-0.00376897483884383
E-MTAB-4304_1	0.00313128446375226	0.0272437281776136	0.00214825488713685	-0.0067114975403586
E-MTAB-4879_1	-0.0075223045350104	-0.0114554486243997	-0.00218609024515568	0.00141523178223612
E-MTAB-4879_2	-0.0100162245165783	-0.0235471230161155	-0.00768261032133149	-0.00392768780653187
E-MTAB-4879_3	0.0013880916205522	0.0180337644179046	0.000943396226415094	-0.00360832554292767
E-MTAB-4879_4	-0.00992405337134466	-0.0276454411764047	0.00228191139961334	-0.00535180620465753
Cytokine_Explant_1	-0.0134621161981562	-0.0270721893085437	-0.00315077542529695	-0.000919626962709677
Cytokine_Explant_2	0.00941363561690617	0.0363566589611438	0.00144584227670362	0.0017788505174824
Cytokine_Explant_3	-0.00180229972083268	0.0073984259202025	-0.00940593120932243	-0.0106690349769043
Cytokine_Explant_4	0.014659733472193	0.0475595337579794	0.00692727674547397	0.0169440954773869
Cytokine_Explant_5	0.00362364301362309	0.0072680413540464	0.00330148789373046	0.00283942692635844
FN1_Explant_1	-0.00763771932983766	-0.0328777924789275	-0.00858909210088853	-0.0187149242073594
E-MTAB-6266_1	0.00415421531213188	0.0169872522061177	-0.00502725189541847	0.0032983409610984
E-MTAB-6266_B_1	0.0225460891633249	0.069441835215515	0.00432237166383487	0.00547944065364368
E-MTAB-6266_B_2	-0.0131051615700134	-0.0327037496085809	-0.0162179225270781	0.00047275374214981
E-MTAB-6266_B_3	-0.0317785288636767	-0.11811027604348	-0.0365106439446097	-0.0295573991226165
GSE70667_1	0.000573722027180489	0.0633386544804112	0.00138888888888889	0.00399677006614264
GSE87608_1	0.00468299486963642	0.0418850575971499	NA	0.0101678970812697
GSE87608_2	0.00120560418118187	0.0370182914209443	-0.00366830136468027	-0.0153018411369195
GSE87608_3	0.00108788989697905	0.0613409521121455	-0.000995580120327459	-0.0106848624097981
GSE87608_4	0.0119052773166703	0.0476291090439243	0.010107726360784	0.00234600193023651
GSE90890_1	0.0302344901111286	0.118945477115118	0.0125406924992597	0.0101986793418054
GSE97118_1	-0.0446769560372896	-0.144371920806479	NA	NA
GSE97118_2	-0.0200775032573812	-0.100592276705937	NA	NA
GSE97118_3	-0.0491837680468943	-0.154811548883615	NA	NA
GSE97118_4	-0.0315248811799353	-0.111159765825042	NA	NA
GSE97118_5	-0.00822753209192323	-0.0190606782824544	NA	NA
GSE97118_6	-0.0180558580844065	-0.0595561207769473	NA	NA
GSE97118_7	-0.00319213953153231	-0.0147093112717628	NA	NA
GSE107592_1	-0.0159252037858262	-0.0550712444216725	-0.0159277149068786	-0.00751157252594524
GSE92641_1	-0.00815860190517051	-0.0566849851325641	-0.0143303943775334	-0.00356699292480022
GSE107849_1	0	-0.0120604044669865	NA	NA
E-ERAD-89_1	-0.00149197998060482	-0.00988237169867835	NA	NA
E-ERAD-89_2	-0.000748690801001641	-0.00623630411418143	NA	NA
E-ERAD-89_3	-0.00185214180142975	0.00128029882851892	NA	NA
E-ERAD-89_4	0.000949667616334283	-0.0161623800983401	NA	NA
E-GEOD-45893_1	0	-0.0215786718440432	NA	NA
E-GEOD-53105_1	-0.000565726775337607	0.0334638241689227	8.72765991800364e-06	-0.00599042508422467
E-GEOD-53105_2	-0.00860478110902573	-0.0400127674332445	-0.013917592329776	-0.00763122352161419
E-GEOD-54461_2	0.293930826992488	0.592080021395733	0.244420648439509	0.213448407739189
E-GEOD-54461_3	0.289905642113691	0.597788671601624	0.236912803642224	0.185831121702865
E-GEOD-54461_4	0.262030453166094	0.565562784194598	0.195952292047004	0.152675262076009
E-GEOD-54461_5	0.18326575787686	0.464273572573621	0.129605540398184	0.0904495312413349
E-GEOD-54461_6	0.149648782583383	0.398276512587699	0.100513616212029	0.0734568503169186
E-GEOD-54461_7	0.135540162863008	0.37759304850177	0.0915539712842082	0.0514922913538653
E-GEOD-54461_8	0.117507537968333	0.354305241348143	0.0808126731556169	0.0415660125985389
E-GEOD-73372_1	0.0420696180802934	0.0981449442632885	NA	NA
E-GEOD-73372_2	0.0110885900948859	0.0198490648416752	NA	NA
E-GEOD-73372_3	-0.037989193885152	-0.104760184852857	NA	NA
E-GEOD-75549_1	-0.00745807274944885	-0.0585378766255999	NA	NA
E-GEOD-76988_1	-0.0224499420601496	-0.104121194712778	NA	NA
E-MTAB-2923_1	0.011561094553166	0.00869631661359858	NA	NA
E-MTAB-2923_2	-0.00444223101958228	0.00122529804966092	NA	NA
E-MTAB-2923_3	0.000298767629572171	0.0162280263351393	NA	NA
E-MTAB-2923_4	-0.00668431624731619	-0.0107590981175415	NA	NA
E-MTAB-3428_1	-0.0256071391528215	-0.0719559461752598	NA	NA
E-MTAB-3428_2	-0.00443984977757325	-0.0329921412537642	NA	NA
E-MTAB-3428_3	0.00676216979498883	0.0686821918207259	NA	NA
E-MTAB-3428_4	-0.0226755285849783	-0.0611778113651211	NA	NA
GSE102856_1	-0.00217539213674798	0.00478558600887261	NA	NA
GSE103492_1	-0.00268954580459074	0.0215718853506996	-0.00204468147975073	-0.00552431883365201
GSE103492_2	-0.00707725901074798	-0.0422392899215362	-0.00578028367659595	0.00407949726570311
GSE103492_3	-0.00598580016580257	0.00593078784674757	-0.0090574129015922	-0.00587964469874771
GSE103492_4	0.00369410237904346	0.0429103704410789	0.00297039485958601	0.00101894647639625
GSE103492_5	-0.018662833561563	-0.0828125654924631	-0.00414541306121709	-0.00210030302629963
GSE103492_6	-0.00728865938411449	-0.0355237338827685	-0.00476992666740136	-0.00279850746268657
GSE103492_7	0.010506541654288	0.0512069839749202	0.00105833687988777	-0.00218254905622034
GSE103492_8	-0.00336610628082382	-0.0500928096464041	-0.00164636364773378	-0.00203252032520325
GSE103492_9	-0.00183535538585613	-0.0385604807330197	-0.0032158076415199	-0.00333935094544314
GSE103492_10	-0.00434849834447031	0.0164475100830616	0.000936329588014981	-0.000579146404930517
GSE106259_1	-0.000420825476522019	0.0349629760624541	0.0031503973902652	0.00252223127996017
GSE110303_1	0.00703801100842641	0.0552233994156806	NA	NA
GSE110303_2	-0.0124726475003556	-0.0523520315417394	NA	NA
GSE110303_3	0.00763650952210365	0.0204674964327493	NA	NA
GSE110300_1	0.00194967036373501	0.00176359004331868	NA	NA
GSE110300_2	-0.00180439813217636	-0.0319453100710945	NA	NA
GSE110300_3	-0.00534340657388039	-0.0326338497237991	NA	NA
GSE110281_1	-0.00262219175165051	0.0342841394395578	NA	NA
GSE110281_2	0.00356260039656916	0.0408773745455054	NA	NA
GSE110281_3	0.00233377175292088	0.00994563717258839	NA	NA
GSE104459_1	0.00658850673763501	0.0687564030354678	0.00176592207840049	0.000158291706552727
GSE104459_2	0.016021673587187	0.112995490753049	0.0101541259930016	0.00869115084939518
GSE104459_3	-0.00410155522366897	-0.0139783574485142	-0.000690538040329664	-0.00622005539458415
GSE110051_1	-0.0223536444870189	-0.0774597682664479	-0.0197808051764189	-0.0109489051094891
GSE110051_2	-0.00649713189010732	0.0036620587813446	0.0101677707616962	-0.00161584311068847
GSE110051_3	-0.0126560611946588	-0.0582931824428202	-0.012169622110466	-0.00637722150954147
GSE112694_1	0.0242538638682507	0.06697326900311	0.0208997817684178	0.00531883169699494
GSE112694_2	0.0119959750707503	0.0280396772240195	0.00863418053651556	-0.00228060939036638
GSE112694_3	-0.0036940373615127	-0.0447297168779588	-0.0119299097062282	-0.00781293335004996
GSE112694_4	-0.017143728304841	-0.0789083015028277	-0.0182753985190589	-0.00364850017394101
E-MTAB-5879_1	-0.0177602378306708	-0.068652809935539	-0.0146381600288226	-0.00174142414241424
E-MTAB-5879_2	0.000855609415130409	0.0041143824403793	0.0100336869523452	-0.00190379795642954
E-MTAB-5879_3	-0.0134369513841179	-0.0441379480367961	-0.0030580870801766	-0.00387806512307298
E-MTAB-5879_4	-0.00275554922702822	-0.0101883599421207	0.00617490247550725	6.8695512480026e-05
E-MTAB-5879_5	-0.021669857640749	-0.07516926475111	-0.0181761243630838	-0.000267143628420671
E-MTAB-5879_6	-0.00873144818984731	-0.0188048023873638	0.00650402511854278	-0.0018448820331495
E-MTAB-5879_7	-0.00523429511374903	-0.0428515357098596	0	0.00379719047286911
E-MTAB-5879_8	-0.000899764590978042	-0.025524534137009	0	0.00386748447857427
E-MTAB-5879_9	-0.00734214347507775	-0.0241219397275575	0	0.00695783324531322
E-MTAB-5879_10	0.0123074104840739	0.0432567418904798	-0.00105042016806723	0.00368140195791515
E-MTAB-4294_1	-0.0121951973847358	-0.0350111965856928	-0.00942019210492119	-0.0160086081397557
E-MTAB-4294_2	-0.00787518524985242	-0.0470111324749931	-0.0141771850669616	-0.00751831552274981
E-MTAB-4294_3	-0.00120338970604836	-0.0282159329078264	-0.0107354948892982	-0.00233657567216018
E-MTAB-3186_1	0.0161843747724671	0.0614398744858452	0.0227618939901298	0.0188753662384494
E-MTAB-3186_2	-0.00459924136975588	0.00630521146446225	-0.000914196804950052	0.00820447664359862
E-MTAB-3186_3	0.004283827678437	0.017443768921247	0.00443060537580155	0.00740085270694232
E-MTAB-3186_4	0.00881692581966914	0.0457879322242458	0.00497133056163184	-0.00335246842709529
