comparisonID	jaccard	cosine	sigjaccard	chrDir
22659600_1	-0.012942515793503	-0.0820042045057102	-0.0220656920920546	-0.0102324863102149
24361742_1	0.0125828224738191	0.119160494739373	0.00153265657829552	0.0110030250632363
GSE72258_1	3.54883056243091e-05	-0.0482086707103748	-0.000154416306361952	-0.00623914667665436
GSE72258_2	-9.06852091406785e-05	-0.00682844337029485	-0.00712221655617882	0.00420168067226891
GSE69531_1	-0.0315948168370224	-0.0804951736292434	NA	NA
GSE69531_2	0.0159757314853593	-0.000620535890004742	NA	NA
GSE69531_3	0.0257521246878627	0.0681970708956086	NA	NA
GSE69531_4	-0.0315948168370224	-0.0804951736292434	NA	NA
GSE58203_1	0.00803333820009749	0.0304267073010518	0.00868824534758351	0.00500676616448428
GSE58203_2	0.0134625214811171	0.0342188725984446	0.0149644284545553	0.0061606436679217
GSE58203_3	0.0263572839297396	0.0593229397182963	0.0300494533825604	0.00879332490559376
GSE58203_4	0.0490596358143437	0.102683635903525	0.0551631123608152	0.0183291983441941
GSE58203_5	0.00786953680763938	0.0378832249437143	0.00746179222000096	0.00962654869804322
GSE58203_6	0.0234392223670805	0.0815148316455803	0.0290685852442315	0.0089606150372594
GSE58203_7	0.0527260001307153	0.117049485411061	0.0628845137931902	0.0148084018598839
GSE58203_8	0.09734125100865	0.181184913155273	0.11095041762918	0.0101313811144209
GSE59642_1	-0.0596142910455057	-0.0920768843579531	NA	NA
GSE59642_2	0.0143942493734753	0.0391612102520449	NA	NA
GSE59642_3	0.076991550856354	0.158726479890308	NA	NA
GSE64922_1	-0.0195503466533243	-0.0043597548096741	-0.0285149595990963	0.00252365794621407
GSE60162_1	0.0111969001267122	0.112693319220691	NA	NA
GSE31685_1	-0.0282327997827339	-0.109004361602408	-0.033184253775926	0.00356620119679934
E-MEXP-3890_1	0.0345018443623675	0.0204538035631062	0.0379039863871372	-0.00881131705720089
GSE31980_1	-0.00304131116883594	-0.00552194990533131	-0.00249838157749196	-0.00593500735448906
GSE15615_1	-0.0310386012735677	-0.051175013690253	-0.0320323132343818	0
GSE15083_1	0.000878716128861898	-0.00607207321336554	NA	-0.00266569866542883
GSE108035_1	-0.00540391861094491	0.0142993681594601	-0.00546855045364415	0.00523717509073956
GSE108035_2	0.0474589356679257	0.0604950106778811	0.0540810546814743	0.0200014009212922
GSE108035_3	0.0594526338078	0.0955335166944042	0.0678935757653668	0.0227553588941749
GSE21959_1	-0.014268916021917	-0.0436129593491245	-0.0159228224976572	-0.00250799737383578
GSE21959_2	-0.0131687794921426	-0.0627255001302751	-0.0153810454111595	-0.000849277993718802
GSE24742_1	0.00279211229378525	0.0370455633643708	NA	0.00445383129753284
GSE24742_2	-0.000139297011049046	-0.0268960095696184	NA	0.00770581871391215
GSE24742_3	0.00460937864357435	0.0337707906574948	NA	0.012044145236088
GSE74668_1	0.0035251655745631	0.0295976147705275	NA	NA
E-GEOD-10024_1	0.0114151453326734	0.0476902566735212	NA	NA
E-GEOD-10024_2	0.00787953057462663	0.0226306596707	NA	NA
E-GEOD-12860_1	0.00338100091083755	-0.0120811091392601	NA	NA
E-GEOD-12860_2	-0.0155459574464588	-0.0487458192559752	NA	NA
E-GEOD-12860_3	-0.011777798004865	-0.0334197105994766	NA	NA
E-GEOD-12860_4	-0.0129073577894015	-0.0486403737394905	NA	NA
E-GEOD-12860_5	-0.0158234474269762	-0.037831893753235	NA	NA
E-GEOD-12860_6	-0.0152635150612879	-0.0378800163647742	NA	NA
E-GEOD-12860_7	-0.0184398497661672	-0.0623127783963192	NA	NA
E-GEOD-12860_8	-0.00457866814102471	-0.0197671998755061	NA	NA
E-GEOD-14359_1	0.0198845206043708	-0.0135102525785316	0.0310882997636866	-0.0228665466234745
E-GEOD-14359_2	-0.0416743596193448	-0.125245924551027	-0.0637802293135213	-0.0236234965037454
E-GEOD-1919_1	0.0069288279923404	0.0578993449205311	NA	NA
E-GEOD-1919_2	0.0196313052282625	0.0513013112765287	NA	NA
E-GEOD-1919_3	0.00773463642757954	0.0281433641671653	NA	NA
E-GEOD-1919_4	-0.00164324001117374	0.0189181580025483	NA	NA
E-GEOD-1919_5	0.0121285488595429	0.0326134342816238	NA	NA
E-GEOD-1919_6	-0.00708978576375775	-0.0229063288560937	NA	NA
E-GEOD-1919_7	-0.00823176871671789	-0.0240607749438819	NA	NA
E-GEOD-1919_8	-0.0121990008464865	-0.0420363898308012	NA	NA
E-GEOD-1919_9	0.000639968158604835	0.0399032423612639	NA	NA
E-GEOD-19664_1	0.00242920502918546	0.0200935472511452	NA	NA
E-GEOD-19664_2	-0.0194600728462666	-0.0611106862502927	NA	NA
E-GEOD-19664_3	-0.0325014929667525	-0.117630921220988	NA	NA
E-GEOD-19664_4	-0.0123048148313509	-0.0102505377593342	NA	NA
E-GEOD-19664_5	-0.0207034299119139	-0.0531842792892589	NA	NA
E-GEOD-19664_6	-0.0374327976207428	-0.106071311273083	NA	NA
E-GEOD-43923_1	-0.00821525793177521	-0.0794729570397985	-0.0131777529856797	-0.0354767458796469
E-GEOD-51812_1	-0.036316551796571	-0.0809186755715128	-0.0388627810824746	-0.0182823027731604
E-GEOD-51812_2	-0.0393812464435963	-0.0914796740106717	-0.0429559234709744	-0.0192686628212915
E-GEOD-68760_1	0.025360030927384	0.0520355925353479	0.0332426557606846	0.0135882375281219
E-GEOD-82107_1	0.00216527820396055	0.0391487146414765	0.000997162650605421	0.0116430742328928
E-GEOD-9451_1	-0.0624078090564286	-0.129631996224476	-0.0584411011446851	-0.0291454995904064
E-GEOD-9451_2	-0.0515801260246621	-0.152119802464331	-0.0617067600427317	-0.0405894462240368
E-GEOD-9451_3	-0.0214317912219248	-0.0429289885259298	-0.0272624027458565	-0.00303282024190966
E-GEOD-9451_4	-0.0483769208662639	-0.136870644421737	-0.0445724250449483	-0.0458913078860075
E-MEXP-2019_1	-0.0340067090508225	-0.0501595055114472	NA	-0.00878301115873542
E-MEXP-2019_2	0.0236578796589843	0.054938924682101	0.00697621748257554	-0.000397513621364438
E-MEXP-2019_3	-0.0366803543454729	-0.0526768582782193	NA	-0.0125127731883022
E-MEXP-2019_4	-0.015050025355693	-0.0702606888250949	-0.00285923065489881	-0.0337618150847855
E-MEXP-2276_1	0.00712502867476575	0.0646020630757126	NA	0.00227188117035141
E-MEXP-2488_1	-0.0332548848681552	-0.0820817624793989	-0.0354719260848146	-0.0360180752741913
E-MEXP-3129_1	0.00160692957518887	0.0212497658240101	0.00394241809103941	0.00942638405870839
E-MEXP-3474_1	0.0209583345027681	0.0266511165539266	NA	-0.00781825408422853
E-MTAB-3010_1	0.0444042704595343	0.0490326288603153	NA	NA
E-MTAB-3010_2	0.0402463576397849	0.040127484385583	NA	NA
E-MTAB-3010_3	-0.00805849483588367	-0.0666870289635246	NA	NA
E-MTAB-3010_4	-0.0424880365080639	-0.109608617205786	NA	NA
E-MTAB-4152_1	0.010357228228767	0.0596404738765981	0.0134731861712832	-0.000188676645580789
E-MTAB-4152_2	0.0046130069056357	0.111943413070162	0.00478161092941272	0.0297219697962145
E-MTAB-4152_3	0.0211843164905466	0.142968817132944	0.026570977862216	0.0243379408629756
GSE100609_1	-0.00010267853428224	0.0240536151441419	NA	0.0036228250911396
GSE100786_1	-0.000867142524363838	0.013783263359584	-0.000186706497386109	-0.00145904871935406
GSE100786_2	0.00167008615047537	-0.028982257280084	NA	0.00182777484320261
GSE103697_1	-3.54883056243091e-05	-0.00685044018711353	NA	NA
GSE103697_2	0	0.0039528731287533	NA	NA
GSE103697_3	0	0.00474457625126921	NA	NA
GSE104113_1	-0.00250839715177185	0.00571520975515596	NA	NA
GSE104113_2	0.00956994560592097	0.0466814249639002	NA	NA
GSE104113_3	-0.00250839715177185	0.00571520975515596	NA	NA
GSE10575_1	-0.00285229449058072	0.0325886773484647	0.000494065421018188	0.00732563219902267
GSE10575_2	0.0183219005524348	0.0216298387083864	0.00620186459420178	-0.0137032012236697
GSE10575_3	0.0915404051067078	0.174970574743353	0.0970104109547278	0.0507808578986396
GSE13604_1	-0.00229776442906284	-0.00251586684064341	-0.00600918101228936	-0.00415173459846529
GSE13837_1	0.00309587236130015	-0.0166233543164258	0.0015433771913705	-0.00867904197291064
GSE13837_2	0.00151494064632243	-0.00490288895252919	0.00278069275741246	-0.00644200680501018
GSE13837_3	-0.00103563311436231	-0.033782421769188	-0.00142577648419269	-0.0191143252099476
GSE13837_4	0.0105723375921971	0.0287667809954172	0.0110162204667538	-0.00596964918613891
GSE13837_5	0.00223445865381253	-0.0100912654045089	0.00198716344927184	-0.00223216838822839
GSE13837_6	0.00389788332784297	-0.014430864997139	0.00630805480048609	-0.00227685735498309
GSE13837_7	0.000941520585808639	-0.00273422752326331	0.00533489234363781	-0.0190234631546244
GSE13837_8	0.0248731821510268	0.0562135519687169	0.0279210972786402	-0.00242461577916872
GSE13837_9	-0.00300193847361108	-0.00183161872118176	-0.00358890604382567	0.00646570363928499
GSE13837_10	0.000195877217959498	0.00659060022175505	0.00313763501356932	0.00541664575378395
GSE13837_11	-0.00333858005927884	-0.0207542893068595	-0.00359219929403367	0.00723901848159245
GSE13837_12	-0.0111889184291223	-0.0293139172300499	-0.00593030083391997	0.00767060004873146
GSE13837_13	0.00833391975543061	0.0389161817421017	0.0072881098274618	0.0115082552739022
GSE13837_14	0.00921076172906499	0.0221273731952144	0.00817719123943291	0.00883013620174752
GSE13837_15	0.0100061708031871	0.02197309632742	0.0121374409080709	0.0046135918721688
GSE13837_16	0.0274963103172763	0.0564435066249611	0.0320776516598488	-0.00691440686704129
GSE13837_17	0.00561956183246758	0.0321488477427519	0.00598717478431265	0.0164149245775155
GSE13837_18	0.00638292771690263	0.0244810850162109	0.00629509426561245	0.00199844531113881
GSE13837_19	0.00697048893908997	0.0137395323591387	0.00808817857053437	-0.00230112532244363
GSE13837_20	0.00874089520069519	0.0364181189102928	0.0104592357912975	-0.00528154858135099
GSE13837_21	-0.000356664609340791	0.0012912808340845	-0.000230238387171846	0.00213920203833126
GSE13837_22	-0.000575296192698662	-0.00582179958701714	0.000353146362814543	0.00624700357085031
GSE13837_23	-0.000414246643520806	0.00395834609972625	0.00132136801722878	0.00735916934397538
GSE13837_24	0.0108960569371267	0.0260217656658535	0.0106706272330947	0.00868774016514649
GSE16464_1	0.0523082479439167	0.158690339707912	NA	NA
GSE16464_2	-0.0587839116854505	-0.0957575402822701	NA	NA
GSE19060_1	0.000201581596939119	-0.0105702164741176	0.000194931773879142	-0.00745566485795763
GSE27372_1	0.0035603868347561	0.0397318473782932	0.00614272406079872	0.00568916194465412
GSE27390_1	-0.00190251496122261	-0.0300731757287883	-0.00177345444105878	-0.000623993579497668
GSE29106_1	0.00126655343127119	-0.00801285990659422	NA	NA
GSE29107_1	-0.00565311119959915	-0.00860145690739009	NA	NA
GSE29107_2	-0.0237625816737319	-0.0190262214950846	NA	NA
GSE29745_1	0.141612497542476	0.235777070312629	NA	NA
GSE29745_2	0.0104767651093363	0.0831195833399212	NA	NA
GSE29745_3	0.0649726642857378	0.068240746354451	NA	NA
GSE35546_1	-0.00246393290032558	-0.0413583551397817	NA	NA
GSE35546_2	-0.00236588475996957	-0.0592670941504275	NA	NA
GSE35546_3	-0.00171071304482401	-0.0450774909689219	NA	NA
GSE35546_4	-0.0287836418031192	-0.0832276349042292	NA	NA
GSE35546_5	-0.0228251472080246	-0.0641581853898295	NA	NA
GSE35546_6	-0.0210546238238025	-0.0721486359091809	NA	NA
GSE35955_1	-0.00336717846421078	-0.0134403784475234	0.000377109239773708	-0.00183211337632398
GSE35956_1	-0.015315951392204	-0.0727882026529775	-0.0218264073944403	-0.00181098064798886
GSE35957_1	-0.0302997782673425	-0.0974128842187756	-0.0409962292156854	-0.00317184886503287
GSE35958_1	-0.0179473689070806	-0.051466257194316	-0.0227836415623681	-0.00426952277204395
GSE39340_1	-0.00569185892900404	-0.0558221600470857	-0.00013415654017459	-0.0253943082617838
GSE39340_2	-0.00847552119062243	-0.070011807242196	-0.00138535367309779	-0.0135377978401234
GSE39340_3	0.0035248186145349	0.0208493465044383	0.000154416306361952	-0.00606785645186681
GSE39795_1	-0.00399806339648088	-0.0346033680266854	NA	-0.00345888572008816
GSE39795_2	-0.00615208976000378	-0.0102472032669268	-0.00609959979634786	0.00328440058461762
GSE39795_3	-0.00276488955591479	0.0177718692819552	0.000472656960432856	0.00445861158122214
GSE41038_1	-0.0111308210624668	-0.00480630664934707	NA	0.000593699654269318
GSE41038_2	-0.00580950773882158	-0.0196294584416073	NA	0.00585852185612817
GSE41038_3	-0.00261048739110075	-0.00720807504446854	NA	-0.00356800222418884
GSE41992_1	0.0300292188048088	0.0414268274709959	NA	NA
GSE42235_1	0.00291654031308375	0.041765520429953	0.00691528650637698	0.0324862339248582
GSE42235_2	0.00638087450577483	0.0416875250529484	0.014347539971915	0.0206977936578925
GSE42235_3	0.013626065891955	0.0595833263673401	0.0222238693428256	0.0357362974628158
GSE42235_4	0.0159606622183773	0.070446884455597	0.0291047302393134	0.0286805250573366
GSE45233_1	0.00569627715152569	0.0211743147771051	NA	0.00700165994063163
GSE45233_2	-0.00771689129771395	-0.080063778088104	0.000154416306361952	-0.0184950767478643
GSE45233_3	0.000557797234349818	-0.013115054889111	NA	-0.0030465107982114
GSE45233_4	0.022851304674668	0.0786339775551041	-4.67402711683572e-05	0.0264971152190823
GSE46053_1	0.00509698959572122	0.00741267975048462	0.0055694758537005	-0.00750035752556055
GSE46053_2	0.00766443889186144	0.0366507833434034	0.0150090283158627	0.00974568463722477
GSE46750_1	-0.0115381070818372	-0.166949682804427	-0.00510285744375654	0.0178603006189213
GSE51588_1	-0.0459868824986589	-0.0766841652888593	-0.0538804905632719	-0.0155858998167097
GSE51588_2	-0.0735567281379881	-0.144249922693723	-0.0808834988853732	-0.0147019156993852
GSE51588_3	0.0258768580978159	0.105096086705316	0.0272205274377581	0.00328368188360446
GSE52817_1	0.0183691840351408	0.0268793925328595	NA	NA
GSE52817_2	0.0332630020082296	0.0221123927926058	NA	NA
GSE52817_3	-0.0209828543961928	-0.0711509925694865	NA	NA
GSE52817_4	-0.0093897081763888	-0.00182519676971541	NA	NA
GSE55235_1	0.0072942910060152	0.060025983198986	0.00824197888204426	0.0106144691597629
GSE55235_2	-0.0182629826951853	-0.045781346484789	-0.0260498922075947	-0.0215182322199994
GSE55235_3	-0.0233187317099734	-0.0986225573625927	-0.0352428640893955	-0.0222167226586856
GSE55457_1	0.00688703859241463	0.0752134808747489	0.0103814342366329	0.0345224973444828
GSE55457_2	-0.00443866763605688	-0.0151526415008782	-0.00439800300431011	-0.000654181697544221
GSE55584_1	0.0062142452136314	0.0561661601998866	0.00187908922792031	0.0299385043172251
GSE57218_1	0.00216458285004449	0.0931270149272818	0.00394629714661426	0.0134998744461455
GSE60762_1	0.00221132842597069	0.0128465480348535	NA	0.0132890145697703
GSE62914_1	-0.037681271962245	-0.083058172663426	NA	-0.00874883138615295
GSE62914_2	-0.0403460124895044	-0.0443951204663121	NA	0.00859679469822974
GSE62914_3	-0.0363698344746202	-0.0164618770340246	0.000213724370826694	0.012537325565204
GSE62914_4	-0.0490578860439479	-0.0982400437394699	0	-0.0190459964644185
GSE64394_1	0.0132020621579244	0.0639742507026811	NA	-0.0171039702217103
GSE66635_1	0.000307589576694907	-0.000542187285954093	NA	-0.00275535284831919
GSE68038_1	-0.0176971067214261	-0.0486833673806318	-0.000937510168341795	-0.0171408824523104
GSE68428_1	0.00759459346092691	0.0242179986264861	0.00536075337973925	-0.0190336071266557
GSE68428_2	0.00353066643198987	0.00436204039986615	0.00506697092763405	-0.0181008788741439
GSE68428_3	0.0248543208773395	0.0476212457419906	0.0244089722584742	-0.00459980635338273
GSE69459_1	0.019902088244294	0.0538954375707487	NA	NA
GSE69459_2	0.0249906823700504	0.0505706336675182	NA	NA
GSE69459_3	0.00944243576053648	0.0805393426060326	NA	NA
GSE69459_4	0.0353340757133737	0.0859647327007683	NA	NA
GSE69992_1	0.0236889183743838	0.0741966466609559	0.0266345885661205	0.0242369183738847
GSE70719_1	-0.0244667269210458	-0.151438594868801	-0.0308673965292866	-0.00371747211895911
GSE7116_1	-0.00887729018251511	-0.0286122048436893	-0.0102144877185911	0.00381567723362985
GSE7116_2	-0.00385446341153169	-0.0315325223546251	-0.00707921213505907	0.000986705030938709
GSE7116_3	0.00397780773132634	0.00251044081606417	0.00634962761872673	-0.00400020969016538
GSE72575_1	0.00599028535500707	0.0193637286302038	0.0104705059785589	0.00885175935778769
GSE72575_2	-0.0012488948531694	-0.0268599107678256	-0.00178774657040807	-0.000819804861878576
GSE72575_3	0.00136864803525255	0.0237184256164032	0.00110476995746103	0.000694614515784154
GSE72575_4	0.000141382952791095	-0.0202428916362536	0.000240671416896759	0.00112579127397244
GSE75181_1	0.0164968894735703	0.0698519046085121	0.0226910607324344	0.0245318149573469
GSE75181_2	-0.000827634552122286	0.00108793962180462	-0.00269452721631857	0.00630800749671862
GSE75181_3	0.018649385095582	0.0709738740479829	0.0241794711260664	0.0243411982916939
GSE75230_1	-0.00464428836834307	-0.0287266294222736	-0.00548152288830148	-0.0125061709405268
GSE7669_1	0.000592477380071554	-0.0028567437045192	-0.00470439849164462	-0.0139154763182809
GSE77916_1	0.000555540907146666	-0.0330824080738735	0.000264335781906103	-0.00321660542966969
GSE80614_1	0.000836585104005028	-0.0139144769675941	0.000518625325947997	0.00342096927462781
GSE80614_2	-0.00270962646488346	-0.0590950785828459	-0.0049081694964867	-0.00906808449567391
GSE80614_3	0.000568584506825814	-0.0207521240742752	-0.000490268665252051	-0.00576906334097126
GSE80614_4	-0.00553712159179929	-0.0130717979424881	-0.0100082009549354	1.77071133313153e-05
GSE80614_5	0.00486991650253885	0.0256930381775786	0.006365177641563	0.012078834050172
GSE80614_6	0.0119817764066252	0.0665425926336919	0.016522712435749	0.00540295136266842
GSE80614_7	0.0105148004978818	0.0594776303309157	0.0133717808747261	0.00366118541860128
GSE80614_8	0.0100454737343229	0.054558371232535	0.01474061126168	0.0196292193864047
GSE80614_9	0.0015770493115594	0.0315223622223081	0.000989280606983023	0.0121505189604446
GSE80614_10	0.00136578337418351	0.0137361113734808	0.00216480199831005	0.0136526627826473
GSE80614_11	0.000373033807729617	0.0062710301137447	NA	-0.00582909342594046
GSE80614_12	-0.00241582186433476	-0.0267209107710848	-0.00135389922396264	0.0112900846265797
GSE80614_13	-0.00449508900879066	-0.016019118905267	-0.00549865210083221	0.0134567536671158
GSE80614_14	0.00014952344127666	0.00850791240111694	-0.000184857709681248	0.00576685648218362
GSE80614_15	-0.00274606877170852	-0.00360394328288378	-0.0080077226302591	7.4823266242717e-05
GSE80614_16	-0.00690681408456384	-0.00283317079797559	-0.0163406786122236	0.00456502244051965
GSE85254_1	0.0144379773519571	0.0776116485475196	0.00421293513880797	0.0224867217524661
GSE86578_1	0.00701612142542946	0.0587027826390519	0.0103526348311916	0.011095783164175
GSE86578_2	0.00619750297015654	0.0417286339623839	0.00879491434544627	0.014720118618729
GSE86578_3	0.00977013585583521	0.0552208652785643	0.0168089866143275	0.0303181324896269
GSE9329_1	-0.00210467368143845	0.0254682740986703	NA	NA
GSE93698_1	0.0201036739385162	0.0438608317223039	0.0308887491772715	0.0115722529716976
GSE93698_2	0.0162426601761973	0.0426314479917848	0.0196415127222719	0.00946178080032518
GSE93698_3	0.0128179880666678	0.0453909150089225	0.0198303735247425	0.0198261608702643
GSE93698_4	0.0206133138148595	0.0412598270544242	0.0261474970058683	0.0200521166486954
GSE93698_5	0.0108245882752355	0.04300844757691	0.0184215017747474	0.00906579019430209
GSE93698_6	-0.00289861833018526	-0.0193741838471962	-0.00194809651381229	0.00710562803128267
GSE93698_7	-0.00629828617553792	-0.00431273876663375	-0.00683203464439946	-0.00577250423958975
GSE93698_8	-0.00319121243072153	-0.0213322734176025	-0.000331742844178079	-0.0125782863752789
GSE93698_9	-0.00671516518615318	0.00482903943489843	-0.00666090228083662	0.000586432602198546
GSE93698_10	-0.00170952504492386	0.00938364183281565	0.00141128286050355	-0.0148264106899715
GSE93698_11	-0.000563670492844353	-0.00101620584222399	-0.000961730703936663	-0.000442363481653624
GSE93698_12	0.000315145664611202	0.0167166583491678	0.00524778455375894	0.00238994944475971
GSE93698_13	0.00014398033871869	-0.010553875860857	-0.0042093961362355	0.000972456877919185
GSE93698_14	0.00472295671892164	0.0117295445098002	0.0107142321558492	0.00337617600354263
GSE93698_15	0.00102560892699907	0.0172723035530414	0.00537470641142926	0.00799371017757392
GSE93720_1	0.01169852893733	-0.00521362221533733	NA	NA
GSE93720_2	0.000889139790802469	-0.0100421555705068	NA	NA
GSE93720_3	0.0175367767999947	0.0270754201209717	NA	NA
GSE93720_4	0.0138663080182755	0.0240453687120636	NA	NA
E-MTAB-5564_1	-0.0115465782678054	-0.0350783316587944	-0.0118841881677084	-0.0207095461455889
GSE77753_1	0.00630992473542682	0.0761491334323026	NA	0.00839568430765295
GSE43861_1	-0.014934448265164	-0.0444942016029479	NA	NA
GSE112809_1	-0.000630125216108334	-0.01962397386211	NA	NA
GSE111946_1	0.0521805056418719	0.119642793477521	NA	NA
GSE111946_2	-6.05810931430001e-05	0.0589256621536551	NA	NA
E-MTAB-3201_1	0.0203669434418282	0.0308200946565277	0.0202029001261628	-0.00248659695969228
E-MTAB-6700_1	0.0240924845283001	0.0194543521618557	0.027385038128086	0
GSE54749_1	0.000196957587434839	0.0272885052889097	NA	0.000134683876432851
GSE57218_B_1	0.00228540713687986	0.0103456522262425	0.00430929340310255	0.00693684282356813
GSE57218_B_2	-0.00193788780617768	-0.0272790062821292	-0.00289134501898313	0.00109423454211758
GSE57740_1	7.10380663780475e-05	0.00517973707969971	NA	NA
GSE52992_1	0.0272776922788001	0.274897958124847	0.0335170090385924	0.0953742638696162
GSE17160_1	0.00330411180177899	0.0329261226907707	NA	NA
GSE17160_2	-0.00251253706033666	-0.0429979784749738	NA	NA
GSE17160_3	0.00932124431113302	0.148928395234712	NA	NA
GSE17160_4	0.0149935238337997	0.121196840411605	NA	NA
GSE17160_5	0.00508357782572477	0.0421993525140147	NA	NA
GSE17160_6	0.000618043641784364	-0.00258278133368296	NA	NA
GSE17160_7	0.0258788672402344	0.223515841521522	NA	NA
GSE17160_8	0.0251093159870482	0.0955414631614844	NA	NA
GSE17160_9	-0.108260305654885	-0.205637022813854	NA	NA
GSE17160_10	-0.104559332460717	-0.195304395917747	NA	NA
GSE17160_11	-0.0818757165156845	-0.170936526636677	NA	NA
GSE17160_12	-0.10648058482204	-0.206805333331506	NA	NA
GSE22971_1	-0.00177305479048463	-0.137714328348137	NA	-0.0275215499556692
GSE22971_2	-0.000805391720004817	0.0157293114405826	NA	0.00482717157730584
GSE22971_3	0.0483221489260276	0.142855751603534	0.051287726970046	0.0279277534112886
GSE22971_4	0.069099198634859	0.208695059548651	0.0581253155221651	0.0354876370487804
GSE13590_1	0.0216386655850672	0.0844205994352383	0.031627136552144	0.0331944576561723
GSE13590_2	-0.000126184820405121	0.0436405288749991	-9.27711761696199e-08	0.00230892910710874
GSE99731_1	0.00311998898393181	0.0939243483105704	NA	0.0256606020841056
GSE99731_2	-0.000503815118449219	-0.0257448744839975	NA	-0.00872722652279303
GSE99731_3	-0.0546783052514896	-0.155239727816875	-0.0599777724193363	-0.0228252432046675
GSE27492_1	-7.06313228961307e-05	0.00947749405711055	3.21620230831434e-05	-0.0321226788125667
GSE27492_2	0.00348955094477851	0.0476507964015011	0.00596633894376744	-0.0103312121384411
GSE27492_3	0.0190835296530071	0.0879113594820594	0.0449496193511252	0.0166838836735911
GSE27492_4	0.0108045854357089	0.0549277180953399	0.0254430069856936	-0.00242179540505755
GSE27492_5	0.006543534800566	0.0484255388728621	0.0175737553211316	-0.00195735608403679
GSE27492_6	-0.00357054675278547	-0.028055795301425	-0.0103881411997477	-0.0129408971185879
GSE27492_7	-0.00390989404721022	-0.0271191291607355	-0.00893918510184085	-0.0154862691059722
GSE27492_8	-0.00651530558593101	-0.0525955038934983	-0.0158641122253012	-0.0281726935975088
E-GEOD-15069_1	-0.00941927804043575	-0.128782207918907	-0.0118246662874918	-0.0243112885910684
E-GEOD-15069_2	-0.00291979774691664	-0.0804209410762422	-0.00407648917891742	-0.0161147258305054
E-GEOD-15069_3	-0.0251181072777347	0.000241440390494056	-0.03048799473995	0.0277444385125575
E-GEOD-15069_4	-0.00992414500480737	-0.175968781138228	-0.0125566792649443	-0.043527792606265
E-GEOD-15118_1	-0.00428347047807155	-0.0688680597390287	NA	NA
E-GEOD-15118_2	3.55519122373304e-05	0.0759945565701521	NA	NA
E-GEOD-15118_3	0.0228579944140105	0.131896379044082	NA	NA
E-GEOD-15118_4	0.0203639613688174	0.0455551153952852	NA	NA
E-GEOD-16007_1	3.50991253638133e-05	0.0157694756933305	NA	NA
E-GEOD-17473_1	0.015332797430767	0.111239294403954	NA	0.015861748831259
E-GEOD-18647_1	0.00901594428904602	0.0684263533036287	NA	0.00560720796581544
E-GEOD-18647_2	0.0093832567696561	0.0429714893341898	NA	-0.00321033281391338
E-GEOD-18647_3	-0.00170656047108178	-0.0114322661506841	NA	0.00261810801653861
E-GEOD-18647_4	-0.00156079213831161	-0.0281046328917456	-0.00254883473991927	-0.0120722421649504
E-GEOD-18648_1	0.0160507210288788	0.106367229518887	0.0205098383018926	0.0402438185078689
E-GEOD-18648_2	0.0170003760851697	0.140884051222966	0.0223474235571926	0.0252461109017272
E-GEOD-2154_1	-0.00269032592492154	-0.0560295189591395	-0.0042508410635586	-0.0221223991468838
E-GEOD-2154_2	-0.0135656861699095	-0.219948756034419	-0.0197188083361152	-0.0650796033161345
E-GEOD-2154_3	-0.0134416518956884	-0.259142310598791	-0.0212707692312615	-0.0984786226172111
E-GEOD-2154_4	-0.0247842006316994	-0.205685340416376	-0.0364680088047222	-0.0661846005155864
E-GEOD-26475_1	0.0145036102908853	0.183671522759835	0.0184268604280436	0.056718219761698
E-GEOD-26475_2	0.0111085347870224	0.240281384376971	0.0042106704951439	0.044796755911667
E-GEOD-26475_3	0.0122765898613117	0.166582435676089	0.015500077275447	0.0530445061416181
E-GEOD-33567_1	-0.206493642243381	-0.333871529003324	NA	NA
E-GEOD-33567_2	0.00303595807783718	0.00702183214395486	NA	NA
E-GEOD-37287_1	0.0252702048997996	0.0521282242902011	NA	NA
E-GEOD-37287_2	0.0535795850025395	0.0762434427565996	NA	NA
E-GEOD-37287_3	0.00906979309628025	-0.000856614450027071	NA	NA
E-GEOD-51994_1	0.0112342493334785	0.00726045672094	-1.29327876345359e-06	0.00863096475707244
E-GEOD-51994_2	0.0294128550180683	0.0229046993369316	0.00453063834944093	0.00431534022147095
E-GEOD-51994_3	0.0125379816608991	0.0276501042781219	-0.000813608011479727	0.00420298348935594
E-GEOD-65077_1	-0.000526701370004535	-0.0718002784909149	NA	NA
E-MEXP-1244_1	-0.00802818819949073	-0.147901382914349	NA	NA
E-MTAB-1123_1	0.0171148618144657	0.108572226396335	0.0213623450634147	0.0369964087285102
E-MTAB-1123_2	0.0125791545069964	0.0957939739434361	0.0189374141235709	0.0381963181831949
E-MTAB-1123_3	-0.00254116281000108	0.0225390699514427	-0.000621716185092471	0.0102450791925669
E-MTAB-1123_4	0.00068606859669671	0.0783851298149475	0	0.0141325695398069
E-MTAB-1391_1	-0.0474794085496801	-0.315730143386632	-0.0557684559476044	-0.0665042397170522
E-MTAB-1391_2	-0.284810526047055	-0.616533488878952	-0.327540292745836	-0.19845582726734
E-MTAB-1391_3	-0.263490427833109	-0.606190615786429	-0.309743507721582	-0.224647729475512
E-MTAB-2450_1	-0.00585619850181965	-0.0594292285073962	-0.00338715956104861	0.0241922649904776
E-MTAB-2450_2	0.0197633567150581	0.234299668845492	0.0135366451723689	0.0123459877034309
E-MTAB-2450_3	0.0789135189291259	0.258997793156395	0.0939733162921632	0.016547141905361
E-MTAB-2450_4	0.0287345709593691	0.0493957236164317	0.0370515091306295	0.010831223603402
E-MTAB-5023_1	0.00180922439892309	-0.02025799444893	NA	-0.0149517428392832
E-MTAB-5326_1	0.00310784346897193	0.00205924871423274	NA	NA
E-MTAB-5326_2	0.0166922121281697	0.0255315152117867	NA	NA
E-MTAB-5326_3	0.00570929756985438	0.0162617566996458	NA	NA
GSE102588_1	0.0042927599943933	0.0657894378086772	0.000339951134878651	0.0114735425650814
GSE104793_1	-0.026996463810994	-0.0493285476349746	-0.0313252257674814	-0.00182281645555819
GSE104794_1	0.0294509967079844	0.0422171827118031	0.0356191050551887	0.00680315743958247
GSE104795_1	0.0218102960712653	0.0413892101840839	0.025273512882572	0.0189282874196131
GSE105139_1	-0.000575603984458692	-0.0187982180561708	NA	-0.00742955840502599
GSE105139_2	-0.00502457090104237	-0.0262056557200133	NA	-0.0146932832276285
GSE105139_3	-0.00494678135925852	-0.0169962123790216	-0.00032927230819888	-0.013879246059297
GSE10555_1	-0.108193421531692	-0.246921932688611	NA	NA
GSE10556_1	-0.0125056469240769	-0.0927211973498923	-0.0188796528694189	-0.0673858878299211
GSE106631_1	-0.0156242071055621	-0.0434838727919345	-0.0200186044960678	-0.00247641593278596
GSE13104_1	-0.0718434965774412	-0.209963711467197	NA	NA
GSE13104_2	-0.0498629692895372	-0.181560872338567	NA	NA
GSE13104_3	-0.00970709580070186	-0.114406481045982	NA	NA
GSE16749_1	-0.0440321767390033	-0.0523052466028616	NA	NA
GSE16749_2	0.00533644852165196	0.0204531972769288	NA	NA
GSE16749_3	0.00636857884314508	0.0204345113339853	NA	NA
GSE17348_1	-0.00558025336226607	-0.0221412032369694	NA	NA
GSE17563_1	0.0996706398157081	0.222988860935931	NA	NA
GSE17563_2	-0.0466404791326441	-0.0669452948290128	NA	NA
GSE17569_1	-0.0613010802362273	-0.104565451848349	NA	NA
GSE17569_2	-0.089146021927298	-0.136536690127417	NA	NA
GSE17570_1	-0.0720497328680322	-0.123663574085278	NA	NA
GSE17570_2	-0.0433493085151019	-0.117287087170319	NA	NA
GSE18991_1	0.000126198889449773	0.0811028707806737	NA	0.00304693691328659
GSE18992_1	0.000161707632600259	0.0451960171541945	NA	0.00764523327359295
GSE19299_1	0.0649930628881733	0.152059713614063	0.0724391082717431	0.0537224141474094
GSE20850_1	0.0174964130947734	0.0512343565436479	NA	NA
GSE21093_1	-0.0422192891250413	-0.0962100484547389	NA	NA
GSE21523_1	0.00848460769186369	0.0541462926999208	NA	NA
GSE21639_1	-0.0014195499740993	-0.0505832754712164	NA	NA
GSE21639_2	0.00303117226762138	0.0162028773330471	NA	NA
GSE21639_3	0.00423693115017313	0.015971693326202	NA	NA
GSE21639_4	0.0072030040667846	0.0197250723192373	NA	NA
GSE21710_1	-0.0501165297106292	-0.170782449246888	NA	NA
GSE21710_2	-0.0467458306415685	-0.166251085383659	NA	NA
GSE21710_3	-0.0206084975438427	-0.103356118254827	NA	NA
GSE22925_1	0.0239177920366055	0.1057349239209	0.0264926927376497	0.0169802073561045
GSE22925_2	-0.00165458193118197	-0.0182495995804026	-0.00113181056042269	-0.00128891227724508
GSE26499_1	-0.00139568610252187	-0.00322691619650542	NA	NA
GSE30160_1	-0.0476545337202659	-0.143258116431984	-0.0684524073152459	-0.0123005491026986
GSE30628_1	0.0530477873724347	0.134011354791891	0.0595620999601628	0.0300107173021974
GSE30628_2	0.0202379608406298	0.0874466705039064	0.0313577409602438	0.0175237113106423
GSE32163_1	-0.0183868283432864	-0.113938285099906	NA	-0.0181749474239753
GSE33656_1	-0.0749269782832945	-0.173497224078922	NA	NA
GSE33754_1	-0.0014767374840869	-0.0571565552015187	-0.00281275985157124	-0.00990962539979217
GSE33754_2	0.0010065355077447	0.00486996123908854	0.0026577553383428	0.0088415106279914
GSE33754_3	0.00301755578838957	0.0217915036802591	0.0048567528302732	0.0184912624694315
GSE34570_1	-0.0614344423267736	-0.24970172363879	NA	NA
GSE35003_1	-0.00688670834042354	-0.0326893095830094	NA	NA
GSE35466_1	-0.00104791217992874	-0.0381629777271602	NA	NA
GSE35466_2	0.00481514624364795	0.00165076100393918	NA	NA
GSE35466_3	-0.00158055667113093	-0.0524024418357622	NA	NA
GSE35466_4	0.0014531562111139	0.0107018525395364	NA	NA
GSE35466_5	-0.000349909808676731	0.0585234111524396	NA	NA
GSE36925_1	0.000252001139550068	0.0144755771160376	NA	NA
GSE36925_2	0.0185881107446091	0.104568018268165	NA	NA
GSE36925_3	0.0182923272159763	0.089209676602609	NA	NA
GSE37219_1	0.056565557969957	0.150995895060087	NA	NA
GSE37676_1	-0.00473133803945639	-0.0528457185414859	-0.00662987132246537	-0.0211983198532696
GSE41342_1	0.00363949552189521	0.0432533551015621	-0.00149295833183584	0.00194915087289186
GSE41342_2	0.000887201027847837	0.0221914130668919	NA	0.0185606253454207
GSE41342_3	0.000517657985320878	0.0499913870532624	NA	0.0125596384708766
GSE41342_4	-0.00625944081435469	-0.0904730956557687	-0.00329091706888986	-0.0283394418520599
GSE41997_1	-0.00215973534175995	0.0118881420430215	-0.00411444318807197	-0.0117692765035453
GSE43242_1	-0.00253430823352166	-0.0859105179088708	0.000311969186875715	-0.020170305774718
GSE43242_2	-0.00134125718656745	-0.0246176427416128	-0.000218433261310926	-0.00875995906312722
GSE43663_1	-0.00152734391274829	-0.0518167169773173	-0.00123013944498754	0.00516976187763473
GSE43854_1	0.0864246312740865	0.142810506060647	NA	NA
GSE45656_1	0.0211319809726171	0.0577414473569104	NA	NA
GSE45656_2	-0.107301354024146	-0.195619438486253	NA	NA
GSE45656_3	-0.0877626280634242	-0.117765574922702	NA	NA
GSE45793_1	0.0170337037903928	0.0305296850529801	0.0107876458378119	0.00398768663552815
GSE45793_2	0.0484995379945528	0.144713862354122	0.0419860676573334	0.0285954519028881
GSE45793_3	0.0356404141893335	0.0888400674924429	0.0408048244770488	0.00977056077974833
GSE45793_4	0.0692815966683034	0.116707203438155	0.0817797579549069	0.0251397325900129
GSE45793_5	0.0644789889785213	0.146941834532772	0.0521553961966586	0.0151619900062424
GSE46390_1	0.00396502227533054	0.0251063142848518	NA	NA
GSE48438_1	0.00991741388202354	0.0330538102837809	NA	0.00355079360670415
GSE50549_1	0.00441305646436949	0.0156586070119079	0.00795210212409068	-0.000161911215022859
GSE50549_2	0.00511148187429047	0.0123005866688841	0.00840330226805289	0.000127026636437618
GSE51098_1	-0.0336986342611548	-0.121814792230064	-0.017889383353387	-0.0200294569681545
GSE53857_1	-0.00177449123665252	-0.0549667748895172	-0.000723624409170978	-0.0246037534360265
GSE53857_2	-0.00159706395009615	-0.0636481481249038	-0.000965943720606561	-0.0284001340637496
GSE53857_3	-0.000202730672175383	-0.0134760757886525	-0.000656593763106919	-0.00425334043988202
GSE53982_1	-0.0728198065550593	-0.331121814332377	-0.0842874466733192	-0.0890370586652126
GSE53982_2	-0.000270304785612625	-0.000197508130717437	-0.000698893931708711	0.00433623377150184
GSE54779_1	0.0701852070635551	0.138114500822903	0.0828821588867032	0.0144681448217794
GSE55900_1	0.000575603984458692	-0.0196073635781418	0.00188456697210559	0.00673570019182429
GSE57104_1	0.0147095827032417	0.179227451499677	NA	0.039409368635609
GSE59387_1	-0.00969105322611364	-0.0902604773387334	NA	NA
GSE60401_1	-0.00569961574166285	-0.0252818460494514	NA	NA
GSE60401_2	0.0251918226099557	0.0872294677123917	NA	NA
GSE60651_1	-0.00770565707655623	-0.0596205608799623	NA	NA
GSE60737_1	0.0152759618632019	0.0123696150604083	NA	NA
GSE60761_1	-0.00029305041921585	0.0192345004647261	0.000674266784160733	0.00294089694089694
GSE60761_2	0.00066650319039935	0.0233890583603472	NA	0.000974807657831069
GSE60761_3	-0.000925646337543962	-0.0329760115981229	-0.000151834809550929	0.00174872173860488
GSE60761_4	-0.00251785485801667	-0.0300075557391511	0.00033178500331785	0.00411962083049616
GSE63017_1	0	-0.014295464459278	NA	0.00289035802114273
GSE63017_2	-0.000610360584527285	-0.0345699827722638	NA	-0.00331981941194969
GSE63017_3	-0.00249723043240309	-0.0183678021077134	-0.0013041003079369	-0.00703182032261862
GSE63017_4	-0.0011665577832766	-0.0405225989305623	NA	-0.00672300887226918
GSE63939_1	-0.0761722301827914	-0.235370880534537	-0.088576231958481	-0.0758858584359895
GSE63939_2	-0.095989478233286	-0.22315736410847	-0.106715940128449	-0.0529672439430314
GSE64141_1	-0.127529672668252	-0.355031203812679	NA	NA
GSE64965_1	-0.072678478718005	-0.169013815981606	-0.0975847207051129	0.0028003794596199
GSE65745_1	0	0.014594953068817	NA	0.00421005636300502
GSE65745_2	-0.000393688623358208	0.0340172920377846	-0.00105263157894737	0.00868836315060023
GSE65745_3	-0.000358304981919968	0.026965574040008	-0.000465410446044887	0.00807699075202997
GSE66416_1	-0.00818406126029318	-0.0654059687451404	NA	NA
GSE66862_1	-0.00202388089020118	-0.093964940645266	-0.00271572247828912	-0.00705396472833545
GSE69108_1	-0.00260320145074952	-0.0365381085691431	-0.00321931414090978	-0.014009387513133
GSE71565_1	-0.0298774177941696	-0.16548018151219	NA	NA
GSE72261_1	-0.00401417916403482	0.00462928535092334	-0.00251660266365103	-0.0028456568452614
GSE72261_2	0.00964129325100557	0.0625686275054895	0.0217276692542788	0.00436158192090396
GSE72261_3	0.0113897880225742	0.0631274268935979	0.025111717505733	0.00744223306238067
GSE7683_1	-0.00582821859424713	-0.102885576910759	-0.0043556388456651	-0.0163183641553458
GSE7683_2	-0.0112422736361199	-0.0771728297073847	-0.0142214255375401	-0.0320528798832434
GSE78980_1	-0.0301071343451101	-0.257239930335669	NA	NA
GSE78980_2	0.00158507447149327	0.129927810173835	NA	NA
GSE78980_3	-0.00376372412804715	-0.129990161886927	NA	NA
GSE78980_4	0.00833185338455283	0.152588378983164	NA	NA
GSE78980_5	0.000463029774062175	0.0145385007310735	NA	NA
GSE78980_6	-0.000434239079810063	-0.0399364796199218	NA	NA
GSE78980_7	0.0405357644225417	0.229429504544776	NA	NA
GSE78980_8	0.00551461642120468	0.0817301560990394	NA	NA
GSE78980_9	0.0397192977301701	0.21201872040001	NA	NA
GSE78980_10	0.00810641443065804	0.113585761521683	NA	NA
GSE81399_1	0.00694881990471725	0.0350441316512089	NA	0.010919147516571
GSE84609_1	0.0184187999531522	0.0902793080474201	0.0254094184576437	0.0054111428303725
GSE84907_1	0.0498237853757543	0.181566521961005	0.0602550365134515	0.0582117286279289
GSE84907_2	0.0431282254887642	0.149459630496317	0.0509713221879403	0.0390620609014273
GSE84907_3	-0.00393463467261117	-0.0353819723444977	-0.00648083929023619	-0.0160487077642726
GSE90127_1	-0.203133546015904	-0.46687833180127	NA	NA
GSE90127_2	0.0123324508406274	0.0124638986390225	NA	NA
GSE90127_3	-0.189493398648215	-0.423041202878959	NA	NA
GSE9247_1	-0.00200969633300446	-0.0532908550545697	-0.00428737051023309	-0.00655809582355234
GSE9247_2	-0.0477014859502102	-0.082844730423249	-0.0554246985104627	-0.00848999393571862
GSE9247_3	-0.0020657328288147	-0.0480742721844417	-0.00400870930171397	-0.0101760981244748
GSE99306_1	0.0338884723860331	0.0901306519672518	0.0341512614927717	0.0100079715927253
GSE99306_2	0.0204209645254885	0.0582694653500781	0.0231690573666741	0.000719540977971793
GSE99306_3	0.00977570087141622	0.0355385612034665	0.00667162361007978	-0.00608057927881492
GSE99306_4	0.012897023900318	0.0342972530448586	0.0125160744926525	0.00168060613602573
GSE99306_5	0.0161671375894826	0.0493582967854981	0.0187400443463796	0.00926127548845209
GSE99306_6	-0.000405804719361795	0.0119687925688895	0.0030986684626888	0.0013331698874714
GSE99306_7	0.009833533589297	0.0661562825903081	0.00472096631001852	0.00886529462466222
GSE99306_8	0.0274072000566153	0.069475846735795	0.0291257102728429	0.00384616068934937
GSE99306_9	0.0119796893544226	0.0269715283205757	0.00994952802481938	0.00189031503499335
GSE99306_10	0.00798263884880328	0.0855350315055983	0.00747023038375545	0.00620631352487489
GSE99306_11	0.0327340652125663	0.101200657251487	0.0318213258923583	0.0224590424531889
GSE99306_12	-0.000948041650650114	0.00844388654555072	-0.000211044159324707	-0.00563522658534155
GSE99306_13	0.0345400802884395	0.132770908735353	0.0342253295087715	0.0164281171474013
GSE99414_1	0.00144094515909851	0.00683212774001426	0.00184411839938599	0.0164699252014833
GSE110581_1	-0.00390248289913639	-0.0450927157210095	-0.00245273906887665	-0.00632828319269236
GSE110581_2	-2.04058648907823e-05	0.0229219140465315	-0.000147492625368732	-5.84353932688852e-05
GSE47799_1	-0.000924011818283913	-0.0399717569653351	-0.00304838067677137	-0.0381946789114728
GSE47799_2	0.00321004010014058	0.00882097096030792	0.00492216782656162	-0.00391333642540896
GSE47799_3	-0.0041081862651836	-0.035248529259672	-0.00619080720214679	-0.0146079800883496
GSE111628_1	-0.00274695030165349	-0.0799994530083041	NA	NA
GSE111628_2	0.00201767650951086	-0.00599732600222639	NA	NA
GSE111628_3	-0.00141134373447173	-0.0488795638141745	NA	NA
GSE5657_1	0.00271415930341795	0.0278304055345915	0.00415700413840869	-0.0021577835786884
GSE5657_2	0.00165873469763111	0.0120989407001428	0.00188399227062399	0.0145186455616298
GSE13782_1	0.000537215815003517	0.0389048712690301	-0.000433033458517552	-0.00454624533178417
GSE41039_1	-0.000650540774260874	-0.0167069713079414	-0.00267846547769095	-0.0125034731869964
GSE84198_1	-0.00231278667406255	-0.0662902571901157	-0.0019860719985007	0.000199759141963313
GSE84198_2	-0.00210546365744691	-0.0536929224670919	-0.00206388020394211	-0.0201316215341461
GSE84198_3	0.0373933086234648	0.0531698587520172	0.0443597130750318	-0.00659396881612597
GSE114469_1	-0.0318176735364767	-0.0439391880996495	NA	NA
GSE108036_1	-0.0019983174519616	-0.0984193230524106	0.000164773682477836	-0.0187603335627512
GSE60451_1	0.0208780019782428	0.177265243843276	0.0236065553746826	0.0307464632195641
GSE47902_1	-0.000936414892695931	-0.0449715680719991	NA	NA
GSE44325_1	0.0278414605456051	0.0978818920347038	NA	NA
GSE4481_1	0.00297219790486353	0.131933240271305	NA	0.00770571737830116
GSE4481_2	0.0122337366043541	0.110240809335663	0.00861819736312516	0.0452226260993432
GSE4481_3	0.000792380490796912	0.0556556595963747	NA	0.0121790619979941
GSE102292_1	0.0240172165633928	0.104232497992518	NA	NA
GSE102292_2	-0.0142570996293168	-0.161449484210076	NA	NA
GSE102292_3	-0.0550700882505006	-0.198974054437018	NA	NA
GSE102292_4	-0.102347827530372	-0.230401771367923	NA	NA
GSE41898_1	-0.0375387477914587	-0.108818819856843	-0.0483053979099185	-0.028095767048246
GSE87605_1	0.00456693720594566	0.0365391416804011	0.0053461048023649	0.0231554617038266
GSE87605_2	0.00681855229780792	0.0138713267270123	0.00940226541100346	0.0109310615988804
GSE87605_3	0.0160288845230804	0.0337391890231687	0.0228970626690855	0.0137951221272496
E-GEOD-54216_1	-0.0122958757307824	-0.123402146838621	-0.0161120633375174	-0.0476308972047608
E-GEOD-54216_2	-0.0360121788726749	-0.169765778921072	-0.0438765658231831	-0.0369814454127177
E-GEOD-54216_3	-0.0222143334389931	-0.132021845502388	-0.028647590619281	-0.0169884422311462
E-GEOD-6119_1	0.0438559745974773	0.101305135500584	0.0614793344829577	0.0352322170141183
E-GEOD-6119_2	0.0428621908131034	0.0996482349938537	0.061153211953051	0.0313248067498463
E-GEOD-6119_3	0.045088789262942	0.0999410835685262	0.0594007051803567	0.037184920363886
E-GEOD-8077_1	-0.00499224738937581	-0.0767312276726488	-0.00524434294084551	-0.0148094822451802
E-GEOD-8077_2	-6.77432105282184e-05	0.00293718709861705	-0.00103044111074772	-0.00983072647638993
E-GEOD-8077_3	0.00694264352026544	0.0678096996721944	0.00749862311676587	0.0137958072452109
GSE103416_1	0.0736698142769077	0.207744007372328	0.0898307602052418	0.0259394481244119
GSE103416_2	0.029888418137606	0.156064703798602	0.0367844841394533	0.0310694137994894
GSE103416_3	0.0256475750691441	0.180207631884745	0.0311014313567038	0.0348260100359726
GSE19950_1	0.00834617193473035	0.0796209535697718	0.0104961669638548	0.0236278969027507
GSE30322_1	-0.0208961951380443	-0.122485747126186	-0.0211757590381308	-0.0162358547428347
GSE30322_2	-0.0130240417304988	-0.0637347048555811	-0.0178074468855077	-0.0109075462880536
GSE30322_3	-0.0063001818872853	-0.0290274628491419	-0.00787955794562187	-0.00872523112631037
GSE42295_1	0.00134576389136186	0.0432019622830461	NA	0.00143516205528064
GSE42295_2	0.0119382057828793	0.105708460503504	0.0153430258560175	0.0458157297237271
GSE42295_3	0.0084615937252628	0.101791059814265	0.0147885238031484	0.0497624363453472
GSE66554_1	-0.0254395926527678	-0.0125740479187159	-0.0335142993652937	0.00904684608537613
GSE66554_2	-0.0276687710404053	-0.114192542108584	-0.0251980221597801	-0.00545238914804132
GSE66554_3	0.0170806667660318	0.0819509513411128	0.000158719475055794	0.0074651168472077
GSE66554_4	-0.00527593707384874	0.063417711537756	-0.0120598653597256	0.0209341810802577
GSE74898_1	0.00135777177893377	0.050179586199583	-0.00315265360736213	0.0124563835645173
GSE74898_2	0.00978605790977101	0.0686700700389417	0.00892720135987657	0.0250944713294757
GSE74898_3	-0.00518874078134573	0.020098951244974	-0.00663264952109278	0.00629429825218724
GSE79176_1	-0.000126865156636936	-0.00260686921150696	NA	NA
GSE79176_2	0.000553316012304062	-0.00173617827405041	NA	NA
GSE79176_3	0.000196308318860292	0.000475188546637809	NA	NA
GSE85785_1	-0.0103104674672057	-0.101247448320699	-0.0118972671322207	-0.0557760854430917
GSE16981_1	-0.0190268344037068	-0.0573948593123412	-0.0251676359371328	0.00386412319616904
GSE16981_2	-0.0345904937117795	-0.116274962369466	-0.0477130455902826	-0.0212150540912941
GSE16981_3	0.0107835770745775	0.0155386476896	0.0156888971131275	0.0219807763061074
GSE16981_4	0.0107835770745775	0.0155386476896	0.0156888971131275	0.0219807763061074
GSE16981_5	0.000432606376680886	0.0108479477619591	0.000327711160704864	0.019418122474689
GSE16981_6	-0.00180740276347128	-0.00247017477535501	-0.00328957032765104	-0.0123681872286208
GSE16981_7	-0.00381562523115372	-0.0978846264718115	-0.00137414614370045	-0.019766642263663
GSE29859_1	-0.000516278408102984	-0.046013269297108	-0.00211886353231492	-0.0114116464207058
GSE29859_2	-0.00668950165528278	-0.111515860095733	-0.0157501504806353	-0.0330756955526261
GSE23492_1	-0.00176096425581465	-0.0182038353603939	NA	NA
GSE23492_2	0.0328591223408213	0.0823785592603819	NA	NA
GSE23492_3	-0.0321187418417482	-0.0808394823183685	NA	NA
GSE23492_4	0.012880543123026	0.0163221453015315	NA	NA
GSE23492_5	0.0244058313329316	0.0559545278014246	NA	NA
GSE44991_1	0.00531417203571884	0.0216748974272465	0.00801325175314763	-0.00371455286709524
GSE44991_2	-0.00246988648539874	-0.0533466309167073	NA	-0.0194451485071812
GSE39796_1	-0.00922610891801558	0.0285233569146864	NA	NA
GSE39796_2	-0.00639109317841979	0.0348492044576879	NA	NA
GSE39796_3	0.000660605162011621	0.000475422778328334	NA	NA
GSE18394_1	-0.013376263647886	-0.0363266370852353	-0.0222382776040334	-0.0187133491377787
GSE18394_2	0.00896408979925006	0.00449061053987414	0.0145974557659742	-0.0131178086579447
GSE18394_3	-0.0244687269326712	-0.0420796300442043	-0.0427470442802302	-0.029755048592063
GSE29233_1	0.0120800241754021	0.0664930378006266	NA	NA
E-MEXP-2291_1	0.00747847094733252	0.023658946676306	NA	NA
E-MEXP-2291_2	-0.0157342912805391	-0.053484439775379	NA	NA
E-MEXP-2291_3	0.0220697099070788	0.069775831733376	NA	NA
GSE18738_1	-0.00544614787725976	-0.0540177875512807	-0.0112436179175986	-0.00631113474560588
GSE107363_1	-0.00723195581982154	-0.0402137744664552	NA	NA
GSE85761_1	-0.0805419869028186	-0.142146067729723	NA	NA
GSE89179_1	-0.150199695968626	-0.246638168333947	NA	NA
GSE89179_2	0.0140434646039934	0.0677281338310746	NA	NA
GSE89179_3	-0.012335264689769	-0.0748004205791486	NA	NA
GSE89179_4	0.00776064950550045	-0.0102249784527052	NA	NA
GSE89179_5	-0.0419320119604015	-0.0433025280585546	NA	NA
GSE89179_6	-0.0271228455509189	-0.0866998332742799	NA	NA
GSE89179_7	-0.018359623380834	-0.0542598072448052	NA	NA
E-GEOD-57723_1	0.0335703891562426	0.0580881158909365	NA	NA
E-GEOD-57723_2	-0.00214588822836824	-0.0304168910457195	NA	NA
E-GEOD-57723_3	0.0102429816566792	0.0178905707079798	NA	NA
E-GEOD-83930_1	0.000760435832876873	0.0260697073327698	NA	NA
GSE100268_1	0.0232281491684851	0.123705508788193	NA	NA
E-GEOD-55769_1	-0.000741274277840358	-0.0332636368607669	-0.00217939096610419	-0.0111785730697264
E-GEOD-55769_2	-7.58309565945549e-05	-0.0414446337744186	-0.00052773444971343	-0.00271988958468786
E-GEOD-55769_3	-0.000723662833376244	-0.0594875347881645	-0.00134028056864031	-0.00760639596596365
E-GEOD-69110_1	-0.00808583110358015	-0.11060447784564	-0.0121170622248563	-0.0237391447705531
E-MTAB-4304_1	0.0256341999823372	0.116111715111114	0.0311919418649042	0.00869223723451981
E-MTAB-4879_1	0.00542276385295311	0.0216939896787684	0.00282932988967778	0.00321281462169166
E-MTAB-4879_2	-0.0451842552049729	-0.114590249532008	-0.0162484446490523	-0.0106817527634765
E-MTAB-4879_3	0.00764748517629613	0.0291461344291732	0.00125260464252136	0.0189510384696935
E-MTAB-4879_4	-0.0330024268026544	-0.0901232809835583	-0.000246877214655167	-0.0159961191730819
Cytokine_Explant_1	0.0272363494181775	0.0421496818439873	0.0108623197516906	0.0224036769391637
Cytokine_Explant_2	0.0764707377023875	0.185017921587857	0.0665876311798367	0.0399829577936514
Cytokine_Explant_3	0.0598789711713764	0.1500154603542	0.0481402014584903	0.0325238528363528
Cytokine_Explant_4	0.0218192776022927	0.0747329238710988	0.00539000551729129	0.0104060952810608
Cytokine_Explant_5	0.039644557267819	0.0811347292159046	0.035585805161372	0.00786328431833449
FN1_Explant_1	-0.00243040538903061	0.0128555500291189	-0.0028896126704387	-0.0124789095138271
E-MTAB-6266_1	-0.0259042464558076	-0.0266184082988249	-0.0298276985048334	-0.000176880678558179
E-MTAB-6266_B_1	-0.00892299045269727	0.0348851791314647	-0.0238647981978995	0.00568913329977777
E-MTAB-6266_B_2	-0.0292467956556017	-0.0734090834188436	-0.0320981251170954	0.00436513674295629
E-MTAB-6266_B_3	-0.0229421788235163	-0.12370996552464	-0.0246161289629806	-0.0260410495206616
GSE74220_1	0.0200257107607026	0.0191615021926458	0.0209878088180129	0.00547121452046004
GSE114007_1	-0.00601561596510117	-0.036162821577703	-0.000479871849647359	-0.00409798621006812
GSE109503_1	-0.0417848565596758	-0.0777759035640951	-0.0499256990985648	-0.0163847670526996
GSE109503_2	-0.00865150448014147	-0.044912489675251	-0.00867599014606369	-0.00947305076251244
GSE109503_3	-0.0247961326828331	-0.0597935469550687	-0.0108103027221256	-0.0345369967263535
GSE109503_4	-0.00673353298582254	-0.0222103247727142	-0.00168999520790371	-0.015049986256258
GSE109503_5	0.0084441492743311	0.00512385547484805	0.0138394227973207	-0.00563700193825711
GSE109503_6	0.00427217876092869	-0.0020128956472682	-0.00210860616439155	-0.00256143975881408
GSE109108_1	-0.00335122422757353	0.031635454155727	-0.0035704565575248	0.00392845656538549
GSE109108_2	-0.029717679755487	-0.108287102165894	-0.0271081836998578	0.00513514103316902
GSE109108_3	-0.00127694514891573	-0.00726143723824295	NA	-0.00541553064847693
GSE109108_4	0.0011772056993968	0.0791167610134362	-0.000188465887674331	0.00238390744833019
GSE70667_1	0.000539724272592965	0.0678895071740494	0	0.0136249125572252
GSE87608_1	-0.00109858834972278	-0.0291676176782508	NA	-0.0123518961653671
GSE87608_2	0.00180803912193858	0.0670628243485441	1.55308447690827e-05	-0.0187771527091925
GSE87608_3	0.00630952287306766	0.0745956335101936	-0.000655888031103526	-0.0057707472518201
GSE87608_4	1.11893238813367e-05	-0.0145624783632788	-0.00118954617022016	0.00720816193068293
GSE90890_1	0.0154630111808033	0.11961404937004	0.00240652728371709	-0.000548808633581348
GSE97118_1	-0.049333564322113	-0.241795229537324	NA	NA
GSE97118_2	0.00133018669537717	-0.057017854678204	NA	NA
GSE97118_3	-0.0653825112597254	-0.277337978639536	NA	NA
GSE97118_4	-0.0194384446854912	-0.0930067444464095	NA	NA
GSE97118_5	-0.00853495548925281	-0.0900295696449548	NA	NA
GSE97118_6	-0.0327598593964583	-0.147488412054524	NA	NA
GSE97118_7	-0.00319650352588294	-0.0515524891430136	NA	NA
GSE107592_1	-0.0281521921453312	0.0178627785272933	-0.0134881678213496	0.00151039681579686
GSE92641_1	-0.0148042851212364	-0.0434964705498894	-0.0158851531549031	0.00561444316514534
GSE107849_1	0.0385698197085343	0.121469887589706	0.0535934979839193	0.0317340152698119
E-ERAD-89_1	-0.000460696083717197	-0.0252320960376224	NA	NA
E-ERAD-89_2	-0.000139123466065615	0.00674144356805445	NA	NA
E-ERAD-89_3	-0.000289992700861256	0.017222985601375	NA	NA
E-ERAD-89_4	0.000770253088597157	0.0051464173928769	NA	NA
E-GEOD-45893_1	0	-0.117903536262706	NA	NA
E-GEOD-53105_1	0.00346856825222179	0.0852828721328772	0.000237121741787386	-0.00389457645208403
E-GEOD-53105_2	-0.0353023811372989	-0.110652487409442	-0.0145133950057999	-0.0192815354099634
E-GEOD-54461_1	0.136768144919053	0.379362668557573	0.0922022292090557	0.0513702302798429
E-GEOD-54461_2	0.150451093198677	0.438419289739918	0.101179926638882	0.0814225576031707
E-GEOD-54461_3	0.200700012026258	0.552851468349255	0.161176365508295	0.141311455918197
E-GEOD-54461_4	0.303365827052932	0.695404673970894	0.261123538944279	0.185143912379012
E-GEOD-54461_5	0.529244127152878	0.863383874463544	0.521828897860704	0.339916978121815
E-GEOD-54461_6	0.654872487797004	0.934645485397469	0.673064976847185	0.670624732563115
E-GEOD-54461_8	0.669602897877637	0.930394734850792	0.68472816289187	0.626915708812261
E-GEOD-73372_1	0.0148832474593966	0.0179506144121672	NA	NA
E-GEOD-73372_2	0.00380370885096718	-0.00159526436621797	NA	NA
E-GEOD-73372_3	-0.0195225271880656	-0.0241512447788018	NA	NA
E-GEOD-75549_1	0.0036236438294046	0.0894530585128329	NA	NA
E-GEOD-76988_1	-0.0115035588157333	-0.121013999463335	NA	NA
E-MTAB-2923_1	-0.0816050570153529	-0.155572248651825	NA	NA
E-MTAB-2923_2	0.12321786753472	0.198834129667194	NA	NA
E-MTAB-2923_3	0.110458535171501	0.144333560268549	NA	NA
E-MTAB-2923_4	0.0339093668192514	0.0416321405823789	NA	NA
E-MTAB-3428_1	0.0689270595062363	0.0413040071453932	NA	NA
E-MTAB-3428_2	-0.000915097887085859	-0.0736454302611364	NA	NA
E-MTAB-3428_3	0.0104922045652858	0.131220863859007	NA	NA
E-MTAB-3428_4	0.0612526431363139	0.0428035825046984	NA	NA
GSE102856_1	0.0234161116622427	0.350164956977056	NA	NA
GSE103492_1	0.056502141959835	0.246704536559316	0.0525779340766978	0.0363809438783978
GSE103492_2	-0.0189443492084271	-0.127351655730665	-0.0138596734999733	-0.0302516843387368
GSE103492_3	0.0599527550891987	0.204126754763586	0.0589193069392829	0.0128393440861216
GSE103492_4	0.0762630295650914	0.347108414103677	0.0721293916879531	0.0399393060127913
GSE103492_5	-0.0245707168051143	-0.19994306126632	-0.00607838957674913	-0.0133235140407545
GSE103492_6	0.0072132585744239	0.035384165207584	0.00407542771144016	0.0230603381710834
GSE103492_7	0.0277976649848988	0.265543855210315	0.00528068156092226	0.0484453263893455
GSE103492_8	0.0117506924378332	0.0210081499744453	0.00764034259125348	0.0106735109186791
GSE103492_9	0.0295215773357574	0.158162309287238	0.0128579292278912	0.0470600078400884
GSE103492_10	0.0108255292488975	0.182517982938294	0.000415148498812898	0.0473829850546098
GSE106259_1	-0.00925159719347603	-0.0264197156695928	-0.00443658663708506	-0.0272328177277907
GSE110303_1	0.00447764569753964	0.0817929597428693	NA	NA
GSE110303_2	-0.00553151910578187	-0.00042574037266259	NA	NA
GSE110303_3	0.00450935034003382	0.0607979634701254	NA	NA
GSE110300_1	-0.00110759402997688	-0.0599394012717569	NA	NA
GSE110300_2	0.000216780016438079	-0.103930364322561	NA	NA
GSE110300_3	-0.00213613401101369	-0.0362828768847262	NA	NA
GSE110281_1	0.0192462207117829	0.132517206509867	NA	NA
GSE110281_2	0.022803844218556	0.134622583674899	NA	NA
GSE110281_3	0.00188558519794593	0.0111119308921674	NA	NA
GSE104459_1	0.0265372504991797	0.171631049268198	0.00168636651567755	0.0190240155668107
GSE104459_2	0.0347353961466695	0.225318631712642	0.0212260222297282	0.0152378631753245
GSE104459_3	-0.0123761144209541	-0.0757819214824867	-0.00134093502494555	-0.0376393254057546
GSE110051_1	-0.0446100990012169	-0.15268657784468	-0.0454819192903336	0.000476555163143291
GSE110051_2	-0.017066364690774	0.0357827253153201	0.0142774620990171	0.00563619820374422
GSE110051_3	-0.0314236739016886	-0.095964411970478	-0.0399743122574073	-0.0131286315565738
GSE112694_1	0.120205748855425	0.163871296766703	0.129391690236698	0.0176298842003964
GSE112694_2	0.0430650493242943	0.0723316136022014	0.0462571492557696	0.00978136628263825
GSE112694_3	-0.132844719334286	-0.333814695359268	-0.145611515456816	-0.0750511113853371
GSE112694_4	-0.191544753743951	-0.343433599650878	-0.213132598124653	-0.0475199626857701
GSE97232_1	0.00166185817549875	-0.000865461132181846	0.00206078991067649	0.0308379710699392
GSE114079_1	0.000137960802922022	-0.0243678489558111	NA	NA
GSE114079_2	0.0010083253976215	0.0257253956889072	NA	NA
GSE114079_3	0.00165860006298645	0.0296343007777084	NA	NA
GSE114079_4	0.00453907421704992	0.0742797739032195	NA	NA
GSE104828_1	0.0487394533286143	0.0940901253621197	NA	NA
GSE114521_1	0.0014177817957843	-0.0102888307383889	0.00227899965343524	-0.00219930971848157
GSE114521_2	0.0113982195344712	0.147817741406522	0.0108810935243467	0.0261418799562289
GSE112413_1	0.00168775989058351	-0.027689869680937	0.00305114058561782	0.00510420196003336
GSE112413_2	0.0198309126131266	0.030501185928011	0.0192348470293001	0.0105741191366451
GSE101909_1	0.00834337027822604	0.111227051661649	0.00415146952779698	0.0261318270884028
GSE101909_2	-0.00413016336696777	-0.0042798286658457	-0.00423072164223745	-0.00951369642975456
GSE114919_1	0.0329472642833166	0.0801638867506814	0.0217650790056704	0.0159183254273626
GSE114919_2	0.0439784449322264	0.106607899125651	0.0176768185184832	-0.00318046186698344
GSE114919_3	0.0580692172888818	0.137700151685158	0.0605088655355517	0.00312587446200796
GSE114919_4	0.0208075007898622	0.0367866501176525	0.0161285182386392	0.00252757763790914
GSE114919_5	-0.0242100491838206	-0.0858282514521976	-0.00995525752308946	-0.00337702851833855
E-MTAB-5879_1	-0.0043756562478594	-0.0956685321990783	-0.000126396841564999	0.00873347654749203
E-MTAB-5879_2	0.0310233482701296	0.0540893832241669	0.0431834633995276	-0.00373365692900729
E-MTAB-5879_3	0.0145306827456414	-0.000703957343335883	0.0385227584264147	-0.00793921789152075
E-MTAB-5879_4	0.0393802598924372	0.0755911820280579	0.0519476804085865	0.00621549073335467
E-MTAB-5879_5	-0.0168986767291257	-0.0994778363472809	-0.0110265924484285	-0.00656201582979393
E-MTAB-5879_6	0.0403828197121566	0.074702596441962	0.062567766352712	-0.0178672391586548
E-MTAB-5879_7	0.00871291915234525	0.0534136470895008	2.04321035749647e-07	-0.00128970473707914
E-MTAB-5879_8	0.0091516491613232	0.0416140246533122	0	-0.0120960925083282
E-MTAB-5879_9	-0.00605801383817508	-0.0233057492852542	-0.000420111213377885	0.00135014958958621
E-MTAB-5879_10	0.0333290368923715	0.154729839934057	0.000335959855841768	-0.00334901139780865
E-MTAB-4294_1	0.0413964876206022	0.108111810056295	0.0591358368736215	-0.000887158434310902
E-MTAB-4294_2	0.0347980328929093	0.058902076938785	0.0441768026309682	0.034545734095223
E-MTAB-4294_3	-0.00611988448111158	-0.0505613257964979	-0.00892163721756457	0.0077086594610283
E-MTAB-3186_1	0.155347699693037	0.281437148622509	0.209237697571214	0.00975615945233746
E-MTAB-3186_2	0.0420974670960149	0.123142383501684	0.0488813457540765	0.000593269026951965
E-MTAB-3186_3	0.0199857927740053	0.0858108999710503	0.0269581701390527	0.0281459904287939
E-MTAB-3186_4	0.0425891633010726	0.156110669818179	0.0536044073888269	0.0085563927658237
GSE114919_Rat_1	0.0486880758147069	0.103590465045382	0.019791082333075	-0.00994039157981957
GSE114919_Rat_2	-0.00575892551556386	-0.0681920705236493	0.00360036961874596	0.0245178981720675
GSE114919_Rat_3	0.0331624084018842	0.1155906255477	0.0330314524564141	0.0103238042126415
GSE114919_Rat_4	0.0365151475079073	0.115909212785819	0.0406455734897455	0.0120536284251121
GSE114919_Rat_5	-0.00140079183118177	-0.0223678403005973	0.00786944371503799	0.0148085449983047
