comparisonID	jaccard	cosine	sigjaccard	chrDir
22659600_1	-0.00527960134823432	-0.0204175626511339	-0.00171310126022488	-0.00920691453589712
24361742_1	0.00554872715324808	0.00431664483345627	0	0
GSE72258_1	0	0.00869516298623223	0	0
GSE72258_2	0	-0.0136421967200947	NA	0
GSE69531_1	0.00151777288325173	0.0271135030423186	NA	NA
GSE69531_2	-0.0010558853437529	0.0422103792659147	NA	NA
GSE69531_3	0.00147463786190878	0.0198556952473716	NA	NA
GSE69531_4	0.00151777288325173	0.0271135030423186	NA	NA
GSE58203_1	-0.00262438249823571	-0.0239185020278002	-0.00340136054421769	0.00474338720664778
GSE58203_2	0.00115849213787358	-0.0195286611599835	0.00133163876566396	0.00518133338111101
GSE58203_3	0.00504106839485937	0.00851350348554192	0.00515332535898825	0.00340947443268506
GSE58203_4	0.00407491441978691	0.0457643678504058	0.00345029098538464	0.000657023913110055
GSE58203_5	-0.0199350649350649	-0.0524945329992499	-0.0243478260869565	-0.00822950285167266
GSE58203_6	-0.00545264801160708	-0.0326551362766724	-0.00399519491591103	-0.00124110133375948
GSE58203_7	0.00198269703757994	0.0104229937850402	0.00254354442660835	0.0093713018963795
GSE58203_8	-0.000463142992290548	0.0250349666249514	0.000917421383134244	-0.00488998943391708
GSE59642_1	0.000614969422955825	-0.0227121409792644	NA	NA
GSE59642_2	-0.00122527008704423	-0.0267736656992743	NA	NA
GSE59642_3	-0.001855721658237	-0.00257184965515779	NA	NA
GSE64922_1	0.0048206574433672	0.00325190804653269	0.00413313212608987	-0.00334630470573347
GSE60162_1	-0.00254939421509727	0.0519498835197363	NA	NA
GSE31685_1	0.0101127900931043	-0.0179790259020545	0.00376984126984127	0
E-MEXP-3890_1	-0.00183079101403223	-0.0240417914241876	-1.00853988658953e-05	-0.0153515106983604
GSE31980_1	-2.93694745462179e-05	-0.00972897680593953	0.00184201718391239	0
GSE15615_1	0.000231157413089149	-0.0170217018403817	0.00071433357308416	0
GSE15083_1	-0.000329381573589093	0.00955477451831644	NA	-0.00450169095694022
GSE108035_1	-0.00204991494254076	0.0232961226453904	-0.00111354782739023	0.0130599859675983
GSE108035_2	-0.000300166005489986	0.0588068071475836	-0.000209845889238491	0.00524526318916544
GSE108035_3	0.00049714912713354	0.0573480383572165	0.000105417967635191	0.00601442132982475
GSE21959_1	-0.00276356984631079	-0.0149762329692474	0.00549485664447206	-0.00827037366078968
GSE21959_2	0.000720879241875154	-0.0289597000009393	0.00760744330625844	-0.0128860427419699
GSE24742_1	-0.00538671519563239	0.00699652662085202	NA	-0.00779077101699938
GSE24742_2	-0.0173275498935528	-0.0250578450762695	NA	0.00167137023169382
GSE24742_3	-0.00133784528212796	-0.00712439504729243	NA	-0.000105183629055383
GSE74668_1	-0.0036231884057971	0.00154543840171633	NA	NA
E-GEOD-10024_1	7.41374547485957e-05	0.0271364247382385	NA	NA
E-GEOD-10024_2	0.00206741004402563	0.0110898846442899	NA	NA
E-GEOD-12860_1	-0.00271665582851245	-0.0125614650533687	NA	NA
E-GEOD-12860_2	0.00409406758898336	-0.00518343516922123	NA	NA
E-GEOD-12860_3	-5.67949293068673e-05	-0.0171362874725649	NA	NA
E-GEOD-12860_4	0.00454919861906617	-0.00161585731121188	NA	NA
E-GEOD-12860_5	0.0033059875696772	-0.022744008481925	NA	NA
E-GEOD-12860_6	0.00398553170875242	-0.00207490002271606	NA	NA
E-GEOD-12860_7	0.00375842380925416	0.00466881973215211	NA	NA
E-GEOD-12860_8	0.00937145869245233	0.00330481797327835	NA	NA
E-GEOD-14359_1	0.00158015264239723	0.110383436256891	0.00157490213828119	0.0258826852244131
E-GEOD-14359_2	0.00561334474031458	-0.0263805192392415	0.00586130386994111	0.00679369954976054
E-GEOD-1919_1	-0.0125057548152612	0.00786853570450465	NA	NA
E-GEOD-1919_2	-0.00267682982998479	0.0417895133936126	NA	NA
E-GEOD-1919_3	0.00735967199811798	0.0488831959208952	NA	NA
E-GEOD-1919_4	-0.00446976928479153	-0.000691848268015678	NA	NA
E-GEOD-1919_5	0.000250910372116545	0.033167241105742	NA	NA
E-GEOD-1919_6	-0.00169075124166801	-0.00710872314732556	NA	NA
E-GEOD-1919_7	0.00342953300937627	0.00391986776618936	NA	NA
E-GEOD-1919_8	0.0045521238001269	0.00753846892015062	NA	NA
E-GEOD-1919_9	-0.0394250229496932	-0.00773491050362764	NA	NA
E-GEOD-19664_1	-0.00331679342802128	-0.00974021349660123	NA	NA
E-GEOD-19664_2	0.00301516273426318	0.0236653947500925	NA	NA
E-GEOD-19664_3	0.00199908876782269	-0.000687742387380639	NA	NA
E-GEOD-19664_4	0.0011017652425339	-0.00839564896089779	NA	NA
E-GEOD-19664_5	0.00329456130728792	0.0575626263914382	NA	NA
E-GEOD-19664_6	0.000838415738426608	0.00211338343936723	NA	NA
E-GEOD-43923_1	0.00206594309066501	0.0200652015692818	0.00317295488635052	0.0125979120791284
E-GEOD-51812_1	0.000433605393161373	0.0279306484869811	-0.0013737395016401	0.00122282311962757
E-GEOD-51812_2	-5.7158074231187e-05	0.0297812447169398	-0.00139888328341943	0.00543809161848813
E-GEOD-68760_1	0.00306746085185842	0.0128832199990434	0.00139619450146245	0.00961328976034858
E-GEOD-82107_1	-0.0244539849017461	-0.0579881101489967	0	-0.0164184258556475
E-GEOD-9451_1	-0.000992634891324453	-0.013349773751034	0.000849466394144988	-0.0107822883031934
E-GEOD-9451_2	0.000219790692675057	0.000989132985425153	0.00195613585523088	-0.00500352396788195
E-GEOD-9451_3	-0.00251037669481849	-0.0369822574530331	0.000704027509964729	0.00169036110661762
E-GEOD-9451_4	-0.000660502017016799	0.0236946340438162	0.00270065380682856	0.000838614607216057
E-MEXP-2019_1	0.000384696051649758	-0.0117784845961258	NA	0.00878568556574609
E-MEXP-2019_2	0.00580709459733476	-0.00843410228650565	0	-0.00503999250020468
E-MEXP-2019_3	-0.00107146237461879	-0.0254570872717617	NA	0.0032370340737424
E-MEXP-2019_4	0.00459234339163389	-0.0249510721318545	0	-0.00703055128235735
E-MEXP-2276_1	0.00273130095710741	0.0217528652631985	NA	-0.000679195452353981
E-MEXP-2488_1	0.00244829293360369	0.00850436951177209	3.63720669751869e-05	0.0019106068679114
E-MEXP-3129_1	-0.000572155117609663	-0.000957848796625976	0.00446428571428571	0.00870385607099172
E-MEXP-3474_1	-8.50565662414687e-05	0.0334460482639248	NA	0
E-MTAB-3010_1	0.00143663259107215	0.0230073592716949	NA	NA
E-MTAB-3010_2	0.000311283152976571	0.022541131416995	NA	NA
E-MTAB-3010_3	0.00176435617675137	0.00898799188578351	NA	NA
E-MTAB-3010_4	-0.000979618015063737	-0.033150144255204	NA	NA
E-MTAB-4152_1	0.00328321129085014	-0.0107768743186513	-0.00358160358160358	0.000556246249951046
E-MTAB-4152_2	0.00314875374214899	0.0488008404240211	0.00902229349597771	0.00390376371821547
E-MTAB-4152_3	0.00405253180284222	0.0241017825894305	-9.01225666906993e-05	-0.0048238225007565
GSE100609_1	-0.0192215229548332	-0.0157406778421004	NA	-0.0174908593828773
GSE100786_1	-0.0163934426229508	0.00489169124943145	NA	0.00343193099774102
GSE100786_2	0.00848484848484848	0.018279971426118	NA	0.00647694088456276
GSE103697_1	0	-0.000817114773332155	NA	NA
GSE103697_2	0	0.0202399606432207	NA	NA
GSE103697_3	0	0.0287480336132737	NA	NA
GSE104113_1	0.00493378193056542	0.00625581463130697	NA	NA
GSE104113_2	-0.00231725031503476	-0.0373460097547373	NA	NA
GSE104113_3	0.00493378193056542	0.00625581463130697	NA	NA
GSE10575_1	-0.00461125190282798	-0.0129910050060946	0	0.0103938325247101
GSE10575_2	0.00297219181866429	0.0663014189248847	0.00153140084307742	0.00318697148943805
GSE10575_3	-0.00182365374378692	0.0429578133040001	-0.000602487513247667	0.00744891034407452
GSE13604_1	-0.00542575874427256	0.00161444379070865	-0.00694444444444444	0.00754524644721113
GSE13837_1	0.00813285124924674	0.00172904169305202	-0.0178571428571429	0.0020290861762362
GSE13837_2	0.00496708605404257	0.00171364325726202	-0.0154208472379778	0.00545544182371632
GSE13837_3	0.00549866126961953	0.0198113523438771	0.00131017755655055	0.000448868183350234
GSE13837_4	0.00187024116545393	0.0370623386471692	6.73954661806718e-06	-0.00403817907093374
GSE13837_5	0.00846331088266572	0.000269581266341298	-0.037037037037037	-0.00695974970443991
GSE13837_6	0.0039748271418082	-0.00814006835322874	-0.0117268632714857	-0.000177027561853791
GSE13837_7	0.00404498048090296	0.00983292716006458	0.000835715961935412	0.00911078147720369
GSE13837_8	0.000308719329529064	0.0225798723159689	0.00158636199859418	-0.00190070152772364
GSE13837_9	0.00369179593362111	-0.0059601237605892	0.00318471337579618	-0.0097517835007432
GSE13837_10	0.000782008691665348	-0.00108603306035514	0.00378787878787879	-0.00249027010981397
GSE13837_11	0.00363091578330335	0.000867851838757642	0.00471698113207547	-0.00309765365308864
GSE13837_12	0.00308193883293197	0.00522761232588617	0.00320296004755755	0.00457226679961783
GSE13837_13	-0.00784095131921219	-0.0235096961223014	-0.00480769230769231	-0.00120832154566163
GSE13837_14	-0.00261143108031204	-0.0262334007043068	0.00189222183467039	0.0015185990801035
GSE13837_15	0.00390354340173653	-0.00650498703581357	0.00330990839975333	0.00834764872808351
GSE13837_16	-0.000575994168977855	0.0168753641862459	0.000131118794154799	-0.00155883340012691
GSE13837_17	-0.00708925922694355	-0.0113435464080443	-0.0140845070422535	-0.00298678075525114
GSE13837_18	-0.00308947322745813	-0.0216861842844532	-0.00225273165886193	0.00178003829751836
GSE13837_19	-0.00030164040226688	-0.00282752954197082	0.00400382015868351	9.77556417873279e-05
GSE13837_20	-0.00255610747982796	0.0199747507375272	-0.00461307200597634	0.000523143180822529
GSE13837_21	-0.000659784981966044	-0.003838353969146	0.00173611111111111	0.00150138255305887
GSE13837_22	0.00114027604295439	-0.000629183594037485	0.00297619047619048	9.36899532762835e-05
GSE13837_23	0.00226476489024659	0.00117470891130752	0.00442742285962625	-0.00279438612034266
GSE13837_24	0.00177823636629932	0.0068581524276791	0.00458696314666723	-0.00180883700508785
GSE16464_1	0.00198991676807113	0.0567593015095626	NA	NA
GSE16464_2	-0.00112125919172678	-0.0444978198107824	NA	NA
GSE19060_1	0.0115678847296494	0.0227027434174122	0	0.00866546980140962
GSE27372_1	-0.00318471337579618	-0.00581625778911345	0	-0.00391348119194587
GSE27390_1	-1.26886086402969e-05	-0.00768923129094269	0	0.0033232613293595
GSE29106_1	0.00120945738660568	0.00352409559145154	NA	NA
GSE29107_1	0.00176738607250345	0.033232738974522	NA	NA
GSE29107_2	-0.00176558041757528	-0.0155760204786232	NA	NA
GSE29745_1	-0.000889624000886125	0.0413129782446173	NA	NA
GSE29745_2	-0.000340989408287545	-0.0187261666807075	NA	NA
GSE29745_3	-0.00208072911117074	0.0156486279911735	NA	NA
GSE35546_1	0.0111761848643139	-0.0254668213217566	NA	NA
GSE35546_2	0.00238299292093323	-0.0238318916625232	NA	NA
GSE35546_3	0.0051034523791816	-0.0242183464898109	NA	NA
GSE35546_4	-0.00374646047328574	-0.00435707818229808	NA	NA
GSE35546_5	-0.0008001308715918	-0.00909709491560365	NA	NA
GSE35546_6	-0.00288021602971804	-0.00561251762660995	NA	NA
GSE35955_1	-0.00127789258058883	-0.00519432270065124	-0.000630332592807238	0.00317845667506993
GSE35956_1	-0.00822412353110034	-0.0794073712771346	-0.00257729520024602	-0.00397459571195885
GSE35957_1	0.000480710184994873	-0.00781682994032179	0.00433589724277071	0.0182904182740964
GSE35958_1	-0.00299233867236389	-0.0539059258583169	-0.00193102545095855	-0.00879321555132465
GSE39340_1	0.00927222198809999	-0.039994565173071	NA	0.0158210134298906
GSE39340_2	0.00478200578775937	-0.0640638505078123	NA	0.00485493480062085
GSE39340_3	0.00280341222294954	0.0302387906501709	NA	0.00208593278359307
GSE39795_1	0.00750139431121026	-0.0165068434582829	NA	-0.00784507432207888
GSE39795_2	-0.00199028637293954	-0.0183277894899356	-0.000198851082633672	0.00329534073404612
GSE39795_3	0.00132598710939114	-0.00939863788599428	0	-0.00392149771984113
GSE41038_1	0.000846891162190014	0.00818722397306144	NA	-0.000278772308817564
GSE41038_2	-0.00154632000928673	0.00453208788569712	NA	-0.00270876282515272
GSE41038_3	-0.00458870085038309	-0.0131964037810955	NA	0.00734938722655236
GSE41992_1	-0.0024544173712837	-0.0107299843560152	NA	NA
GSE42235_1	-0.00660599522934107	-0.0605420073051984	-0.00951867816091954	-0.0170918685737074
GSE42235_2	-0.0115002504591752	-0.0419930667047542	-0.0110159817351598	-0.00872854251488625
GSE42235_3	-0.00875980843617609	-0.0573328515266465	-0.0115888146185184	-0.00698634661775386
GSE42235_4	-0.00658836244112351	-0.0487482112437145	-0.00748307383690537	-0.00286041444282614
GSE45233_1	0.00399674904459799	0.0779501555330838	NA	0.0224779544108197
GSE45233_2	-0.00214211493772436	0.0172128239881111	0	0.00878738343876187
GSE45233_3	0.00301372205360578	0.00776900829696534	NA	-0.00330198156132231
GSE45233_4	0.00136687831554416	0.0679245107176004	0	0.00279695423017892
GSE46053_1	-0.00323209399353964	0.0111667489912055	0.000170991322190399	0.000267799948870103
GSE46053_2	0.00025035765379113	0.020503990866192	0.00363175675675676	-0.00092201921709837
GSE46750_1	0.00719238941351112	0.0434547547023713	NA	0
GSE51588_1	-0.00329070044742072	-0.0642572087581124	-0.00326366644515959	-0.0206571202519841
GSE52817_1	0.00041855423320091	0.0337817135091294	NA	NA
GSE52817_2	0.00164885200970603	0.0579409197774436	NA	NA
GSE52817_3	0.00195002963318818	0.0433839176001386	NA	NA
GSE52817_4	-0.000813390722609287	-0.0275679963240873	NA	NA
GSE55235_1	0.0088803787233259	0.039092504545026	0.0035355224773256	0.0136976044760793
GSE55235_2	0.00119255426079862	0.0142062595069782	0.000231111259852136	-0.00699155092119697
GSE55235_3	-0.00261206020546861	-0.0136511050736068	-0.00277358406717745	-0.00987062116400284
GSE55457_1	0.00295272110979258	0.0143412645846669	0.00389279316521979	0.0191655987396471
GSE55457_2	0.00472947306078163	0.0294331800567211	0.0114634141427573	0.00934486748204516
GSE55584_1	0.00776506598424407	0.00224098706359651	0.0138888888888889	0.0190871177065367
GSE57218_1	-0.0108695652173913	-0.0138931605278347	-0.0208333333333333	0.00209146039900159
GSE57218_2	-0.00136769854376932	-0.026814778722121	-0.00179613031725708	-0.00540534483043706
GSE57218_3	-0.00254492175751274	-0.0231484561450188	0.00231436837029894	-0.00977989989900359
GSE60762_1	-0.00352585612486603	-0.0341093939121774	NA	-0.0131643252860143
GSE62914_1	0.00193251683727212	-0.00750684043520126	NA	0.00509997220238724
GSE62914_2	0.00101386413584387	-0.0110369634651197	NA	0.00552322856934507
GSE62914_3	0.00108652650297956	-0.00072075259202622	0	0.00357554556904726
GSE62914_4	-0.000662030928328609	-0.00811760298606709	0	0.00834225153579254
GSE64394_1	0.00689920931606045	0.0525912245153209	NA	-0.00542117663031506
GSE66635_1	0.0108695652173913	0.0121677490671963	NA	0.00976723164035669
GSE68038_1	0.00496811880639029	0.0271761080574908	0.0119047619047619	0.000370991785052482
GSE68428_1	0.00610354500108319	0.0032433897528329	0.00533333333333333	0.00635995409408962
GSE68428_2	0.00626616353681923	0.00450607227412134	0.00520833333333333	0.00762662540165717
GSE68428_3	0.00532403884625067	0.01732085506228	0.00589308014644302	-0.00122044644592191
GSE69459_1	-0.00159537359746874	0.0244330095511144	NA	NA
GSE69459_2	0.00470425920958899	0.0292353108071364	NA	NA
GSE69459_3	0.00504345783382302	0.0256933159876867	NA	NA
GSE69459_4	-0.000622610941104339	0.0329309949579097	NA	NA
GSE69992_1	-0.00258796578351969	0.00587164575298814	-0.00299763760116662	-0.0148005716485891
GSE70719_1	-0.000889303235873633	-0.0714386995701385	-0.00091858853629935	-0.00112105629634845
GSE7116_1	-0.00607701863683606	0.000722255811715392	0	-0.0100212214665849
GSE7116_2	-0.00437029095565681	0.00794007896282943	NA	-0.00990751504863713
GSE7116_3	0.00286235988863092	0.00576412188834594	0.0263157894736842	0.00255243141454049
GSE72575_1	0.00303921568627451	-0.0305367610994603	-0.00221238938053097	-0.00174976114635561
GSE72575_2	-0.000583544732935599	0.000382499403408122	-0.00405447415824395	-0.00236467805770974
GSE72575_3	-0.00620210913635635	-0.0149181498801372	-0.00866004296455424	0.00212068748453233
GSE72575_4	0.01	0.0094333394286039	0	0.00513054900321484
GSE75181_1	-0.0083993629933777	0.0108777355620543	-0.00595858200807686	0.000464786384326614
GSE75181_2	0.00458392834346552	0.0196777849808629	0.00475558458183778	0.00898464366300429
GSE75181_3	-0.00708154063766628	0.0133503328340633	-0.00497415271170927	0.0025452675484683
GSE75230_1	-0.00742153469426197	0.00655197518325934	-0.00464629315223543	-0.0015558917159977
GSE7669_1	-0.0112015018773467	0.0129143641782069	0	0.0178804728009635
GSE77916_1	0	0.0143925280087952	0	0
GSE80614_1	-0.0175213675213675	-0.00184708316979306	0	-0.00291474754453183
GSE80614_2	-0.00618386243386243	-0.0050954246111243	-0.012651672092335	0.00780359903234413
GSE80614_3	-0.01	-0.0228486359400727	0	-0.00241152652878926
GSE80614_4	-0.00744036990463081	0.0067057011745137	-0.00824084350721421	0.00618854512571687
GSE80614_5	-0.00694059248893582	-0.0135840178457663	-0.00748685595253313	-0.0112362663132953
GSE80614_6	-0.00249139472882829	-0.0228667352461435	-0.00401570048309179	-0.00384944234954088
GSE80614_7	-0.00192114035428736	-0.0234577221570379	-0.00360999878655503	0.000437680371456235
GSE80614_8	0.00348040255110322	-0.00395382282188276	-0.00315752729119066	0.00459178994532109
GSE80614_9	-0.00675675675675676	-0.0209527865212613	0	-0.00255206910458052
GSE80614_10	-0.0248397435897436	-0.0331432469018088	0	-0.012819805815179
GSE80614_11	-0.0108695652173913	-0.00971034965182532	NA	-0.0025366174312426
GSE80614_12	-0.0156460414007159	-0.0295406792475377	-0.0132352941176471	-0.0207528198993094
GSE80614_13	-0.0105618061400098	-0.0203969170238469	-0.0167575206945286	-0.023798250760293
GSE80614_14	-0.0123157713790284	-0.0364747685348648	-0.0115809650478221	-0.0275903285029061
GSE80614_15	-0.00477923346876629	-0.0525475726834504	-0.00827168558766927	-0.0197360153801612
GSE80614_16	-0.00395464786967855	-0.0587772865332031	-0.00432282794213334	-0.0112613917746798
GSE85254_1	0.0010749914000688	0.0271796705641718	-0.00324967824967825	-0.00490944455706283
GSE86578_1	-0.000141322781232335	0.0011533256916781	0.00476190476190476	0.0027374308712869
GSE86578_2	0.00292608625941959	-0.0164486826418206	0.00416666666666667	0.0049452161626114
GSE86578_3	0.00303821119721753	0.0173948907405084	0.00343138296587986	-0.000397885455726918
GSE9329_1	-0.00137927915705693	-0.0109719586469086	NA	NA
GSE93698_1	-0.00329543222258031	-0.00217359909713281	-0.000397877541898105	0.0118135048157146
GSE93698_2	-0.004170404584049	0.00262741940241573	-0.00139626379568807	0.0172124792900948
GSE93698_3	-0.0034943424496507	-0.0134875472602288	-0.000900403259369962	-0.000683696628382666
GSE93698_4	-0.00289865925443881	-0.00448218211639191	5.52465040697797e-05	0.00939269721506564
GSE93698_5	-0.000645817124600333	-0.000111376662020798	-0.00104375635382588	0.011514787686093
GSE93698_6	-0.00957180500658762	0.0121861906386693	0	-0.000409075826715673
GSE93698_7	-0.000910534475883346	-0.0187832376936235	-0.00120325308065019	-0.00238205321941553
GSE93698_8	-0.0076255820254245	-0.00510019994791462	0	0.0087091491741638
GSE93698_9	0.00374374119748747	0.00379528534083028	0.00105797830461027	0.00756272161139418
GSE93698_10	-0.00245658864924966	-0.0289951976182921	-0.00156441829834466	-0.00560880309355919
GSE93698_11	0.0015383892466193	-0.0161979299020006	0	0.00384318621964463
GSE93698_12	0.00430047245399346	-0.00412705813541647	0.00143660839863371	0.00346342701941419
GSE93698_13	0.00305412291406857	0.0172897980079195	0.00141643059490085	0.000620028470692934
GSE93698_14	0.0114664068401911	0.0289739407354952	0.00961538461538462	0.0138083219023357
GSE93698_15	0.00483867040519563	0.00658133563092036	-0.000500466082916915	0.00880944169670627
GSE93720_1	0.00546592732884077	0.0249434167633956	NA	NA
GSE93720_2	0.00600422812753354	0.0371349395651992	NA	NA
GSE93720_3	0.00908976634131914	0.0352589240064149	NA	NA
GSE93720_4	0.00815765503277083	0.0437362427071054	NA	NA
E-MTAB-5564_1	0.00560071919707875	0.00512616484264003	0.00380610154404016	0.0084164844209853
GSE77753_1	-0.000179225692102165	0.0274548703211506	NA	0.000176744627149585
GSE43861_1	0.00212309932060822	-0.00699659341348678	NA	NA
GSE112809_1	0	-0.0144670828457593	NA	NA
GSE111946_1	0.00226600060415224	0.0321760893221529	NA	NA
GSE111946_2	0.00806451612903226	0.0260898870587632	NA	NA
E-MTAB-3201_1	-0.000923538948073468	-0.0427338280804986	0.000966895767429006	-0.0333157072924839
GSE57740_1	0.00833333333333333	-0.00326103492580709	NA	NA
GSE52992_1	0.000774418287776099	0.0265541302446174	0.00333164649370447	-0.00437294723441975
GSE17160_1	-0.00779636769715171	0.00788128876949255	NA	NA
GSE17160_2	0	-0.0135371729392892	NA	NA
GSE17160_3	-0.0158587182006769	0.00308349269212631	NA	NA
GSE17160_4	0.000466072844160653	0.00188543496905112	NA	NA
GSE17160_5	-0.00456832627118644	0.0216604354441077	NA	NA
GSE17160_6	-0.00602409638554217	-0.0108005595119953	NA	NA
GSE17160_7	-0.00454936275041259	0.054766460773277	NA	NA
GSE17160_8	-0.00249226554466883	0.0116795729458959	NA	NA
GSE17160_9	0.000961850409148655	-0.0393787311068523	NA	NA
GSE17160_10	0.000414787075080608	-0.0416703382189641	NA	NA
GSE17160_11	0.000524168452192984	-0.0241445814372524	NA	NA
GSE17160_12	0.000895836718309459	-0.0374167226789112	NA	NA
GSE22971_1	-0.000455478372402354	-0.0746128238784912	NA	-0.0211666004577508
GSE22971_2	0	0.0243313770836573	NA	0.00560990550823676
GSE22971_3	-0.00463730327838637	-0.0411192147901706	-0.00229925048122569	-0.0243433884629442
GSE22971_4	-0.00879801276590256	-0.00876051368570736	-0.00283832166159664	-0.0236630447342303
GSE13590_1	-0.00585370780244227	0.000542525010937908	-0.00154994105669274	-0.00629475703324808
GSE13590_2	0	0.0247822358145692	0	0.00758118009087038
GSE99731_1	-0.0187089971883786	-0.0197232950181152	NA	-0.00226617347911149
GSE99731_2	-0.0120481927710843	-0.0335598192475714	NA	-0.00290723823739779
GSE99731_3	0.00418657744576507	0.0422871247318215	-0.000574128375348063	0.0129877032440256
GSE27492_1	-0.0155660377358491	0.00518383078547096	0	0.00847626599853662
GSE27492_2	-0.00327827827827828	0.0257048851389391	0.0350877192982456	0.0084630741312475
GSE27492_3	0.000175305667790811	0.0146503270920085	0.00775664855590506	-0.00273123192815654
GSE27492_4	-0.00775128397255106	-0.0184807493764737	0.00879826270239198	-0.0208710365526238
GSE27492_5	0.00268976411941968	-0.022527949707534	0.0110265813566375	0.00292716121565459
GSE27492_6	-0.00118510489605032	-0.016981975447233	-0.00267379679144385	-0.0298885609147126
GSE27492_7	-0.00862036775696367	-0.0294275811181525	-0.00268817204301075	-0.0319636492737866
GSE27492_8	-0.00488331323352959	-0.035516192424804	-0.00933014354066986	-0.0234372238200939
E-GEOD-15069_1	-0.0114516869991323	-0.0440377107737504	0.000337837837837838	-0.0115794112164376
E-GEOD-15069_2	-0.0026422512324768	-0.0440760068259951	-0.0198693880170726	-0.00619308428867856
E-GEOD-15069_3	-0.0038232059847395	-0.0491435000661075	-0.000336954433816216	-0.00445457535240817
E-GEOD-15069_4	0.00385813895524	0.0160667079853931	-0.0108695652173913	0.0131893310158934
E-GEOD-15118_1	-0.00314553990610329	-0.0267177971310802	NA	NA
E-GEOD-15118_2	-0.0113636363636364	0.0198097418131399	NA	NA
E-GEOD-15118_3	0.00514750469720259	0.0221046844998562	NA	NA
E-GEOD-15118_4	0.00193109728966303	-0.00545125231685589	NA	NA
E-GEOD-16007_1	0.00209279961066492	-0.00593085893197755	NA	NA
E-GEOD-17473_1	-0.0235942743647695	-0.0560576473272107	NA	-0.0271763579447163
E-GEOD-18647_1	-0.00644403766695185	0.0478497147345692	NA	0.0124657239487953
E-GEOD-18647_2	0.00311473504189418	0.0380864881053709	NA	0.0138478411135804
E-GEOD-18647_3	0.00151636540041822	-0.00804333286643842	NA	0.00487324869191507
E-GEOD-18647_4	0.000986041319165265	-0.0137198565577	0.0227272727272727	0.00720171589610776
E-GEOD-18648_1	-0.00620238591344538	0.00590842574892258	-0.00219812790152581	-0.00539382845867438
E-GEOD-18648_2	0.00349626353459778	0.032275993483011	0.00378661480457888	0.0162940816305213
E-GEOD-2154_1	-0.00657894736842105	0.0328668256930007	0	0.00738195982729571
E-GEOD-2154_2	-0.00280952251689785	-0.00119695120399915	0	-0.0121296311495848
E-GEOD-2154_3	-0.0238139824870578	-0.0610780719592343	-0.00348041529023124	-0.0137041869925832
E-GEOD-2154_4	-0.00325226196350573	-0.0537129796274024	0.000628620865341261	-0.0129277783746646
E-GEOD-26475_1	0.00656646834835735	0.025092615241292	0.0124092319744494	0.0104129344874817
E-GEOD-26475_2	-0.00087787918296393	0.0206992632387803	0	-0.0046953924815807
E-GEOD-26475_3	-0.00213723076108397	0.030180968966934	-0.00403703703703704	0.00820286628283816
E-GEOD-33567_1	0.00290841859042789	-0.017096617248104	NA	NA
E-GEOD-33567_2	-0.00315185160612052	-0.0442979446093889	NA	NA
E-GEOD-37287_1	-0.00100330068158805	-0.0211741248646202	NA	NA
E-GEOD-37287_2	-0.00175710773902971	-0.0244007334769714	NA	NA
E-GEOD-37287_3	-0.000525009014796082	-0.0020336186416909	NA	NA
E-GEOD-51994_1	-0.00971579763870974	-0.0110739565881991	-0.00212765957446809	-0.00336695585600081
E-GEOD-51994_2	-0.00534775554427994	-0.0151365213719557	-0.00122113367936757	-0.0179008979999364
E-GEOD-51994_3	-0.00409889396126987	-0.0119498442284964	0	-0.0159014545693617
E-GEOD-65077_1	0.0172172452407615	-0.0959924718802002	NA	NA
E-MEXP-1244_1	0.00827973969373302	-0.0316209133574575	NA	NA
E-MTAB-1123_1	0.00645859549070087	0.0248328545913662	-0.00136845569173228	0.021851606440585
E-MTAB-1123_2	0.00634182928233862	0.0172405524327833	0.0048774126238915	0.00567631653322826
E-MTAB-1123_3	0.00608183265251328	0.0181387990233188	0	-0.000771685959697218
E-MTAB-1123_4	0	0.0496375300022475	0	0.0163384872546192
E-MTAB-1391_1	0.00328828828828829	0.0171242059792157	0.00460544775636183	0.00921217353274051
E-MTAB-1391_2	0.00183763797425669	0.0168652935398598	0.00222908159405138	0.0122226839234092
E-MTAB-1391_3	0.00216099799279774	0.0123191664268699	0.00262956109890106	0.0106758107309254
E-MTAB-2450_1	0.00194265560293687	0.0142123786679219	-0.000636477757677853	0.00243317472649972
E-MTAB-2450_2	-0.00196552278321281	0.0361203553848194	0.00411349411156471	0.00308477567819497
E-MTAB-2450_3	0.00134198330386838	0.0362638493668817	-0.000879364018655945	0.0142259052398438
E-MTAB-2450_4	0.011061699781342	0.0289344032182781	0.00411553564183577	0.0101948572678324
E-MTAB-5023_1	-0.00220002950233489	-0.00218133878044649	NA	-0.00335758665558587
E-MTAB-5326_1	-0.0100773346045871	-0.00929269439592329	NA	NA
E-MTAB-5326_2	-0.00700609205769615	-0.0115938332945667	NA	NA
E-MTAB-5326_3	-0.0023024579938822	-0.0101994993707818	NA	NA
GSE102588_1	-0.00520154749837456	-0.0386895895033564	-0.0138218516893374	-0.0153336090327679
GSE104793_1	-0.00350950125072119	-0.0570742112377627	-0.000773244705635889	0.00163609988160577
GSE104794_1	-0.00497034504817858	-0.0276260935758972	-0.00140142540831504	0.00309859519905675
GSE104795_1	-0.00432196589131215	-0.013188366501892	0.00344954436704237	-0.00193792246462795
GSE105139_1	0	-0.0214733383474093	NA	-0.0188340416132496
GSE105139_2	-0.0131267605633803	-0.0134164194894958	NA	-0.0191374018149928
GSE105139_3	-0.00393290919606709	-0.002141275635336	0	-0.00428458384846467
GSE10555_1	0.00262813473226348	0.022976159670021	NA	NA
GSE10556_1	0.00247927259351875	0.0425905963563931	0.00305320442609905	0.00550604320336018
GSE106631_1	-0.00824185679437509	-0.0286726295760846	-0.00207431972831372	-0.00681939931608214
GSE13104_1	0.00294626464636687	0.0468003085867013	NA	NA
GSE13104_2	0.00445420384447979	0.0668251634025238	NA	NA
GSE13104_3	0.000460254389711065	0.0495197868798788	NA	NA
GSE16749_1	0.00219746127097113	-0.0428487385829891	NA	NA
GSE16749_2	9.10102133683892e-05	-0.00955491293071041	NA	NA
GSE16749_3	0.00265444958519963	0.0533468102345501	NA	NA
GSE17348_1	-0.00363838047328615	0.0226721892994937	NA	NA
GSE17563_1	0.0010850050889398	0.0161588056965455	NA	NA
GSE17563_2	-0.00133347610161084	-0.0212595248361499	NA	NA
GSE17569_1	-0.000238097909537306	-0.0331975730017891	NA	NA
GSE17569_2	-0.00105183873357538	-0.101350530599722	NA	NA
GSE17570_1	-0.00123280668521975	-0.0733038904568507	NA	NA
GSE17570_2	0.00356603324024711	-0.0330946590060023	NA	NA
GSE18991_1	0	0.0398923922744628	NA	-0.00314152327346339
GSE18992_1	0	-0.0168052210764505	NA	-0.00519774768578429
GSE19299_1	-0.00234340881598675	-0.00447220758349011	-0.00148339454350139	-0.000319962303495567
GSE20850_1	0.0009305387834259	-0.00115246583689999	NA	NA
GSE21093_1	0.00221778777302302	-0.0162220032127084	NA	NA
GSE21523_1	-0.00863718146778397	-0.0342811461505907	NA	NA
GSE21639_1	0.00925925925925926	-0.00973239595024861	NA	NA
GSE21639_2	-0.00403553594239926	-0.00815996106151516	NA	NA
GSE21639_3	0.00483773909305824	0.0128878704404494	NA	NA
GSE21639_4	0.000700628995757935	0.00549824588629711	NA	NA
GSE21710_1	0.00288399100352104	-0.0174670644372596	NA	NA
GSE21710_2	0.00245781975995086	-0.027620674005556	NA	NA
GSE21710_3	0.00399553105460428	-0.0220385540807343	NA	NA
GSE22925_1	-0.0150155760027812	-0.0415348654751531	-0.00945639125215303	-0.00479986971252105
GSE22925_2	-0.0102359365535649	-0.0369033152679947	-0.0124383223684211	-0.0250656684248563
GSE26499_1	-0.000608658284881692	-0.00144886688583152	NA	NA
GSE30160_1	-5.4905481117062e-05	-0.0228078838883592	1.52500797832931e-05	0.016643646274674
GSE30628_1	-0.00422911832040821	0.0197290512093019	-0.000272222171722619	-0.00897650749151554
GSE30628_2	-0.00482753942521651	-0.0136670567685404	-0.0017237571772096	-0.00841783642628565
GSE32163_1	-0.00349206838135247	-0.0104196645041006	NA	0.00773163785206207
GSE33656_1	-0.00416612258143121	-0.0992135428096351	NA	NA
GSE33754_1	-0.020703787450537	-0.0218157587792643	0	-0.00663476929793462
GSE33754_2	-0.0115326388350374	-0.0281774922786343	-0.0108722815825133	-0.00203578900390625
GSE33754_3	-0.0108642267608135	-0.00724388666184915	-0.0155474764756202	-0.00845213682084336
GSE34570_1	0.00929818949908084	-0.0140045254642973	NA	NA
GSE35003_1	-0.00266928741212263	-0.0217652999134776	NA	NA
GSE35466_1	-0.0081814421063932	-0.0443666958552024	NA	NA
GSE35466_2	-0.00119617224880383	0.0170616340142697	NA	NA
GSE35466_3	-0.00382696007696008	-0.00579524420119527	NA	NA
GSE35466_4	-0.00615765884238183	-0.00841655912382995	NA	NA
GSE35466_5	-0.00884092433388208	0.016085774417291	NA	NA
GSE36925_1	0	-0.00277213753213198	NA	NA
GSE36925_2	-0.00464676304225186	-0.0268997851655233	NA	NA
GSE36925_3	-0.00325053677910479	-0.0169691339976402	NA	NA
GSE37219_1	-0.00195284080334332	0.039708336636142	NA	NA
GSE37676_1	0.00873092001685813	0.0351394986255633	0.0084810062947283	0.0196754111926989
GSE41342_1	-0.00550041329651525	-0.0573180210973561	0	-0.0188558256628864
GSE41342_2	-0.0307156780840991	-0.0307224243339374	NA	-0.0363263547923314
GSE41342_3	0.00147058823529412	-0.00708249768349236	NA	-0.0093761713550291
GSE41342_4	0	-0.0644164025118083	0	-0.00709698915834314
GSE41997_1	0.00435650750377317	-0.0167644174407122	0	0.00211321804824586
GSE43242_1	0.00815242597466459	-0.0268078233452887	0	0.00110995743468266
GSE43242_2	-0.00773567833935288	-0.0191160308368112	0	0.000546001151954497
GSE43663_1	0.0193441414885777	-0.00621084289940688	NA	-0.000361186644325618
GSE43854_1	-0.00218318393433166	0.0088198140376962	NA	NA
GSE45656_1	0.000388460423079256	-0.00955661528066358	NA	NA
GSE45656_2	0.00163400159173435	-0.0676807385514444	NA	NA
GSE45656_3	0.000573814411857642	-0.0520040548560567	NA	NA
GSE45793_1	-0.00115626820641735	0.0493335806931725	0.00344827586206897	0
GSE45793_2	0.00422863954748901	0.0557718291916171	0.00495049504950495	0
GSE45793_3	-0.000210930417350385	0.0454888615704521	-0.00104674975023393	0
GSE45793_4	-0.00123807457970468	0.0551024342103462	0.00075350000976239	0
GSE45793_5	0.00284903019049862	0.0497765888935316	0.0014626035532251	0
GSE46390_1	0.0104506411237622	0.00213938512068902	NA	NA
GSE48438_1	-0.00726955545796125	-0.0141234128966781	NA	-0.0106655840526808
GSE50549_1	-6.6953240304474e-05	-0.024240818167869	0.00169859456504408	-0.0126113399222924
GSE50549_2	-4.66291281790449e-06	-0.00802083315082934	0.00268790004942636	-0.00389025300940042
GSE51098_1	-0.000793128388806305	-0.0120277288652257	-0.00389633612202747	0.00616260789713466
GSE53857_1	0.000211205136508921	-0.0530552729859175	0	-0.00524644296115279
GSE53857_2	-0.0347701149425287	-0.0423788429375684	0	-0.00792031077567425
GSE53857_3	-0.0165270769239708	-0.0356722269638459	0	-0.0104872083572672
GSE53982_1	0.00394096257903827	0.0146617934560398	-0.00165697674418605	0.00183388247926899
GSE53982_2	0.00425861401471158	0.0144957363900319	0.00769230769230769	0.0063804294597815
GSE54779_1	-0.000578090686430082	0.02126845334428	-0.00109044445513501	-0.0133031699377928
GSE55900_1	0	-0.0152281070879647	0	-0.0072000466853408
GSE57104_1	0.00138099747474747	-0.0190092163030979	NA	-0.00455832844498633
GSE59387_1	0.00646431916196212	0.00795637684336326	NA	NA
GSE60401_1	0.00889428599383381	-0.0148785263840248	NA	NA
GSE60401_2	-0.00162374890006738	-0.0155106312690489	NA	NA
GSE60651_1	-0.00398551752445992	-0.0339147063318425	NA	NA
GSE60737_1	-0.00151769319384854	-0.00418896532962373	NA	NA
GSE60761_1	0.0078125	0.00958600101697573	0	-0.00236669052479036
GSE60761_2	0	-0.00786763203661012	NA	0.00196465949233451
GSE60761_3	-0.00534355983772819	-0.00548482182145197	0	-0.00745240441076485
GSE60761_4	0.000303236218041686	0.00540112877691627	0	0.00452329141237672
GSE63017_1	0	-0.0120451603274015	NA	-0.00916574351238598
GSE63017_2	0	0.00239652392754799	NA	0.00606940597474993
GSE63017_3	-0.00847578347578348	-0.0176305488317135	0	0.00130093541129842
GSE63017_4	-0.00746268656716418	-0.00741490838117026	NA	-0.00196152166130786
GSE63939_1	0.0025773610368557	0.0272591308339756	0.00288588581948416	0.00880595772819438
GSE63939_2	0.000105657324443476	0.000106337304865738	0.00161676233439427	0.00283448289941598
GSE64141_1	0.000246911417911317	-0.014606597498151	NA	NA
GSE64965_1	0.000833444151161682	-0.0201828303010631	0.00112831801416953	0.000824649341407604
GSE65745_1	0	0.0204417073271148	NA	-4.22617041096491e-05
GSE65745_2	0.0131578947368421	0.0168163167926262	0	-0.000240421294511297
GSE65745_3	0.0131578947368421	0.02320689399001	0	0.00114175834753275
GSE66416_1	-0.00632447844846967	-0.0247087986282492	NA	NA
GSE66862_1	-0.00258772652296149	-0.0631666053705028	-2.50931233689471e-05	-0.00665745744478685
GSE69108_1	0.00301720765590384	0.0276914509224138	0.00306453441580202	0.0172401365317193
GSE71565_1	-0.00177743440855641	-0.0273503123746174	NA	NA
GSE72261_1	0.00274415092735846	-0.00812990700913843	0	0.00231881835126869
GSE72261_2	-0.00290718951665544	0.0119164655060393	-0.00427182771685563	-0.0123863448870628
GSE72261_3	-0.0031401947940992	-0.0105377820639663	-0.00438501789604731	0.00177294729853423
GSE7683_1	0.0168412999419613	0.00865182273641026	0.00588235294117647	0.00905898254771334
GSE7683_2	0.0187397385223472	0.0185240228698392	0.00806451612903226	0.00453315585213689
GSE78980_1	0.00175598220014716	0.0223722242888564	NA	NA
GSE78980_2	0	-0.00843035080564134	NA	NA
GSE78980_3	0.00815972374639685	0.0372193725169983	NA	NA
GSE78980_4	-0.0103599299251473	0.0377380287826036	NA	NA
GSE78980_5	0	-0.0243146029800349	NA	NA
GSE78980_6	0	0.00722762219988316	NA	NA
GSE78980_7	-0.00241318736855927	-0.0311760187063822	NA	NA
GSE78980_8	-0.00443722943722944	-0.0461646587725759	NA	NA
GSE78980_9	-0.00247946469356858	-0.035964001872331	NA	NA
GSE78980_10	-0.00929111750729538	-0.0545766708122247	NA	NA
GSE81399_1	0.00593866613648877	0.0256651795589128	NA	0.00231601773954943
GSE84609_1	-0.005347942851488	0.0128063131423245	-0.0070781461387558	0.000379798327227999
GSE84907_1	-0.000531457050824266	0.00937008683988531	0.00214960226527813	-0.00762982193901722
GSE84907_2	-0.00349406303551272	-0.0211523912154047	-0.000855469602352428	-0.0228408555821218
GSE84907_3	-0.00419908381703261	-0.0462676218813509	-0.00654101591008612	-0.0128270336702696
GSE90127_1	0.00395231508883039	0.045963941392667	NA	NA
GSE90127_2	-0.00375506531428877	-0.0114617678331956	NA	NA
GSE90127_3	0.00316885389403169	0.0472675872951222	NA	NA
GSE9247_1	0.00212479318757536	-0.0399319727053455	-8.85303954357665e-05	0.00262894400717598
GSE9247_2	-5.3168748843202e-05	-0.0178232168034571	0.000842463967047104	0.00824034171939019
GSE9247_3	-0.0001936650025822	-0.0100793669190033	0.0036231884057971	-0.0018699212708269
GSE99306_1	-0.00522134140603764	0.0274080254539253	-0.00510886682615438	-0.00609399761743792
GSE99306_2	0.00106610462310257	0.037126419968826	-0.00369681048593504	-0.00795331125648485
GSE99306_3	-0.00854412515896423	-0.01802045104489	-0.00240468041916882	-0.0142446110023035
GSE99306_4	0.000601586693707743	0.0423671976266539	-0.00147372999477635	-0.0108037791140956
GSE99306_5	0.0031953798231524	0.043379245871753	0.000392733291985256	0.00241501654216739
GSE99306_6	0.00269904635492402	0.033379409894765	-0.0013888492459921	-0.00394467761391063
GSE99306_7	-0.00716567183494649	0.00671170782832391	0.0317307692307692	-0.00154488706147036
GSE99306_8	0.000928135437482047	0.0510175961240194	-0.000169425419304953	0.00170671790408623
GSE99306_9	0.000529380482602849	0.0389878128418714	-0.000292933982942847	-0.000211078192616085
GSE99306_10	-0.0168308679224421	0.0133235298807667	0.004	-0.0126036692097432
GSE99306_11	0.00053926383441128	0.042922622870299	-0.00216369077397765	-0.0102802889518211
GSE99306_12	0.00169361099987234	0.0434684281103504	-0.00178421437421522	0.00066834523775134
GSE99306_13	-0.0050479087531272	-0.00487752949592255	0.00166380972239372	-0.0113784956791642
GSE99414_1	0.00163106705756434	0.0169000536702746	-0.0072463768115942	0.00684031589602565
GSE110581_1	-0.00465506517158506	-0.030483447160743	0.000174825174825175	0.000579264441587681
GSE110581_2	0	-0.0436792167912509	NA	-0.0109588783884168
GSE47799_1	0.00395408163265306	0.0212199501729598	0	0.00455864144525636
GSE47799_2	0.00247524752475248	0.00977755972358884	0.00292397660818713	0.00242562490131592
GSE47799_3	-0.00827926466612598	0.00573936633974583	-0.00264550264550265	-0.00491782518706086
GSE111628_1	0.0222789115646259	-0.000132357526008608	NA	NA
GSE111628_2	0	-0.0201023297251285	NA	NA
GSE111628_3	0.00415481568233785	-0.0147597319440839	NA	NA
GSE5657_1	-0.00607708524945187	-0.00786064713139678	-0.0087719298245614	0.00902533319433266
GSE5657_2	0.0110222626079055	-0.00772326873914501	0	-0.000470583452291819
GSE13782_1	0.0112253992308626	0.0597971721334627	0.0100671140939597	0.0218115040460191
GSE41039_1	0.0113636363636364	0.0503876545154525	0	0.0176592702881884
GSE84198_1	0	-0.0397479074128372	0	-0.00226356917894839
GSE84198_2	-0.0022397176598344	0.00159868742520247	0.00510204081632653	0.00712037698295794
GSE84198_3	1.38967200598145e-05	0.0477667576573699	0.000929747802716769	0.00125692728012621
E-GEOD-54216_1	0.00226033586167225	-0.0236914006184267	-0.000542441898098522	0.000797565047565046
E-GEOD-54216_2	-0.00114632880065371	-0.0460687018890804	-0.0015856841509326	-0.0264428286214458
E-GEOD-54216_3	-0.0106860492587821	-0.0530353481113694	-0.00398191117136097	-0.0186237894294353
E-GEOD-6119_1	0.00263771652254552	-0.0168667593812034	0.000521848469005573	0.00303671978676609
E-GEOD-6119_2	0.00180087058592011	-0.024042278166984	0.00119047739268218	-0.00608362435650558
E-GEOD-6119_3	0.00106812920074579	-0.0155205328237176	-0.000528537253113194	-0.00486635329912828
E-GEOD-8077_1	0.0248707359656191	0.136133734776942	0.0240612648221344	0.0614332517019673
E-GEOD-8077_3	0.132217976108085	0.522283874022552	0.0962009803921569	0.191079321298488
GSE103416_1	2.14239668417e-05	0.0249582941197892	0.000694947977933895	0.00663485476951276
GSE103416_2	0.00897413097601373	-0.0148048898377791	0.0008144482639404	-0.00693329166358641
GSE103416_3	0.000985038920129527	-0.0681918303758644	-0.00127845917580953	-0.0114658220739827
GSE19950_1	-0.0010848205873644	0.0254486665443411	5.26432774534693e-05	0.00185396390916464
GSE30322_1	0.0106939543636791	0.0301223487729893	0.00282485875706215	0.0113120901808691
GSE30322_2	-0.00664949422413555	0.000310047600982721	-0.000209095495905872	-0.00908622172463366
GSE30322_3	0.00118533702929195	0.0382430514122263	0.00498676498392891	-0.000686608144682126
GSE42295_1	-0.00676772634599411	0.0424466186713581	0	0.0133454911739435
GSE42295_2	-0.0277095679555634	-0.116058895417624	-0.00722197106690777	-0.0316128455581661
GSE42295_3	-0.0094928962402654	-0.0888201198616753	-0.00581950667309283	-0.0356092848457223
GSE66554_1	-0.00148515341233321	-0.0583872845021535	-0.00119893660451143	-0.0244352585192478
GSE66554_2	0.00232516353395091	-0.0156587351524295	-0.00123031852336132	-0.00155065749899066
GSE66554_3	0.0065405063957467	-0.00101092407989754	0	0.0127238589121273
GSE66554_4	0.00435727960213165	-0.0154916469194633	0.000577860049583783	0.0041296691768761
GSE74898_1	-0.00204740830354613	0.0326676841013635	0.00419623934934691	0.000178983269454865
GSE74898_2	-0.0050995231617404	0.0125223916509405	0.00323630728054168	-0.00117233664024121
GSE74898_3	-0.00809387336836155	-0.0458527255280802	-0.00476839141733858	-0.0106872731494075
GSE79176_1	0	0.0157849707743129	NA	NA
GSE79176_2	0	0.013763200740536	NA	NA
GSE79176_3	0	0.000485353586486218	NA	NA
GSE85785_1	-0.00737669230486642	0.0377937057559847	0.0125	0.00347603400327801
GSE23492_1	-0.00112744189198852	-0.00352545169213612	NA	NA
GSE23492_2	0.0012114372740055	0.0352100391888805	NA	NA
GSE23492_3	0.00115381959302517	-0.00303286799934807	NA	NA
GSE23492_4	-0.000607758502169519	0.0176855770362798	NA	NA
GSE23492_5	-0.00116628301707211	-0.00244505837076573	NA	NA
GSE44991_1	0.00577770546041302	0.0142298523948603	0	0.00493548890003362
GSE44991_2	-0.00920987562742625	-0.0101198740663437	NA	0.00288362828468551
GSE39796_1	-0.00231231556351713	-0.0123545387585035	NA	NA
GSE39796_2	-0.000893611376695306	-0.00359638269086784	NA	NA
GSE39796_3	0.00112264991146266	-0.0137957655341364	NA	NA
GSE18394_1	0.000356345270676278	0.0446179937473308	0.00104854817679909	0
GSE18394_2	0.00355046438456012	0.00707649305967633	0.00161289151630322	0
GSE18394_3	-0.000342189986024613	0.0427134866138204	0.000736982048173971	0
GSE29233_1	-0.00103483051179371	0.0462835734604151	NA	NA
E-MEXP-2291_1	-2.99462262801451e-05	-0.03153511737791	NA	NA
E-MEXP-2291_2	0.00414416356010135	-0.00704080237405741	NA	NA
E-MEXP-2291_3	0.000606210302794219	-0.0227266801106305	NA	NA
GSE107363_1	0.00273895658796649	-0.0398001317154057	NA	NA
GSE85761_1	0.00208584163442412	0.0419466898665676	NA	NA
GSE89179_1	0.00038989435913961	-0.0111661443544344	NA	NA
GSE89179_2	-0.00218589288718262	0.00661279958113088	NA	NA
GSE89179_3	0.00304190371190789	0.0383454170011321	NA	NA
GSE89179_4	0.00300953546729238	0.0092866995709215	NA	NA
GSE89179_5	0.000941542335445082	-0.0167162305497515	NA	NA
GSE89179_6	-0.000110904588137536	-0.0147689561566831	NA	NA
GSE89179_7	-6.49894469675633e-06	-0.00576190976049526	NA	NA
E-GEOD-57723_1	0.00338112012818495	0.000727936530166329	NA	NA
E-GEOD-57723_2	-0.0012287544996988	-0.036306690709162	NA	NA
E-GEOD-57723_3	8.30901521554055e-05	-0.0218182602017863	NA	NA
E-GEOD-83930_1	-0.00551893171061528	0.0134994522228779	NA	NA
GSE100268_1	-0.00482747799347356	-0.0158897782720707	NA	NA
E-GEOD-55769_1	-0.00645102339181287	-0.0349091095626601	-0.00699300699300699	0.000921150276644914
E-GEOD-55769_2	-0.0104166666666667	-0.0630416365633164	-0.0185185185185185	-0.0029745467745643
E-GEOD-55769_3	-0.00474180127263828	-0.0339242917491788	-0.0025	0.00192651290901381
E-GEOD-69110_1	0.0139104220499569	0.0135283065714779	0.0147058823529412	0.00810588933897255
E-MTAB-4304_1	-0.00486406782241879	0.00725044977369577	-0.0031344218564048	-0.0104786846434555
E-MTAB-4879_1	7.62103349318819e-05	-0.00711329845456418	-0.0173877327491785	0.00526719950095484
E-MTAB-4879_2	0.00360571178727703	0.0235899259561729	0.00171821305841924	0.00932342374796635
E-MTAB-4879_3	0.000156986489347388	0.0010975977702487	0	-0.000892916606093383
E-MTAB-4879_4	-0.000304640630456799	-0.0248459698005227	-0.0128205128205128	0.000520336244895546
Cytokine_Explant_1	-0.000257428466953851	0.00633907966448126	-0.00434956105347167	-0.00495502091825693
Cytokine_Explant_2	0.00162514281288883	0.0360404083614259	0.00414339331381467	0.00623673614213804
Cytokine_Explant_3	0.000434324153026075	0.0237504408207317	0.00332216316413949	0.0108599323154958
Cytokine_Explant_4	-0.000979159329514194	0.0227041299205681	-0.00409836065573771	-0.0162374801909951
Cytokine_Explant_5	0.00327366420159974	0.0108513830311979	0.00292474551099567	0.00163299753265556
FN1_Explant_1	0.0130310858520623	0.00482226738144654	0.00471698113207547	0.00367385532417597
E-MTAB-6266_1	-0.00174779080759119	0.00434996818301767	-0.00134019792219973	0.00125529473269838
E-MTAB-6266_B_1	-0.00138463270306014	0.00274668754845337	-0.000829914962201813	-0.00853121459108503
E-MTAB-6266_B_2	-0.00437762574709662	0.00678443352776262	-0.00134071653505195	-0.00362085187515061
E-MTAB-6266_B_3	-0.00119112627695943	0.00445474976549875	-0.00351419889364125	0.00710496158911236
GSE70667_1	0.00980392156862745	0.0842840437672555	0.0277777777777778	0.0117294057993005
GSE87608_1	-0.0262468855423015	0.0343403929892012	NA	-0.00563019086676694
GSE87608_2	0.00555096882000715	0.0723226065611678	0	-0.000568760499144185
GSE87608_3	0.00959000360979627	0.115540031050395	0.01	0.00829975817962651
GSE87608_4	-0.00224513529083995	0.0595077780350063	0	0.00934942548587135
GSE90890_1	0.000818236364255384	0.0028465694963983	-0.00425567423230975	-0.0095149005740573
GSE97118_1	0.00307798426340971	-0.0056670754908431	NA	NA
GSE97118_2	-0.00992185109387901	-0.0360562209028751	NA	NA
GSE97118_3	0.00193082741272936	-0.0153857055834496	NA	NA
GSE97118_4	-0.00918519730978637	-0.0333035786642315	NA	NA
GSE97118_5	0.00112980769230769	-0.0153920043987059	NA	NA
GSE97118_6	0.00337094766385542	-0.0195263561340377	NA	NA
GSE97118_7	0.0191971614965869	0.00457197438264919	NA	NA
GSE107592_1	-0.00118729114129837	0.0011297780292101	-2.00989336159648e-06	0.00479553437134823
GSE92641_1	0.00971397310406598	0.00426658643424218	0.00252431955018162	0.00277513625433557
GSE107849_1	0	-0.00791285876419615	NA	NA
E-ERAD-89_1	0	-0.00672603008984126	NA	NA
E-ERAD-89_2	0	0.0238418543255291	NA	NA
E-ERAD-89_3	0	0.0299665069253681	NA	NA
E-ERAD-89_4	0	0.00102234374498547	NA	NA
E-GEOD-45893_1	0	-0.0391507937634748	NA	NA
E-GEOD-53105_1	0	-0.0226129839399952	0	0.0078258678229657
E-GEOD-53105_2	0.00365319813812494	-0.0444203197345855	0.00448430493273543	-0.0124723999254297
E-GEOD-54461_1	-0.00145848582158166	0.00809038162737233	-0.00236657366485422	-0.00598667490077451
E-GEOD-54461_2	-0.00298244878318337	-0.0215983955004552	-0.00245320922910775	-0.0115567209851312
E-GEOD-54461_3	-0.00135159357123644	-0.0203309083964305	-0.00110279218175038	-0.00836587471962966
E-GEOD-54461_4	-0.00083031961988683	-0.0224552880795707	-0.00201601302031686	-0.0157130994692876
E-GEOD-54461_5	-0.00215081600447973	-0.0116551046976109	-0.00181525286116774	-0.021566419412977
E-GEOD-54461_6	-0.00126182871704104	-0.0103464631185898	-0.00202700041413342	-0.0172794707266677
E-GEOD-54461_7	-0.000833205898613545	-0.00350376005824761	-0.001596117816107	-0.0153611731739991
E-GEOD-54461_8	-0.000499699376769073	0.00182256984341955	6.63381700540424e-05	-0.0226560074003808
E-GEOD-73372_1	-0.00786193872483847	-0.0459666514559908	NA	NA
E-GEOD-73372_2	-0.0096537603180219	-0.0229642045857409	NA	NA
E-GEOD-73372_3	0.00238085833560296	0.0358973529901555	NA	NA
E-GEOD-75549_1	-0.01774541380759	-0.0174891950880549	NA	NA
E-GEOD-76988_1	-0.00175989998086604	-0.00937799867963305	NA	NA
E-MTAB-2923_1	-0.00101646731010774	-0.0479702504995151	NA	NA
E-MTAB-2923_2	0.000203203245326842	0.0698941816447126	NA	NA
E-MTAB-2923_3	-0.00212958224440044	0.0614909290024326	NA	NA
E-MTAB-2923_4	-0.00210930678940158	0.0169506109924058	NA	NA
E-MTAB-3428_1	-0.000658340931080735	0.0262163480188701	NA	NA
E-MTAB-3428_2	0.0345979033203703	0.0384017563684064	NA	NA
E-MTAB-3428_3	-0.000207832825500995	-0.0325886019865938	NA	NA
E-MTAB-3428_4	2.37538766486682e-05	0.0197272620753302	NA	NA
GSE102856_1	-0.00875154257507199	-0.00866115402925103	NA	NA
GSE103492_1	-0.00251834003369486	-0.00726596891874869	0.000459926927489676	-0.00623838641687382
GSE103492_2	0.00553106015559399	0.00647717752221123	0.00570163157400131	-0.00753021348815853
GSE103492_3	0.00156807840626574	0.00681827893467286	-0.00162984057304241	-0.00938804160021265
GSE103492_4	-0.00366087289285167	0.00243610356194389	-0.00377723245495142	-0.00460138630870338
GSE103492_5	-0.00250952948318735	0.0151077611778919	0.00666666666666667	-0.00553475993219606
GSE103492_6	-0.00900389367631457	0.0166588765549912	0.00467289719626168	-0.00798404846870873
GSE103492_7	-0.00217267034716717	0.00243676824777227	0	-0.00523762504779181
GSE103492_8	-0.000603538603836256	0.0230069180000889	-0.000808189655172414	-0.00503742635540979
GSE103492_9	-0.00536421853680116	0.0154241163288822	-0.00862068965517241	-0.00575411719228709
GSE103492_10	-0.00431034482758621	-0.0106025377850645	0	0.000683969830744844
GSE106259_1	0.00408550986585669	0.00228151453800213	0.00890140393957188	0.0204430004974111
GSE110303_1	0.00258947519465905	-0.0325289806323391	NA	NA
GSE110303_2	-0.00397133733459115	0.0923864753416407	NA	NA
GSE110303_3	-0.0386622320768662	-0.0247469862299371	NA	NA
GSE110300_1	-0.0485920224787734	-0.0982483304202831	NA	NA
GSE110300_2	-0.0238623695145434	-0.0572242823028291	NA	NA
GSE110300_3	-0.0441229425362125	-0.00638624692646245	NA	NA
GSE110281_1	-0.00480538607336233	0.0310537751355955	NA	NA
GSE110281_2	-0.0071350829584322	0.00962178821795515	NA	NA
GSE110281_3	0.00141040245685284	-0.0231919653939007	NA	NA
GSE104459_1	-0.00850371612415054	0.0111098202349267	0	-0.01882090577309
GSE104459_2	-0.00957781862527183	0.0430364931996497	-0.00664451827242525	-0.00239332175534616
GSE104459_3	-0.00970510242011497	-0.0196935548063529	0	0.00164885414819327
GSE110051_1	0.00057640464868139	-0.00526701141328457	-0.00107928537025736	0.00740559834419777
GSE110051_2	0.00243392122744183	0.00164130788449709	0.00527004708693513	-0.00213113465325221
GSE110051_3	0.00103578091627314	-0.00304354708055436	0.000889132853173111	0.0024785130653038
GSE112694_1	-0.00131150487863997	0.00400297557338016	-0.00125090309145497	0.00468614506562886
GSE112694_2	-0.00150558572947524	-0.0212727287308753	-0.00105501532111699	-0.0233565694075248
GSE112694_3	0.00156951993790663	-0.00408368645184042	0.00145313083713284	0.00368409226123838
GSE112694_4	0.000763252878335043	-0.03924288365126	-0.00049502171440537	-0.015436962908522
E-MTAB-5879_1	-0.00342000377678318	-0.0263946964857674	-0.00206071938115364	-0.0244519681177559
E-MTAB-5879_2	-0.00204375747962946	0.00492130393438635	0	-0.00481748571649419
E-MTAB-5879_3	-0.0028536213608424	-0.0212825689527721	-0.00165570313971256	-0.0191308793456033
E-MTAB-5879_4	-0.000303861474962578	0.00114279316814094	0	-0.00485845265515409
E-MTAB-5879_5	-0.00481802665497187	-0.0389096346842885	-0.00498644863465162	-0.0181608075563057
E-MTAB-5879_6	-0.00128289585928932	0.00312574947964701	0.00105042016806723	-0.00259145781673942
E-MTAB-5879_7	0.00299726778009952	-0.00211395118690059	0	-0.00105947666744313
E-MTAB-5879_8	0.00432318116056061	-0.00647242272825131	NA	0.000165986572012399
E-MTAB-5879_9	-0.00610064522370091	-0.0295140278740709	0	-0.00395253889723579
E-MTAB-5879_10	-0.00144960857712829	0.00994022590934018	0	-0.00405387088029124
E-MTAB-4294_1	0.00104155875451979	-0.0211047573547157	0.000658673458661869	-0.00669230038363965
E-MTAB-4294_2	0.00247178560446626	-0.0225803071068079	0.00165713701713214	0.00731386148833675
E-MTAB-4294_3	0.00814587058896882	-0.00779141962331357	0.00166666666666667	0.00288168967375534
E-MTAB-3186_1	-0.00294404053360178	0.0220146659554777	-0.00120235960712707	-0.0212363566336205
E-MTAB-3186_2	-0.00465280570116282	-0.0214632821961678	-0.00132231809914918	0.00281779176883251
E-MTAB-3186_3	-0.00304393923138376	-0.00747398712223435	-0.000806408803885372	-0.0183771553198877
E-MTAB-3186_4	-0.00577518780662348	-0.000440857789189833	-0.00174374438772692	-0.0179440579346394
