comparisonID	jaccard	cosine	sigjaccard	chrDir
22659600_1	-0.0127772613476205	-0.075804813489883	-0.0151020439407825	-0.0117792636506171
24361742_1	0.0130896745201911	0.124710260173742	0.000503675914535016	0
GSE72258_1	-0.000258369892842554	-0.0652750768040266	-0.000137249519626681	0
GSE72258_2	-0.000189446727881089	-0.0152268043203224	NA	0
GSE69531_1	-0.0286229552364857	-0.0801209506135418	NA	NA
GSE69531_2	0.0212037737280299	0.0109819739274247	NA	NA
GSE69531_3	0.0283288362898665	0.0819982876985577	NA	NA
GSE69531_4	-0.0286229552364857	-0.0801209506135418	NA	NA
GSE58203_1	0.00790946877997407	0.0288536145719105	0.00605872838383413	0.000616653109650226
GSE58203_2	0.0129052499658865	0.0354980030148658	0.0128526931671382	0.00767098947991737
GSE58203_3	0.0271445024172731	0.0562096505430639	0.0294649056162795	-0.000888430657986836
GSE58203_4	0.0455999371468019	0.0933347288563308	0.0519748997237864	0.0111176924895128
GSE58203_5	0.00644605390490394	0.0254369545480413	0.0043333868429676	0.00357842060253077
GSE58203_6	0.0237915898000871	0.0814234573918863	0.0241619125298494	0.00475101065607845
GSE58203_7	0.0572729057278156	0.120655256110132	0.0641299086727644	0.0150176558172116
GSE58203_8	0.107054130598197	0.195241653207364	0.120207307648996	0.0117152140036414
GSE59642_1	-0.0569815045942279	-0.0978648763441964	NA	NA
GSE59642_2	0.0210894431067773	0.0453958650458704	NA	NA
GSE59642_3	0.0818285666613973	0.173024957075546	NA	NA
GSE64922_1	-0.0210102479373316	-0.0194648445356216	-0.0239376441444311	0.00232182330168534
GSE60162_1	0.0121280286910641	0.118993636441241	NA	NA
GSE31685_1	-0.0265234526665149	-0.119111136554729	-0.02713230296135	0
E-MEXP-3890_1	0.0400451741854598	0.0279176503781228	0.0430989532819038	-0.0112476141917506
GSE31980_1	-0.000252924626526319	-0.00629579806365181	-0.000827194635095632	0
GSE15615_1	-0.0398039315968803	-0.0772068540649135	-0.0257110366323407	0
GSE15083_1	0.00200104735823088	-0.00119505420979989	NA	-0.000539471735491702
GSE108035_1	-0.00228437959537577	0.0183188923955325	-0.00359487939067968	-0.00650175876185453
GSE108035_2	0.0460276152046846	0.0643485916073984	0.0514638846841811	0.0130578757052056
GSE108035_3	0.0542926437458915	0.0979890398451386	0.0606027004889283	0.0220043246269988
GSE21959_1	-0.0174008925058405	-0.0579441465371563	-0.0197751780914261	0.00670390408537906
GSE21959_2	-0.0150602501290003	-0.071515854074441	-0.0136803598037931	-0.0015166074775538
GSE24742_1	0.00438376902604249	0.0349852566845773	NA	0.00355034510699819
GSE24742_2	0.000223118803752377	-0.024617035717175	NA	0.00370043995331284
GSE24742_3	0.00555585202613608	0.0508630307925726	NA	0.0225629236068655
GSE74668_1	0.00181193135639109	0.0262702759555136	NA	NA
E-GEOD-10024_1	0.00763473900149994	0.0381363990362727	NA	NA
E-GEOD-10024_2	-0.000228179774618392	0.00506919872725196	NA	NA
E-GEOD-12860_1	0.00144612959085157	-0.0274072318485282	NA	NA
E-GEOD-12860_2	-0.0194400824181679	-0.0488135679951698	NA	NA
E-GEOD-12860_3	-0.0160609172879563	-0.0358897454519231	NA	NA
E-GEOD-12860_4	-0.0192150851713481	-0.0565984408867106	NA	NA
E-GEOD-12860_5	-0.0270099546793174	-0.0445274681950836	NA	NA
E-GEOD-12860_6	-0.0193602525406133	-0.035514064096253	NA	NA
E-GEOD-12860_7	-0.0256244606147206	-0.0730810596805188	NA	NA
E-GEOD-12860_8	-0.0103496697956696	-0.0286848369304958	NA	NA
E-GEOD-14359_1	0.0215341641156599	-0.00803428875493132	0.0313433017149593	-0.0272923447860492
E-GEOD-14359_2	-0.042693284095351	-0.128086203328884	-0.0625811074084976	-0.0164917520864655
E-GEOD-1919_1	0.00739299152396372	0.0557249616208421	NA	NA
E-GEOD-1919_2	0.0244292774144656	0.0602303481155166	NA	NA
E-GEOD-1919_3	0.01006189413108	0.0411350351887811	NA	NA
E-GEOD-1919_4	-0.00509713113589113	0.00021801560701081	NA	NA
E-GEOD-1919_5	0.0142859807921194	0.0284701182092983	NA	NA
E-GEOD-1919_6	-0.00827489511746082	-0.044076720841218	NA	NA
E-GEOD-1919_7	-0.0100258347853679	-0.0422014390767218	NA	NA
E-GEOD-1919_8	-0.0131337599339998	-0.0587666591787317	NA	NA
E-GEOD-1919_9	0.000468463403746537	0.0432306675764294	NA	NA
E-GEOD-19664_1	0.00409632891314295	0.0164005372781147	NA	NA
E-GEOD-19664_2	-0.029299922176605	-0.093659120703635	NA	NA
E-GEOD-19664_3	-0.0364807860907193	-0.111574568874209	NA	NA
E-GEOD-19664_4	-0.0114305046514454	-0.0144453606094438	NA	NA
E-GEOD-19664_5	-0.0341491318271599	-0.0784309901689321	NA	NA
E-GEOD-19664_6	-0.0414285176534909	-0.105415395616653	NA	NA
E-GEOD-43923_1	-0.00672214554354804	-0.0700735380247545	-0.00639216461602132	-0.0330947651032536
E-GEOD-51812_1	-0.0528770396471227	-0.0877317064560892	-0.0547609946178181	-0.0131875482570406
E-GEOD-51812_2	-0.0571590763747193	-0.100632728491489	-0.0607439735844229	-0.014755638178173
E-GEOD-68760_1	0.0219075670086671	0.0459599494880609	0.0287809645240048	0.0136477448838679
E-GEOD-82107_1	0.00410165154972812	0.0353200684475551	0.000332005312084993	0.0263585141607344
E-GEOD-9451_1	-0.0699903130056612	-0.133993741479638	-0.0571579136364712	-0.0302665361793386
E-GEOD-9451_2	-0.0490496565088355	-0.156464241411571	-0.049772487213826	-0.0387591570380927
E-GEOD-9451_3	-0.0256683654408517	-0.0538087536383897	-0.028270214119687	-0.00826069853913922
E-GEOD-9451_4	-0.041585150023096	-0.129265201105415	-0.0309234588034923	-0.0463681773543622
E-MEXP-2019_1	-0.0347598110298849	-0.0548302664671176	NA	-0.013976936815117
E-MEXP-2019_2	0.0266154508625728	0.0597353348923923	0.0022381266325211	-0.0105307208614692
E-MEXP-2019_3	-0.0442188414130029	-0.0621389524548819	NA	-0.0128652197700524
E-MEXP-2019_4	-0.0135891363094021	-0.0751961943789232	-0.00170177532348429	-0.0193543840220037
E-MEXP-2276_1	0.00710726262760671	0.0693423584596095	NA	0.000480140981345169
E-MEXP-2488_1	-0.0279742226855596	-0.0827919954305088	-0.0206563517078283	-0.0319594524610425
E-MEXP-3129_1	0.00114861108676507	0.0273681359503987	0.00223912404318598	0.00386740336796028
E-MEXP-3474_1	0.0203579696397628	0.0291560280381915	NA	0
E-MTAB-3010_1	0.0478863254276298	0.0560170744172097	NA	NA
E-MTAB-3010_2	0.03275786991614	0.0370151616695386	NA	NA
E-MTAB-3010_3	-0.00779073752190994	-0.063676606485146	NA	NA
E-MTAB-3010_4	-0.0396757779656787	-0.117730965048687	NA	NA
E-MTAB-4152_1	0.0124249649738475	0.0827677168033205	0.0147088108589795	0.0123477430714622
E-MTAB-4152_2	0.00283144612637722	0.113861798452214	0.00352191534688375	0.0182978415892149
E-MTAB-4152_3	0.0204174214762851	0.168394211284284	0.0234516697383776	0.0279123085583829
GSE100609_1	-0.000395812130264681	0.0222862325386145	NA	-0.00235058913389881
GSE100786_1	-0.00102625993753364	0.0117035481896863	NA	0.00129033496054773
GSE100786_2	0.00081391628250143	-0.0365866573986045	NA	-0.00144366992858292
GSE103697_1	0.000111982082866741	-0.00581842972299139	NA	NA
GSE103697_2	0	0.00262077929942631	NA	NA
GSE103697_3	-0.000111957008508733	0.0046966408467769	NA	NA
GSE104113_1	-0.00335382342771513	-0.000502200100890029	NA	NA
GSE104113_2	0.0147012468363849	0.0595331393743122	NA	NA
GSE104113_3	-0.00335382342771513	-0.000502200100890029	NA	NA
GSE10575_1	-0.0020978973858262	0.0305205678061696	9.70438446762193e-05	0.010865635736548
GSE10575_2	0.0151168619263617	0.0258849390199012	0.00375105090902315	-0.0180247751039457
GSE10575_3	0.0990169338382178	0.18738074692204	0.1015523294652	0.0504759045598725
GSE13604_1	0.00111673924558904	0.0189084286352711	0.00174872460304661	0.00121588861684805
GSE13837_1	0.00414277267503826	-0.0126434166310344	0.0016293335019434	-0.00576807985639716
GSE13837_2	0.00272257851868727	0.00477675954757137	0.00334962802236077	-0.00458458168025919
GSE13837_3	-0.00311497292733079	-0.0334596724335693	-0.00211128977843524	-0.0133899305963146
GSE13837_4	0.00843865624980217	0.0224465965618628	0.00859617284885427	-0.00635203587104698
GSE13837_5	0.00300155814096377	-0.0026821613260555	0.00192741263763002	0.000992107929091142
GSE13837_6	0.00414634513782834	-0.00524678158948208	0.00546240679342591	-0.00357857870513186
GSE13837_7	-0.00108123164203319	-0.00238454477857092	0.00231049100141741	-0.0133428337050183
GSE13837_8	0.0199408537942367	0.0471493040194556	0.0205985360246681	-0.00676124528685099
GSE13837_9	-0.00385001268756173	-0.00600561912824405	-0.00635925752489136	0.00701833434291822
GSE13837_10	0.000196962527590626	0.00395576551843139	0.00150773046424626	0.00634957881084212
GSE13837_11	-0.00411025751724352	-0.0239667803105528	-0.00448221371247842	0.00874537469147145
GSE13837_12	-0.00818608053419042	-0.0291527383256033	-0.00659551916625843	0.00470634081378775
GSE13837_13	0.00833313545182372	0.0416761102455985	0.00507620448743697	0.00633917966417827
GSE13837_14	0.00902333406255228	0.022827618179714	0.00667923565825467	0.00417609932117855
GSE13837_15	0.00643529708256381	0.0191527157819321	0.00834582508478844	-0.0011221709497631
GSE13837_16	0.0260462851493458	0.0531917438359545	0.0278046070548379	-0.00582173255230163
GSE13837_17	0.00506691657753697	0.0286523355511617	0.00409394721853031	0.0151365171051467
GSE13837_18	0.00623291115339085	0.0209454180230891	0.00607050871810882	0.000288022265896207
GSE13837_19	0.00412514021619167	0.00492251912803764	0.00541022879873294	0.00208894952045968
GSE13837_20	0.00441954734215993	0.0242072032658854	0.00428717266872581	-0.00585352771526576
GSE13837_21	-0.000789952561379859	0.00184390854422206	-0.00216859835834861	0.00392198183356049
GSE13837_22	0.000866940096947606	-0.00578168139076273	-0.00312450290112761	0.005164421539039
GSE13837_23	-0.000222922041141466	0.00647022633493717	-0.00160109851890397	0.00801287740352073
GSE13837_24	0.00988827027554767	0.0293965308313825	0.00712655640077555	0.00881508637296968
GSE16464_1	0.0507083882176012	0.173563589302194	NA	NA
GSE16464_2	-0.0615932416255352	-0.0990203229202177	NA	NA
GSE19060_1	0.000807668348561125	-0.0119728059564433	0.000166112956810631	-0.0097395251229574
GSE27372_1	0.0044970504380665	0.0445257870683576	0.00512649751554393	0.0150181758523526
GSE27390_1	-0.00264967685376416	-0.0439044649678093	-0.00164029358509589	-0.00104992917795522
GSE29106_1	-0.00812554769397073	-0.0227309205449738	NA	NA
GSE29107_1	-0.00693623286855818	-0.0116765241243187	NA	NA
GSE29107_2	-0.0209610386035941	-0.0185660342729569	NA	NA
GSE29745_1	0.154303024039855	0.247390421978877	NA	NA
GSE29745_2	0.0123489197251115	0.0785831933651507	NA	NA
GSE29745_3	0.0756173361487515	0.0822894675880755	NA	NA
GSE35546_1	-0.00166108983373855	-0.0406786132523304	NA	NA
GSE35546_2	-0.00319386820633022	-0.0631319919431178	NA	NA
GSE35546_3	-0.00137421528110354	-0.0468317135264836	NA	NA
GSE35546_4	-0.0281727305212785	-0.0942927512664095	NA	NA
GSE35546_5	-0.0219681171837314	-0.0680461810516232	NA	NA
GSE35546_6	-0.0212321372318225	-0.0808323165087759	NA	NA
GSE35955_1	-0.00480346764384019	-0.00695318770125459	-0.00459932837238517	-0.0017768401159139
GSE35956_1	-0.0111959081726528	-0.066300072954492	-0.0133303453976383	-0.00359208314662769
GSE35957_1	-0.0336663517751728	-0.102584989635206	-0.0378317929247812	-0.00299938916614681
GSE35958_1	-0.0140764289772327	-0.0539844116101477	-0.0169991214433638	-0.00576112642167407
GSE39340_1	-0.00337866995661878	-0.0481744170411715	NA	-0.0234093960964862
GSE39340_2	-0.00523752169013234	-0.0643357572639451	-0.000137249519626681	-0.0101494164630494
GSE39340_3	0.00327627950274267	0.0223024091773756	0.000137249519626681	-0.00373915021796802
GSE39795_1	-0.00472002748432454	-0.041538802982182	NA	0.00255177388783012
GSE39795_2	-0.00649763203153084	-0.0172641169432926	-0.00510987276770613	0.00100186467014324
GSE39795_3	-0.00317806032997524	0.0147322607467826	0.000167016726148754	3.01131188130029e-05
GSE41038_1	-0.00605251416889281	-0.011167504582174	NA	-0.000391227775471114
GSE41038_2	-0.00498765915333118	-0.0281290968984503	NA	0.00381170998733206
GSE41038_3	-0.00131176849807841	-0.00995194124487088	NA	-0.00441960649348215
GSE41992_1	0.0335431354970839	0.0511187768772001	NA	NA
GSE42235_1	0.00294324642737225	0.0565934890938836	0.00362455965527008	0.0320560909659394
GSE42235_2	0.00560119746098818	0.0520825701146767	0.00771176292235369	0.0217674538115481
GSE42235_3	0.013272912899796	0.0721973114336874	0.0137489065647211	0.0275984042024683
GSE42235_4	0.0150153799181831	0.0817434396744865	0.0185797653343632	0.0264649770187139
GSE45233_1	0.00389879011209729	0.0199047762173012	NA	0.0038356485667668
GSE45233_2	-0.00712254380558764	-0.0780377125958211	0.000137249519626681	-0.0158926281431552
GSE45233_3	-0.00113393837260416	-0.0202377178297037	NA	-0.000977355490096518
GSE45233_4	0.0180103231824947	0.0707362841840702	-0.000173190162798753	0.0130349993907394
GSE46053_1	0.00328213192215193	0.00821756843298721	0.00532751280346859	-0.000652393748971442
GSE46053_2	0.00659591198997954	0.0394801133177058	0.00936572924431519	0.0141011912220267
GSE46750_1	-0.0120995891915559	-0.19109192896941	NA	0
GSE51588_1	-0.0627050438494997	-0.13518307660628	-0.0699387157925902	-0.0128607747890334
GSE52817_1	0.019454122285591	0.0373109700214769	NA	NA
GSE52817_2	0.033047828580003	0.0185213884469122	NA	NA
GSE52817_3	-0.0227850594633786	-0.0762201858126381	NA	NA
GSE52817_4	-0.00363067535661904	0.00767036328492064	NA	NA
GSE55235_1	0.00545334640377173	0.0588029958117417	0.00648552528960221	0.0127488589896369
GSE55235_2	-0.0209828596115333	-0.0587276630752944	-0.0287946216633444	-0.031559157839037
GSE55235_3	-0.0251583547511458	-0.112559225713977	-0.0364610420829223	-0.0322796275413242
GSE55457_1	0.00486395333485363	0.0693314534825522	0.00743536295189907	0.0362111817702226
GSE55457_2	-0.00618990075941422	-0.0286559592332201	-0.00633663173433104	-0.00334089976360531
GSE55584_1	0.0051863271573075	0.0559380800594025	0.00125024439920625	0.0335090419585694
GSE57218_1	0.000842854826849401	0.0919868665652991	0.000852465419052872	0.0136841760047722
GSE57218_2	0.00296450126607251	0.0138494620473454	0.00407846266291444	-0.000847344499338605
GSE57218_3	-0.00060484377753282	-0.0242401586892242	-0.000571561805153752	-0.00511866720140532
GSE60762_1	-0.000387722897526487	-0.00179937719580833	NA	0.00974979576207615
GSE62914_1	-0.0406962347824863	-0.0903389815182926	NA	-0.0177890323819159
GSE62914_2	-0.047371357133091	-0.049476720239415	NA	0.00288906593091007
GSE62914_3	-0.0462531187330359	-0.0295451353761638	0.000202174158034824	0.0113240877232488
GSE62914_4	-0.0553875636212021	-0.112279723370337	-0.000167112299465241	-0.0230504844926361
GSE64394_1	0.0124597477695476	0.0573901003647439	NA	-0.00993076032081395
GSE66635_1	0.000895583760578197	0.00118665370920521	NA	0.00827438823198364
GSE68038_1	-0.0181097677375822	-0.058323241102997	-0.000839867332809022	-0.0133291343782463
GSE68428_1	0.00359029529302495	0.0137800021740571	0.000859989500385328	-0.0242581930320118
GSE68428_2	-0.000881613147837914	-0.00948374695465622	0.000181907648836385	-0.0232270800778367
GSE68428_3	0.0198478208536543	0.0389293521937891	0.0166335774961493	-0.0124916591515938
GSE69459_1	0.0203634549718788	0.0631235745172673	NA	NA
GSE69459_2	0.0313118356923781	0.0659937085239752	NA	NA
GSE69459_3	0.0103423015893814	0.092986963557988	NA	NA
GSE69459_4	0.0367219244793285	0.0999342674966861	NA	NA
GSE69992_1	0.0298004787065214	0.0897109815830243	0.033222618147215	0.0212824400905177
GSE70719_1	-0.0284493029739982	-0.169770645297684	-0.0310621534651569	-0.00259067357512953
GSE7116_1	-0.00808337816019951	-0.022356571050753	-0.000263970414139123	0.00121582659310443
GSE7116_2	-0.00132389083816172	-0.00317863492310106	NA	0.00164721673173387
GSE7116_3	0.00423825530248683	0.0197498718209318	0.000926067162782367	0.000186596336920798
GSE72575_1	0.00495749719766209	0.0287350964281527	0.00754490169417786	0.0114236088341548
GSE72575_2	-0.00124314100705734	-0.0337746393565322	-0.0019510518920864	-0.00289533739045039
GSE72575_3	0.000881360506284517	0.0313458280876081	0.000916800844086504	0.00202862897688524
GSE72575_4	-8.65786620031717e-05	-0.0343504635275746	0.00020002491585529	-0.00263409961685824
GSE75181_1	0.0182154291168082	0.0753960785169486	0.0214761488253045	0.0246567056095566
GSE75181_2	-0.00652299683908668	-0.0193349578568312	-0.00786342189380592	-0.00263231073768587
GSE75181_3	0.0193974229509559	0.0741935207477305	0.0225447313258736	0.030582879736059
GSE75230_1	-0.005100074482958	-0.0299752179536982	-0.00532774302725102	-0.0144048260038568
GSE7669_1	0.000792521720144446	0.00590857671307051	-0.00252899255526325	-0.00989309550207614
GSE77916_1	0.000361352768727426	-0.0418271380862682	0.000366601923449435	0
GSE80614_1	0.00258756964249055	-0.00549114065696291	0.00219558751125043	0.00787467012577715
GSE80614_2	-0.00136245358411999	-0.0516970487641244	-0.00109883446644734	-0.00971160357528398
GSE80614_3	0.00108172072054335	-0.0140326209540269	3.50851868336324e-06	-0.0040889574667919
GSE80614_4	-0.00248038455774201	-0.0063189096836489	-0.00243336000276527	-0.00422717653026121
GSE80614_5	0.00738530587120374	0.024127753893017	0.00906846935595273	0.00281277429836979
GSE80614_6	0.0131885819242842	0.0681929906985467	0.0151249923647576	-0.00225992011096297
GSE80614_7	0.0124842944901112	0.0649892769398476	0.0124488736697292	0.000685169397076624
GSE80614_8	0.0113744320976808	0.0683199272120987	0.0135994747535654	0.0189757824517982
GSE80614_9	0.00200893156628545	0.0342426358206823	0.00166664650275456	0.0164749566096853
GSE80614_10	0.00192246994522303	0.0206172560245547	0.00232392557924859	0.0138436269159851
GSE80614_11	0.000609939350427636	0.00412824028656998	NA	7.94926311643018e-05
GSE80614_12	-0.000407115352779076	-0.0179814838408994	0.000738320089227034	0.0126754154538378
GSE80614_13	-0.00180829548578473	-0.00705645708691749	0.00052649336071347	0.010054596125731
GSE80614_14	0.00263990061575616	0.0137970956816626	0.00232401097380318	0.00708269016639598
GSE80614_15	-0.000596864365345404	-0.000218009592454082	-0.000413812105011504	-6.22818200743565e-05
GSE80614_16	-0.00444132918148685	0.000997621764314099	-0.00597417951071564	-0.00138081161653077
GSE85254_1	0.0139348967898529	0.073679456788592	0.000367847972604189	0.0132906696992707
GSE86578_1	0.0071356998082501	0.0562607445742063	0.00489428076918619	0.0108850288014729
GSE86578_2	0.00592038254788767	0.0413100625365282	0.00461158558579863	0.0142969638425115
GSE86578_3	0.00931133696251642	0.0478812555194623	0.01013518118363	0.0175276485663242
GSE9329_1	-0.000142113384726958	0.0185938486146047	NA	NA
GSE93698_1	0.0168141087208463	0.044883252865403	0.0268947103058423	0.0162877998545908
GSE93698_2	0.0118092491680068	0.0426145776986508	0.0149344256163435	0.0165344486755766
GSE93698_3	0.0127072730745476	0.0477865645624499	0.0171571726922546	0.0236042774864124
GSE93698_4	0.0194233867086564	0.0454730394710618	0.0239456197194038	0.0266865892436669
GSE93698_5	0.00984052042797204	0.0450019311831106	0.0144178904673302	0.0140039034915284
GSE93698_6	-0.000744380962876177	-0.0222193134447329	-0.000429348724784935	0.0035158891142664
GSE93698_7	-0.00393517299606529	-0.00215225268852871	-0.0028481529138398	-0.00321614968408664
GSE93698_8	1.20803466493883e-05	-0.0136160719270455	9.19836629927424e-05	-0.0166388378806773
GSE93698_9	-0.00629213364783731	0.006920839075094	-0.00389211394231074	-0.00156987733503801
GSE93698_10	-0.000109636138611917	0.0137630322762966	0.00288226273994435	-0.016332675536615
GSE93698_11	0.00188819268651633	0.00869867941184759	0.00078095517434018	-0.00970888547648929
GSE93698_12	0.00233556595502673	0.0204640971825232	0.003120944877912	0.0011125384308426
GSE93698_13	0.000796349865682508	-0.00740660095123377	-0.00332806685131967	-0.000623521028012511
GSE93698_14	0.00415108709921029	0.0116403400450929	0.00486353701076405	-9.13062313274461e-05
GSE93698_15	-0.00243159811954436	0.0145885606714599	0.00191352827288923	0.00948711647140724
GSE93720_1	0.00848883163917169	-0.0219475600932239	NA	NA
GSE93720_2	-0.00185923102400022	-0.0271267614984303	NA	NA
GSE93720_3	0.014535101233075	0.0136002805287579	NA	NA
GSE93720_4	0.0124962664192594	0.0117892847182081	NA	NA
E-MTAB-5564_1	-0.0117823816729949	-0.0374931718038701	-0.00940272638024642	-0.0231607130561598
GSE77753_1	0.00691240459739387	0.0837177057682325	NA	0.0178955158524227
GSE43861_1	-0.0216546420882963	-0.05447130326441	NA	NA
GSE112809_1	-0.000447339757394038	-0.0148589125189009	NA	NA
GSE111946_1	0.0528928890162454	0.130657839898367	NA	NA
GSE111946_2	-0.000580068295976935	0.0648183024270788	NA	NA
E-MTAB-3201_1	0.0199661087222211	0.0285958176056645	0.0215574958888112	0.00237089203371592
GSE57740_1	-0.000311697690099107	-0.0184991006676204	NA	NA
GSE52992_1	0.0263711049150007	0.293852200805403	0.0281204472621583	0.0943979976250365
GSE17160_1	0.00128821264869171	0.0181377523431326	NA	NA
GSE17160_2	-0.00245449215041973	-0.0564955668286273	NA	NA
GSE17160_3	0.00690417033076347	0.157234509256488	NA	NA
GSE17160_4	0.011674057783984	0.114148470176718	NA	NA
GSE17160_5	0.00197683029263873	0.0267062427274449	NA	NA
GSE17160_6	-0.00141991640495572	-0.0192500935009624	NA	NA
GSE17160_7	0.0229621911927889	0.233862816839682	NA	NA
GSE17160_8	0.0178110916402866	0.089691524418345	NA	NA
GSE17160_9	-0.104550290905834	-0.225752343264599	NA	NA
GSE17160_10	-0.101490942755424	-0.216477569644489	NA	NA
GSE17160_11	-0.0803304559356953	-0.191343573689976	NA	NA
GSE17160_12	-0.107371085785879	-0.227795174456493	NA	NA
GSE22971_1	-0.000918649896284659	-0.131994185639063	NA	-0.0273773041126847
GSE22971_2	-0.000506645182075598	0.0178227706614155	NA	0.00535244990176503
GSE22971_3	0.0467054101348557	0.135756659547072	0.0367645303487285	0.00620154783705347
GSE22971_4	0.0632040641132075	0.199222958553789	0.0384911512818775	0.0166387486554773
GSE13590_1	0.0201902699664809	0.101014499493824	0.0228630929978624	0.0346250363449185
GSE13590_2	-3.44380226861213e-05	0.04977592514538	-3.22633557675012e-05	0.00470163175442748
GSE99731_1	0.00346844969480232	0.0900978759444596	NA	0.0258991354790451
GSE99731_2	-0.0002703554609647	-0.0200627355954372	NA	-0.00220771624051382
GSE99731_3	-0.0486233686797989	-0.143554867522739	-0.0478830722051151	-0.00612318273165895
GSE27492_1	-0.000988135601723455	-0.00393100239454359	4.15563534375416e-06	-0.0376119489157366
GSE27492_2	0.00240707265009577	0.0328680362441194	0.00274502983368094	-0.0289027658128703
GSE27492_3	0.0162088522076312	0.0700380666809653	0.0352560792987726	-0.0101529688309917
GSE27492_4	0.00934791631225425	0.0353667140293118	0.0206799148645373	-0.017947170293338
GSE27492_5	0.00619709329245012	0.0244076760579441	0.0142505038959844	-0.0241377428694375
GSE27492_6	-0.00645738428865855	-0.0539418410347004	-0.0176877254294623	-0.0220053171649724
GSE27492_7	-0.00525060567703574	-0.0519880585217058	-0.0119239341285352	-0.0253472372884323
GSE27492_8	-0.00835748745241572	-0.0750881927591153	-0.0188842031384384	-0.0352505271105262
E-GEOD-15069_1	-0.0070660595387238	-0.124274969193679	-0.00836996305281461	-0.0196334544972767
E-GEOD-15069_2	-0.00259845203622725	-0.0900031376063083	-0.0038815402858841	-0.0190030851484046
E-GEOD-15069_3	-0.0291783084470546	-0.00733847524825757	-0.0331903617702911	0.0313373670236319
E-GEOD-15069_4	-0.00602773121859184	-0.152894381304864	-0.00675954511389297	-0.0253700408397647
E-GEOD-15118_1	-0.00536156012563959	-0.0706409617285204	NA	NA
E-GEOD-15118_2	-0.000111964287725079	0.0886873412145135	NA	NA
E-GEOD-15118_3	0.0260544264483051	0.15339672875286	NA	NA
E-GEOD-15118_4	0.0223456829481737	0.0590056068996259	NA	NA
E-GEOD-16007_1	-0.00023925047758851	0.00315333177685741	NA	NA
E-GEOD-17473_1	0.0179566372857698	0.12208197638505	NA	0.017311583417653
E-GEOD-18647_1	0.0116695460074971	0.0745238655083219	NA	0.00922733152319579
E-GEOD-18647_2	0.00690604126066639	0.0357543673634135	NA	-0.00599955892074548
E-GEOD-18647_3	-0.000254079440334959	-0.00998120131836362	NA	-0.00765554886596344
E-GEOD-18647_4	-0.0047021154043973	-0.0368747160727155	-0.00149879341666775	-0.0181066120924776
E-GEOD-18648_1	0.0169321537579617	0.116912092187609	0.0188790171285159	0.0441063848079612
E-GEOD-18648_2	0.0249004522146666	0.192260368021263	0.0278677921384767	0.0353843866769424
E-GEOD-2154_1	-0.00325937910603899	-0.060403104449792	-0.00466905818002875	-0.0188529084728768
E-GEOD-2154_2	-0.0127573589571259	-0.218710946748376	-0.018831327698615	-0.0597539452187864
E-GEOD-2154_3	-0.0130133526457343	-0.260724130885561	-0.0198327670232393	-0.0878243863445693
E-GEOD-2154_4	-0.0239370092808819	-0.233194459397141	-0.0351729567056396	-0.0794972244830618
E-GEOD-26475_1	0.013596340797918	0.195677895661454	0.0154145208388529	0.0610444556623689
E-GEOD-26475_2	0.0105693832892632	0.233757530757383	0.000261711593823606	0.0312275952425606
E-GEOD-26475_3	0.00955421869021234	0.161173777230756	0.00843927410315069	0.0406711103840891
E-GEOD-33567_1	-0.231001490124537	-0.369180264574669	NA	NA
E-GEOD-33567_2	0.018421948201914	0.0429679409130215	NA	NA
E-GEOD-37287_1	0.0301808998231326	0.0508647245435899	NA	NA
E-GEOD-37287_2	0.069338570858969	0.0870629874119116	NA	NA
E-GEOD-37287_3	-0.000488372862505415	-0.00725326524117885	NA	NA
E-GEOD-51994_1	0.0127784320880969	0.0206650358854188	-0.000500407850586305	0.0020241187237415
E-GEOD-51994_2	0.03670132628869	0.0399583458080988	0.00588467125471034	-0.00502448784319834
E-GEOD-51994_3	0.0180380163586392	0.0401716977478034	0.000830875582200996	-0.0001328071461199
E-GEOD-65077_1	-0.000482602776850713	-0.0609240722764205	NA	NA
E-MEXP-1244_1	-0.00736631028039723	-0.154999475224392	NA	NA
E-MTAB-1123_1	0.0115336268492332	0.0916617303242592	0.0144974531945878	0.0254120147373032
E-MTAB-1123_2	0.00911399441736381	0.0792697360321553	0.00993657586560164	0.0269342026653011
E-MTAB-1123_3	-0.00162988435568737	0.0216077401352079	-1.67325505399875e-05	0.0126373767643332
E-MTAB-1123_4	0.000569046023249288	0.0744108763488922	0.000166168162180126	0.0175518928212834
E-MTAB-1391_1	-0.0437982971256698	-0.301587859408408	-0.0500941226379799	-0.0605085288860629
E-MTAB-1391_2	-0.285869385195283	-0.6185521383201	-0.322727532886897	-0.191709454150117
E-MTAB-1391_3	-0.260673255606234	-0.616464762769285	-0.29662246676093	-0.216161267672695
E-MTAB-2450_1	0.00361814052696673	-0.00649077947513706	0.00775202977796984	0.0383133747514991
E-MTAB-2450_2	0.0271520805064877	0.295772366871827	0.0206920439777644	0.0292354644092581
E-MTAB-2450_3	0.0715259099553847	0.264665384612306	0.0751181113062641	0.0159824116971943
E-MTAB-2450_4	0.0272213465198411	0.0566801374443552	0.0296682067493014	0.0186979283961726
E-MTAB-5023_1	-0.000258697370585568	-0.0243397806808349	NA	-0.0148977015790289
E-MTAB-5326_1	0.00348368351149972	0.00867812633723412	NA	NA
E-MTAB-5326_2	0.0158490496196323	0.0355294426179486	NA	NA
E-MTAB-5326_3	0.00670634815871658	0.0206899560184606	NA	NA
GSE102588_1	0.00741823217131343	0.0831111304779437	0.00155888689101397	0.0204088732975119
GSE104793_1	-0.0356357493656227	-0.0799150030909226	-0.0391369243146379	-0.00522627776349873
GSE104794_1	0.0228201393802973	0.0168653257175981	0.0238792804302345	-0.0110476536901786
GSE104795_1	0.0167958750030398	0.0162228263338638	0.0181820802087298	-0.00287053340629024
GSE105139_1	-0.00051670421257189	-0.0181594833484546	NA	-0.00495537513878562
GSE105139_2	-0.00744330867975887	-0.0670530144370951	NA	-0.0223629945297645
GSE105139_3	-0.00696158635800717	-0.0601513050422887	0	-0.0208576926226152
GSE10555_1	-0.102295224014809	-0.242766345457446	NA	NA
GSE10556_1	-0.00861053843572671	-0.073549322318362	-0.0101293719312221	-0.0412126983065376
GSE106631_1	-0.0232874882591721	-0.0956721483196002	-0.0245566560571955	-0.0276097569125921
GSE13104_1	-0.0738028183651034	-0.198691337513161	NA	NA
GSE13104_2	-0.0461054248008208	-0.167866889699166	NA	NA
GSE13104_3	-0.018981903242614	-0.121131412674962	NA	NA
GSE16749_1	-0.0449763571699869	-0.0560939227450833	NA	NA
GSE16749_2	0.00612986283392294	0.0289770808836566	NA	NA
GSE16749_3	0.00368445693589186	0.0155544834024697	NA	NA
GSE17348_1	0.00133263663656335	0.0206831129169238	NA	NA
GSE17563_1	0.112349122627379	0.242680529292465	NA	NA
GSE17563_2	-0.0464905573603128	-0.0758966926101682	NA	NA
GSE17569_1	-0.0576545588823578	-0.0942331987257359	NA	NA
GSE17569_2	-0.0955982598891087	-0.157774780995007	NA	NA
GSE17570_1	-0.0763362913538099	-0.146240439854697	NA	NA
GSE17570_2	-0.0361201954604652	-0.111711261214241	NA	NA
GSE18991_1	0.000111982082866741	0.0947823140663202	NA	0.00572107919738831
GSE18992_1	0.000146455770357352	0.0388911867881843	NA	0.00685806888338105
GSE19299_1	0.0615262087306067	0.145577120815815	0.0678182779218935	0.0521439198540989
GSE20850_1	0.0212353984511611	0.0433679853121595	NA	NA
GSE21093_1	-0.0398582326381762	-0.0894625467559269	NA	NA
GSE21523_1	0.00757481048292185	0.0537142239931998	NA	NA
GSE21639_1	-0.00122098794511048	-0.0488039949955593	NA	NA
GSE21639_2	0.0038410292662825	0.0228319248646508	NA	NA
GSE21639_3	0.00472779831425428	0.0174947218357187	NA	NA
GSE21639_4	0.00864938195820436	0.0259423100194494	NA	NA
GSE21710_1	-0.0454488275170118	-0.162985794641703	NA	NA
GSE21710_2	-0.0439127002972652	-0.160856425092453	NA	NA
GSE21710_3	-0.0163689839526901	-0.0990016423996674	NA	NA
GSE22925_1	0.0194502527520427	0.104656201792287	0.0135921921314437	0.0136405254539356
GSE22925_2	-0.00163944227401928	-0.0205433509516423	-0.00368092698658238	-0.00318679718188004
GSE26499_1	0.00352922458313928	-0.00466829378096154	NA	NA
GSE30160_1	-0.0479780988296993	-0.147354748716751	-0.0534169972208916	-0.00448899980379813
GSE30628_1	0.0515981457623442	0.131093400333737	0.0563178166217946	0.0340902273253921
GSE30628_2	0.0178011993957946	0.0812797801926459	0.0191934110648026	0.0161115647553585
GSE32163_1	-0.0213399987569409	-0.135390377404218	NA	-0.0230306357525347
GSE33656_1	-0.07007326633151	-0.178362640140584	NA	NA
GSE33754_1	-0.00287709993883834	-0.0683896362395076	-0.00310344777069407	-0.0108984281670331
GSE33754_2	0.00133032208484875	-0.00493009247937183	0.0017183422505281	0.00611110661814561
GSE33754_3	0.00290611687867655	0.0217616186947658	0.00357389604658404	0.0149314663554018
GSE34570_1	-0.0631169709399362	-0.279978420572423	NA	NA
GSE35003_1	-0.00644241557978202	-0.0382032976630075	NA	NA
GSE35466_1	-0.00471371632262648	-0.0721053502936065	NA	NA
GSE35466_2	-0.00226071832392646	-0.0261073746259866	NA	NA
GSE35466_3	-0.0089125445186474	-0.0893933374631673	NA	NA
GSE35466_4	-0.0021574003290838	-0.0149715314322598	NA	NA
GSE35466_5	-0.00588000484892887	0.0427879878562983	NA	NA
GSE36925_1	-0.00029201755432828	0.00307703919907406	NA	NA
GSE36925_2	0.0207278039536036	0.131637295006511	NA	NA
GSE36925_3	0.0204924674636098	0.12175252825574	NA	NA
GSE37219_1	0.0597893835101534	0.167870334330199	NA	NA
GSE37676_1	-0.00471645472450191	-0.0448153448820681	-0.00435484849210846	-0.00684557551032398
GSE41342_1	0.0025290665161746	0.0221295160792758	0.00157897584603518	0.00951811332642814
GSE41342_2	0.00145824873887494	0.00209616981601163	NA	0.010373149762165
GSE41342_3	0.000291684387241762	0.0368593017348367	NA	-0.00139167364273711
GSE41342_4	-0.00532536603685394	-0.0942081466430606	-0.00160599571734475	-0.0237355197666983
GSE41997_1	-0.00103697387843608	0.0192909103515254	-0.00140354252229616	-0.0175410992926133
GSE43242_1	-0.00187372835995806	-0.0817379247585825	-0.000597949905410855	-0.00537195449992716
GSE43242_2	0.000964425417462379	-0.0275038928524567	-0.00044039559079546	-0.00948217617015104
GSE43663_1	-0.0010318610440743	-0.0666104737985359	NA	0.000235879127884739
GSE43854_1	0.0903214383622985	0.130347830608063	NA	NA
GSE45656_1	0.0293740943121423	0.0611016622538969	NA	NA
GSE45656_2	-0.115354899911331	-0.202429667827275	NA	NA
GSE45656_3	-0.0951773467757484	-0.122301356993677	NA	NA
GSE45793_1	0.0225141337146922	0.0407002660501526	0.01252908210725	0
GSE45793_2	0.0489941114469795	0.155355096415459	0.0232245234419176	0
GSE45793_3	0.0429025365733427	0.0989490956134985	0.0386946547235152	0
GSE45793_4	0.0763692303480784	0.130289624805851	0.0787954450546437	0
GSE45793_5	0.0690781962310875	0.153267484619423	0.0452301589441393	0
GSE46390_1	0.00384613231871844	0.034006276435245	NA	NA
GSE48438_1	0.00715252871895128	0.034968938467194	NA	-0.00455425976383917
GSE50549_1	0.00614730503812459	0.0211452439233765	0.00768270184065371	0.0031049188958706
GSE50549_2	0.00562859197216839	0.0128314987114378	0.00619652840250835	-0.00055672447182406
GSE51098_1	-0.0353208815504421	-0.128287091933394	-0.0150601476608558	-0.0181296635018906
GSE53857_1	-0.00198787763421908	-0.0613032846287689	0	-0.0268344836718686
GSE53857_2	-0.00198449867548633	-0.0699319841126678	-7.82321985374272e-05	-0.00869533829220799
GSE53857_3	-5.35410438986157e-05	-0.016923838425026	-0.00018811136192626	-0.00439137897656489
GSE53982_1	-0.0674303610553206	-0.360447341666205	-0.0774516786284596	-0.11331079513037
GSE53982_2	-0.00315110891342331	-0.0389843308435518	-0.00349602313272858	-0.00628803792211111
GSE54779_1	0.0711035147530245	0.140102049857406	0.079737517793486	-0.00127974388621076
GSE55900_1	0.00051670421257189	-0.0379598660810921	0.000731936940939264	0.00288919731109475
GSE57104_1	0.0144451858001128	0.189132645919905	NA	0.039785617524132
GSE59387_1	-0.0117367453625242	-0.103028727139276	NA	NA
GSE60401_1	-0.00754321533433257	-0.0171814595186159	NA	NA
GSE60401_2	0.0344604653378053	0.114471955920764	NA	NA
GSE60651_1	-0.000234233758140529	-0.0266094407770079	NA	NA
GSE60737_1	0.00552221223492697	-0.0270178481097927	NA	NA
GSE60761_1	-0.000690329260916445	-0.00158297834458889	0.000262178516135299	-0.00279679952286666
GSE60761_2	0.000594283804392283	0.0268636542914892	NA	-0.000219833272258508
GSE60761_3	-0.00168830819454649	-0.0402733622866935	6.26189429181597e-06	0.000444891189818684
GSE60761_4	-0.00450588853315262	-0.0524144691605523	0.000133868808567604	0.000708448673513187
GSE63017_1	-0.000223964165733483	-0.0157085624218112	NA	0.00610997963340122
GSE63017_2	-0.000550621808920335	-0.0376160372949398	NA	-0.00761568469195588
GSE63017_3	-0.00281250412561219	-0.0214275251372943	-0.000601919055860935	-0.00271349182053628
GSE63017_4	-0.00115192911228251	-0.0435052058686208	NA	-0.00368661364676074
GSE63939_1	-0.0687280114242387	-0.216812040166033	-0.0757815845814968	-0.0677551663324562
GSE63939_2	-0.0942167451797875	-0.215675691580328	-0.10357862398804	-0.0480590253827521
GSE64141_1	-0.131415823426889	-0.385995337567066	NA	NA
GSE64965_1	-0.0928733758926762	-0.216188101797567	-0.123913734220058	-0.00893044724390665
GSE65745_1	0	0.0219127148856923	NA	0.00626509842118967
GSE65745_2	-0.00047303850447158	0.039969364611861	-0.000613496932515337	0.0125455726567241
GSE65745_3	-0.00018029858262778	0.0324190203961157	-0.000203995904989725	0.00474036133442827
GSE66416_1	-0.00666256408896643	-0.0580770331734846	NA	NA
GSE66862_1	-0.00352397829461566	-0.106773786256713	-0.00449398406903074	-0.00068710227575941
GSE69108_1	-0.00448972220516076	-0.0462929858934842	-0.00547400308168284	-0.0144275913093759
GSE71565_1	-0.0221073186376413	-0.141030440842817	NA	NA
GSE72261_1	-0.00398564619515381	0.000105453744617944	0.000597926100938687	0.000942675311604934
GSE72261_2	0.0106120509969862	0.0589176449345953	0.010549210476614	0.00601592033262315
GSE72261_3	0.0107083672696913	0.0590101937223026	0.010514652664257	0.00241934026071421
GSE7683_1	-0.00572919456423975	-0.10380072875764	-0.00430979986926129	-0.0188347478972978
GSE7683_2	-0.00778790907576046	-0.0445603675471433	-0.00813327312023453	-0.0175596639546969
GSE78980_1	-0.0293957769615727	-0.263150580372924	NA	NA
GSE78980_2	0.00123167863214237	0.141735907786388	NA	NA
GSE78980_3	-0.00375931240750351	-0.130407175270868	NA	NA
GSE78980_4	0.00821703834167763	0.169055571710631	NA	NA
GSE78980_5	0.000248252637059911	0.012457030626932	NA	NA
GSE78980_6	-0.000818032801487029	-0.0445410265417967	NA	NA
GSE78980_7	0.0435338046524941	0.236191215757519	NA	NA
GSE78980_8	0.00532634697982456	0.0807209403855539	NA	NA
GSE78980_9	0.0401449055123473	0.216253660397484	NA	NA
GSE78980_10	0.00935518409583858	0.111302635594696	NA	NA
GSE81399_1	0.00736563678454524	0.0451953344130159	NA	0.00990834259460428
GSE84609_1	0.0254310678922679	0.123866366520231	0.0285922595795469	0.00878766562188636
GSE84907_1	0.0449812984465107	0.181347111250573	0.050911582759154	0.062840584060094
GSE84907_2	0.033983232106165	0.14298580635831	0.0388921726518959	0.042979829722981
GSE84907_3	-0.00603819055152746	-0.0448900549314348	-0.00683540736061472	-0.0228751328117454
GSE90127_1	-0.213143467953743	-0.477680174688651	NA	NA
GSE90127_2	0.016112639734996	0.0206875224773506	NA	NA
GSE90127_3	-0.203986711463634	-0.437628586849751	NA	NA
GSE9247_1	-0.00135072496833543	-0.0578205805698734	-0.00253939426209012	-0.000517147381375573
GSE9247_2	-0.0472748676286962	-0.0806380824508725	-0.0537563295365696	-0.000985787325453069
GSE9247_3	-0.00130835035128077	-0.054673236311147	-0.00171766139011414	-0.00292979528435059
GSE99306_1	0.0374726773338971	0.095817717543643	0.0327197088738278	0.0109991473861344
GSE99306_2	0.0292813892758425	0.0707919711454962	0.0280845113514288	0.00160664754661533
GSE99306_3	0.00466518079585159	0.0245669184730255	0.0018827152273694	-0.00134418920759937
GSE99306_4	0.0182403017769509	0.0430125051733441	0.018998312170383	0.00288382795844987
GSE99306_5	0.0206224374217825	0.0530941707369918	0.0204785711877285	0.00927292021313781
GSE99306_6	0.00552830942185183	0.0176618340857887	0.00538842164798168	0.00129670767828663
GSE99306_7	0.00727595831838339	0.0604774966394882	0.000796497089148213	0.0192112551464141
GSE99306_8	0.0345948675267536	0.079404005457438	0.0346520350963377	-0.000844191997214968
GSE99306_9	0.0184543164945424	0.0362070528282843	0.0158408225862922	-0.00328843484787962
GSE99306_10	0.00542968638936775	0.0839437040996617	0.00408671228727898	0.00686170786478645
GSE99306_11	0.0371659204761145	0.105130955771874	0.0356520146687617	0.0198960370307134
GSE99306_12	0.007283152141716	0.017387499810814	0.00668786675004454	-0.0102694551055207
GSE99306_13	0.0288865192481911	0.124650551242847	0.0235764467425244	0.0164422087985377
GSE99414_1	0.00152939517007498	0.0137115430238213	0.00153764180815561	0.018562581967058
GSE110581_1	-0.00395254627125948	-0.0365989082816601	-0.00327526163002612	-0.0115510832056725
GSE110581_2	-0.000155370883394128	0.027384026465824	-0.000130446125750065	0.0050131020719256
GSE47799_1	-0.00188054239224522	-0.0429393945493903	0.00138349628084068	-0.0264009039784348
GSE47799_2	0.00392103579611652	0.019864459027767	0.00521618537226091	-0.00266012478074091
GSE47799_3	-0.00568239549289454	-0.0470739672166939	-0.00672150406017958	-0.0105262891430387
GSE111628_1	-0.00288324460310673	-0.093790373791794	NA	NA
GSE111628_2	0.00201517705714715	-0.00401845345256566	NA	NA
GSE111628_3	-0.0021268599275466	-0.0551832585966808	NA	NA
GSE5657_1	0.00129085643565525	0.0205169768325845	0.00146905706500651	0.00203212833345273
GSE5657_2	0.00128470220527112	0.00264279697357914	0.0012750098549802	0.0125482346187411
GSE13782_1	-0.00244268599717935	0.0192805565810918	-0.00133420440077445	-0.0107065508881552
GSE41039_1	-9.72141643302447e-05	-0.0214337638454302	0.000570802554861275	-0.0125498316968371
GSE84198_1	-0.00175648253415664	-0.0778919751967348	-0.0022348514384261	-0.00388167825527353
GSE84198_2	-0.00273720912938625	-0.0701116334377614	-0.0031041887032982	-0.0158615893910012
GSE84198_3	0.0333981280071542	0.0462832994705006	0.0371259345681558	-0.00445915121046905
E-GEOD-54216_1	-0.00812601709230066	-0.112868225222328	-0.0122074641396603	-0.0456693153234614
E-GEOD-54216_2	-0.0321219850180316	-0.169148829114253	-0.0435440442231787	-0.0372977244349176
E-GEOD-54216_3	-0.0204005995773933	-0.150302725924349	-0.0277884329806985	-0.0260524097443293
E-GEOD-6119_1	0.0397661037276213	0.0957816370161952	0.0568388651738851	0.0207234056576643
E-GEOD-6119_2	0.0394114895311025	0.0951867812395414	0.0543139028496807	0.0270676532724004
E-GEOD-6119_3	0.0409167006506438	0.0953050834389805	0.0549114560643494	0.0170335208582579
E-GEOD-8077_1	-0.00435918410235866	-0.0694561571329131	-0.00382150310816558	-0.0158040361084831
E-GEOD-8077_2	-0.000368993984151632	0.00182256984341955	6.63381700540426e-05	-0.0227656443440544
E-GEOD-8077_3	0.0057223804710939	0.0609523028652853	0.0049748197035312	0.00451706922893042
GSE103416_1	0.0676571683009497	0.212409447979997	0.0848152235118918	0.0256249176543294
GSE103416_2	0.0292153947390271	0.155629316358436	0.0361632472866998	0.0144096377149129
GSE103416_3	0.0285350371784517	0.18697740840537	0.032670459448126	0.0319639078128154
GSE19950_1	0.00578435922103813	0.0697933135286059	0.00900238129140347	0.0259957790036356
GSE30322_1	-0.0170322808377849	-0.123948124310264	-0.0158995805515589	-0.016288641350352
GSE30322_2	-0.00998553130592158	-0.0668557131470408	-0.0137323832253372	-0.00887577800829875
GSE30322_3	-0.00554845691815009	-0.0272216623398054	-0.00534020386111171	-0.00845174918082955
GSE42295_1	0.000540439487297363	0.0287088187537072	0.000205338809034908	0.0090511402637406
GSE42295_2	0.00392051738270705	0.0725729275902038	0.00368787910816747	0.0392211348532466
GSE42295_3	0.00456774152838519	0.0768814613905886	0.00526250408040204	0.0417850715742434
GSE66554_1	-0.0143447829650936	0.00214014697226382	-0.0225016744088356	0.014485416483918
GSE66554_2	-0.0208440885612099	-0.0987757741693747	-0.0165079045648291	-0.0042438546291286
GSE66554_3	0.0162059244658655	0.0803226972044386	0.000303031701398055	0.0116249955021347
GSE66554_4	-0.0217699573516754	0.0508605873640754	-0.0264695694363056	0.0192477729674138
GSE74898_1	-0.000184181872782695	0.0431543105746344	-0.00261525333231303	0.0191766001230581
GSE74898_2	0.00745729928372812	0.0634895399179571	0.00649845495402228	0.0301010525670272
GSE74898_3	-0.00313472406468905	0.0191527429489111	-0.00564470701089684	0.0157282203144398
GSE79176_1	-0.000224325326413873	-0.0096122594355499	NA	NA
GSE79176_2	0.0005842469498617	-0.00827225362458919	NA	NA
GSE79176_3	6.85008726834189e-05	-0.000179785050493806	NA	NA
GSE85785_1	-0.0104963420452091	-0.10532859378005	-0.00364216388087616	-0.0447384282384282
GSE23492_1	-0.00158796695146859	-0.0229739410683202	NA	NA
GSE23492_2	0.0337028911243081	0.0836775673253922	NA	NA
GSE23492_3	-0.0272694966605712	-0.0787864908007997	NA	NA
GSE23492_4	0.0147772450228628	0.0167219038245147	NA	NA
GSE23492_5	0.0202157055525914	0.049734285762663	NA	NA
GSE44991_1	0.00578682397392172	0.0377480725438322	0.00675398800110261	0.00795445017174806
GSE44991_2	-0.0019058133070994	-0.0567434261360399	NA	-0.0323751604351842
GSE39796_1	-0.0118214625875276	0.0184768238679024	NA	NA
GSE39796_2	-0.00589414822874156	0.0289810284250159	NA	NA
GSE39796_3	-0.000666734989306292	-0.00734562075593479	NA	NA
GSE18394_1	-0.0212182063596123	-0.043577015024547	-0.0321158603958024	0
GSE18394_2	0.0143336665554233	0.00482817079549326	0.0175203425273944	0
GSE18394_3	-0.0383462511366774	-0.0500854647603034	-0.0551546613151878	0
GSE29233_1	0.011608760527969	0.0744768566695553	NA	NA
E-MEXP-2291_1	0.0159586649274664	0.0339459354567916	NA	NA
E-MEXP-2291_2	-0.0259026856003421	-0.0647341823748322	NA	NA
E-MEXP-2291_3	0.0394015958224878	0.0895080977304687	NA	NA
GSE107363_1	-0.0061148715797799	-0.0450466897731741	NA	NA
GSE85761_1	-0.106705653178037	-0.156443810293067	NA	NA
GSE89179_1	-0.183703791849817	-0.273503185948027	NA	NA
GSE89179_2	0.0156783836761768	0.0698569284223623	NA	NA
GSE89179_3	-0.00905615736285277	-0.0667750434221224	NA	NA
GSE89179_4	0.0116729434369232	-0.000121165356886594	NA	NA
GSE89179_5	-0.0413346965506951	-0.0511337772923772	NA	NA
GSE89179_6	-0.0305023780480795	-0.100365505732907	NA	NA
GSE89179_7	-0.021984234998284	-0.0636847419631986	NA	NA
E-GEOD-57723_1	0.0348565482206063	0.0579734716673588	NA	NA
E-GEOD-57723_2	-2.93775598630714e-05	-0.0280362724190152	NA	NA
E-GEOD-57723_3	0.00800801083083565	0.0107594774561745	NA	NA
E-GEOD-83930_1	0.00153785491069274	0.0247726369775045	NA	NA
GSE100268_1	0.0160951064792016	0.129175446839283	NA	NA
E-GEOD-55769_1	-0.00196025434890274	-0.0332830073364949	-0.0024766405985517	-0.0107979796640299
E-GEOD-55769_2	0.000205353493275894	-0.0391344722953197	-0.000139679887613473	-0.0044693178166637
E-GEOD-55769_3	-0.000896037338628672	-0.0602151412350155	-0.00116455310193584	-0.0155524865922511
E-GEOD-69110_1	-0.00998027467035456	-0.132560088460818	-0.016036994530419	-0.0226901304385391
E-MTAB-4304_1	0.0246882762545057	0.126518133414242	0.026438124809662	0.000821813561862728
E-MTAB-4879_1	0.00792559010272569	0.0252646404111824	0.00239543494711226	0.00293213717251622
E-MTAB-4879_2	-0.057864265934739	-0.126339550251138	-0.0205913772220184	-0.0106401707988494
E-MTAB-4879_3	0.00888014338573608	0.037754031162655	0.000547957500891066	0.0302577392682342
E-MTAB-4879_4	-0.0327480523607544	-0.100560174824107	-0.000736996059453209	-0.0219498529099332
Cytokine_Explant_1	0.0251861216944532	0.0509793355428928	0.00836583050902649	0.0219443698682647
Cytokine_Explant_2	0.0736331007323704	0.185633360175768	0.0570372457962609	0.0335594048112936
Cytokine_Explant_3	0.0562041379772336	0.147805872134586	0.0382458750482578	0.0235452834148752
Cytokine_Explant_4	0.021238960789672	0.0790142374772484	0.0063862692860973	0.0142850654069767
Cytokine_Explant_5	0.0399544019320523	0.0804615284408856	0.0294097224974995	-0.00505420095041196
FN1_Explant_1	-0.00249416565146862	0.0118673139055714	-0.00304630577780324	-0.00835826381222637
E-MTAB-6266_1	-0.025438596984244	-0.0215511728164207	-0.0272442887792699	0.003411627134706
E-MTAB-6266_B_1	-0.00763868583305823	0.038719784707437	-0.021047198559294	0.0115374901687238
E-MTAB-6266_B_2	-0.029222641045861	-0.0679692477802883	-0.029127861663118	0.0106550466373218
E-MTAB-6266_B_3	-0.0282863813406409	-0.122045863419353	-0.0282908072959942	-0.0235374149659864
GSE70667_1	0.000964053134097121	0.0835157954820774	0.000192455678219433	0.0125531050031626
GSE87608_1	-0.000893636253386743	-0.0464795954596252	NA	-0.00445905500963093
GSE87608_2	0.00523744609944406	0.0689666254203245	2.89590169969905e-05	-0.0161392506626955
GSE87608_3	-0.000558291753269789	0.0527822315630261	-0.00401734728244027	-0.0052285545134453
GSE87608_4	-0.00866998005025536	-0.048885898462458	-0.00232405369244121	0.00496642887153026
GSE90890_1	0.0176062814340852	0.144572867427235	0.00336751985242529	0.00376181093292803
GSE97118_1	-0.0546994852336799	-0.257118606517001	NA	NA
GSE97118_2	0.00344911663887837	-0.046906425915934	NA	NA
GSE97118_3	-0.0681376658441151	-0.299583464103481	NA	NA
GSE97118_4	-0.0113075220684014	-0.065380315114704	NA	NA
GSE97118_5	-0.0103361075873784	-0.0976495727261528	NA	NA
GSE97118_6	-0.0270591589218387	-0.126482722118176	NA	NA
GSE97118_7	-0.00404438632431453	-0.0454089569957561	NA	NA
GSE107592_1	-0.0325270491751076	0.0125152600722594	-0.0144027671225479	-0.000570888159993874
GSE92641_1	-0.0200687737132545	-0.0718540999700625	-0.0196925112994566	-0.00194691093493722
GSE107849_1	-0.000111982082866741	-0.0133941765177011	NA	NA
E-ERAD-89_1	-0.000469935774351642	-0.0224251082690438	NA	NA
E-ERAD-89_2	-0.00052365186165985	0.00460396352762268	NA	NA
E-ERAD-89_3	-0.000449745011367274	0.0140823765355441	NA	NA
E-ERAD-89_4	6.83351847202352e-05	-0.00800974808137126	NA	NA
E-GEOD-45893_1	0	-0.12278184207724	NA	NA
E-GEOD-53105_1	0.00307854455700197	0.0938646281164035	0.000164599085056729	-0.0151227162368082
E-GEOD-53105_2	-0.0259967279173782	-0.102158613212789	-0.0118380742939295	-0.0155459765763846
E-GEOD-54461_1	0.117507537968333	0.354305241348143	0.0808126731556169	0.0413660105372973
E-GEOD-54461_2	0.12808445660125	0.404649370462803	0.0886374735089404	0.0690336322226459
E-GEOD-54461_3	0.165138791216832	0.506130319360917	0.133936881201646	0.116706244598779
E-GEOD-54461_4	0.257633097885785	0.637883059297217	0.220784137772622	0.162645190304796
E-GEOD-54461_5	0.450219978157415	0.800357160001876	0.441977700626579	0.265125371092953
E-GEOD-54461_6	0.571270719825307	0.878111982627704	0.574616356328506	0.501487603305785
E-GEOD-54461_7	0.669308595178617	0.930574079667109	0.683894336524821	0.623852609493837
E-GEOD-73372_1	0.0094742046011816	-0.0017253712078332	NA	NA
E-GEOD-73372_2	0.00301790219221482	-0.00966720349208773	NA	NA
E-GEOD-73372_3	-0.0156085509305787	-0.00713555877935168	NA	NA
E-GEOD-75549_1	0.000572070069613957	0.0502847151713805	NA	NA
E-GEOD-76988_1	-0.012777099373779	-0.124776153849203	NA	NA
E-MTAB-2923_1	-0.0720888173960011	-0.152068486347043	NA	NA
E-MTAB-2923_2	0.115244488099731	0.196598149426935	NA	NA
E-MTAB-2923_3	0.101781378596328	0.145737783024942	NA	NA
E-MTAB-2923_4	0.0132263185194967	0.0137107005255828	NA	NA
E-MTAB-3428_1	0.0607919404480004	0.0362125590260822	NA	NA
E-MTAB-3428_2	-0.00196900419650546	-0.0800876268010243	NA	NA
E-MTAB-3428_3	0.0114379855047658	0.128387778100872	NA	NA
E-MTAB-3428_4	0.054144035792784	0.0378581093291306	NA	NA
GSE102856_1	0.0196980799374189	0.344814617596828	NA	NA
GSE103492_1	0.0629125688810249	0.268775574338714	0.0505124714908885	0.0375177784469355
GSE103492_2	-0.0145499214965352	-0.136953619879846	-0.0121185670628486	-0.037724601908669
GSE103492_3	0.0618726567817323	0.215046398317314	0.0549032984085009	0.00557086101452126
GSE103492_4	0.0726880852777424	0.367595065904703	0.0684574655842492	0.0312285887263439
GSE103492_5	-0.029913479823858	-0.243276421792993	-0.00710651375110638	-0.015555711909823
GSE103492_6	0.00374711421880234	0.00817801439982109	0.00290359294181574	0.0213397593767637
GSE103492_7	0.0293402150789423	0.280660160020807	0.00550286467943413	0.0439279090325103
GSE103492_8	0.00464621231233177	-0.00179899633362203	0.00548177882619613	0.0170690169291547
GSE103492_9	0.0253385039571189	0.153225691224119	0.0108528854789516	0.0615345264793183
GSE103492_10	0.00965711553480381	0.206752086910315	0.000223969843938375	0.0563272129075807
GSE106259_1	-0.00512012844988901	-0.0133197986432227	0.00149817943646905	-0.00958983460405948
GSE110303_1	0.00393341502215002	0.0957208592224881	NA	NA
GSE110303_2	-0.00680982380369179	-0.0118632683294454	NA	NA
GSE110303_3	0.00382792709791721	0.0632207331376679	NA	NA
GSE110300_1	-0.00175991920478507	-0.067655824715109	NA	NA
GSE110300_2	0.00022333484319247	-0.116345735315129	NA	NA
GSE110300_3	-0.00482036551786345	-0.0488198076508771	NA	NA
GSE110281_1	0.0203718029702676	0.153531720391048	NA	NA
GSE110281_2	0.0260194111417567	0.155245476140068	NA	NA
GSE110281_3	0.00230620686812399	0.0118585809841107	NA	NA
GSE104459_1	0.0268607951014762	0.188825153007029	0.00181487456076858	0.0194889992534624
GSE104459_2	0.0360323946059765	0.243225831654298	0.0218893100967517	0.0119069030369354
GSE104459_3	-0.0125637984240104	-0.0830249238824604	-0.0011149858993998	-0.0440356818592977
GSE110051_1	-0.0265984163997083	-0.13260505549484	-0.0372517786994623	-0.00126376999542538
GSE110051_2	-0.000422925818732725	0.0626143091811698	0.0167068232144117	0.00613278315323106
GSE110051_3	-0.00747590685966709	-0.062553714542512	-0.0212509190111246	-0.0140231179876996
GSE112694_1	0.143778557772719	0.195050237274779	0.156356101127901	0.042431358425563
GSE112694_2	0.0556586192054587	0.0836789140073924	0.06100577931304	0.0145283086339083
GSE112694_3	-0.129945046853915	-0.347993022324074	-0.140793391857986	-0.0739226438350087
GSE112694_4	-0.211387097970027	-0.376841470322241	-0.231885396851347	-0.0636770644678257
E-MTAB-5879_1	-0.00357881140149649	-0.0794323645309195	0.00170525832339665	-0.0156550001176511
E-MTAB-5879_2	0.0296035248268862	0.0645235948429641	0.0409822297843875	-0.017185275149997
E-MTAB-5879_3	0.0189074805957595	0.0112051507954708	0.0408662421079074	-0.00948765552675261
E-MTAB-5879_4	0.0399137516404171	0.0885394465201633	0.0543517377625103	0.00121495292393449
E-MTAB-5879_5	-0.00929150101023921	-0.0854682836316353	-0.0109182888672809	0.00845621603216497
E-MTAB-5879_6	0.0404444341797903	0.0848662731995552	0.0620849226871881	-0.000954347083875571
E-MTAB-5879_7	0.00612453402452671	0.0564629871848852	0.000494055265058384	0.0357949027355532
E-MTAB-5879_8	0.00744978420748674	0.0479008999767607	0.000198412698412698	0.0108822112421441
E-MTAB-5879_9	-0.00260001245569954	-0.0248688485814673	-0.000198412698412698	0.0128677681044355
E-MTAB-5879_10	0.0278839985392589	0.146650049383907	0.000542068457455389	-0.00841044502924631
E-MTAB-4294_1	0.0426505358813895	0.122306581804908	0.0631780924068197	0.0314477831350228
E-MTAB-4294_2	0.0404734783367963	0.0733368184057823	0.0586247779417904	0.00416240846444127
E-MTAB-4294_3	-0.00617953678654417	-0.0469237186843804	-0.00687078406789948	-0.0141808873315849
E-MTAB-3186_1	0.155461159401882	0.277717201898058	0.230979137507656	0.0301233459994071
E-MTAB-3186_2	0.0398153109066301	0.11923564905949	0.0509753477329853	0.00722203078340224
E-MTAB-3186_3	0.0190109432870063	0.0716668271551471	0.0219404702141236	0.00769930282290474
E-MTAB-3186_4	0.0391439441179107	0.149459653336104	0.0506757336900231	0.00807266407306058
