comparisonID	jaccard	cosine	sigjaccard	chrDir
22659600_1	-0.0182876444757788	-0.0903046794408873	-0.0129435124767999	-0.040709384238796
24361742_1	0.0107842749824688	0.0375555724625395	0.0156068017703238	-0.0105185269185505
GSE72258_1	0	-0.0321000135352955	0	-0.00973283386494573
GSE72258_2	0	-0.00363668325389533	NA	0
GSE69531_1	-0.00613720455632257	-0.0461241452205758	NA	NA
GSE69531_2	-0.00637926083542939	-0.0328302403019356	NA	NA
GSE69531_3	-0.0043298729748068	0.00216110722562718	NA	NA
GSE69531_4	-0.00613720455632257	-0.0461241452205758	NA	NA
GSE58203_1	0.0173407731622621	0.0359914079966049	0.00454545454545455	0.00948120779087127
GSE58203_2	0.01694568479088	0.0450886948365198	0.00196850393700787	0.00475150155105274
GSE58203_3	0.0119454835588925	0.0700362877555129	0.00503706988361915	0.0203569481191815
GSE58203_4	0.012677295730493	0.111402689232265	0.00598265819184432	0.0456852774898028
GSE58203_5	0.00560081516305221	0.0389202885675407	-0.05	0.0159938777820323
GSE58203_6	0.00907748302772469	0.0673564893678939	-0.00511010991317122	0.00486316676729735
GSE58203_7	0.00964502719507498	0.0914487321573695	0.00204629223260792	0.00253700905874819
GSE58203_8	0.00862777466895923	0.113654028595455	0.00230166962041445	0.0143750371114045
GSE59642_1	-0.00159196301799217	-0.041462390606601	NA	NA
GSE59642_2	0.00270190176344231	0.0135255497495067	NA	NA
GSE59642_3	0.00328685685204278	0.0667693407465351	NA	NA
GSE64922_1	0.0111028901498143	0.0366674760492399	0.00765670457550913	0.0159459496539536
GSE60162_1	0.00444298877170227	0.0565119526250929	NA	NA
GSE31685_1	-0.00214124228591624	-0.0709386737391188	0.00415206757397324	0.012056729759697
E-MEXP-3890_1	0.00151225549914641	-0.00150388367456307	-0.000462622903668413	0.00492568777086867
GSE31980_1	0.00424636929899138	0.0321601979406848	0.00321008012241197	0.0182273971253341
GSE15615_1	0.00186260540794849	0.0153670794265243	0.000758453604495828	0
GSE15083_1	0.00659560996200929	-0.00448741131120243	NA	-0.017799249667056
GSE108035_1	-0.000289131416357084	0.0101289079106063	0.000325010750335733	-0.00227664206684002
GSE108035_2	-0.00162774664249958	-0.00054294353885253	-0.00212131965564217	-0.00221953308212244
GSE108035_3	-0.00155326472127609	0.0163550061618274	-0.00188846346294242	0.00262633062722373
GSE21959_1	-0.00185299417199618	-0.0150313666965256	0	-0.000378475267487475
GSE21959_2	-0.00180325068365644	-0.035849691102782	0	-0.000174797393929763
GSE24742_1	0.0206035309853875	0.0384326314239051	NA	0.0385197691529645
GSE24742_2	-0.000170991322190399	-0.0129743282254007	NA	0.0235243087878288
GSE24742_3	-0.00651790256896101	0.0168274531280521	NA	-0.00380136688468448
GSE74668_1	0.0169581346051934	0.041020239699589	NA	NA
E-GEOD-10024_1	0.00861272774744765	0.0264914401647262	NA	NA
E-GEOD-10024_2	0.0118291026284757	0.0306142656285903	NA	NA
E-GEOD-12860_1	0.0176497040810528	0.0144082674783707	NA	NA
E-GEOD-12860_2	-0.00628093895296854	-0.0328720287247392	NA	NA
E-GEOD-12860_3	-0.00272843603941844	-0.0205590305746922	NA	NA
E-GEOD-12860_4	-0.00127862085189685	-0.0275137804779458	NA	NA
E-GEOD-12860_5	-0.00214740783633713	-0.0240574128958817	NA	NA
E-GEOD-12860_6	-0.00745785447843671	-0.0341394871308759	NA	NA
E-GEOD-12860_7	-0.00573575116808535	-0.0389229468492152	NA	NA
E-GEOD-12860_8	0.00651440456266907	-0.02225972823894	NA	NA
E-GEOD-14359_1	-0.00925841897875577	-0.0082063675335689	-0.00626883163481949	-0.0158445450853682
E-GEOD-14359_2	0.00121262565809181	-0.054721074144189	-0.00141166304959408	0.00224492336142822
E-GEOD-1919_1	0.0258618085578036	0.0876282536270682	NA	NA
E-GEOD-1919_2	0.0120262472522349	0.0704807765920857	NA	NA
E-GEOD-1919_3	0.000361634565813945	0.0333257490066456	NA	NA
E-GEOD-1919_4	0.0198854319632781	0.07863093675177	NA	NA
E-GEOD-1919_5	0.0129962104188651	0.0779695527049092	NA	NA
E-GEOD-1919_6	0.0164474503916814	0.0265624065598407	NA	NA
E-GEOD-1919_7	-0.00374641373156603	0.00275353975156125	NA	NA
E-GEOD-1919_8	0.00819575714072907	-0.0100782088946863	NA	NA
E-GEOD-1919_9	0.00441092933297364	0.0220583591969399	NA	NA
E-GEOD-19664_1	0.00543060341145031	0.0552457247859592	NA	NA
E-GEOD-19664_2	-0.00410668714539772	-0.0439189798500611	NA	NA
E-GEOD-19664_3	-0.0102401309546587	-0.0852236838068025	NA	NA
E-GEOD-19664_4	0.00478564350946005	0.0236954664076983	NA	NA
E-GEOD-19664_5	-0.00454924777359968	-0.0406723760234775	NA	NA
E-GEOD-19664_6	-0.0105585118483696	-0.0759568048856712	NA	NA
E-GEOD-43923_1	-0.00288773600338298	-0.0301301178192337	-0.00749063670411985	-0.0226681950231376
E-GEOD-51812_1	-0.0044739859320551	-0.0800261330249553	-0.00143516070329133	-0.0264042547900581
E-GEOD-51812_2	-0.0035438852233932	-0.0862454047871262	-0.000995536057451709	-0.0114301454118388
E-GEOD-68760_1	0.0109357816505764	0.0805951177509975	0.00209766608999529	0.0425704012288214
E-GEOD-82107_1	0.0308199184860337	0.0594164721163697	0	0.0409870601659092
E-GEOD-9451_1	-0.00528440178691575	-0.0643032986249907	-0.00605957250379026	-0.0376734864281615
E-GEOD-9451_2	-0.0141432895640217	-0.0800640101246044	-0.0044371869454145	-0.0298164889297894
E-GEOD-9451_3	-0.00251144086724602	-0.0387356650512643	-0.00291330791757081	0.00655936095381108
E-GEOD-9451_4	-0.00626413386798453	-0.111324561911427	-0.00167222304288596	-0.0359305697480202
E-MEXP-2019_1	-0.00111579409052257	-0.0617900696399329	NA	-0.00764077487932823
E-MEXP-2019_2	-0.00235107568066583	-0.0386281419000771	-0.00276226505734702	-0.00760834491849318
E-MEXP-2019_3	-0.000930877920112863	-0.0784141993298493	NA	-0.000771369836052809
E-MEXP-2019_4	-0.017231367853247	-0.0528048965467264	0	-0.0306694834996722
E-MEXP-2276_1	0.0111365241294314	0.0560078307466094	NA	0.000914256985729531
E-MEXP-2488_1	-0.00405594438895773	-0.0680765949526528	0.00120421655820381	-0.00960299534787555
E-MEXP-3129_1	-0.000234913302063937	0.00982126103305262	0	-0.0160356828076825
E-MEXP-3474_1	-0.000890879983343307	-0.0100239153700124	NA	-0.0017125265035447
E-MTAB-3010_1	0.00221871379403319	0.0286013778666995	NA	NA
E-MTAB-3010_2	0.00267697375779965	0.0373246155874225	NA	NA
E-MTAB-3010_3	-0.00313841757205443	-0.0180710844755386	NA	NA
E-MTAB-3010_4	-0.0030804885574353	-0.0299552706101607	NA	NA
E-MTAB-4152_1	0.00427409690913101	0.0127130169849442	-0.00480683619856899	-0.00584660158784303
E-MTAB-4152_2	0.00357109412177978	0.0788268720955276	0	0.0146749371859296
E-MTAB-4152_3	0.0115099846527897	0.0702373723007393	-0.00502348342815603	0.001325414970705
GSE100609_1	-0.0126696678262056	0.00294348870709885	NA	-0.01732394760412
GSE100786_1	0.00423700761337305	0.0142810305376454	0	0.000931832958695408
GSE100786_2	0.0132587650444793	0.0196834341614111	NA	-0.00224853616748116
GSE103697_1	0	0.0181851517299134	NA	NA
GSE103697_2	0	-0.0103935005499856	NA	NA
GSE103697_3	0	0.00189967647917521	NA	NA
GSE104113_1	-0.00236128927537462	0.0053377213624932	NA	NA
GSE104113_2	0.00541165808775887	0.0197860139562859	NA	NA
GSE104113_3	-0.00236128927537462	0.0053377213624932	NA	NA
GSE10575_1	0.00628012632061231	0.0305389243487472	0.0172413793103448	0.00161921995872579
GSE10575_2	0.0032054916901019	0.00941930419349602	-0.00444086516336861	-0.00760435070481602
GSE10575_3	0.00493413992388565	0.0681546004781421	0.0015899938592789	0.0208299024053661
GSE13604_1	0.00337679892117863	0.00131907424209356	0.000226997578692494	-0.0122315933672739
GSE13837_1	0.00753359194917637	-0.00102131692140493	0	-0.004928288852104
GSE13837_2	0.0122325343825874	-0.00364018466399349	0.00609756097560976	0.00229651026726311
GSE13837_3	0.00419941893149184	-0.00128716887848782	-0.00540540540540541	-0.00226625928474256
GSE13837_4	0.00678597914633597	0.0475435594503415	-0.000966252325152376	-0.00125206586480475
GSE13837_5	0.00574233583402797	-0.0103269944406968	0.0208333333333333	-0.0143499653282476
GSE13837_6	0.00786225962639947	0.00841915373791396	0.0115384615384615	-0.00615247485357032
GSE13837_7	0.00813242222193471	0.0204594091680979	0.00747126436781609	0.00901472243369236
GSE13837_8	0.00938243692162405	0.0683512271109188	0.0034543078216185	0.0149590384721394
GSE13837_9	-0.000256222803022859	-0.00113441109124501	-0.00743519930536012	0.00372053872053872
GSE13837_10	-0.00407529973961753	-0.010721793553645	-0.0107535129198761	0.00237284429045452
GSE13837_11	-0.00261615024760272	-0.0195810416412982	-0.0116469532479173	-0.0109011599648713
GSE13837_12	-0.00591622070175014	-0.0300965128724287	-0.0164027709347121	-0.0135053165059135
GSE13837_13	0.0148048246800449	0.0436710479727828	-0.0333333333333333	0.0105156101938716
GSE13837_14	0.012998249555207	0.0282852885754212	0.0078125	0.00919088105308038
GSE13837_15	0.0119360708903542	0.0445477823147997	0.00900683638803842	0.0205556449383877
GSE13837_16	0.00950439252165222	0.0647810012559899	0.00471677636512392	0.0172132961844819
GSE13837_17	-0.00191166446995894	0.0324308235829801	0	0.00512110353492175
GSE13837_18	0.00510255225476617	0.0420282953557801	0.00543478260869565	0.00672282866635026
GSE13837_19	0.00500286308031521	0.0424338149160669	-0.0029826686416455	0.00663175065411517
GSE13837_20	0.00945531691915829	0.0563111484693495	0.0065611953352198	0.0258286435140754
GSE13837_21	-0.000597632761826288	0.000159208823682114	-0.00905890318212593	-0.00297281286025362
GSE13837_22	-0.00499942154930086	-0.0184245725513678	-0.0140378517881283	-0.00126038980486419
GSE13837_23	-0.00190603464552063	-0.0048686029762467	-0.00989022857047913	-5.99276483270218e-05
GSE13837_24	0.00124152288573894	0.0150046172135714	-0.00663187972038941	-0.00191250742721331
GSE16464_1	-0.00143900321890369	0.0664719554117713	NA	NA
GSE16464_2	-0.0019797671758523	-0.0359120332591502	NA	NA
GSE19060_1	0.00366797577153152	-0.00882906580643954	0	-0.00598433715184984
GSE27372_1	0.00767127812245734	0.0324015393951016	0.0178571428571429	0.00692716289742619
GSE27390_1	0.00628948346339651	0.0362059360326804	0.0045045045045045	0.0192287149002965
GSE29106_1	0.00297518407927222	0.00659504815889953	NA	NA
GSE29107_1	0.000702364255702882	0.0291497126702304	NA	NA
GSE29107_2	0.00311579515280892	-0.016377416304972	NA	NA
GSE29745_1	0.00490994460683421	0.116355633307062	NA	NA
GSE29745_2	0.00762390682983238	0.0705097114920949	NA	NA
GSE29745_3	-0.000410547710174661	0.0197084790540375	NA	NA
GSE35546_1	0.0164105701885273	0.00711413188356301	NA	NA
GSE35546_2	0.0110751578734411	-0.00636490587391992	NA	NA
GSE35546_3	0.0142387335283845	0.00872992483363373	NA	NA
GSE35546_4	0.000993709023886929	-0.0323531304844036	NA	NA
GSE35546_5	0.00712456598839408	-0.01868070277595	NA	NA
GSE35546_6	0.00653780214675629	-0.02276231650226	NA	NA
GSE35955_1	-0.00150965983482165	-0.00309319748231112	0.00454302365213026	-0.00722297031420325
GSE35956_1	-0.00370154643055313	-0.0314783257553404	-0.00687285223367698	-0.0115319148391981
GSE35957_1	-0.00265902544250113	-0.0537816603794032	-0.000894454382826476	-0.00406605375307639
GSE35958_1	0.0021360351306243	-0.0288889700619331	0.00153302577783818	-0.00678896950272534
GSE39340_1	-0.0366251970420347	-0.0983533125469558	0	-0.0605636789041911
GSE39340_2	-0.00736257167951583	-0.0569903031566807	0	-0.0150909742040291
GSE39340_3	-0.0400575474874815	-0.0363027706267603	0	-0.0397936399587879
GSE39795_1	0.000862472866228895	-0.0128185155986665	NA	-0.0046017438081811
GSE39795_2	-0.00086962312946547	-0.005521704753846	-0.00250397456279809	-0.00176297841185374
GSE39795_3	-0.0057621289966052	0.00428800723275987	0	0.000468753262236039
GSE41038_1	-0.00247662876948253	-0.00745384037594051	NA	-0.00479709727107807
GSE41038_2	0.00870200006599813	0.0121047923210835	NA	0.0136859160300116
GSE41038_3	0.00460599334073252	0.00606860694591797	NA	0.00251407884151247
GSE41992_1	-0.0014034519344657	0.00813859341650121	NA	NA
GSE42235_1	0.00939320361319279	0.0277778476602678	-0.00916666666666667	0.0184918708583757
GSE42235_2	0.0152142340750869	0.0356565708441816	-0.00723958333333333	0.0191506432152056
GSE42235_3	0.0149971482188692	0.048955179834173	-0.00312951803316225	0.0321483017643123
GSE42235_4	0.0166246635147824	0.0431039492445883	-0.00450270976586766	0.0258431878747502
GSE45233_1	0.00468164143502349	0.038864401130824	NA	0.0217527533515168
GSE45233_2	-0.00865400530634521	-0.0305702494704643	0	0.00213826504119191
GSE45233_3	0.0108266102584284	-0.00136422591582547	NA	-0.0031638198757764
GSE45233_4	0.0167609216079104	0.0629218120162998	0.0277777777777778	0.016616964325381
GSE46053_1	0.00606284380752306	0.0481882931978228	-0.00907987348538845	-0.00329113161990944
GSE46053_2	0.0181570075767981	0.0746655126132096	0.017975518817114	0.0215728704822264
GSE46750_1	-0.0106255183196248	-0.0284966409973419	0	0.00204570193887067
GSE51588_1	-0.000159783855436029	-0.0874998269702019	-0.00163448984524802	-0.0268500627782065
GSE51588_2	-0.0183995070741583	-0.140697409378616	-0.00508623668750589	-0.0295039666568283
GSE51588_3	0.0110925701815042	0.069947906785609	0.00503308050615061	0.0391751168206343
GSE52817_1	0.000593536565017897	0.020574235934291	NA	NA
GSE52817_2	-0.00270151604308961	0.0379754693080471	NA	NA
GSE52817_3	-0.00242692189289562	0.00706672186975034	NA	NA
GSE52817_4	0.00154715600422728	-0.0190426657421623	NA	NA
GSE55235_1	0.0120340724042099	0.0863053957759027	-0.000374481102979178	0.0183918574780233
GSE55235_2	0.0073009224474138	-0.000623454998560032	-0.00152802668319409	-0.00135848260370572
GSE55235_3	-0.00301567679539651	-0.0668884638932659	-0.00459570958781383	-0.00417107368026784
GSE55457_1	0.00286949345895742	0.0548253887689241	-0.00694444444444444	0.0292986737254253
GSE55457_2	-0.0132433417337294	-0.0112806850763368	-0.0037593984962406	-0.00117331434688491
GSE55584_1	0.00105651502739092	0.0236950580791381	0	0.0222970313643083
GSE57218_1	0.0237949947332098	0.0674259125771987	0.038515406162465	0.010913763154499
GSE60762_1	0.0100934465427219	0.0560662097626355	NA	0.0153158941144807
GSE62914_1	-0.00741754595537644	-0.0559449543642708	NA	-0.000449945933283555
GSE62914_2	-0.00300889077863167	-0.0192697623745282	NA	-0.0020324000757288
GSE62914_3	0.000558004459939832	0.011848419797886	0	0.0259587954978455
GSE62914_4	-0.00207981274555638	-0.053291388378314	0	-0.0228429572763685
GSE64394_1	-0.00064590946385511	0.0515431508047714	NA	0.0054379256254219
GSE66635_1	-0.00326644370122631	-0.0149064501479905	NA	-0.0118829562266934
GSE68038_1	-0.00217397418695594	-0.0235123975939083	0	-0.00119707963009403
GSE68428_1	0.00981859614179851	0.0404998599811619	0.0074027534965035	0.0286444786444786
GSE68428_2	0.00476589177681378	0.0376104169247138	0.00782004830917874	0.0322350061298232
GSE68428_3	0.00729527248207211	0.0503362906773418	0.00128063794616928	0.0203597460425504
GSE69459_1	0.00338204646312247	0.0141338579948597	NA	NA
GSE69459_2	-0.00212115063320908	0.00322043846205832	NA	NA
GSE69459_3	-0.017225794678056	0.00424362170020715	NA	NA
GSE69459_4	-0.00160712639246793	0.0131205883129239	NA	NA
GSE69992_1	-0.00393515171319674	0.0169887455136854	-0.00268907233923838	-0.00406824173729381
GSE70719_1	0.00536189788265568	-0.0831794649476112	0.0416666666666667	0.0122448979591837
GSE7116_1	8.00972758477733e-05	-0.00348511947743937	0.00144092219020173	0.011958554896547
GSE7116_2	0.00216197637314142	-0.00982871227728226	0	0.00772793215042964
GSE7116_3	0.00202275822019304	-0.00462354113772219	0	0.00113877326764798
GSE72575_1	0.0115126834519507	0.00751003317625116	0.00335570469798658	0.0209097436836066
GSE72575_2	0.00561263630883884	-0.0294683663223657	0.005	-0.00133031604618207
GSE72575_3	0.00874911285956917	0.0126805790988758	-0.00447940345048668	0.0124358303429027
GSE72575_4	0.00704225352112676	0.00668373356423268	0	0.00960997382366964
GSE75181_1	0.0122461612363736	0.0675563361668325	0.000726013096706843	0.0110073944228679
GSE75181_2	0.00891644692057575	0.0563310538878121	0.0016882183908046	0.0252254142586509
GSE75181_3	0.0131407161116656	0.0770284299334378	0.000723965362123257	0.0157765847964959
GSE75230_1	0.00269667105954012	-0.00496162415897016	-0.0117647058823529	0.00627455824665717
GSE7669_1	0.00017921146953405	0.0382699564787321	-0.0161290322580645	-0.0026871328259801
GSE77916_1	0.015625	-0.00948319163307933	0	0.00773139305330944
GSE80614_1	0.0103801169590643	-0.00655821858854853	0	0.0178980333489525
GSE80614_2	0.0127111935403614	-0.0195992866302263	0.005	0.00852360665965264
GSE80614_3	0.00267290344136318	-0.00280096209608317	0	0.00351060932453457
GSE80614_4	0.00931620000748603	0.0333387321421717	0.00372117173640258	0.0139098944358911
GSE80614_5	0.0227740657686042	0.0808128043069143	0.00711568322981366	0.0399308139766336
GSE80614_6	0.0286747592122493	0.106539285956277	0.00870289477744349	0.0336457967798453
GSE80614_7	0.0269356972030149	0.0988112029772268	0.00644212110091686	0.0343451248887289
GSE80614_8	0.0169717718515141	0.0741287533846451	0.00222001360041997	0.0153434852380156
GSE80614_9	-0.00120945574491479	0.0477286407041788	0	0.0193623122533075
GSE80614_10	0.0150026205450734	0.036794981524712	0	0.0263748452199345
GSE80614_11	0.00313356835095966	0.0399574766033139	NA	-0.00146615710363442
GSE80614_12	0.0111645299145299	0.0126753347347059	0.00746268656716418	0.0193487654375404
GSE80614_13	0.00587784028559667	0.0168827289572857	0.0039415598066008	0.0215161776742929
GSE80614_14	0.0195464507201158	0.0431175642474034	0.0114946766723057	0.0296349063153983
GSE80614_15	0.0172786983131811	0.0346907515875632	0.00775326153576745	0.0230911575991655
GSE80614_16	0.0132680796796778	0.0312455652200625	0.0062679942215501	0.0142654295744828
GSE85254_1	0.0163620950717026	0.0753601775343681	0.0213594276094276	0.0430081853651993
GSE86578_1	-0.00387542146005437	0.058840384898755	-0.05	0.0229051951830961
GSE86578_2	0.00345615671641791	0.0497088478576945	-0.0555555555555556	0.0171913901085447
GSE86578_3	0.0138761687883925	0.0719632325643214	0.00208445058699869	0.0178193287977796
GSE9329_1	-0.0114284083003728	0.00625380256319647	NA	NA
GSE93698_1	7.90385000667092e-05	-0.00102485649154631	-0.00109876795961458	-0.00880446837022319
GSE93698_2	0.000970695651995305	-0.00102095429003315	-0.000111830173382309	-0.00469751334368696
GSE93698_3	0.00103904211875015	-0.00469261128158806	0.000512263657945423	-0.00779664048685047
GSE93698_4	0.00252134579542305	0.0066627542536867	0.000648957131140854	-0.00652612433862434
GSE93698_5	-0.000522263145233008	-0.00873952883853002	0.000697565206067558	-0.0126467125131181
GSE93698_6	0.00251898479913232	0.00039390856500223	0	0.0193256215431494
GSE93698_7	0.0126018140699092	-0.00603877877637602	0.00302539590328625	0.000606077087799483
GSE93698_8	0.00196797712837076	0.0197647215944819	0	-0.000577820267854259
GSE93698_9	0.00099436611040403	-0.015561469842804	0.00231313839750861	-0.00266121236555137
GSE93698_10	-0.00130789930184429	-0.00677241932510294	0.0028475935828877	-0.0208276782176573
GSE93698_11	-0.00155211408372936	0.0175969698846824	0	-0.0276008862471461
GSE93698_12	0.000221788760301683	-0.0147957648421748	0.00525582451614254	-0.0213341312252636
GSE93698_13	-0.00511104468954136	0.020977918658196	-0.00181277056277056	-0.00862722751952556
GSE93698_14	-0.0094375121316789	-0.0122129630013316	0.00337837837837838	-0.00790027135957861
GSE93698_15	0.00208760031881951	-0.0262971297004607	0.00234418980449409	0.00621597667968096
GSE93720_1	0.00778513526189196	0.0400860505059322	NA	NA
GSE93720_2	0.0072958665012578	0.0423653264533681	NA	NA
GSE93720_3	0.0093820540707449	0.0609259876268494	NA	NA
GSE93720_4	0.00808932128938202	0.0547195459438214	NA	NA
E-MTAB-5564_1	-0.00579806532652018	-0.0500280598531227	-0.00136911874399932	-0.0441627710207451
GSE77753_1	0.00154765672743353	0.0244319313933608	NA	-0.00203586614724847
GSE43861_1	-0.00403372994533722	-0.0408104239339393	NA	NA
GSE112809_1	0	-0.000727728103353554	NA	NA
GSE111946_1	0.00213177289148665	0.049574772183696	NA	NA
GSE111946_2	-0.00303030303030303	0.0246045829680414	NA	NA
E-MTAB-3201_1	0.00585548693892318	0.0119312589113165	-0.00118870636802595	-0.00138882486175309
E-MTAB-6700_1	0.0037482821306756	0.0512967027458468	0.00323256056808688	0
GSE54749_1	-0.00393700787401575	0.00600667369705162	NA	0.00327663662968217
GSE57218_B_1	0.0180249019659415	0.0234341024461213	0.00427350427350427	-0.0193882800033594
GSE57218_B_2	0.00752752008090709	-0.00639410769375483	0.00290286037949589	-0.0257910391498368
GSE57740_1	0.022363534785895	0.0195370386956687	NA	NA
GSE52992_1	0.0140079996226263	0.113878510338874	0.00668760940235059	0.0219595591669002
GSE17160_1	0.0321727423379131	0.0939528490067754	NA	NA
GSE17160_2	0.0133215006345208	0.0109669299774422	NA	NA
GSE17160_3	0.0349605898804983	0.132681991096314	NA	NA
GSE17160_4	0.0146901565669935	0.111202625145562	NA	NA
GSE17160_5	0.0214900099311552	0.0934711756556908	NA	NA
GSE17160_6	0.0101633640117346	0.0585760706550146	NA	NA
GSE17160_7	0.0280537864094684	0.16457628929864	NA	NA
GSE17160_8	0.0087403605359523	0.102209369910033	NA	NA
GSE17160_9	-0.00774467171206833	-0.112541352100094	NA	NA
GSE17160_10	-0.00710429297230761	-0.0953407574509342	NA	NA
GSE17160_11	-0.00523434494258595	-0.0850359771421491	NA	NA
GSE17160_12	-0.00402248981997696	-0.0986076351148551	NA	NA
GSE22971_1	-0.0175265953204995	-0.115390207678833	NA	-0.0409574472936344
GSE22971_2	-0.0153846153846154	0.0220719647478844	NA	-0.034416880524665
GSE22971_3	0.0521536803122988	0.287070416467675	0.0157878279865673	0.175297012245635
GSE22971_4	0.0612339750849281	0.357164553538742	0.019327990447124	0.157954657370104
GSE13590_1	0.000436644541448035	0.0242715981407707	0.00366641909663228	0.00586240460183206
GSE13590_2	0	0.0171405575491765	0	-0.004
GSE99731_1	0.0566759382240799	0.15671740664315	NA	0.0575624375624376
GSE99731_2	-0.0204523662762824	-0.097712403666834	NA	-0.0510610421324707
GSE99731_3	-0.0315627886575905	-0.202051666293429	-0.00772947276030011	-0.0903237330435133
GSE27492_1	0.0207171457171457	0.054024954011279	0	0.014897678947277
GSE27492_2	0.0678143295232785	0.173552873722723	0.0150291995877705	0.0510095508854425
GSE27492_3	0.0693511307257413	0.212928422747263	0.0139480060070792	0.0883059845559846
GSE27492_4	0.0759190678444399	0.188741407564845	0.0199548972809918	0.0882222814797732
GSE27492_5	0.0852914528534202	0.184770749176661	0.0231699070160609	0.0796390471015683
GSE27492_6	0.0116086022075949	-0.00274868434644652	0.0105022327581454	0.024024304471434
GSE27492_7	0.0119307301149978	0.0112299735034453	0.00552486187845304	0.0187407748116465
GSE27492_8	0.00370657587646024	-0.0210389465212176	0.00773910997409416	0.00227833643951514
E-GEOD-15069_1	-0.00284629034081828	-0.082888023208963	0	-0.00248391978397651
E-GEOD-15069_2	-0.00631946130713338	-0.0976547923550698	-0.0375959552970477	-0.00643219120447786
E-GEOD-15069_3	0.00422399860622175	-0.0233442168115608	0.00108512463490479	0.0286297337927773
E-GEOD-15069_4	-0.018095715988208	-0.133189646866109	-0.022068511198946	-0.0484777452470074
E-GEOD-15118_1	-0.00261780104712042	-0.0503915203890219	NA	NA
E-GEOD-15118_2	0	0.0125126537704693	NA	NA
E-GEOD-15118_3	0.0100871917394409	0.0859033061199335	NA	NA
E-GEOD-15118_4	0.0175767806366109	0.0434334958245934	NA	NA
E-GEOD-16007_1	0.00249935892848624	0.00423874627082363	NA	NA
E-GEOD-17473_1	0.01914930630338	0.0718224535206238	NA	0.0156163833228093
E-GEOD-18647_1	-0.00163851939630121	0.0462730876730388	NA	-0.0062413776699491
E-GEOD-18647_2	-0.00560147608078773	0.0614035562771	NA	-0.00411671844711415
E-GEOD-18647_3	0.00923134554197017	0.0051638897726743	NA	0.0321958554371216
E-GEOD-18647_4	0.0069730732817027	0.0153016947143751	0.02	0.0214617898441428
E-GEOD-18648_1	0.0136010731678239	0.0708390983511732	0.0184627734296608	0.0252078609221466
E-GEOD-18648_2	-0.00480669140568219	0.0595793509519914	0.0100500345065562	-0.00688287994237239
E-GEOD-2154_1	0.0169373433168832	0.0111019398456221	0.0303030303030303	0.0375203965307794
E-GEOD-2154_2	0.00034733649554906	-0.00322357620182864	0	0.0145757717742506
E-GEOD-2154_3	-0.00717355372505642	-0.0455867426748537	0.00545774647887324	-0.0169897649678383
E-GEOD-2154_4	-0.00850688024232612	-0.0571937116388442	0.000132067720197112	-0.0337882410639748
E-GEOD-26475_1	0.134947921987265	0.338323068993052	0.0637603365733353	0.128984751511922
E-GEOD-26475_3	0.214285714285714	0.483238613687518	0.1080743618202	0.210988012487263
E-GEOD-33567_1	-0.00490803014368618	-0.153355392581255	NA	NA
E-GEOD-33567_2	-0.00356280760416412	-0.00272767944170805	NA	NA
E-GEOD-37287_1	0.00302140616936412	0.0280622243783446	NA	NA
E-GEOD-37287_2	0.00349909918271248	0.059303030291548	NA	NA
E-GEOD-37287_3	-0.00131273235805514	0.0113985276403928	NA	NA
E-GEOD-51994_1	0.00262391776976289	-0.00945215915887373	0.00370753530604832	0.00552121450682528
E-GEOD-51994_2	0.00390196828233092	0.000262862047512016	-0.000278357099927918	-0.011009971947737
E-GEOD-51994_3	0.00192614457073234	0.00994072569451382	-0.0200972862263185	-0.0176790474357573
E-GEOD-65077_1	0.00290697674418605	-0.00743597085861533	NA	NA
E-MEXP-1244_1	0.00141299084713817	-0.0470179894589614	NA	NA
E-MTAB-1123_1	0.0290059019841977	0.19843846438526	0.00982294175363482	0.016759978081674
E-MTAB-1123_2	0.0176713676972277	0.150634596273658	0.00569968553459119	0.0131289442265052
E-MTAB-1123_3	-0.00302031734971058	-0.0256413767067494	-0.000984848484848485	-0.0250121477879223
E-MTAB-1123_4	-0.00627277783036728	0.0867641548468913	0	-0.00509526482787268
E-MTAB-1391_1	-0.0167751364244239	-0.0877176350234894	0.00202928940605114	-0.0240438807000357
E-MTAB-1391_2	-0.0185550637158482	-0.229502131765701	-0.0035217592673733	-0.0487286341331872
E-MTAB-1391_3	-0.0194031474209286	-0.240723785576752	-0.00436403995045377	-0.0243934363343182
E-MTAB-2450_1	0.0029940754621264	-0.00658199606985016	0.00571799870045484	-0.0012742861427072
E-MTAB-2450_2	0.0151644555655226	0.107516528528858	0.0141468157510938	0.00383500450580779
E-MTAB-2450_3	0.00854423771915913	0.0841025420191004	-0.000166436057770051	-0.000789819231716644
E-MTAB-2450_4	-0.0120164349612496	-0.000122531453274173	-0.00503355704697987	-0.0213219725537105
E-MTAB-5023_1	0.00624749949067613	0.0492966708020345	NA	0.0115048847045515
E-MTAB-5326_1	-0.00344875156271704	-0.0022337698289479	NA	NA
E-MTAB-5326_2	0.00118178608627454	0.00330513345190467	NA	NA
E-MTAB-5326_3	-0.00144560244285042	0.0224859698215796	NA	NA
GSE102588_1	0.0190124369228847	0.0416633609861276	0.00428194993412385	0.0308071907573959
GSE104793_1	0.012364289088355	0.0366347740354143	0.00629148193845363	0.0366888969471466
GSE104794_1	0.0169311216197087	0.0978884267898004	0.00915026819933397	0.0401214154434457
GSE104795_1	0.0210103509376807	0.0818597646192379	0.010924180729897	0.0358469801799708
GSE105139_1	-0.01216287678477	0.00312936697363794	NA	-0.0203491702617095
GSE105139_2	-0.00283684622486096	0.0295353797582083	NA	-0.0107983389324375
GSE105139_3	-0.00877476646377808	0.029293043442233	0	-0.00925740504914017
GSE10555_1	-0.00487557965924089	-0.0907792746752745	NA	NA
GSE10556_1	0.000123717724867214	0.00892245627037674	0.00265230004144219	-0.00678134501663913
GSE106631_1	0.0150904102925503	0.058083117919747	0.00695908128026085	0.0283265146801592
GSE13104_1	-0.0059035055372117	-0.0854784621212811	NA	NA
GSE13104_2	-0.0072497343962365	-0.0861155951049368	NA	NA
GSE13104_3	-0.0028158794622041	-0.0227497376363996	NA	NA
GSE16749_1	-0.000951139548660982	-0.126899605555627	NA	NA
GSE16749_2	0.00170657072802781	-0.033999736318456	NA	NA
GSE16749_3	0.0025815432137398	-0.00289128383794883	NA	NA
GSE17348_1	-0.0286848653133306	-0.118595752126804	NA	NA
GSE17563_1	-0.00132155843237222	0.042473484153121	NA	NA
GSE17563_2	-0.00567241373180629	-0.112357204451312	NA	NA
GSE17569_1	-0.00170879075874668	-0.0716140790143015	NA	NA
GSE17569_2	0.00248939186163257	-0.042328698396051	NA	NA
GSE17570_1	0.00107929706491178	-0.0584388869588714	NA	NA
GSE17570_2	-0.00693495619712823	-0.0924658844376289	NA	NA
GSE18991_1	0	0.0651283557241534	NA	0.0170454545454545
GSE18992_1	0.0087719298245614	0.0207079692587858	NA	-0.00110339266294007
GSE19299_1	0.00228514681994135	0.0579580937769398	0.00180549708439462	0.0257922937609322
GSE20850_1	-0.000790874251848823	-0.0300258132395001	NA	NA
GSE21093_1	0.00565473738881079	0.00470338794511699	NA	NA
GSE21523_1	0.0187458125137886	0.181944466461762	NA	NA
GSE21639_1	0	-0.0254477251985104	NA	NA
GSE21639_2	-0.000770378930136261	-0.0416095099967791	NA	NA
GSE21639_3	-0.00581467661691542	-0.0146950682718845	NA	NA
GSE21639_4	-0.0128811105433487	-0.0642220941039986	NA	NA
GSE21710_1	-0.00663411485263339	-0.0954345461705739	NA	NA
GSE21710_2	-0.00525187297862824	-0.0984178221242723	NA	NA
GSE21710_3	-0.00331326471686964	-0.0694128747327208	NA	NA
GSE22925_1	0.0102750827043467	0.148516524615448	0.00432411390038857	0.0400560520571526
GSE22925_2	0.0126869932954293	0.100736468889152	0.00556761087936614	0.0149891116160796
GSE26499_1	0.000894114487850254	0.0526190786290205	NA	NA
GSE30160_1	-0.0024036946895387	-0.0282264663705787	0.00205761316872428	0.0107463481851459
GSE30628_1	0.00877325230565255	0.120720615467929	0.00158413477543713	0.032313396373042
GSE30628_2	0.00304832521964577	0.0951778111120672	6.79767643060191e-05	0.0234552809432194
GSE32163_1	0.00678854069165521	0.0104713692464177	NA	0.00326813409339064
GSE33656_1	-0.0291178551792841	-0.196029820830863	NA	NA
GSE33754_1	0.0381117215417653	0.0548070463235526	0	0.01489321969376
GSE33754_2	0.063721011494502	0.162788472199118	0.0220977279800809	0.0811514995608126
GSE33754_3	0.038808035033443	0.123638400693543	0.0125516884836379	0.0459512170120111
GSE34570_1	-0.0136243263598253	-0.13217936106879	NA	NA
GSE35003_1	-0.00712546966760086	0.00408712616468506	NA	NA
GSE35466_1	0.0132176054392807	0.0285356232816725	NA	NA
GSE35466_2	-0.00422497302948406	0.0609907868794231	NA	NA
GSE35466_3	0.00062518802349389	0.00629946118615414	NA	NA
GSE35466_4	0.0133402077075284	0.0753576691147362	NA	NA
GSE35466_5	0.0174429711664459	0.0733789843922998	NA	NA
GSE36925_1	0	0.0154601684057886	NA	NA
GSE36925_2	-0.0020738558841913	0.0263907124040649	NA	NA
GSE36925_3	-0.00567231923862224	0.013453512734151	NA	NA
GSE37219_1	0.00471535789797727	0.144064132025241	NA	NA
GSE37676_1	-0.0108794896834881	-0.0276617232222613	0.00343094405594405	-0.0146909168613114
GSE41342_1	0.0570462077136707	0.0393542409738433	0.00537634408602151	0.0556302710764953
GSE41342_2	0.0585096748322022	0.0179238333632548	NA	0.0643902680407105
GSE41342_3	0.0332290922731765	0.120728476247408	NA	0.0735149655162436
GSE41342_4	0.00692010692010692	-0.114689527103082	0	-0.0124555487072587
GSE41997_1	-0.0045627507037215	0.000857066849703294	-0.0486425339366516	-0.0356991294499759
GSE43242_1	-0.0156175055452711	-0.0994055958128817	-0.00892857142857143	-0.0173596430271998
GSE43242_2	-0.0126733508245877	-0.0542524071531394	-0.03125	-0.0238545734728941
GSE43663_1	0.00605603546780017	-0.0470385413487764	0.05	0.00497742714383041
GSE43854_1	0.00581186114861874	0.0768850642390689	NA	NA
GSE45656_1	5.73660767859755e-05	-0.0500845052335049	NA	NA
GSE45656_2	-0.00204046729736414	-0.123220001991211	NA	NA
GSE45656_3	-0.0011445019485663	-0.107858128727829	NA	NA
GSE45793_1	0.00469643098244643	0.0180554728964404	0	0.000149405584416343
GSE45793_2	0.0103069694960833	0.0597944511009477	0.0110653796785184	0.0317402976516277
GSE45793_3	0.000479168326934723	-0.00953799484808102	0.000548764956045981	-0.0042885467315463
GSE45793_4	0.00649132732568787	0.0748637236780142	0.00405739627444204	0.0252229843935564
GSE45793_5	-0.000657168118270584	0.00283260467988598	0.00314068538995586	0.00172563367684036
GSE46390_1	-0.00717804484340243	-0.0206626697628307	NA	NA
GSE48438_1	0.0156771847854412	0.0805123959724631	NA	0.0146333551392151
GSE50549_1	-0.00271167583603371	-0.0116042597822333	-0.00491096685799877	-0.000264124079513019
GSE50549_2	-0.00432363143895093	-0.0213412474292377	-0.00241561591983591	-0.00903193813299017
GSE51098_1	0.0101176449184158	0.0252680520214723	0.0157586763518967	0.0574136223227633
GSE53857_1	-0.00147312391828842	-0.024203776077721	-0.0557275541795666	-0.000979680358921372
GSE53857_2	0.00680272108843537	0.00829212184653897	0	-0.00213905900726808
GSE53857_3	-0.00544912728820775	0.000145799608189393	0	-0.00548892582741809
GSE53982_1	-0.0164758293617453	-0.155288384070275	-0.0101498780008362	-0.021335895855297
GSE53982_2	-0.00240334378265413	-0.0133166923837061	-0.0111111111111111	0.00928351711772245
GSE54779_1	0.0138257177057214	0.170517653680026	0.00557415907661511	0.0406423438274879
GSE55900_1	0	0.0235493106879233	0	0.0142266598011135
GSE57104_1	0.00192694443580458	0.0390986965603382	NA	-0.00139339627209767
GSE59387_1	0.00366615012280192	0.0190996606342854	NA	NA
GSE60401_1	-0.00648227734937106	-0.0637812501133877	NA	NA
GSE60401_2	-0.00616571283201384	-0.0275971196819374	NA	NA
GSE60651_1	-0.0249621176569372	-0.104717289881258	NA	NA
GSE60737_1	0.00481326216786986	0.0609795040260155	NA	NA
GSE60761_1	0.0013675340035482	0.018173465056314	0	0.0144314590824888
GSE60761_2	0.0128041878890775	0.00330879158202011	NA	0.00650015561780267
GSE60761_3	-0.00500479912244618	-0.00632492948252447	0	0.00400586084174095
GSE60761_4	-0.00670979242136737	0.00450758106420722	0	-0.0102666015057163
GSE63017_1	0	-0.00570251713229985	NA	0.0025
GSE63017_2	-0.00373134328358209	0.00425756846521503	NA	5.97101380002164e-05
GSE63017_3	0.00131987355253325	0.00584498915325519	0.0217391304347826	-0.0112639553429027
GSE63017_4	0.00825563325563326	0.00545542883834622	NA	0.000183166956681014
GSE63939_1	-0.0198349053108348	-0.105076372769156	-0.00396816016770495	-0.0432981690865684
GSE63939_2	-0.0165195791886679	-0.120706007451578	-0.0040622753555745	-0.0649329583096615
GSE64141_1	-0.0150986756674775	-0.189547002453464	NA	NA
GSE64965_1	-0.00445227586488791	-0.0633258781859131	-0.00426845200836207	-0.000506574445895426
GSE65745_1	0	-0.0172665930208167	NA	-0.00955478124551601
GSE65745_2	0.01171875	-0.00312694922152043	0	0.00578709978615102
GSE65745_3	0.01171875	0.00478530842972022	0	0.0109224870097861
GSE66416_1	-0.00411069404597228	-0.0299259828871949	NA	NA
GSE66862_1	0.00077517485246764	-0.10080916080548	-0.00528169014084507	-0.0125816212772735
GSE69108_1	0.00316509101222816	0.00914827089411303	0.000505628194213923	0.0140098857465176
GSE71565_1	-0.00438977807015039	-0.00312112425646986	NA	NA
GSE72261_1	-0.0116897735546582	-0.0147587691972208	0.000684181718664478	-0.00956637455371633
GSE72261_2	0.00345401354880576	0.057812799672041	-0.000478142257600856	0.0315793887048761
GSE72261_3	0.00596210060707153	0.0532181465917948	0.00536923251977015	0.0176157590083939
GSE7683_1	-0.0119175564090818	-0.0516865517809395	0.00833333333333333	-0.0265797911293319
GSE7683_2	-0.0167029428324247	-0.0512583101884767	0.0104166666666667	-0.0301206873277895
GSE78980_1	-0.0115648221713201	-0.0215176812858488	NA	NA
GSE78980_2	0	0.0114998403271064	NA	NA
GSE78980_3	-0.0098865507370315	-0.0266779020092535	NA	NA
GSE78980_4	0.019062024645781	0.0590920097655589	NA	NA
GSE78980_5	0.00746268656716418	-0.0190026896026964	NA	NA
GSE78980_6	0.00345553594621064	-0.0291449212763215	NA	NA
GSE78980_7	-0.000977836271848463	-0.0214538291677467	NA	NA
GSE78980_8	-0.0094474903024454	-0.0737129039210818	NA	NA
GSE78980_9	-0.00223818896930427	-0.0287479363755275	NA	NA
GSE78980_10	-0.00879154613381076	-0.0659454328230728	NA	NA
GSE81399_1	-0.00541237499054225	-0.0103130619760893	NA	-0.00208498595226284
GSE84609_1	0.0109540309731105	0.0769130813430114	0.0104659309861622	0.00601025933574591
GSE84907_1	0.0081675887770583	0.0974534268039814	0.00456813960308926	0.0256465736262091
GSE84907_2	0.00389953504875139	0.0626276502220541	0.00115189497340527	0.00369516863296417
GSE84907_3	-0.00116156229432568	-0.0460185811896183	-0.00648452219713464	-0.00214422322737204
GSE90127_1	-0.00980972900659002	-0.149617514389214	NA	NA
GSE90127_2	0.00365930060638379	-0.00388706596297782	NA	NA
GSE90127_3	-0.0103732559615624	-0.131281455714799	NA	NA
GSE9247_1	-0.00142308924753049	-0.0334317544268033	0.00317882753012493	0.00210734274339316
GSE9247_2	-0.00202921763788392	-0.0697973590162542	0.000523229167756331	-0.00416143230957835
GSE9247_3	-0.0109388804702209	-0.0740597191879442	0.00350877192982456	8.46616453552872e-05
GSE99306_1	-0.000869639836539803	0.0246844702657349	-0.00172711571675302	0.00476787104016224
GSE99306_2	-0.00169566316055898	0.0014778543436637	0.000642867206742352	0.00518873879182644
GSE99306_3	0.00461258475694675	0.0312378442658975	-0.0110100826768667	0.00174353539321262
GSE99306_4	-0.00277446650160043	-0.00274454531898412	1.65299914181749e-05	0.00957363050342921
GSE99306_5	0.00253962443467799	0.014354236076668	0.00129415381128129	-0.00492801562719218
GSE99306_6	0.00158881479563326	-0.0123383882463668	0.000689612747294041	-0.00964006847948369
GSE99306_7	0.00596026703307125	0.0548568910769299	0.000420168067226891	0.0258117008911275
GSE99306_8	-0.00121140107480907	0.00588546465759624	-0.000327560034855433	-0.0016391398823445
GSE99306_9	-0.00191079869805595	-0.0067479258505428	0.000270614458562067	-0.0135201708648503
GSE99306_10	0.00661612579835515	0.0305608249267775	-0.00294581968290218	0.00509121371725865
GSE99306_11	0.00369860747991401	0.0403839574322865	0.000862752925682052	0.00940325971061495
GSE99306_12	-0.00251137371883265	-0.0251863767987526	-0.00130810718923912	-0.00890136556450396
GSE99306_13	0.0134963541909891	0.0968025928543937	0.0016918293186526	0.0283833462684687
GSE99414_1	0.0104581447963801	0.022825228103195	0	-0.00323389613040562
GSE110581_1	-0.000554868485864879	-0.0359383624958785	0.00819672131147541	-0.00880476455758952
GSE110581_2	0	-0.00835165790846513	0	0.00999672336598806
GSE47799_1	0.0136710175728532	0.0285815259264588	0.0316666666666667	0.0463739598147027
GSE47799_2	0.00346667872361702	0.00574072242636132	0.000156739811912226	0.013322483143455
GSE47799_3	0.011920349188587	0.0144044701871165	0.0037928302634185	0.0200280112044818
GSE111628_1	-0.00918600562587904	-0.0671628997414654	NA	NA
GSE111628_2	-0.00707963860768503	-0.0576807584502354	NA	NA
GSE111628_3	-0.008599625948774	-0.079563298476481	NA	NA
GSE5657_1	0.0196805716630997	0.0202614409798451	0	0.0243810718963773
GSE5657_2	0.0396062241981581	0.0463573888447003	0	0.0373588777344827
GSE13782_1	0.0325336797240001	0.195671605548524	0.0217358892438765	0.0500455973226835
GSE41039_1	0.0363113897596656	0.129900792607711	0	0.0496512183468705
GSE84198_1	0.00231551247372268	-0.0309420557645983	0	0.00599203133434731
GSE84198_2	0.0102704524500288	-0.0292341740307744	0.0172413793103448	0.0182577171948924
GSE84198_3	-0.000660870341709583	0.0482707456316344	-0.000541204512604389	-0.0130538560485099
GSE114469_1	-0.00780382558052122	-0.0161401582731406	NA	NA
GSE108036_1	-0.0535938074408192	-0.187106821423566	0	-0.0926302882798167
GSE60451_1	0.0705496151558721	0.272308140936813	0.0205300127713921	0.116166744791916
GSE47902_1	-0.00347222222222222	-0.0260388477995337	NA	NA
GSE44325_1	0.00423752140485798	0.0408986509930687	NA	NA
GSE4481_1	0.00387596899224806	0.093999011087536	NA	-0.00125720914591185
GSE4481_2	0.00564349208346548	0.0759128435934421	0.00315068493150685	0.00869462592456765
GSE4481_3	-0.000153846153846154	0.0274525847351547	NA	0.00813395458036223
GSE102292_1	0.0175018533538895	0.0771829309798834	NA	NA
GSE102292_2	-0.0312407072427134	-0.0794209260571745	NA	NA
GSE102292_3	-0.0081080762754049	-0.110627576523331	NA	NA
GSE102292_4	-0.00795266887753115	-0.118716308960232	NA	NA
GSE41898_1	-0.0154324773761632	-0.108940573641272	-0.00608268304724885	-0.0138412348137344
GSE87605_1	-0.00225571932757483	0.01602388624843	0.012117551083536	-0.0114736134378969
GSE87605_2	0.00478731594511326	0.0137782485150523	-0.00256602373217974	-0.003115921578747
GSE87605_3	0.00494295250138056	0.0208026064945561	0.00413851392405988	-0.00982566741367681
E-GEOD-54216_1	0.00156347955982322	-0.060828267392063	0.00346817517643265	-0.00568159246658232
E-GEOD-54216_2	-0.001161320969919	-0.0656448966644884	-0.000245962685198423	-0.00105076501034471
E-GEOD-54216_3	0.00106678705700711	-0.0283108395343909	0.000386404836653716	-0.00508870388751566
E-GEOD-6119_1	0.0166113453950863	0.0951152343002843	0.00879130548922822	0.03757100359416
E-GEOD-6119_2	0.0153972125503309	0.094601381320285	0.00760513014320199	0.0174710864995493
E-GEOD-6119_3	0.0140785589665638	0.0964920620794078	0.00757684260016164	0.0367914333688743
E-GEOD-8077_1	-0.0213279914664516	-0.0853668497741822	-0.0230769230769231	-0.0483264451192083
E-GEOD-8077_2	0.00604166666666667	0.0250728730559759	0.037037037037037	-0.00302971141858421
E-GEOD-8077_3	0.0201101148016675	0.0893391018379596	0.0461647727272727	0.0469098883572568
GSE103416_1	0.0349576405753741	0.22777336464856	0.0145004433155583	0.0773751891285683
GSE103416_2	0.059426579296749	0.220142513363125	0.029132864333985	0.115310964473239
GSE103416_3	0.0515832115426057	0.203703595227774	0.0269357445640572	0.0850782535726909
GSE19950_1	0.00270490732337767	0.0501546490836581	-5.94972482522681e-05	0.00382989648226756
GSE30322_1	-0.0162612114562249	-0.0919004848611291	-0.00887573964497041	-0.0103749191984486
GSE30322_2	-0.011421023484919	-0.0550678158965788	-0.0137362637362637	-0.0134274327822715
GSE30322_3	-0.00908743166025833	-0.0316394158087289	-0.00423728813559322	-0.00829395853469092
GSE42295_1	-0.00719199196481455	0.0468988612877579	NA	0.0135209286680614
GSE42295_2	0.00891713224868309	0.0766584020294563	0.0256410256410256	0.0377663358480212
GSE42295_3	0.0108203745421479	0.0751607346134309	0.0217391304347826	0.0324368902693238
GSE66554_1	-0.00259386658367555	-0.107402027605656	-0.00180614549669879	0.00599287993269012
GSE66554_2	-0.0291747048867802	-0.222019083903644	-0.0101479573616853	-0.0521340094014513
GSE66554_3	-0.00789991684184995	0.00685976233806375	0	0.0142845061366615
GSE66554_4	0.000328172532210535	-0.00516965468664932	0.00443555597423469	-0.0113613070586629
GSE74898_1	0.00564677604193839	0.00626207311028067	-0.000875477045102091	0.0229374768775435
GSE74898_2	0.00382408031314083	0.0164730445991078	0.00148632183866662	0.0272158959890401
GSE74898_3	-0.00113939793716335	-0.0219211821699347	-0.00040737164899693	0.00596042471042471
GSE79176_1	0	-0.0304710087075981	NA	NA
GSE79176_2	0.00387596899224806	-0.000274503286451514	NA	NA
GSE79176_3	0	0.026940446197578	NA	NA
GSE85785_1	0.00423266403979286	-0.00374700209160036	0	-0.0445968793259852
GSE16981_1	-0.00488997148624128	-0.0414359950743157	0.000470326191512986	-0.0103811955098863
GSE16981_2	-0.00324743316153118	-0.0639880873232643	-0.000924022815777142	-0.0128758883813857
GSE16981_3	-0.00155463052164836	-0.000571352453782296	0.00145303350941418	0.00461854104307527
GSE16981_4	-0.00155463052164836	-0.000571352453782296	0.00145303350941418	0.00461854104307527
GSE16981_5	0.0113711923280506	0.0458355157935704	0.00574324324324324	0.0219872310066182
GSE16981_6	-0.0115880920713107	-0.0103902814138251	-0.0142857142857143	0.00355400118449808
GSE16981_7	-0.0187451184587347	-0.0499284729747401	-0.0333333333333333	-0.0214688634286055
GSE29859_1	-0.0053812117076171	-0.0352133962382447	-0.0138888888888889	-0.0172759223319719
GSE29859_2	-0.0014948575254654	-0.0478036994339788	-0.0170940170940171	-0.00524968795949585
GSE23492_1	0.00572507523288585	-0.0163072542804107	NA	NA
GSE23492_2	0.000172970196410076	0.000203597878517306	NA	NA
GSE23492_3	-0.001295437990361	-0.0556426436743631	NA	NA
GSE23492_4	-0.00377660765651521	-0.0152370425831654	NA	NA
GSE23492_5	0.00804018267307964	0.0396518616259059	NA	NA
GSE44991_1	0.00256548095866981	0.0424215509880197	0.00714285714285714	0.0199651428460836
GSE44991_2	0.0022871576228114	-0.0169242232988931	NA	-0.0138839030331743
GSE39796_1	0.0024995182857678	0.0310343685496036	NA	NA
GSE39796_2	0.00310225645987881	0.0461563891709447	NA	NA
GSE39796_3	-0.00187853015558194	-0.00924178204565774	NA	NA
GSE18394_1	-0.00348181515777188	-0.00303654589632187	-0.00408841659186533	-0.00702086292524202
GSE18394_2	0.00233808208623129	0.0102655030512661	-2.76209229244204e-06	-0.00631325084252352
GSE18394_3	-0.00319934630284489	-0.0105658500112861	-0.00425072877401716	-0.0177787330025958
GSE29233_1	0.0112796836073289	0.0740986377534038	NA	NA
E-MEXP-2291_1	0.00744310531425197	0.00282016468728669	NA	NA
E-MEXP-2291_2	0.00138569811985263	-0.00941392706328351	NA	NA
E-MEXP-2291_3	0.00224039583692379	0.011046418895649	NA	NA
GSE18738_1	-0.00239952816281528	-0.0565519575504283	6.20155038759691e-05	-0.0118028307453692
GSE107363_1	-0.007707631251131	-0.00354541198022172	NA	NA
GSE85761_1	-0.00388130469309401	-0.063246603090416	NA	NA
GSE89179_1	-0.00379860352035642	-0.0840182859513504	NA	NA
GSE89179_2	-0.00436845401227534	0.0113407564555449	NA	NA
GSE89179_3	-0.00577929276140268	-0.0307302058329008	NA	NA
GSE89179_4	0.000614532498971793	-0.00510569677345275	NA	NA
GSE89179_5	-0.00038277824417699	-0.0294481361395452	NA	NA
GSE89179_6	0.00194403790892183	-0.0220659973889747	NA	NA
GSE89179_7	0.0019319066855197	-0.00775412863403874	NA	NA
E-GEOD-57723_1	0.00664751010790713	0.0523016285736612	NA	NA
E-GEOD-57723_2	0.00730213448582655	0.0202184642050471	NA	NA
E-GEOD-57723_3	0.00632929774594222	0.041935829133614	NA	NA
E-GEOD-83930_1	0.012	0.01095706755566	NA	NA
GSE100268_1	0.00792704088000316	0.0280358523900321	NA	NA
E-GEOD-55769_1	0.00101611494800349	-0.0113990554958914	0	0.00342416378316032
E-GEOD-55769_2	0.00666666666666667	-0.00822618129952337	0	0.0045343137254902
E-GEOD-55769_3	0.000623417105006819	-0.0123655052912254	0	0.00381420886697375
E-GEOD-69110_1	-0.0105421686746988	-0.041994235418961	-0.00359712230215827	0.0206782694145436
E-MTAB-4304_1	0.0142847064791286	0.0386537313884663	0.0086026876349457	-0.00325962618662843
E-MTAB-4879_1	-0.00266934806504041	0.00267812961200924	0	-0.0010368970481258
E-MTAB-4879_2	-0.004389753992334	-0.0667045098034782	-0.000467215396238419	-0.0104579050782827
E-MTAB-4879_3	0.000840398813358959	-0.0150400536498652	0	0.00893257120974571
E-MTAB-4879_4	-0.0030889799054354	-0.0340111681736608	0	-0.00504991950061474
Cytokine_Explant_1	0.00491847761531625	0.0621338152655219	0.0189460892620415	0.0192186285936286
Cytokine_Explant_2	0.012197351161906	0.122533597891566	0.00690693467354258	0.0550404423725066
Cytokine_Explant_3	0.0121816343610901	0.0961117672601614	0.0101856723722168	0.0154850590974676
Cytokine_Explant_4	0.0164914177709213	0.0543186202673786	0.0189873417721519	0.0278652340107127
Cytokine_Explant_5	0.00398821289988675	0.0523329954522724	0.00630793427467176	0.0330164824206508
FN1_Explant_1	0.012999877916989	0.0491347786415785	0.015410016510732	0.0253490790255496
E-MTAB-6266_1	-0.00717732206293313	-0.0462245152805734	-0.0068040268372774	-0.0230232217117957
E-MTAB-6266_B_1	-0.00570730155666842	-0.0437051472290542	-0.0062203723765006	0.0021905717745057
E-MTAB-6266_B_2	-0.00476866107375018	-0.0365551681562581	-0.00493333295057433	-0.0261814775564672
E-MTAB-6266_B_3	-0.00311499692111919	0.00978165681530411	-0.000685796971487966	-0.00870385711972426
GSE74220_1	0.00485421608180808	0.0403430098558088	0.00514701727676291	0.0034228420254766
GSE114007_1	-0.00306936760287787	-0.0182377277320249	-0.00733502124213896	-0.0125936234384193
GSE109503_1	-0.00745063782092009	-0.0617049951035327	-0.00777045293332738	-0.00554680935714045
GSE109503_2	-0.00260215066116965	-0.0218010956385552	0.0115244773406051	0.00449683963591202
GSE109503_3	-0.0108217608933715	-0.0600939566676188	-0.0189380210221095	-0.041473292144904
GSE109503_4	-0.00571620179915778	-0.0392995834817948	-0.00381440275952352	-0.0339862372664091
GSE109503_5	-0.00757603735088487	-0.0260282998310745	-0.0107451328517769	-0.0302545830653289
GSE109503_6	0.00252662601595752	0.0236678505969491	0.00196921204376895	0.0144819543773673
GSE109108_1	0.0124917595486357	0.0232979523041649	0	0.0159210539395988
GSE109108_2	0.00115853708086718	-0.0307984626302045	0.00316455696202532	0.00307255805050089
GSE109108_3	0.000520721108956403	-0.00356819895284919	NA	0.00463092758266273
GSE109108_4	0	0.023686168266092	0	0.00916686258495053
GSE70667_1	0	0.0378660203828524	0	0.00449072079668628
GSE87608_1	0.0277383874457615	-0.00388123310286473	NA	0.0139654587287417
GSE87608_2	-0.00473310933127769	0.0192788765342846	0	-0.0176400273224044
GSE87608_3	-0.0234337480992778	-0.00381949181400211	0	-0.0020339328327804
GSE87608_4	-0.00473209183065241	-0.0264568214762655	0.0131578947368421	0.0193378311808747
GSE90890_1	0.00571069222441572	-0.0137274242869977	-0.000755494505494505	0.050159209260672
GSE97118_1	-0.0041808496354379	-0.0442280002670844	NA	NA
GSE97118_2	0.0108785774599686	0.0170735222702557	NA	NA
GSE97118_3	-0.00237273839817005	-0.0376212582713726	NA	NA
GSE97118_4	0.00701099661952128	0.00620506701948188	NA	NA
GSE97118_5	-0.0131992685658301	-0.0340050809859881	NA	NA
GSE97118_6	-0.0119556776855338	-0.0412501172580348	NA	NA
GSE97118_7	-0.0365757813916934	-0.0640848201694104	NA	NA
GSE107592_1	-0.00143620424750914	0.00328403953411008	-0.0025614666079292	-0.0107671559852011
GSE92641_1	0.00644522560069097	-0.00900837934004655	0.00457989559426714	0.018149993218081
GSE107849_1	-0.000251420024522552	0.0383826112132299	0.000337538174857777	-0.000437643592048746
E-ERAD-89_1	0.00515463917525773	-0.0119837446384636	NA	NA
E-ERAD-89_2	0	0.000118844410967227	NA	NA
E-ERAD-89_3	0.00454545454545455	0.00309424385935982	NA	NA
E-ERAD-89_4	-0.00357142857142857	0.0355688368064164	NA	NA
E-GEOD-45893_1	0	-0.0697683763116201	NA	NA
E-GEOD-53105_1	0.0173913043478261	-0.00848438835364411	0	0.00438904906324278
E-GEOD-53105_2	0.00269719487230897	-0.0453256061987373	0	-0.035364950425199
E-GEOD-54461_1	0.00569245422403061	0.0258091430334562	0.00482010223518476	0.0144150883387639
E-GEOD-54461_2	0.0157719545090927	0.0630116718497458	0.00779220779220779	0.0319709564112235
E-GEOD-54461_3	0.0197606975019261	0.114294644406706	0.00968391237683739	0.0458895894050239
E-GEOD-54461_4	0.0147711784217401	0.155667639738212	0.0042257664475103	0.0426043661708164
E-GEOD-54461_5	0.0131120135118185	0.206447698358117	0.00531840962269712	0.0583977908413148
E-GEOD-54461_6	0.0120562931271922	0.231819473736228	0.00514441212103004	0.0617187197646968
E-GEOD-54461_7	0.0114494524156946	0.240281384376971	0.0042106704951439	0.0584345008518887
E-GEOD-54461_8	0.010864972580652	0.231983295121472	0.00449422075367505	0.048466977596349
E-GEOD-73372_1	0.000554392062346666	-0.000734465445503095	NA	NA
E-GEOD-73372_2	0.00985023255266758	0.0480434241785619	NA	NA
E-GEOD-73372_3	0.00214001388519762	0.0471453355121095	NA	NA
E-GEOD-75549_1	0.05589508530685	0.174596502894053	NA	NA
E-GEOD-76988_1	0.0119062518270276	0.0222642174307569	NA	NA
E-MTAB-2923_1	-0.00652320815659169	-0.167250523650036	NA	NA
E-MTAB-2923_2	0.00513338247047378	0.154554397971959	NA	NA
E-MTAB-2923_3	-0.00412973583521345	0.0391701021078229	NA	NA
E-MTAB-2923_4	0.00474436639851078	0.0405734836617478	NA	NA
E-MTAB-3428_1	0.00407088043310017	0.109400502746923	NA	NA
E-MTAB-3428_2	-0.0135777617855164	-0.0627058082246406	NA	NA
E-MTAB-3428_3	0.0377812877926365	0.100501448850263	NA	NA
E-MTAB-3428_4	0.0078426785703009	0.134572681234326	NA	NA
GSE102856_1	0.0159571967025383	0.120011612819387	NA	NA
GSE103492_1	0.00705268253348774	0.0796934075860065	0.00544273150723026	0.022447706392988
GSE103492_2	0.000790962957040082	-0.0298910719441923	0.0043859649122807	-0.00349424501183815
GSE103492_3	0.00522056910452464	0.0746263295924257	0.0042250559100515	0.0309920120981371
GSE103492_4	0.00125794229288102	0.112698627347634	0.00897903465093075	0.0315074855161808
GSE103492_5	-0.00322789893358187	-0.0495451499747517	-0.00371640937678673	-0.0257142607477402
GSE103492_6	0.00205731357542544	0.0275225559245937	0.0172413793103448	0.00679653029243496
GSE103492_7	0.00524908921771533	0.0875849841684934	-0.00648648648648649	0.0219855441884242
GSE103492_8	-0.00143370680354527	-0.00563294113610701	0.0031578947368421	0.00168476381561168
GSE103492_9	0.00520769613130126	0.035110605589512	-0.00757575757575758	0.00916461765429063
GSE103492_10	0.00588048249774407	0.0544321030282309	0	0.0127060331279744
GSE106259_1	0.0016753571613513	-0.0388728521755445	-0.00360562917478191	0.00485863166160564
GSE110303_1	0.000354542002305364	0.0020910482602724	NA	NA
GSE110303_2	0.00994405601197223	0.0714768362335305	NA	NA
GSE110303_3	0.0254924742750674	0.0802079350473853	NA	NA
GSE110300_1	-0.0150773072121387	-0.0395649647615852	NA	NA
GSE110300_2	0.0099496092143151	-0.0672766191353596	NA	NA
GSE110300_3	0.0058757070221957	0.0641816436952602	NA	NA
GSE110281_1	-0.0079640168746076	0.0532893850876402	NA	NA
GSE110281_2	-0.00238235682326473	0.0602650078142143	NA	NA
GSE110281_3	0.00167807542040659	0.0116920678247812	NA	NA
GSE104459_1	0.00189111121860833	0.0612668110284516	-0.00288461538461538	0.0239091757915287
GSE104459_2	0.00315965499031861	0.0847505550989635	0.00815217391304348	-0.00494402985074627
GSE104459_3	-0.00132805593607	-0.0246951950568403	0	-0.0331150331150331
GSE110051_1	-0.000610322124370043	-0.0861873258777647	-6.49366620221988e-05	-0.00545830079006112
GSE110051_2	0.00114618498703926	0.0449234545262081	0.0142045454545455	0.0191664283671719
GSE110051_3	3.79774753583753e-05	-0.037841359951615	0.00328512488981129	0.00824446834986027
GSE112694_1	0.00136764496075215	0.0646462841125913	0.000440282259781729	0.00861673606515243
GSE112694_2	0.00051251734471074	0.0339552978787553	0.00107631076108088	-0.00688693684761348
GSE112694_3	-0.00318075464926338	-0.0940859146239045	-0.00320841120021448	-0.0214221405747705
GSE112694_4	-0.00383658938577779	-0.101554951227442	-0.000533167424429792	-0.0169668384868007
GSE97232_1	0.0119047619047619	0.0439992746442506	0.02	0.0378308924906131
GSE114079_1	0	-0.0170871539958845	NA	NA
GSE114079_2	0.00333854981742306	0.0472218234306707	NA	NA
GSE114079_3	0.0177071668533035	0.011379398751998	NA	NA
GSE114079_4	0.0149091830209562	0.0119805869904903	NA	NA
GSE104828_1	0.00160548629109243	0.0896541369276957	NA	NA
GSE114521_1	0.0202634264838482	0.0039712315274897	0.025	0.00962886154193286
GSE114521_2	0.0154356555863174	0.0754930677627588	0.015625	0.0192891651409471
GSE112413_1	0.0112547053072632	0.0358487685539758	-0.00590111642743222	0.00356285863328117
GSE112413_2	0.00586876599524545	-0.036439997076313	-0.000961123051497213	0.00307178376052276
GSE101909_1	0.00661651273685658	0.0280369983152334	0.0123221783425511	0.020613817924908
GSE101909_2	-0.00127075048299937	0.000408534076010724	-0.0039050896735323	-0.0220163071233778
GSE114919_1	-0.00255075026810322	0.0318819660172825	-0.00368069659630561	-0.0188831871381986
GSE114919_2	-0.00225821445931894	0.0126393838998232	-0.00299376597653529	-9.75747155196171e-05
GSE114919_3	0.000557372480131622	0.0410982615532668	-0.000527753153470771	0.000819522235240023
GSE114919_4	-0.000985708311002257	0.0180865910262983	-0.00176732282056691	-0.00392130649004453
GSE114919_5	-0.000864636422729458	-0.0327408371000336	-0.00722483046426708	-0.0131675429367191
E-MTAB-5879_1	0.00626100496663137	-0.00559416185730906	-0.00170634767279743	0.011959349743514
E-MTAB-5879_2	0.00433462933708102	0.0482344063994559	0.00620448345103433	-0.00944509641163618
E-MTAB-5879_3	0.00689378775955866	0.058053049589821	0.00363636363636364	0.00499454443888313
E-MTAB-5879_4	0.00272639393661871	0.0730184442563942	0.00601429848078642	0.0156216961982493
E-MTAB-5879_5	0.00611010255988011	0.00989076906323665	-0.00137911662410977	-0.00997830989712791
E-MTAB-5879_6	0.00515122764640536	0.0786105634970487	0.00792920556395187	0.0185752356435468
E-MTAB-5879_7	0.0109326780766132	0.0703329000518886	0	0.0109120306532635
E-MTAB-5879_8	0.0027494392173001	0.0470576790602048	NA	0.0190374090717733
E-MTAB-5879_9	0.0106921241358628	0.0300739187212306	NA	0.0105817526233485
E-MTAB-5879_10	0.0133960361345006	0.0993652019361399	0.0454545454545455	0.0100004938137799
E-MTAB-4294_1	0.0235067700431447	0.144102562187378	0.00712143928035982	0.00466200466200466
E-MTAB-4294_2	0.017117387099225	0.105322264907361	0.00399399986775803	0.0274097040593827
E-MTAB-4294_3	-0.00385346338889248	-0.0243217679793318	0.007295665644153	0.00789724932006038
E-MTAB-3186_1	0.0118763185080761	0.180007232619673	0.00382687224022198	-0.000447891980390637
E-MTAB-3186_2	0.0132514876673263	0.113675286889573	0.00332917310431794	-0.0122190803716247
E-MTAB-3186_3	0.0129270011351229	0.0753609290751849	0.00426499153189179	0.0333121938421548
E-MTAB-3186_4	0.0143587161017204	0.120132855388563	0.00355911678962072	0.0207833798637873
GSE114919_Rat_1	-0.00144928921080069	0.0448024020799258	1.6055581008675e-05	-0.00236048848016509
GSE114919_Rat_2	-0.00478391919061085	-0.0288704810396207	-0.00570884871550904	0.0135443116167638
GSE114919_Rat_3	-0.00148596601087772	0.0428967122970682	-0.000846222537810523	0.0244600302560988
GSE114919_Rat_4	-0.00061019041075978	0.0364368522787585	6.86647299643767e-05	0.0269456337482026
GSE114919_Rat_5	-0.00473313048083124	-0.0235724974175972	-0.00183119808726177	0.00646492599843348
