comparisonID	jaccard	cosine	sigjaccard	chrDir
22659600_1	0.0256347035569351	0.116955604712205	0.0227881377537378	0.0334707878735989
24361742_1	-0.00407636127423871	0.0060207651163745	-0.0039677657480315	0
GSE72258_1	0	0.0134200537353273	0	0
GSE72258_2	0	-0.00838072880484055	NA	0
GSE69531_1	0.0146300916261364	0.110265231890758	NA	NA
GSE69531_2	0.0155695188060583	0.129497158330526	NA	NA
GSE69531_3	0.00384301760164809	0.0440971080755111	NA	NA
GSE69531_4	0.0146300916261364	0.110265231890758	NA	NA
GSE58203_1	-0.0241593368152417	-0.0617886184127501	-0.0257352941176471	-0.0237098959957351
GSE58203_2	-0.0104876396798908	-0.0625489503009442	-0.0101282994583732	-0.0204528433780412
GSE58203_3	-0.00738371292748145	-0.0661498490276458	-0.00595105630573511	-0.0129189286391589
GSE58203_4	-0.0146497057154703	-0.0955536416975448	-0.0132086260001497	-0.0304704918904525
GSE58203_5	-0.0231214268129223	-0.0609310848587807	-0.0119657572264207	-0.0236635618670335
GSE58203_6	-0.0164188157894595	-0.0776805900030442	-0.014802634825677	-0.0122087094811572
GSE58203_7	-0.0119536411142748	-0.0761098437711297	-0.0111710719710497	-0.00993943748132543
GSE58203_8	-0.0119218397781611	-0.103295908454613	-0.011371201129329	-0.0205526124095299
GSE59642_1	0.00572337556737683	0.0960175531869878	NA	NA
GSE59642_2	0.00270954587513049	0.0316490769394425	NA	NA
GSE59642_3	-0.00770552849436633	-0.0825070511473701	NA	NA
GSE64922_1	-0.0140007007587724	-0.0293359175689329	-0.0138892824756291	-0.0182487549247789
GSE60162_1	-0.00123393801965231	-0.0366137264445011	NA	NA
GSE31685_1	-0.0090918661022907	0.0521963945498112	-0.00835016578884393	0
E-MEXP-3890_1	-0.00421487953450464	-0.0421887893362622	-0.00503582959274032	-0.012313889988448
GSE31980_1	-0.00917423101080547	-0.0660549284257496	-0.0100723604310186	0
GSE15615_1	-0.00599314258350624	-0.0354302412451261	-0.00408941955378436	0
GSE15083_1	0.0146180110968843	0.0265116642020191	NA	0.00767815501714303
GSE108035_1	0.000416336305525212	0.00368441770609513	-0.000436581534755654	-6.98215999374585e-05
GSE108035_2	-0.000906169413575769	-0.0447080624981183	-0.00149294213406634	-0.0057774985237377
GSE108035_3	-0.000479411608781478	-0.0776119340896139	-0.000714716481405971	-0.0157979268487348
GSE21959_1	0.00705631883819217	0.0490147517354032	0.00111963854564514	0.00712176525589198
GSE21959_2	0.00240876037397687	0.053646270718852	-0.00276122019635344	0.00272664009615993
GSE24742_1	-0.012303717640292	-0.023773769286003	NA	-8.62521235151688e-05
GSE24742_2	0.00369230769230769	-0.00410670382259234	NA	-0.00331906157429587
GSE24742_3	0.0194982665013331	0.0230726286706123	NA	0.012555513518839
GSE74668_1	-0.0271988502041694	-0.0596024674945436	NA	NA
E-GEOD-10024_1	-0.0217855793510899	-0.0924170931081467	NA	NA
E-GEOD-10024_2	-0.019608728891878	-0.0828788087946039	NA	NA
E-GEOD-12860_1	0.00171840930514882	-0.00826272607052645	NA	NA
E-GEOD-12860_2	0.00648854818750643	0.0440764755759691	NA	NA
E-GEOD-12860_3	0.00499655707686384	0.0333507453599817	NA	NA
E-GEOD-12860_4	0.00437022230319934	0.0309666556017141	NA	NA
E-GEOD-12860_5	0.00171096707227939	0.0167586629988839	NA	NA
E-GEOD-12860_6	0.00587755487382236	0.0441253308933446	NA	NA
E-GEOD-12860_7	0.00168037399714106	0.0325122140380911	NA	NA
E-GEOD-12860_8	0.000191672139455908	0.0218460959128574	NA	NA
E-GEOD-14359_1	-0.00077107355658413	-0.0142287674857697	-0.000346107097157653	0.0099019162102383
E-GEOD-14359_2	0.00614374144085312	0.00790562895796552	0.00637893136292824	-0.00685971473306749
E-GEOD-1919_1	-0.0116294235283888	-0.0722327116064525	NA	NA
E-GEOD-1919_2	-0.00744794173201638	-0.0558852090279384	NA	NA
E-GEOD-1919_3	0.00180754356686061	-0.0246071899858581	NA	NA
E-GEOD-1919_4	-0.00653194595862623	-0.0606069723908793	NA	NA
E-GEOD-1919_5	-0.00789511496580999	-0.0593540223633913	NA	NA
E-GEOD-1919_6	-0.0127109057059093	-0.0167409520832552	NA	NA
E-GEOD-1919_7	-0.00301659981919721	0.00533186928462364	NA	NA
E-GEOD-1919_8	0.00168884269818428	0.014382802988077	NA	NA
E-GEOD-1919_9	-0.00341669769664077	-0.0179045345472461	NA	NA
E-GEOD-19664_1	-0.00932185570448367	-0.0647762308214081	NA	NA
E-GEOD-19664_2	-0.0071980936810651	-0.0351307089856329	NA	NA
E-GEOD-19664_3	0.0278214616531463	0.133313075999782	NA	NA
E-GEOD-19664_4	-0.00818234235538223	-0.0283253630525746	NA	NA
E-GEOD-19664_5	0.0012885646378929	-0.00715511776546011	NA	NA
E-GEOD-19664_6	0.0230719976104003	0.121504548032907	NA	NA
E-GEOD-43923_1	-0.00256468740824674	-0.0299754319205942	-0.00135641627166704	-0.00489053067690401
E-GEOD-51812_1	0.00584224639805521	0.0893246501470077	0.00564599540709215	0.0418862315513586
E-GEOD-51812_2	0.00486788144788716	0.0801442374478936	0.00440436964639768	0.0360019318920239
E-GEOD-68760_1	-0.0107550065899657	-0.0816980994728664	-0.0101553382765301	-0.0341674996943677
E-GEOD-82107_1	-0.0136365570874012	-0.0171468477913481	0	-0.0188896508707793
E-GEOD-9451_1	0.0152696137899728	0.12795613617436	0.0166804218991542	0.0413879148648526
E-GEOD-9451_2	0.0146862337379935	0.100642306760092	0.0153546493946604	0.0251668001728782
E-GEOD-9451_3	-0.00279285166357739	-0.0220958907661328	-0.00794238885532748	-0.0168973052338614
E-GEOD-9451_4	0.00751461737182519	0.04060240208256	0.00628814767013525	0.0268635845483587
E-MEXP-2019_1	0.00261824960041872	0.0546131859481044	0	-0.00719615409616303
E-MEXP-2019_2	0.00634244294720767	0.0170417054542166	0.00398340285969944	-0.00276762159234795
E-MEXP-2019_3	0.00222399122064363	0.0692861176275239	NA	0.00543040498490941
E-MEXP-2019_4	0.00614966369700437	0.0193346637220752	0	0.0090407111722545
E-MEXP-2276_1	-0.0237626546681665	-0.0810391909693747	NA	-0.0283524851001512
E-MEXP-2488_1	0.00703240117836662	0.0483107665382024	0.00855578096805567	0.0191792561278932
E-MEXP-3129_1	-0.00226026496298718	0.0175287613095714	0.00582365188193504	0.00931020436580632
E-MEXP-3474_1	0.00477545653563654	0.0374908019229515	NA	0
E-MTAB-3010_1	-0.000180679890785692	-0.0706377669287372	NA	NA
E-MTAB-3010_2	-0.00237225066709392	-0.0631394882695398	NA	NA
E-MTAB-3010_3	-4.4507695842709e-06	0.0173148095674895	NA	NA
E-MTAB-3010_4	-0.00394411200600952	0.0384829910382188	NA	NA
E-MTAB-4152_1	0.0216202963954037	0.069957037523539	0.019453175415298	0.0248224858389434
E-MTAB-4152_2	-0.030936992073702	-0.0565297789753442	-0.0271708683473389	-0.0221964696511974
E-MTAB-4152_3	0.0123820763813062	0.0318167709463691	0.0116104468785751	0.0110628953351524
GSE100609_1	0.00318158997173364	-0.0011324123069229	NA	0.00426512108261251
GSE100786_1	0	-0.0159793716623551	NA	-0.0044841319196009
GSE100786_2	0.00344723917700796	0.00507543109146965	NA	-0.00253798962132222
GSE103697_1	0	-0.00256463544989259	NA	NA
GSE103697_2	0	-0.00340114024321777	NA	NA
GSE103697_3	0	0.00236975637441533	NA	NA
GSE104113_1	-0.0182288446444883	-0.065716975554111	NA	NA
GSE104113_2	0.00999909771215663	0.0670701645784459	NA	NA
GSE104113_3	-0.0182288446444883	-0.065716975554111	NA	NA
GSE10575_1	-0.0010905149704447	0.00200270648860581	0	-0.00955050882686895
GSE10575_2	0.00792895205799901	0.00928822118735694	0.00909221608816506	0.00653896413744792
GSE10575_3	-0.00309285239774502	-0.0891515756931929	-0.00278488157156303	-0.0182079297664391
GSE13604_1	0.00129288274449565	0.0503791295793791	-0.000162941020056347	0.0148416035325577
GSE13837_1	0.0154706790123457	0.0136634499024591	-0.00467289719626168	0.0118084394463778
GSE13837_2	0.011598550683455	0.0212869465648015	0.00652834008097166	0.0177024809508193
GSE13837_3	0.00675140516153092	0.016712521388121	0.0164386553192523	0.0189323374208311
GSE13837_4	0.00138864675986067	0.00640474188983743	0.00538257656885843	0.0203532131194746
GSE13837_5	0.000619527829893683	0.0233545357760369	0.00442477876106195	0.00947096732699879
GSE13837_6	0.00570400924597481	0.0137790260211916	-0.00210028298549699	0.003328230195519
GSE13837_7	0.00104799361196112	0.0141282398884387	0.00641365157350964	0.00504930188084285
GSE13837_8	-0.00240189762086402	-0.0242668670923719	0.00250878878488524	0.000759153300249824
GSE13837_9	0.0100986412736811	0.023265915222267	0.00617423426153969	0.0119999459347073
GSE13837_10	0.011643592551326	0.0293345418144223	0.00937621503021156	0.0154455358332458
GSE13837_11	0.00941747185383363	0.0274810818148629	0.00970219063792713	0.0127616222619784
GSE13837_12	0.0139825561727934	0.0569473373432347	0.0088725664976812	0.0151329350369934
GSE13837_13	-0.0100009515874103	-0.0664318883124605	-0.0101010101010101	-0.0193081633356809
GSE13837_14	-0.00804131322816544	-0.0492065481330728	-0.00966532325319119	-0.0175544610672575
GSE13837_15	-0.00774626359138368	-0.0439070856400049	-0.0079022139184686	-0.0121838434456785
GSE13837_16	-0.00118861462972886	-0.0285785738851702	-0.000631345722776285	-0.00109115436140151
GSE13837_17	-0.0168872823736819	-0.0513651872990695	-0.00643995028810304	-0.00825294758981878
GSE13837_18	-0.0169032159997064	-0.0667935408692665	-0.0127907449967612	-0.0152252074229838
GSE13837_19	-0.00623683858679887	-0.0489445802747285	-0.0017175571575145	-0.00615814771709086
GSE13837_20	-0.00466608671073053	-0.0500525710504759	0.0011612456100916	-0.00793843563371891
GSE13837_21	0.00857557892884721	0.0179440434355899	0.0120868705472364	0.00955860472045821
GSE13837_22	0.0162092165307599	0.0416361294363948	0.0127029066881015	0.0115481232328411
GSE13837_23	0.0153706567512767	0.0345184971225326	0.0125421812702068	0.0154283743000446
GSE13837_24	0.00864396004409021	0.0393307922161994	0.00988204565547709	0.0137952866690426
GSE16464_1	0.00775179053249998	-0.0269810460537705	NA	NA
GSE16464_2	0.00291473593092818	0.0913674725304772	NA	NA
GSE19060_1	0.0275144459266124	0.0256193843599215	0	-0.00264330206350778
GSE27372_1	-0.0326499432372068	-0.0931656111534081	-0.0276000567243517	-0.0310186334732905
GSE27390_1	-0.00255926475363041	0.0040082982312353	-0.00211059057955654	0.00179885663090676
GSE29106_1	0.00143668240539063	-0.00258605792845334	NA	NA
GSE29107_1	0.00474949042964518	0.0106440673350242	NA	NA
GSE29107_2	-0.00284583323438577	0.00434201113403545	NA	NA
GSE29745_1	-0.00165489204977034	-0.116431718716143	NA	NA
GSE29745_2	-0.00570282801648977	-0.0464429050269674	NA	NA
GSE29745_3	0.000240591455224167	-0.066873500863651	NA	NA
GSE35546_1	-0.00637861839296388	-0.0175831793880793	NA	NA
GSE35546_2	-0.00730475264710375	-0.0240448438796516	NA	NA
GSE35546_3	-0.0100913937547601	-0.0234013801840298	NA	NA
GSE35546_4	-0.00649478385239654	-0.00918130011808084	NA	NA
GSE35546_5	-0.00534699141118169	-0.00597186747985307	NA	NA
GSE35546_6	-0.00439910266923648	-0.00296344723197907	NA	NA
GSE35955_1	0.00507746976343284	0.0405374855330987	0.000585007546194732	0.00838141308234286
GSE35956_1	0.00703942023556785	0.0494308525027991	0.000428595141178796	-0.00147193001459719
GSE35957_1	0.000496615643450272	0.0530609592859188	0.00336485274589534	0.00177502622798168
GSE35958_1	0.00128443066182867	0.00754113987103245	0.000485876110663956	-0.00828936914131528
GSE39340_1	0.00353406386526258	0.0272246060276683	NA	0.00406617618395617
GSE39340_2	-7.82361608526174e-05	0.0589042988548989	0	0.0102143636445071
GSE39340_3	-0.00364357120801729	-0.0374174355029368	0	0.00741481419047812
GSE39795_1	0.0157790736193745	0.0126527373467597	NA	0.00510324259409639
GSE39795_2	-0.00364821425159625	-0.010836005639776	-0.00400794555825594	0.000630273520595031
GSE39795_3	0.00430808176181606	-0.0258954251367785	0	-0.000816648706840893
GSE41038_1	-0.00253833908902101	0.0104532440997779	NA	-0.0128415777008776
GSE41038_2	-3.96353325098355e-05	-0.0145711951111061	NA	-0.00427278643192566
GSE41038_3	0.00693799435386077	-0.0082412817706836	NA	0.00713094720205499
GSE41992_1	0.000861584969561141	-0.0160526233727046	NA	NA
GSE42235_1	0.00131701342216508	-0.0136339476535609	0.0074746608744934	0.00373440002132029
GSE42235_2	-0.00897967688264401	-0.0412693423854603	0.000676841834233	0.000852478133867185
GSE42235_3	-0.00795794088865196	-0.0409895877023166	-0.00454499114635125	-0.00890278582369913
GSE42235_4	-0.0120160177811932	-0.0323503361339685	-0.00591118386562079	-0.00321866979847208
GSE45233_1	-0.0125705753829725	-0.0634358305308376	NA	-0.0277185176511371
GSE45233_2	-0.0055461709530193	-0.0232401818814952	0	0.00952417299722191
GSE45233_3	5.18517863241572e-05	0.0160574500390398	NA	-0.00347611818761577
GSE45233_4	-0.00682328674827846	-0.0320031226123116	0	-0.0227313278881261
GSE46053_1	-0.0117960977208883	-0.0511630537815547	-0.0118792112103703	-0.020547863747251
GSE46053_2	-0.0242848219079287	-0.0746435597081821	-0.0177300197322605	-0.0219150298721944
GSE46750_1	-0.0255635584518223	-0.0362440785893236	NA	0
GSE51588_1	0.0142122826334868	0.0907074719801845	0.0142849671129925	0.0242967640733964
GSE52817_1	-0.000178921388831398	-0.00530387781017746	NA	NA
GSE52817_2	-0.00640280161941297	-0.0134947874872733	NA	NA
GSE52817_3	0.00458398787737576	0.0635795958747026	NA	NA
GSE52817_4	0.00452220896697028	0.00801484778014058	NA	NA
GSE55235_1	-0.00444007035415426	-0.0618111678006213	-0.00913332611728733	0.0073108157122797
GSE55235_2	0.00590388597282325	0.00115475555926023	0.00443249992685316	-0.00293505267217702
GSE55235_3	0.00594344614956151	0.0487186496350182	0.00218865033769376	-0.000168463611859841
GSE55457_1	-0.00205668099486644	-0.0731549035290028	0.00228720686243599	-0.0108772385727661
GSE55457_2	0.00878498337585822	-0.00478688473485602	0.00999417249417249	0.00680158300480347
GSE55584_1	-0.0133877719069512	-0.0696766379905238	-0.00514563106796117	-0.0177311069715191
GSE57218_1	-0.0281780588384362	-0.0769424253128556	-0.0320558036645937	-0.0129250912365866
GSE57218_2	0.00600655383264079	0.0251978929886706	-0.0030118075777835	-0.00138239890381586
GSE57218_3	0.0241633582846549	0.0601622176572426	0.01434439871694	0.011735805196974
GSE60762_1	0.00116279383435778	-0.00186569912208952	NA	0.00274312673011609
GSE62914_1	-0.0053637914041166	0.0322941594955966	NA	-0.00541850403992839
GSE62914_2	-0.005755458025735	0.0144131486829285	NA	-0.00305824164496278
GSE62914_3	-0.000662528462626608	0.0311975839266368	-0.00480769230769231	-0.00383421295897677
GSE62914_4	0.00182503771673779	0.0343023732394871	0	0.00471702432479339
GSE64394_1	-0.00532313180040315	-0.0567693626766591	NA	-0.00942087539415891
GSE66635_1	0.0184174109407754	0.0251962055233541	NA	0.00762159221701889
GSE68038_1	-0.00311698801908352	0.0265781736932143	0.00406602254428341	-0.0040501221096837
GSE68428_1	-0.0247487878881595	-0.0707781210718462	-0.021100744256283	-0.0274635075817212
GSE68428_2	-0.0237059948691162	-0.0608033330935018	-0.0152586174576641	-0.0234935027050613
GSE68428_3	-0.00927886102191089	-0.0488290634427959	-0.00543999093077664	-0.0151668785556074
GSE69459_1	0.000299070319162886	0.0143503304144223	NA	NA
GSE69459_2	0.00270746436696368	0.0344124973681842	NA	NA
GSE69459_3	0.00143182480024753	0.0306967686347856	NA	NA
GSE69459_4	0.00244874967945825	0.0280549970861908	NA	NA
GSE69992_1	0.00551868677432974	0.0149378957919774	0.00460414011457782	0.0229106080642653
GSE70719_1	-0.00418767507002801	0.049285845481471	0.000722543352601156	0.00236160177814722
GSE7116_1	0.0115485879979747	0.00154947558500785	0.00427350427350427	0.00241600969455203
GSE7116_2	0.00756697626131367	-0.00712102001419671	NA	0.00130788918068092
GSE7116_3	-0.00130938409873697	-0.00736575308649486	-0.0101010101010101	0.00174740718552984
GSE72575_1	-0.00830691618387486	-0.00254441026383663	-0.0100694444444444	-0.0158579432847831
GSE72575_2	0.00551740072563842	0.0478987417987223	0.00413377887668819	0.0142854443662318
GSE72575_3	-0.00194474232013124	0.0221462006419012	-0.00219714525601411	-4.64027715143048e-06
GSE72575_4	0	-0.0122266982821678	0	-0.00444184228602251
GSE75181_1	-0.00870403129286703	-0.0323447709645066	-0.0109828073550743	0.013257740764692
GSE75181_2	-0.0139964096859976	-0.0652105305063936	-0.0122436825391949	-0.0288313724785807
GSE75181_3	-0.0128908472845807	-0.0514485353370564	-0.0107962595756162	-0.00281796809890553
GSE75230_1	0.0333243755179868	0.046780404099064	0.0298625727374025	0.0132375705919203
GSE7669_1	0.0449753099296162	0.074526818596029	0.0138996138996139	0.0382435520363001
GSE77916_1	-0.0147058823529412	-0.0247464318509614	0	0
GSE80614_1	-0.02	-0.0293863094594288	-0.00757575757575758	-0.0139603371223161
GSE80614_2	-0.00539115192198893	0.016694933681174	-0.00729397092746552	0.0108008756470584
GSE80614_3	-0.00833333333333333	-0.001287010290645	0	-0.00207112105665015
GSE80614_4	0.0108525793066833	0.0321247631658852	0.00934586101533396	0.0216008786537671
GSE80614_5	-0.00329958427397919	0.015708551341226	-0.00713201278445268	0.0068087120004647
GSE80614_6	-0.00596366625806506	-0.00777762106163377	-0.00705487240983216	0.0078838159256923
GSE80614_7	-0.00115900133286492	0.0192040132942776	-0.00176511630664934	0.0108881397424196
GSE80614_8	0.00489859197357908	0.0416636824595033	0.00538616227006004	0.0176832898141865
GSE80614_9	-0.0138888888888889	-0.0282796755527567	-0.00423728813559322	-0.00429525028130736
GSE80614_10	-0.00102642455583632	0.00222133937846647	0.00552633268763578	-0.00388010768728878
GSE80614_11	-0.00892857142857143	-0.0247198870809894	NA	-0.00512293185266528
GSE80614_12	0.0198144073044338	0.0777150159348904	0.0207303490493399	0.0193845200562607
GSE80614_13	0.0213194700702368	0.0776978721399136	0.0196630094043887	0.0258533794644073
GSE80614_14	0.0191932875338275	0.0837609678030526	0.0185641386288744	0.0320440744525762
GSE80614_15	0.00972513629339076	0.0787737992403276	0.00890778977316966	0.0284847570580618
GSE80614_16	0.00806849250159568	0.0796389030417465	0.00845329543469022	0.0369928049416946
GSE85254_1	-0.0203929369884942	-0.0771165035221814	-0.010717755647316	-0.0181729715046196
GSE86578_1	-0.0218246523927737	-0.0625256626208054	-0.00843457749535097	-0.00679083096659324
GSE86578_2	-0.023716137579928	-0.0620119476832311	-0.0098849646535481	-0.0234502962321812
GSE86578_3	-0.0223079727500591	-0.0423411988120996	-0.0186260497190433	-0.0257131295766254
GSE9329_1	0.0106571132864016	0.0299326510837166	NA	NA
GSE93698_1	0.00546713077750727	0.0433324022152718	0.00751663050589871	0.0226258633007859
GSE93698_2	0.00803105514123445	0.0464132453167194	0.0104027244929989	0.0236433697998266
GSE93698_3	0.00761509370460599	0.0631187404338159	0.0093533882378209	0.0246597672829406
GSE93698_4	0.0077028959498952	0.0516280457970543	0.00935468055424637	0.0235792645290836
GSE93698_5	0.00688867562680426	0.0769240438662562	0.00882320326247852	0.0219619932442142
GSE93698_6	-0.00939452278579278	-0.00896783947049616	-0.0041087962962963	-0.00576257458444354
GSE93698_7	0.000650665693135442	0.0266308218633416	0.00069144128604484	-0.00160330423419912
GSE93698_8	-0.00369519490800319	0.00637177074794343	0	0.013151267316869
GSE93698_9	0.0065342855431709	0.0735469104028764	0.002590574130773	0.0139430661190417
GSE93698_10	0.00382803695038563	0.0350974180036119	-0.000613605148702243	0.0095753473408668
GSE93698_11	0.00926031263283828	0.0143009241382373	0.00634253701480592	0.0144953578081835
GSE93698_12	0.0110907612075326	0.0744036007529471	0.00408376018928085	0.00997372941026869
GSE93698_13	0.00309835223222494	-0.0251324325521693	0.00913779377660863	0.00974833658051168
GSE93698_14	0.00851199737923187	0.0601720103072289	0.0122269203664553	-0.00166737908585977
GSE93698_15	0.00592172279938578	0.0644650967685724	0.00299776829200259	0.00740416932732961
GSE93720_1	-0.00371148604706352	-0.0237446261669206	NA	NA
GSE93720_2	-0.0064898364631933	-0.0261653379269569	NA	NA
GSE93720_3	-0.00977216928442061	-0.0558223114669988	NA	NA
GSE93720_4	-0.011052332118474	-0.0501755802678405	NA	NA
E-MTAB-5564_1	0.0112492135193833	0.0519563600042483	0.0179170524398835	0.0142805241757982
GSE77753_1	0.00195313552698952	-0.0157908407100197	NA	0.00469979447060569
GSE43861_1	0.00581888521947953	0.0147870899485254	NA	NA
GSE112809_1	0	0.0140449318880842	NA	NA
GSE111946_1	-0.00093351672507288	-0.0114880900873159	NA	NA
GSE111946_2	0	-0.0273224060541245	NA	NA
E-MTAB-3201_1	-0.00495178183024352	-0.050838101516225	-0.00179328394532782	-0.0244442189505858
GSE57740_1	-0.0133578414177272	0.0188966310786344	NA	NA
GSE52992_1	0.0124434594585355	-0.000785335985124468	0.0061242239366783	0.0108529119483714
GSE17160_1	-0.0249767729305096	-0.0769182229366106	NA	NA
GSE17160_2	-0.016669940193327	-0.0373114144100373	NA	NA
GSE17160_3	-0.0385292350414297	-0.0724312707050782	NA	NA
GSE17160_4	-0.0164378008050154	-0.0983639518346787	NA	NA
GSE17160_5	-0.0262663193519363	-0.0938070409746501	NA	NA
GSE17160_6	-0.00938951596772274	-0.0757962845749451	NA	NA
GSE17160_7	-0.0131194972515962	-0.0686319973277389	NA	NA
GSE17160_8	-0.0153437213761417	-0.103745484165168	NA	NA
GSE17160_9	0.000360337663405643	0.099839358793697	NA	NA
GSE17160_10	0.00127161218040726	0.091968993951044	NA	NA
GSE17160_11	0.00211628580049633	0.0978389542789237	NA	NA
GSE17160_12	1.31987556556881e-05	0.0856427861373707	NA	NA
GSE22971_1	0.0109705371633508	0.0823817035531535	NA	0.0198241109474417
GSE22971_2	0.0122185058316445	-0.0438184101530038	NA	-0.005455416736053
GSE22971_3	-0.0122316951288405	-0.0717899112804555	-0.0179844156437579	-0.0226138993290208
GSE22971_4	-0.0181020328394583	-0.121574857774017	-0.0223825724877686	-0.0339629334651266
GSE13590_1	-0.0372436119016682	-0.108346414240993	-0.0377556850622087	-0.0564155497411524
GSE13590_2	0	-0.0254992312281386	0	0.00300428252848309
GSE99731_1	-0.00254112607053784	-0.00719168449843295	NA	0.00100236821528836
GSE99731_2	0.0102691930495134	0.0806807697369428	NA	0.0255881013264487
GSE99731_3	0.00952493813382112	0.0187745921086143	0.00907517409622702	0.0331504204347973
GSE27492_1	-0.0405714285714286	-0.0803703522246149	0	-0.0188727604933259
GSE27492_2	-0.0535527690700104	-0.156939130874906	-0.0445663458734325	-0.038752560616279
GSE27492_3	-0.0309254891235335	-0.133818465918995	-0.0318209056703442	-0.0483957747335978
GSE27492_4	-0.0281823859137896	-0.117967226772227	-0.0355344999288102	-0.0422053722876643
GSE27492_5	-0.0337240999018763	-0.116510629461156	-0.0293666526171597	-0.0310115830598134
GSE27492_6	-0.00321845814637299	-0.000954836229157254	-0.00625348530737752	-0.0113112041639007
GSE27492_7	-0.00121378541865648	-0.015999426961167	-0.00993850993850994	-0.00106611974766672
GSE27492_8	-0.0038811721734095	0.00711712315290244	-0.0117899507228182	0.00467211551143672
E-GEOD-15069_1	0.0775076384517357	0.416038219035891	0.0845807649208676	0.11419682790265
E-GEOD-15069_2	0.0163186868075636	0.19618646908341	0.0147433912830414	0.0375503513056187
E-GEOD-15069_3	-0.00812428036705925	0.023528000485579	-0.00780423622719357	-0.0224108301802671
E-GEOD-15118_1	0.0135275538193001	0.117560915399775	NA	NA
E-GEOD-15118_2	-0.0100040016006403	0.00161323294009216	NA	NA
E-GEOD-15118_3	-0.0289728492784654	-0.0978478217841064	NA	NA
E-GEOD-15118_4	-0.0178913603316067	-0.0180439242484752	NA	NA
E-GEOD-16007_1	-0.0338101966967618	-0.171208163592215	NA	NA
E-GEOD-17473_1	-0.0122062526775545	-0.00180845961976858	NA	-0.0132814458949274
E-GEOD-18647_1	0.00430371823729188	-0.0374171200278116	NA	0.00884569743679012
E-GEOD-18647_2	0.00282471545566912	-0.083532207770478	NA	-0.0108873305791114
E-GEOD-18647_3	0.00217912302125831	-0.0021465035555872	NA	-0.00950906803772377
E-GEOD-18647_4	-0.00566820921186601	-0.0359541312307078	-0.00471698113207547	-0.0194268345681933
E-GEOD-18648_1	-0.0155379993877171	-0.0104156396362524	-0.00992026241955839	-0.0103194952396535
E-GEOD-18648_2	0.00826982409956793	0.00926702026097688	0.00997293215823038	0.00798635658258981
E-GEOD-2154_1	0.0117108651688944	-0.0491809786215024	0.0104395604395604	-0.0307299384326801
E-GEOD-2154_2	-0.0183997371647611	-0.0699888189327942	-0.0153819592640015	-0.0283425572351561
E-GEOD-2154_3	-0.020715270606634	-0.0414571827761773	-0.0132884607978639	-0.0331151033458927
E-GEOD-2154_4	0.00517629435905025	-0.00229566199594096	0.00625424603434697	-0.0171880650359802
E-GEOD-26475_1	-0.0463770077015321	-0.140800327996019	-0.0493926106958022	-0.0544303211036796
E-GEOD-26475_2	-0.0213272543059777	-0.136529641545134	-0.00515463917525773	-0.0401814442176837
E-GEOD-26475_3	-0.0545540570175966	-0.177996418271012	-0.0577038490354953	-0.0758884149033233
E-GEOD-33567_1	0.00563378043078281	0.210562847959437	NA	NA
E-GEOD-33567_2	0.00849844447176088	0.036720767891406	NA	NA
E-GEOD-37287_1	-0.00333877615362877	-0.0656905676339598	NA	NA
E-GEOD-37287_2	-0.00288518277842448	-0.0665203485091087	NA	NA
E-GEOD-37287_3	-0.00326620578142072	-0.0559910309545438	NA	NA
E-GEOD-51994_1	-0.0165538994210783	-0.0970011454207768	-0.023308256850701	-0.0246726277718405
E-GEOD-51994_2	-0.00994122821096634	-0.0851850382975329	-0.0198482311612288	-0.0284603518629711
E-GEOD-51994_3	-0.0104826318459747	-0.0323408903374047	-0.0114777885397052	-0.0243734750743456
E-GEOD-65077_1	0	0.0180896796951785	NA	NA
E-MEXP-1244_1	-0.0120810386229735	0.0461196596609707	NA	NA
E-MTAB-1123_1	-0.0328401895856444	-0.226022740055925	-0.0280565336210852	-0.0541929050316549
E-MTAB-1123_2	-0.0237870744792155	-0.162581767320961	-0.0206006872008835	-0.0380210480100736
E-MTAB-1123_3	-0.0134401064741996	0.00276389427005423	-0.00666666666666667	0.00105488811909329
E-MTAB-1123_4	-0.0170940170940171	-0.163250264792893	0	-0.0315536829873751
E-MTAB-1391_1	-0.00350057011023932	-0.00482752282885251	-0.000889556420195559	-0.00177264030020775
E-MTAB-1391_2	0.00831107735192529	0.103402198603857	0.00830950008325473	0.0237552352202913
E-MTAB-1391_3	0.00827057561087903	0.130914649851482	0.00829982671434584	0.0202940842564499
E-MTAB-2450_1	0.0384585686921672	0.165587492885312	0.0268035372434346	0.0242352086466794
E-MTAB-2450_2	-0.0359556442629913	-0.137618245389285	-0.00735773258249484	0.0052159727628884
E-MTAB-2450_3	-0.0358486901465684	-0.207625106294677	-0.0262279331371461	-0.00833206663930204
E-MTAB-2450_4	0.0437632143952955	0.0436809827379459	0.0426230679328456	0.0360328850686911
E-MTAB-5023_1	0.000394807122182281	-0.0426341244028129	NA	-0.0162976614364957
E-MTAB-5326_1	0.00221983031654202	-0.0137734874119456	NA	NA
E-MTAB-5326_2	-0.000762326267689166	-0.0175743720217222	NA	NA
E-MTAB-5326_3	-0.00602796398309772	-0.0499716914041753	NA	NA
GSE102588_1	0.001214150779514	0.0630282582270178	-0.00452267846684454	-0.00127536722279548
GSE104793_1	-0.0400017580847674	-0.192119372690859	-0.0375817666728281	-0.0884522065931722
GSE104794_1	-0.074954020278417	-0.330575979945638	-0.0709434941131565	-0.112073655875179
GSE104795_1	-0.0811365202914971	-0.324984260693938	-0.0786169932294443	-0.102282648109567
GSE105139_1	0	-0.0957133915632517	NA	-0.0106202407609948
GSE105139_2	-0.00851531955963423	-0.0791133621052603	NA	-0.0101309096465332
GSE105139_3	-0.0048025153981996	-0.0297694493019291	0	-0.00301543896874767
GSE10555_1	0.00834258031671905	0.0835937598476731	NA	NA
GSE10556_1	0.0614398838459027	0.178084415183452	0.0597710296239708	0.0791057393090564
GSE106631_1	-0.0352775129854226	-0.111193450468008	-0.0330051358812672	-0.0560865309124205
GSE13104_1	0.000771548365988314	-0.0100657817745147	NA	NA
GSE13104_2	-0.00155856720917026	-0.00789052675431893	NA	NA
GSE13104_3	-0.01062899128886	-0.135240195234393	NA	NA
GSE16749_1	-0.00222097927031164	0.0873270548385644	NA	NA
GSE16749_2	0.000692962335457768	0.0394165638347316	NA	NA
GSE16749_3	0.000470729895397269	-0.00904802757920229	NA	NA
GSE17348_1	0.0504759739957207	0.231719010024879	NA	NA
GSE17563_1	0.000959648377334705	-0.0567092199635142	NA	NA
GSE17563_2	0.000886105685349469	0.0952286142624877	NA	NA
GSE17569_1	0.00148859990493926	0.127691945858643	NA	NA
GSE17569_2	-0.0127919970006038	-0.110469682714993	NA	NA
GSE17570_1	-0.0115003211920103	-0.115331083032398	NA	NA
GSE17570_2	0.000883767007952362	0.0416668269969505	NA	NA
GSE18991_1	-0.00505050505050505	-0.0198394443865618	NA	-0.00775853553617432
GSE18992_1	0	0.0181089001627745	NA	-0.00635857117476784
GSE19299_1	-0.013976599599825	-0.150615589939749	-0.0143425956003751	-0.0654564080772316
GSE20850_1	-0.0038296437612131	-0.0146128933125892	NA	NA
GSE21093_1	-0.0102909920593642	0.00102611072158352	NA	NA
GSE21523_1	-0.0115684615810308	-0.0741998556850651	NA	NA
GSE21639_1	-0.00808796801163213	-0.00802400267296232	NA	NA
GSE21639_2	0.0067232148453079	0.0306506727641865	NA	NA
GSE21639_3	-0.00187722952428835	-0.023106687701324	NA	NA
GSE21639_4	0.00831941753160492	0.0196134740564371	NA	NA
GSE21710_1	0.00905944109979502	0.204397061738567	NA	NA
GSE21710_2	0.00910008275948787	0.22064807797745	NA	NA
GSE21710_3	0.00673304543229641	0.187353206743803	NA	NA
GSE22925_1	-0.0317152411088468	-0.151651422532032	-0.0312514115454742	-0.0416159507855009
GSE22925_2	-0.0168993272984134	-0.0663799860318338	-0.0170861608554709	-0.0132173442633229
GSE26499_1	-0.00336636576928759	-0.035177048186898	NA	NA
GSE30160_1	-0.000622193624942751	0.0366600663733898	-0.00136556713647644	-0.0148796696463721
GSE30628_1	-0.0092722013187058	-0.0746655720440226	-0.0108561541129725	-0.0307823568506219
GSE30628_2	-0.00190685140024182	-0.0248707215336462	-0.00245370623480076	-0.00271915395189684
GSE32163_1	-0.0189522984986781	-0.0742659149623766	NA	-0.0122535568699835
GSE33656_1	0.00734849114965226	0.122190095157971	NA	NA
GSE33754_1	0.00489023525549238	0.0427050877119349	0.0028862170951987	0.00802906355656367
GSE33754_2	-0.0173742268410815	-0.0243496836790679	-0.0131246761751662	-0.0103541688445199
GSE33754_3	0.00390785712602309	0.0173684048366805	0.00211936855057789	-0.0035955365169555
GSE34570_1	0.0102573548413134	0.0465068270151181	NA	NA
GSE35003_1	-0.00114041828162685	-0.0383418735305473	NA	NA
GSE35466_1	-0.0153552821542904	-0.0168914464529491	NA	NA
GSE35466_2	-0.00505851683398968	-0.0330015296556772	NA	NA
GSE35466_3	-0.00492440178546921	0.00050935045554227	NA	NA
GSE35466_4	-0.0123397989332719	-0.0135425323127405	NA	NA
GSE35466_5	0.00209443099273608	-0.0573621875246274	NA	NA
GSE36925_1	0	-0.000562070549725134	NA	NA
GSE36925_2	-0.017167065692689	-0.0825225423521852	NA	NA
GSE36925_3	-0.013382863182302	-0.0522212219114092	NA	NA
GSE37219_1	0.00126733762209439	-0.0713569806886039	NA	NA
GSE37676_1	0.0130916145074166	0.0668246435084805	0.0173480375851373	0.015397174329723
GSE41342_1	0.00621536845887051	0.0384696243526431	0.00958947571904753	0.00981109010897357
GSE41342_2	0.0172029587591624	0.0546293723487235	NA	0.00232713901251082
GSE41342_3	0.0122956464797001	-0.0611419970634832	NA	-0.00748848774267675
GSE41342_4	0.0191567628749293	0.148997959128539	0.0045045045045045	0.0250845647120065
GSE41997_1	0.0253852545528256	0.0304069853574315	0.00888388388388388	0.0163882056501018
GSE43242_1	-0.00244535450957469	0.013768545397922	-0.00957911576325183	-0.00293768193139262
GSE43242_2	0.0292173833280534	0.0622352187599613	0.00969975879381786	0.0236433373091253
GSE43663_1	0.00416666666666667	-0.00655373746209514	NA	-0.00582630819325001
GSE43854_1	-0.0150414677444193	-0.174419850501448	NA	NA
GSE45656_1	-0.00137224641609823	0.0273428195484504	NA	NA
GSE45656_2	-8.03864113701665e-05	0.135429548803284	NA	NA
GSE45656_3	0.00233698429382723	0.149685879831672	NA	NA
GSE45793_1	-0.00531829460584854	-0.0298005189838446	-0.00413609312404137	0
GSE45793_2	-0.0263558420891827	-0.135812459291044	-0.030872524584994	0
GSE45793_3	-0.00505987671181222	-0.0478299072921209	-0.00850670010916984	0
GSE45793_4	-0.0142081231554239	-0.098053176690346	-0.0135259256612474	0
GSE45793_5	-0.00426507420339995	-0.0151728349116627	-0.00858894519362398	0
GSE46390_1	0.00399962276693268	0.0318278224578191	NA	NA
GSE48438_1	-0.0191658047549407	-0.0497539649082577	NA	-0.0202339977538249
GSE50549_1	-0.00111329772151651	-0.0226968987088377	-0.00111964182166912	-0.00715224621582967
GSE50549_2	4.01066043086281e-05	-0.0126999718383419	2.97257193586043e-05	0.00543336780127986
GSE51098_1	-0.0133525313990057	-0.0638458478019223	-0.0183504926607054	-0.0391888062124092
GSE53857_1	-0.00328447640970174	-0.00991209044909708	0	0.00505985859957273
GSE53857_2	-0.012362258953168	-0.0587067089410866	-0.0178571428571429	-0.0200194154255248
GSE53857_3	0.00378787878787879	-0.0158765722628246	0	-0.00462597490989786
GSE53982_1	0.0343423666667017	0.118277087610831	0.0326189606276248	0.0448171983267643
GSE53982_2	0.00734276816704519	-0.0150778233069157	0.00755816692047325	-0.0113405295265681
GSE54779_1	-0.0065211925365734	-0.0972501160483349	-0.00608295100602183	-0.0187108892337671
GSE55900_1	0	0.0392052777391745	0	0.00398986904707349
GSE57104_1	0.00195064026738614	-0.0132996977223037	NA	-0.0033910700987437
GSE59387_1	-0.00716256877505591	-0.0219543582016745	NA	NA
GSE60401_1	0.0136539283545992	0.105550231710549	NA	NA
GSE60401_2	0.0181004177821168	0.0824670557331263	NA	NA
GSE60651_1	0.0476767545412034	0.193131113931365	NA	NA
GSE60737_1	-0.0102440978864545	-0.0757980083628668	NA	NA
GSE60761_1	0	-0.0158846279372287	0	-0.00623487101399089
GSE60761_2	0	-0.0250912673569808	NA	-0.00120833374933084
GSE60761_3	0.0116874750774322	-0.00296962284212671	0.00955500955500956	0.00854429292373788
GSE60761_4	0.00973387232326887	-3.63549169519298e-05	0.0104177970699946	0.0168803844867273
GSE63017_1	0	0.0127698944935754	NA	-0.00723141787186882
GSE63017_2	-0.0045045045045045	0.00644617989225048	NA	-0.00845341872739133
GSE63017_3	9.75563654093126e-05	0.0190230544611549	-0.0105263157894737	-0.00141338820241097
GSE63017_4	0	0.0314435187826785	NA	0.00779353017769939
GSE63939_1	0.0045936123168275	0.0771655057839699	0.00268823271890292	0.0355826616948947
GSE63939_2	0.00216413461322361	0.0700832529087195	0.00218118342117092	0.0221585864385658
GSE64141_1	0.0140851676702697	0.176906207547055	NA	NA
GSE64965_1	-0.000189084669965285	-0.00335941148133261	0.000459136693562497	-0.0125393808765589
GSE65745_1	0.00515463917525773	0.031488729115544	NA	0.00694885797321549
GSE65745_2	0.00961538461538462	0.0179026215172108	0.00568181818181818	0.00658564176740565
GSE65745_3	0.00961538461538462	0.0132642669756043	0.00574712643678161	0.00555177168861666
GSE66416_1	0.0120564432542654	0.0396874042214866	NA	NA
GSE66862_1	-0.00775187332056405	-0.0554687682765881	-0.00433226239115805	-0.00644353986241499
GSE69108_1	0.00869669770329976	0.0468781696941038	0.0090869752475653	0.0212559322460905
GSE71565_1	0.00610052579224919	0.0395171710770108	NA	NA
GSE72261_1	9.59677606456959e-05	0.0227482076083067	-0.00458715596330275	0.00297166921213591
GSE72261_2	-0.00053947324015725	0.00675558363441911	-0.00588700227674064	0.000873135150390792
GSE72261_3	-0.00432612818523387	-0.00233642250759479	-0.00913715756760915	-0.0127032723851036
GSE7683_1	0.0548730548730549	0.152441202844164	0.0330783421392199	0.0702796389581524
GSE7683_2	0.127731669415379	0.275747603920021	0.0909895170380275	0.17776657973686
GSE78980_1	0.00504062260584753	0.0155806397631337	NA	NA
GSE78980_2	-0.0045045045045045	-0.00328166468508991	NA	NA
GSE78980_3	0.0192157007245432	0.000318349020477817	NA	NA
GSE78980_4	-0.0507876802264881	-0.11561976525335	NA	NA
GSE78980_5	-0.00876218052772944	-0.0188405357435377	NA	NA
GSE78980_6	-0.00937916279517319	-0.0503557747200219	NA	NA
GSE78980_7	0.00493628213526971	0.01278220145905	NA	NA
GSE78980_8	0.012785362454966	0.0812158716218375	NA	NA
GSE78980_9	0.00183151011079648	0.0092485942130863	NA	NA
GSE78980_10	0.00685395829103814	0.0591487342522704	NA	NA
GSE81399_1	-0.00262741465613908	0.00683780883345079	NA	-0.0141842968450783
GSE84609_1	2.34796330936095e-05	-0.0191997498969951	-1.87288869040337e-05	0.0053260142071902
GSE84907_1	-0.0217941933373892	-0.108743231373832	-0.0202415032882317	-0.0381609673878542
GSE84907_2	-0.032805890112058	-0.132516628225916	-0.0330891839777591	-0.0541436668939999
GSE84907_3	-0.0167231842882438	-0.0451112093048972	-0.0186026591510227	-0.018940034447541
GSE90127_1	0.0112930555115745	0.115830781987135	NA	NA
GSE90127_2	0.015742279948651	0.105491719247227	NA	NA
GSE90127_3	0.00431615059733911	0.0459413004441773	NA	NA
GSE9247_1	-0.0135236402615284	-0.0483669501146223	-0.0106607791726919	-0.00744920261193024
GSE9247_2	0.00261640562660096	0.104650048133901	0.00260297483700603	0.0155911447266917
GSE9247_3	-0.00418991152733369	0.0550645407170858	-0.00754094175146807	0.00751744861313549
GSE99306_1	-0.00616751924597535	-0.0583802477798839	-0.00477979128480055	-0.0100603068572197
GSE99306_2	-0.00357730395049289	-0.0644201970069574	-0.00185812856048506	-0.0136046925803643
GSE99306_3	-0.000691554303469628	0.0166258276157172	-0.001417301047091	0.00526171120485101
GSE99306_4	-0.00108268156104889	-0.054153979442365	0.00185565804021945	-0.0025230767525561
GSE99306_5	0.00159536375952629	-0.106325659719632	-0.00440198110061967	-0.02594798091335
GSE99306_6	-0.00195748092100525	-0.0722473682867397	-0.00161036855465987	-0.0190418599499081
GSE99306_7	0.00148395012543826	-0.0380111686853155	-0.00019078144078144	0.0070784861679773
GSE99306_8	0.00181101044396391	-0.0291026929555925	0.00115154755010205	0.00718097724756321
GSE99306_9	0.00120330210611711	-0.0451793379132158	-0.000274440659538672	0.00179849309857897
GSE99306_10	0.0214845308850235	0.051642785796666	0.0043067183448512	0.0165674148859949
GSE99306_11	-0.00134281236336066	-0.0961820579095978	-0.00192434372024777	-0.00279746576268294
GSE99306_12	0.00105862447707836	-0.0245847468938511	0.00237299207630368	0.00437568024800459
GSE99306_13	-0.021294182975237	-0.100734214185344	-0.0204740922914584	-0.0207741311958873
GSE99414_1	-0.00949879951980792	-0.040259870670425	-0.00971729418841197	-0.012097621512104
GSE110581_1	-0.0119995443271305	-0.0846873844597618	-0.0189688425261746	-0.022118091087752
GSE110581_2	-0.0194174757281553	-0.121891339818659	0	-0.0185381587814162
GSE47799_1	-0.011310365615367	-0.00385336392504026	-0.0184431779259365	-0.00924671857581358
GSE47799_2	-0.0174001915445024	-0.0169961398347469	-0.0106836484593838	-0.0178070052646134
GSE47799_3	0.0165446736405723	0.0125701079795439	0.0168332658723874	0.000322557144615633
GSE111628_1	0.00459770114942529	0.040921540524406	NA	NA
GSE111628_2	0.0089562140645732	0.0948739435721973	NA	NA
GSE111628_3	0.030597750574057	0.0921073488037995	NA	NA
GSE5657_1	-0.0126845216727652	-0.00836212490261779	-0.010125134969401	-0.00737732022712382
GSE5657_2	-0.0114910790144435	-0.0387804416298764	-0.0133116883116883	-0.0113423187531819
GSE13782_1	-0.0275363339123172	-0.210654407099728	-0.03022389768703	-0.0237088586245916
GSE41039_1	-0.0108742463393626	-0.0173662669013474	0	-0.0120461197588857
GSE84198_1	0.000925925925925926	-0.0117881084615711	0.00662251655629139	0.000408454604822773
GSE84198_2	-0.0135206053640368	-0.0421739472014307	-0.012092555331992	-0.0204806926669051
GSE84198_3	0.0111986870784335	0.0242607262026227	0.00994047038024803	0.0115101547343286
E-GEOD-54216_1	-0.0266485496098362	-0.122574942670758	-0.0260964774091262	-0.0390880437766631
E-GEOD-54216_2	-0.0229817849664621	-0.105154296334564	-0.0227856473035807	-0.0272316185410087
E-GEOD-54216_3	-0.0160345805635644	-0.00347924429358379	-0.0157642252232739	-0.0169248386894785
E-GEOD-6119_1	-0.0256468279372047	-0.173889551697859	-0.0238478243394159	-0.0616410163443517
E-GEOD-6119_2	-0.0207643551521251	-0.171053547686284	-0.0208162759005743	-0.0475775951900419
E-GEOD-6119_3	-0.0229151119852804	-0.173651280054025	-0.024442388090297	-0.0550202551267193
E-GEOD-8077_1	0.0204755250441147	0.0532451692337606	0.0234302594995366	0.0345940322847887
E-GEOD-8077_2	0.0035078822159046	0.0160667079853931	-0.0108695652173913	0.0131893310158934
E-GEOD-8077_3	-0.00652448018893882	-0.0355585435138681	-0.00319100991495865	-0.0188328272492312
GSE103416_1	-0.0212537009996981	-0.154434474233374	-0.0197494942924419	-0.036213213587441
GSE103416_2	-0.0133975827355845	-0.0520605161044094	-0.0185097443442615	-0.0281655024575275
GSE103416_3	-0.0131443313332162	-0.00836388961125975	-0.0161274267606254	-0.0103453523891209
GSE19950_1	0.00224505643841695	-0.0726138156961987	-0.00398695560698506	-0.0031890126962799
GSE30322_1	0.0187181484361732	0.0785414742072401	0.0168053126144083	0.0227349553421792
GSE30322_2	0.0099164814240236	0.0356300776994015	0.013162160459159	-0.00694869836011799
GSE30322_3	-0.00329395506469475	0.0110620959684657	-0.00439839352523397	-0.0112903698064592
GSE42295_1	-0.0169491525423729	-0.0540542506592759	0	0.00512498172239087
GSE42295_2	-0.0204738106128667	-0.0428339509551854	-0.0292813695446506	-0.0237557038836414
GSE42295_3	-0.0110086428911619	-0.0179383240440379	-0.0309511520923155	-0.0229081577337622
GSE66554_1	0.0133493762151119	0.191923153632346	0.0123929213095922	0.0449517726111238
GSE66554_2	0.0220402686536921	0.170626380315735	0.0256324671434414	0.0388407151615244
GSE66554_3	0.000358430140519129	-0.000791581834557293	0	0.00608177958973537
GSE66554_4	4.39328260536283e-05	0.00356180712289139	0.000990648840200868	0.018236900494965
GSE74898_1	-0.000518276532220439	0.0314509643977005	8.68810253406536e-05	-0.0123847625587073
GSE74898_2	0.000523037750064282	0.0176506321589596	-0.00202619011739391	-0.0112184443536375
GSE74898_3	-0.00777988415797713	0.00384053323884731	-0.00931241599772684	-0.0153557003216849
GSE79176_1	0	0.00711343230639541	NA	NA
GSE79176_2	-0.00476190476190476	-0.00355513118190695	NA	NA
GSE79176_3	-0.00471698113207547	-0.0101592701501993	NA	NA
GSE85785_1	-0.0207680330697467	-0.102535183646774	-0.00347222222222222	-0.0247737187622499
GSE23492_1	0.00669367480274626	0.0552634068509929	NA	NA
GSE23492_2	0.0136899813985834	0.0145919770824346	NA	NA
GSE23492_3	0.0110417173205885	0.107656750641872	NA	NA
GSE23492_4	0.0106136300646367	0.0524221060700479	NA	NA
GSE23492_5	-0.00989583877138734	-0.0703467405304765	NA	NA
GSE44991_1	0.0303553859814961	0.0199755878437701	0.0116862745098039	0.0174246253557187
GSE44991_2	0.00414443437699252	0.00091798177652984	NA	0.0131803833880605
GSE39796_1	-0.00490539101124806	-0.0697700039567195	NA	NA
GSE39796_2	0.00684855684855685	-0.0112851858120837	NA	NA
GSE39796_3	-0.0156631448684997	-0.0886067977495535	NA	NA
GSE18394_1	0.00189285289567125	0.0389740338484316	0.00269483864589815	0
GSE18394_2	-0.00202964388865203	-0.0288787577636235	-0.00185565692285798	0
GSE18394_3	0.00379608887213834	0.0623029634193451	0.00500827878982509	0
GSE29233_1	-0.0113062182190983	-0.0260622986210333	NA	NA
E-MEXP-2291_1	-0.00502484972930764	0.0281172927000399	NA	NA
E-MEXP-2291_2	-0.00222616567405492	-0.0441673219832999	NA	NA
E-MEXP-2291_3	0.00351651239861429	0.0656375978778077	NA	NA
GSE107363_1	4.64294047829161e-05	-0.0314837472800016	NA	NA
GSE85761_1	0.00269993814320033	0.0283659362219757	NA	NA
GSE89179_1	0.00483852010529572	0.0784318142035397	NA	NA
GSE89179_2	-0.0048631606298863	-0.0335365521449543	NA	NA
GSE89179_3	0.00498971084963121	0.0385704891465277	NA	NA
GSE89179_4	0.00612803991285715	0.0268896339261572	NA	NA
GSE89179_5	-8.81771112898801e-05	0.0214291763389046	NA	NA
GSE89179_6	0.0013618403169041	0.0257270160706889	NA	NA
GSE89179_7	-0.00303055089200493	0.00531134700678691	NA	NA
E-GEOD-57723_1	-0.00380868914878242	-0.0307114668812125	NA	NA
E-GEOD-57723_2	-0.0170322304827326	-0.0136722223273871	NA	NA
E-GEOD-57723_3	-0.00563998893492909	-0.0284573562019679	NA	NA
E-GEOD-83930_1	-0.0105320847851336	0.0122572730243548	NA	NA
GSE100268_1	-0.000524830319769819	0.0114554147778969	NA	NA
E-GEOD-55769_1	-0.0133305705207902	-0.00610516093592672	-0.0117021276595745	-0.00544007076643487
E-GEOD-55769_2	-0.000110537951363301	-0.0110211080897567	0.00166821130676552	-0.00656272748943857
E-GEOD-55769_3	-0.0160323362294595	-0.010692180579655	-0.0118218656747736	-0.0112883276022479
E-GEOD-69110_1	-0.0123884352159062	0.0363596958129714	-0.0160702231104504	0.00981089494662315
E-MTAB-4304_1	-0.00745706611848344	-0.0511507889392658	-0.00741842105594215	0.00589173294550099
E-MTAB-4879_1	-0.0141902985494825	-0.0662663034936351	-0.0178706479755827	-0.000511729227803948
E-MTAB-4879_2	-0.000886162736323605	0.0245926862080491	0.00362340334806298	0.0131927910693618
E-MTAB-4879_3	-0.000229147270050031	0.0207408575681233	0.000120675784392598	0.000362108460691169
E-MTAB-4879_4	0.00048920151103427	0.0285683705409791	0.000223098088793039	0.00608870318947396
Cytokine_Explant_1	-0.00691694631173674	-0.0669535138150685	-0.0231017076651598	-0.013574819828474
Cytokine_Explant_2	-0.0104769906506089	-0.122903962379549	-0.0109587639284818	-0.0301942898647194
Cytokine_Explant_3	-0.0108826883821886	-0.102471575926025	-0.0162796562418453	-0.0105948513578893
Cytokine_Explant_4	-0.00861483903679911	-0.0454464449816217	-0.0207115562762092	-0.02455797175899
Cytokine_Explant_5	-0.0100707376727939	-0.0820259614796815	-0.0155996703866549	-0.0292034207726279
FN1_Explant_1	-0.0149671204964342	-0.0613779879788884	-0.0194729762778185	-0.0105710074295308
E-MTAB-6266_1	0.012861630805263	0.0786143147318173	0.0139705124883004	0.000378288548999413
E-MTAB-6266_B_1	0.0101863262817902	0.0869551748080189	0.013094421676826	0.00074529701135392
E-MTAB-6266_B_2	0.0116530097544708	0.0533930204002339	0.0116067200312831	0.00707323973037131
E-MTAB-6266_B_3	-0.00089603132485194	-0.0413078699370157	-0.00261610627021942	0.0078215484890031
GSE70667_1	-0.00471698113207547	-0.0167879052879052	-0.00632911392405063	-0.0139879096456656
GSE87608_1	0.00547981892321515	0.00556793753237562	NA	-0.00816255706568854
GSE87608_2	-0.0065294361545238	0.0132283487754627	0	-0.00999370167421606
GSE87608_3	0.00970245026280031	0.00346045082773461	0.00528169014084507	0.00578476389932798
GSE87608_4	-0.0012153416579475	-0.00703465609037849	0.0115034090519752	0.0132766761497788
GSE90890_1	-0.00513677498971617	0.034931160690017	-0.00982524563114078	0.00064763509073041
GSE97118_1	-0.0108260608972948	-0.111504946928821	NA	NA
GSE97118_2	-0.00453451679374527	0.00524631993234625	NA	NA
GSE97118_3	-0.020739406964088	-0.109266581001269	NA	NA
GSE97118_4	0.00535766215090807	0.0772671516390967	NA	NA
GSE97118_5	0.000918610074850688	0.0177304969186143	NA	NA
GSE97118_6	0.0194324784089036	0.121316627164434	NA	NA
GSE97118_7	0.0160944040876631	0.00308224219383584	NA	NA
GSE107592_1	-0.00512508280418969	-0.0817515975096997	-0.0122107870633386	-0.0291086238617012
GSE92641_1	-0.00408742021956499	0.00351464987511451	-0.00522324354387179	-0.00888962637969699
GSE107849_1	0	0.00181583603631975	NA	NA
E-ERAD-89_1	0.00738344515716778	0.0298235863161291	NA	NA
E-ERAD-89_2	0	-0.0073489257867373	NA	NA
E-ERAD-89_3	-6.45050313924484e-05	-0.0232598867521387	NA	NA
E-ERAD-89_4	-0.0045045045045045	-0.0118021194577834	NA	NA
E-GEOD-45893_1	0	0.078782655931735	NA	NA
E-GEOD-53105_1	-0.0146006242052942	-0.0117455083997976	-0.000142802741812643	-0.00832428658174997
E-GEOD-53105_2	0.00335139511932978	0.08210982540678	0.00241237694304027	0.0116874160322436
E-GEOD-54461_1	-0.000756883284935415	0.0040195703518289	0.00135352050433067	0.00121065011605338
E-GEOD-54461_2	0.00251803630591118	0.00418984070291351	0.00164194724725265	0.00264190587443133
E-GEOD-54461_3	-0.000477355135898071	-0.0280486233261823	-0.00150999053780609	-0.00715614884845161
E-GEOD-54461_4	-0.00369288015238141	-0.0672141176905859	-0.00432945474311929	0.00015737512986869
E-GEOD-54461_5	-0.011766263464514	-0.145424799491435	-0.0134004151426911	-0.0255420983827706
E-GEOD-54461_6	-0.0120603758872456	-0.179656069386152	-0.0129232448497199	-0.0434735783706454
E-GEOD-54461_7	-0.0110362971269477	-0.176171115835488	-0.0111179375126575	-0.0427534358947322
E-GEOD-54461_8	-0.00636391927581001	-0.152894381304864	-0.00675954511389297	-0.0252261498480083
E-GEOD-73372_1	-7.14087205134903e-05	0.0266326938556415	NA	NA
E-GEOD-73372_2	-0.0236645116634175	-0.072286881544882	NA	NA
E-GEOD-73372_3	-0.0105685126302866	-0.103258220743339	NA	NA
E-GEOD-75549_1	-0.0903871154123935	-0.285174028394569	NA	NA
E-GEOD-76988_1	-0.0120914232369477	-0.0076028979560474	NA	NA
E-MTAB-2923_1	0.00563360075191943	0.155253350089726	NA	NA
E-MTAB-2923_2	-0.00409769597572399	-0.157490461041195	NA	NA
E-MTAB-2923_3	0.00183967977106329	-0.0636361291424234	NA	NA
E-MTAB-2923_4	-0.0128243079322789	-0.189726388362362	NA	NA
E-MTAB-3428_1	-0.00869313344895449	-0.194290215873541	NA	NA
E-MTAB-3428_2	-0.000600196226091643	0.0562163713171392	NA	NA
E-MTAB-3428_3	-0.017582535313767	-0.0995958132298009	NA	NA
E-MTAB-3428_4	-0.00827395084553905	-0.198671765005801	NA	NA
GSE102856_1	-0.0370780242858816	-0.151513528632512	NA	NA
GSE103492_1	-0.00293499813152559	-0.0311557073188015	-0.00300467654673997	-0.014872508614959
GSE103492_2	-0.00752402422792857	-0.01265971298312	-0.025311373367016	-0.00677137460708484
GSE103492_3	-0.00932938724225471	-0.0763016884713407	-0.0179706654851868	-0.0275898011280737
GSE103492_4	-0.0130697044100509	-0.0782366141598605	-0.0204244231074641	-0.0322396769392386
GSE103492_5	-0.000432869084096448	0.0462698559258642	0.000698331840573219	0.0124747553114099
GSE103492_6	-0.0017943110685475	-0.0269708223367394	0.0106683225150124	-0.0138605108565356
GSE103492_7	-0.0142072518243812	-0.0827918641594587	-0.0347070334983308	-0.0196460339077456
GSE103492_8	0.00326215286193211	-0.0190238150407185	0.0203490941228458	-0.01081654529783
GSE103492_9	-0.0054914497988459	-0.045578158631428	0.0134699552772614	-0.0191775537513531
GSE103492_10	-0.00133666274970623	-0.0350018377934337	0	-0.0141817952833196
GSE106259_1	0.00597231729540659	0.0374970120810322	0.00288383699314714	0.0145168562081264
GSE110303_1	-0.000929920692933814	0.0405096771431168	NA	NA
GSE110303_2	-0.010025930894575	-0.100648054264	NA	NA
GSE110303_3	-0.0185630603822823	-0.0760783095239289	NA	NA
GSE110300_1	0.0043178336600957	0.0324435837505752	NA	NA
GSE110300_2	-0.00814227149450518	-0.0374860229032321	NA	NA
GSE110300_3	-0.040828011742711	-0.0763163500975035	NA	NA
GSE110281_1	0.0191064790115118	0.0352146287814618	NA	NA
GSE110281_2	0.0120128696639946	-0.0276225719007678	NA	NA
GSE110281_3	-0.0195161975948503	-0.0715775083010199	NA	NA
GSE104459_1	-0.00700386399755492	-0.0635006014667895	0.000130371297455152	-0.0155807500084264
GSE104459_2	-0.00706268078165089	-0.0865117405684435	-0.00576168929110106	-0.0237838025991169
GSE104459_3	0.00330150615967717	0.0212099286198867	-7.62575900328539e-06	0.0422438657105328
GSE110051_1	-0.000556262539683965	0.0431201698283847	-0.000332187556384189	-0.0135882981627662
GSE110051_2	-0.00505308407042838	-0.0529059757508386	-0.0190534860779892	-0.0398491262187575
GSE110051_3	-0.00407273230658051	-0.00116873455651248	-0.00508257298545565	-0.0189604097991567
GSE112694_1	0.00387918358197806	-0.000284505144118111	0.00361886060720931	0.00248575627320757
GSE112694_2	0.000184104939842566	0.00400885208464721	2.1610792527986e-05	0.00867084996029489
GSE112694_3	0.00794512456222745	0.107479935092595	0.00778348563484142	0.0135184356637367
GSE112694_4	0.00253066508476409	0.0802789871724825	0.00200196405726896	-0.00094449544718091
E-MTAB-5879_1	-0.00535512289747822	-0.0406955316328742	-0.00208916793044982	-0.0101352486878399
E-MTAB-5879_2	0.000514388764467916	-0.0393379165607236	0.000256632888193433	-0.00293211077623635
E-MTAB-5879_3	-0.00435775068254435	-0.0610251060863083	-0.00141330147001812	-0.0281470297782114
E-MTAB-5879_4	0.00117306079973773	-0.0468352767292356	-0.00118463049840503	-0.0299818868138648
E-MTAB-5879_5	-0.00341352228619852	-0.050610093315789	-0.00636215639908286	-0.00736640675458842
E-MTAB-5879_6	-0.00282765761222013	-0.0655638253275907	-0.00868375717059736	-0.00936006194100694
E-MTAB-5879_7	-0.00518787253800615	-0.0609402220299499	0	-0.0510296816911339
E-MTAB-5879_8	-0.00680896375903485	-0.016308853891593	0	-0.0241212333765525
E-MTAB-5879_9	0.00179967469591653	-0.0265358917821414	0	-0.018278030512783
E-MTAB-5879_10	0.00323224311787968	-0.0284370048266438	0	-0.0347958151915974
E-MTAB-4294_1	-0.00857199408937601	-0.0655747998728498	-0.0112799455373173	-0.0144351142705551
E-MTAB-4294_2	-0.00684256625981945	-0.0488222960896774	-0.00858205864513426	0.00891329410232858
E-MTAB-4294_3	-0.00487790102846984	0.00994676052729671	-0.00650493342696178	0.00661987463929973
E-MTAB-3186_1	-0.0026485382088462	-0.079766315346544	-0.00460691911034421	-0.00741525684683711
E-MTAB-3186_2	0.00235969664589526	-0.0199276651732032	-0.000325214240732374	-0.00660514470404593
E-MTAB-3186_3	0.00296448733663485	0.0125584185497476	0.00663919449791189	-0.00394420076078663
E-MTAB-3186_4	0.000868978977531991	-0.0264832190697551	0.00240161864945126	0.0121142152175794
