comparisonID	jaccard	cosine	sigjaccard	chrDir
22659600_1	-0.00806451612903226	-0.00463916998392057	-0.0102040816326531	-0.0200703121314787
24361742_1	0.00666666666666667	0.032956871509023	0	0
GSE72258_1	0	0.0218262874533016	0	0
GSE72258_2	NA	0.00761278676890483	NA	0
GSE69531_1	-0.000205098298919651	-0.0751677544533677	NA	NA
GSE69531_2	-0.000625854206416867	-0.0544978481809502	NA	NA
GSE69531_3	0.00216873706004141	0.0103078653593782	NA	NA
GSE69531_4	-0.000205098298919651	-0.0751677544533677	NA	NA
GSE58203_1	0.00803212851405622	0.111658826395984	0.00641025641025641	0.0320663766980295
GSE58203_2	0.00704225352112676	0.159442738694027	0.0077319587628866	0.0449645067561183
GSE58203_3	0.0019375942507596	0.0857295315881101	0.00249987781633351	0.0216168454258763
GSE58203_4	-0.000289484752336555	-0.0142320493597168	-0.000438625062428072	0.00618503086231253
GSE58203_5	0.00700934579439252	0.114986594082875	0.00364963503649635	0.0168312479257521
GSE58203_6	0.00434153400868307	0.161596190841794	0.00412541254125413	0.0404352174749678
GSE58203_7	0.000659532199523362	0.10379959212847	0.0012638798832874	0.00797000391357017
GSE58203_8	0.000265422970462215	0.057842022206441	6.56906408752383e-05	-0.00662848234774924
GSE59642_1	0.00175958894322599	0.0273089927900561	NA	NA
GSE59642_2	-3.86544901641789e-05	0.00718165793398913	NA	NA
GSE59642_3	-0.00209791010264907	-0.0255505237136164	NA	NA
GSE64922_1	0.000497606449987403	0.00684162419814253	0.00142193572850507	0.00425826144585013
GSE60162_1	-0.00170068027210884	-0.152431159104541	NA	NA
GSE31685_1	0.0017921146953405	0.0329771627074398	0.00246305418719212	0
E-MEXP-3890_1	0.00159289643576509	0.0850367642463898	0.00180103719377276	0.0159973398126017
GSE31980_1	0.00147833242064263	-0.058526436836436	0.00159156634670505	0
GSE15615_1	0.001987775646645	0.050442649103207	0.00198840967077941	0
GSE15083_1	0	0.0203436386988951	NA	0.0125777489259649
GSE108035_1	-0.000227708374923103	-0.0627920956025489	-0.000452662672432972	-0.002130578879731
GSE108035_2	-0.00191117789273393	-0.16903217219769	-0.00213217160836782	-0.0135405858220311
GSE108035_3	-0.00148158759481305	-0.157306487636369	-0.00170812040915207	-0.0116978869587763
GSE21959_1	0.00315767543002982	0.00428721696801011	0.0038155756731662	0.00466669244949788
GSE21959_2	0.00410677618069815	0.0638307615983244	0.004739336492891	0.0100768525972503
GSE24742_1	-0.00240384615384615	-0.0515588677224348	NA	-0.00499072356215213
GSE24742_2	0	0.0269331394411347	NA	0.0071936332410259
GSE24742_3	0.00493251533742331	-0.0385783796739124	NA	0.000942427721543676
GSE74668_1	-0.00625	-0.014809399571143	NA	NA
E-GEOD-10024_1	0.00104240033807579	-0.0444386852783971	NA	NA
E-GEOD-10024_2	0.00149490665948663	0.0247637500791875	NA	NA
E-GEOD-12860_1	0.00343744419733446	0.0938096381580868	NA	NA
E-GEOD-12860_2	0.000805609333605054	0.049552550078573	NA	NA
E-GEOD-12860_3	0.000925019848230276	0.060065279787059	NA	NA
E-GEOD-12860_4	-0.000332492626588384	0.0641393603459049	NA	NA
E-GEOD-12860_5	0.000140882727983217	0.0824804043337782	NA	NA
E-GEOD-12860_6	0.000793685531287842	0.0349436905777861	NA	NA
E-GEOD-12860_7	-0.000400713724067017	0.0530559708980359	NA	NA
E-GEOD-12860_8	-0.000549242424242424	0.0725144257349576	NA	NA
E-GEOD-14359_1	-0.00200481154771451	-0.139713137882342	-0.00216637781629116	-0.0125245368666421
E-GEOD-14359_2	0.00303734467986121	0.0997877749737456	0.00479998396665063	0.0116057246355612
E-GEOD-1919_1	0.00181159420289855	-0.0553663096865186	NA	NA
E-GEOD-1919_2	0.000414593698175788	-0.123491868416008	NA	NA
E-GEOD-1919_3	-0.00302114803625378	-0.123240470776521	NA	NA
E-GEOD-1919_4	-0.00254831345059327	-0.0298832248395963	NA	NA
E-GEOD-1919_5	-0.00199733688415446	-0.105752351189625	NA	NA
E-GEOD-1919_6	-0.00207169879301027	0.0074625346994072	NA	NA
E-GEOD-1919_7	-0.00854700854700855	-0.0452769791450762	NA	NA
E-GEOD-1919_8	-0.00332225913621262	-0.0208941341501796	NA	NA
E-GEOD-1919_9	0	-0.0290025958902333	NA	NA
E-GEOD-19664_1	0.001511168550215	0.0269956444003536	NA	NA
E-GEOD-19664_2	-0.0012675670443701	-0.0160297672531726	NA	NA
E-GEOD-19664_3	-0.000861109910385418	0.0214351454011023	NA	NA
E-GEOD-19664_4	0.0036915504511895	0.0315715200968859	NA	NA
E-GEOD-19664_5	-0.00215620507906085	-0.0807307552590385	NA	NA
E-GEOD-19664_6	-0.00138489639477782	0.0563660273102345	NA	NA
E-GEOD-43923_1	-0.000489828773460987	-0.0023778056108511	0	0.0117233737777032
E-GEOD-51812_1	-0.00134843633467315	-0.0974709299947927	-0.00162117684193986	-0.0175357215684898
E-GEOD-51812_2	-0.00125537622850323	-0.0843598393888644	-0.00151858432011024	-0.0129759173860481
E-GEOD-68760_1	0.00102783651679551	0.0208709158787075	0.00152742122218866	0.0133753016429776
E-GEOD-82107_1	0	0.0070464590915547	0	0.00977849758367362
E-GEOD-9451_1	0.000513207186866389	-0.00498316378272607	0.00225412238199437	-0.00334321400976569
E-GEOD-9451_2	0.000659995547418333	0.0158066033273261	0.000561392393924995	0.00941611441692165
E-GEOD-9451_3	-0.00148266344661032	0.00224648555180581	-0.00146335708196322	-0.014429653187905
E-GEOD-9451_4	-0.000593429282593585	-0.0551359975403774	-0.000249171429943801	-0.0126878811569694
E-MEXP-2019_1	0.000377196775823355	0.0382022297759068	NA	0.0062967009982113
E-MEXP-2019_2	-0.000894494619190975	0.00825091284047937	0	0.0113446789579152
E-MEXP-2019_3	-2.23593177919548e-05	0.0264762355375316	NA	-0.00783126382278026
E-MEXP-2019_4	-0.000559262021047017	0.0309178051419826	0	0.00152945398559746
E-MEXP-2276_1	0.00900900900900901	-0.0361219055672007	NA	0.00666568179016621
E-MEXP-2488_1	-0.00238714900408259	-0.0319291796598969	-0.00510347019810462	0.00233547434946984
E-MEXP-3129_1	0.0036231884057971	-0.00368240217162649	0.00431034482758621	-0.0118294164803465
E-MEXP-3474_1	0.000330317391928766	-0.058829962851634	NA	0
E-MTAB-3010_1	-0.000220539025900513	-0.0065152679297384	NA	NA
E-MTAB-3010_2	-0.000325973119218014	-0.00962155374248272	NA	NA
E-MTAB-3010_3	0.00238663484486874	0.025509206659488	NA	NA
E-MTAB-3010_4	0.000643814381438144	-0.00782340174294337	NA	NA
E-MTAB-4152_1	0.00498327293002509	0.0569475253364813	0.00530944084951054	0.0135777385551757
E-MTAB-4152_2	0.00243615591397849	-0.084243345528116	0.00276428212430893	-0.0058938163899996
E-MTAB-4152_3	-0.00120940602389366	-0.00175303770275737	-0.00230706214008626	0.00617403513278681
GSE100609_1	0.000733965672990063	-0.00486604379050519	NA	-0.00515913555992142
GSE100786_1	0.00746268656716418	-0.020009291107303	NA	0.0128376544721781
GSE100786_2	0	-0.000785286816119961	NA	-0.00489832420506432
GSE103697_1	0	-0.0443520073857058	NA	NA
GSE103697_2	0	-0.0124481580318218	NA	NA
GSE103697_3	0	-0.0302045510478563	NA	NA
GSE104113_1	-0.00446428571428571	-0.0271445360928155	NA	NA
GSE104113_2	0.00421826235779724	0.140390521716733	NA	NA
GSE104113_3	-0.00446428571428571	-0.0271445360928155	NA	NA
GSE10575_1	0.000731771489963494	-0.0110859141898918	0	-0.010597354912432
GSE10575_2	-0.000971258785869047	-0.127083694446821	-0.00129644634795694	-0.0117911735700197
GSE10575_3	-0.00224789793362872	-0.118570805892373	-0.00236587133608423	-0.0146055517562181
GSE13604_1	-0.000613565372601517	-0.0232942980339435	0.00296771130104463	-0.0023852302729769
GSE13837_1	0.0108695652173913	0.039313671790149	NA	0.0278856774135412
GSE13837_2	0.0102040816326531	0.100390215538723	0.00819672131147541	0.055594606912011
GSE13837_3	0.00223093254940389	0.0296146243686124	0.0013989368080259	0.00607204655248678
GSE13837_4	-7.30353491089687e-05	-0.0293544234315457	-0.000744559708683193	-0.0110500538021039
GSE13837_5	0.0232558139534884	0.0778023643245902	NA	0.0455877104002966
GSE13837_6	0.0113636363636364	0.106571632043408	0.0138121546961326	0.0536946626687996
GSE13837_7	0.000593715747168433	0.0339251541288925	0.00711743772241993	0.00952950377348129
GSE13837_8	0.00253785145966222	0.000938081220388926	0.00389584646349645	-0.00639769471601557
GSE13837_9	-0.000834724540901503	-0.00626451092798335	-0.00159744408945687	0.0080154843928298
GSE13837_10	-0.000663129973474801	0.00352460140126988	-0.00126582278481013	-0.00308097793673217
GSE13837_11	-0.00152671755725191	0.00202026041944731	-0.00303951367781155	-0.00144908501882497
GSE13837_12	-0.00212164073550212	-0.0243722589974983	-0.00498338870431894	-0.00528537638165005
GSE13837_13	0.00862068965517241	0.0360443611314248	0.00420168067226891	0.0296324512714276
GSE13837_14	0.00743099787685775	0.0938420638210344	0.0093984962406015	0.045003801019661
GSE13837_15	0.00209678808232154	0.0583974119856489	0.00408466243733065	0.0234109422709179
GSE13837_16	0.00208352952255391	0.00108457318802059	0.00383901582158663	0.00250990924690562
GSE13837_17	0.00833333333333333	0.0381361877254435	0.0120481927710843	0.0175291350103045
GSE13837_18	0.00109379272627837	0.094167085548808	0.00754716981132075	0.0418296551520052
GSE13837_19	-0.000856040511212925	0.0397976412566819	0.000664112801989099	0.0324687379464468
GSE13837_20	0.00180769230769231	-0.00381597237707244	0.00314265508665146	-0.00308833896676224
GSE13837_21	-0.000121596973586435	-0.000508725777033234	-0.00176056338028169	-0.00318261798390242
GSE13837_22	0.000863219925417798	0.00595213279308682	0.00020682001614205	0.000399359391184725
GSE13837_23	0.000154385597655432	0.0208802206319392	-0.00136612021857923	-0.00487036148328772
GSE13837_24	0.000675393282846014	0.00221418290562656	0	0.00229553887454474
GSE16464_1	-0.00199203187250996	-0.09781009884402	NA	NA
GSE16464_2	0.00201260953039111	0.0362432512565268	NA	NA
GSE19060_1	0.00320512820512821	-0.0131139266361849	NA	-0.00232745703313709
GSE27372_1	-0.00280898876404494	0.0575009873502719	-0.00347222222222222	0.0076006589134208
GSE27390_1	0.00215863453815261	0.0486152122042795	0.0036231884057971	0.0148650362599175
GSE29106_1	0.000109636323547532	0.0259644122319401	NA	NA
GSE29107_1	-0.00200289022073754	-0.0695021752173104	NA	NA
GSE29107_2	0.00159228592821485	0.0209096167085122	NA	NA
GSE29745_1	-0.00206678226483713	-0.155444160318122	NA	NA
GSE29745_2	0.000134008771794622	-0.0279574136455715	NA	NA
GSE29745_3	-0.00133317984924452	-0.0760886435636319	NA	NA
GSE35546_1	0.00564971751412429	0.119847640779311	NA	NA
GSE35546_2	0.00643776824034335	0.139212869868507	NA	NA
GSE35546_3	0.006	0.126891216222708	NA	NA
GSE35546_4	0.00202954993100979	0.0969861462303289	NA	NA
GSE35546_5	0.00337837837837838	0.104325276721778	NA	NA
GSE35546_6	0.00335570469798658	0.0897133164544025	NA	NA
GSE35955_1	-0.00210970464135021	-0.0452893319556168	-0.00175131348511384	-0.0201773835920177
GSE35956_1	0.00222882615156018	0.166412774392988	0	0.0178254652278198
GSE35957_1	-0.00067160874485428	0.0365065646772286	0.00153942428035044	-0.00480086257695174
GSE35958_1	0.00203417412530513	0.159449165043844	0.00163934426229508	0.0224699856763283
GSE39340_1	-0.00442477876106195	0.0187230107994464	NA	-0.0081603246747273
GSE39340_2	6.53253200940684e-05	0.0693422087547743	NA	-0.00807137550785682
GSE39340_3	-0.00218340611353712	-0.0574645453425138	NA	-0.00759198465211828
GSE39795_1	0	0.00673417960525449	NA	0.00122008858964942
GSE39795_2	0.000809061488673139	-0.00663692080354257	0	0.0123599953664371
GSE39795_3	0.00153846153846154	-0.0149391117523883	0	0.00744171734985951
GSE41038_1	-0.000437828371278459	-0.0451889488469381	NA	-0.00868455757003935
GSE41038_2	-0.00111111111111111	-0.00942023347204532	NA	-0.00988557697808799
GSE41038_3	0.00189393939393939	-0.0061436299656354	NA	-0.00371958851002778
GSE41992_1	-0.00156984039567045	0.0270584703771469	NA	NA
GSE42235_1	0.00842696629213483	0.0744802828364275	0.00819672131147541	0.00999003319620706
GSE42235_2	0.00373070079779602	0.0455810986103042	0.0036231884057971	0.000693651852784107
GSE42235_3	0.00315669170447582	0.0868262227554715	0.00471698113207547	0.0181071715802794
GSE42235_4	0.00337225961668424	0.0830416102595687	0.00336700336700337	0.00851528300664975
GSE45233_1	-0.00418837138041979	-0.0699773382281044	NA	-0.00925158066660928
GSE45233_2	-0.00307616474368336	-0.0353187738739646	NA	-0.0018819814516291
GSE45233_3	0.00234741784037559	-0.034780776750686	NA	-0.00281440927751305
GSE45233_4	-0.00200400801603206	-0.0637224268429199	NA	-0.0135249045763035
GSE46053_1	0.00621890547263682	0.05405391736056	0.0151515151515152	0.0235458028561477
GSE46053_2	0.00531914893617021	0.061223234671276	0.00898203592814371	0.0268483564152793
GSE46750_1	-0.00654600085849192	-0.0302513438083117	NA	0
GSE51588_1	-0.00061192120809083	0.0374476698693799	-0.00131053720001924	-0.00826527346021127
GSE52817_1	5.36038972177434e-05	0.0201433009979503	NA	NA
GSE52817_2	-0.00189854989136449	-0.159931104664952	NA	NA
GSE52817_3	-0.000652988999985401	-0.0894241430538014	NA	NA
GSE52817_4	0.00273505545475186	0.146588588474827	NA	NA
GSE55235_1	0.000215417246636177	-0.0332472084567408	0.00423728813559322	-0.00403521209972823
GSE55235_2	-0.00509337860780985	-0.0369416502167123	-0.00641025641025641	-0.0364337485518417
GSE55235_3	-0.00634249471458774	-0.0169518855499735	-0.0077720207253886	-0.026946736141265
GSE55457_1	0.00251256281407035	-0.00174378509395351	0.00602409638554217	0.0140022058216146
GSE55457_2	-0.00471113019417013	-0.0646947971927036	-0.00741916116305	-0.0196770106563921
GSE55584_1	0	0.0209925022608419	0	0.0074636377881814
GSE57218_1	0.0238095238095238	0.0239227476203758	0.0344827586206897	0.000361878592721817
GSE57218_2	0.0012406015037594	0.029169403257753	0.00153664302600473	-0.0114767708223678
GSE57218_3	0.00132234767571966	0.0214213406741385	-0.00182060929724481	-0.0188763407732191
GSE60762_1	0	0.0474590916877648	NA	0.000398100375234522
GSE62914_1	-0.00140261555355895	-0.0427111752275489	NA	0.00246305700093551
GSE62914_2	-0.000242082478924584	-0.0361855539375946	NA	-0.00114256050158184
GSE62914_3	-9.87951914709444e-05	-0.0488274059144795	NA	0.00722693218147489
GSE62914_4	-0.00093837962549141	0.0295725646785286	0	-0.00366616976586367
GSE64394_1	-0.00140136054421769	-0.0984666954877073	NA	0.00575870151525109
GSE66635_1	0	-0.0343513990278321	NA	-0.00117144162370293
GSE68038_1	-0.00307377049180328	-0.0635740036650725	0	-0.00590038876071159
GSE68428_1	0.00121557385971915	0.0545060635472111	0.00412647075224446	0.021050701300713
GSE68428_2	-0.00197222328369869	0.0433494318236144	0.00609756097560976	0.0204955448807832
GSE68428_3	-0.000126913944157865	0.0237831993082962	0.00127743712787701	0.0148459002221327
GSE69459_1	-0.000350628960090357	-0.0344508025524445	NA	NA
GSE69459_2	0.00116550116550117	0.0283226179672408	NA	NA
GSE69459_3	-0.00124069478908189	-0.052415764853913	NA	NA
GSE69459_4	-0.000868616634062227	-0.0554713489275586	NA	NA
GSE69992_1	-0.00357416876748364	-0.0560427194857727	-0.00483149935674921	-0.00753020660854762
GSE70719_1	0	0.196723900397517	0	-0.00198645831134627
GSE7116_1	-0.00265957446808511	-0.0545417096812572	-0.0175438596491228	0.000820861949873963
GSE7116_2	-0.0036231884057971	-0.0657169857056116	NA	-0.00288422209126617
GSE7116_3	0.000653008456129704	0.000834397090083472	0.0161290322580645	-0.000432925488875481
GSE72575_1	0	0.00297569811044069	0	-0.00556268775650031
GSE72575_2	-0.00420927912197555	-0.0549639057187344	-0.00507172131147541	-0.00379501191921988
GSE72575_3	0.00120144394738008	-0.066088332982389	0.00158158259751683	-0.00418136594648353
GSE72575_4	0	0.0209073546760156	NA	-0.00413442078693843
GSE75181_1	0.00393480615663652	-0.0505266319751799	0.00446263581935102	-0.00543517225486901
GSE75181_2	0.00146025146025146	0.00126444569250294	0.00247821501914858	-0.00126936535762963
GSE75181_3	0.00574669227946731	-0.0357122924944157	0.00672118819326941	0.00414340572190633
GSE75230_1	0.0100328947368421	-0.0239656065899706	0.014442373853211	0.0228010328469962
GSE7669_1	0	0.0170511424485911	0	-0.00268019701701291
GSE77916_1	NA	0.0272226516641014	NA	0
GSE80614_1	0.0117647058823529	0.0711921904183498	0.015625	0.0296062870191607
GSE80614_2	0.016025641025641	0.105738525136064	0.0182481751824818	0.0381154571988964
GSE80614_3	0.0102040816326531	0.0638355383813786	NA	0.00926306048654295
GSE80614_4	0.00559578670177748	0.00533594096056485	0.00628031339385649	0.013429448119651
GSE80614_5	0.00542531062011581	0.00460834372280757	0.00595093882495457	0.0214636626365663
GSE80614_6	0.00548552754435107	0.0417358434370624	0.00641202744393793	0.0199855358890628
GSE80614_7	0.00566682611446294	0.0280095408703583	0.00289950060198477	0.00703711138041001
GSE80614_8	-0.00144150435194653	0.00998417233889679	0.000193533403865507	0.0013672788053593
GSE80614_9	NA	0.0579000069405836	NA	0.0219823690790371
GSE80614_10	0.00176630434782609	0.112396275305643	-0.00785207700101317	0.0311978465220786
GSE80614_11	NA	0.0173317312581551	NA	0.0151383668628971
GSE80614_12	0.0073005698005698	0.0730196027733304	0.00971399682218691	0.0311528030793183
GSE80614_13	0.00534278959810875	0.0351152926905702	0.00369558154645874	0.0146039096817812
GSE80614_14	0.00634410695742471	0.0356722480562287	0.00496659634317862	0.0109102326691195
GSE80614_15	0.00485196961958581	0.0628095671913601	0.00986842105263158	0.00943056668017426
GSE80614_16	0.00460030850195082	0.0645900864290266	0.0042457757296467	0.0134316285974928
GSE85254_1	0.00164157622437468	0.016713115664474	0.00529100529100529	0.00599817032115818
GSE86578_1	0.00938967136150235	0.000555529125156641	0.00884955752212389	0.0218617692938782
GSE86578_2	0.0142857142857143	0.05531484146712	0.0166666666666667	0.0317950775815944
GSE86578_3	0.00360576923076923	0.00379262447247576	0.00535714285714286	0.00694172094351616
GSE9329_1	0.00353356890459364	-0.00673558410721542	NA	NA
GSE93698_1	-1.94089187263249e-05	-0.0370286492666395	-7.07681886882104e-05	-0.00287530743520212
GSE93698_2	-0.000111403775815895	-0.0476929684269166	0.000269571610393922	-0.0143900660570119
GSE93698_3	-0.000279027743329908	-0.0293148690171084	-0.000214984493042925	-0.00463518312490784
GSE93698_4	-0.000349117742474755	-0.0442185236704138	-0.000646285166797317	-0.0108563192063338
GSE93698_5	6.73484534656315e-05	-0.0293292327879163	0.00035737871271181	-0.0107352292917635
GSE93698_6	-0.00153846153846154	-0.0113583075409662	0	-0.000241994030813906
GSE93698_7	0.000615714072550958	0.0188639145466373	-0.000330178296279991	0.00223319714040711
GSE93698_8	-0.00149253731343284	-0.00570006554742155	0	-0.00210298280151221
GSE93698_9	-0.000535331905781585	0.00986425397665638	-0.00105485232067511	0.00650114810562572
GSE93698_10	0.00105230315407307	0.028482913071548	-0.000309450997524392	0.00669642857142857
GSE93698_11	0.00116279069767442	0.00559262631377373	0	-0.00240008058436909
GSE93698_12	0.000158801770499457	0.016375292039612	-0.00136986301369863	0.0024125247411208
GSE93698_13	0	-0.0251601145440214	0	0.0031392499443073
GSE93698_14	-0.00115917753016289	-0.0115545815205958	0.0116279069767442	-0.00380661350510597
GSE93698_15	-0.000396510705789056	0.012575720580261	-0.000763358778625954	0.00507858203170703
GSE93720_1	0.000612630618496231	-0.0190180411068621	NA	NA
GSE93720_2	-4.1695052807529e-05	-0.0336661483698117	NA	NA
GSE93720_3	0.00078860849475742	-0.0198532617960619	NA	NA
GSE93720_4	-0.000425055842550873	-0.0360704738174341	NA	NA
E-MTAB-5564_1	-0.0022877232135041	-0.0625995413530357	-0.000174129353233831	-0.00314449468552593
GSE77753_1	0	-0.0399555035959519	NA	-0.0137900991926925
GSE43861_1	-0.000921658986175115	-0.0379565754056243	NA	NA
GSE112809_1	0	0.0505404774447927	NA	NA
GSE111946_1	-0.00237529691211401	-0.0460774266743839	NA	NA
GSE111946_2	0	-0.0470805557986701	NA	NA
E-MTAB-3201_1	0.00108342361863489	0.0130429037469851	0	0.00459201504460125
GSE57740_1	0	0.00967473937816116	NA	NA
GSE52992_1	-0.000566231983527797	-0.0293376451903512	-0.0021849593495935	0.00653079618362123
GSE17160_1	0.0135135135135135	-0.0191398396055393	NA	NA
GSE17160_2	0	0.0403709913340764	NA	NA
GSE17160_3	0.013986013986014	0.0217018009618467	NA	NA
GSE17160_4	0.0115977131884437	0.0168247537452758	NA	NA
GSE17160_5	0	-0.00130750318168451	NA	NA
GSE17160_6	0	0.0327103222207917	NA	NA
GSE17160_7	0.00380228136882129	-0.0288451132871836	NA	NA
GSE17160_8	0.00314416218245526	0.0343115445614353	NA	NA
GSE17160_9	-0.000422745103596167	0.00722935743951231	NA	NA
GSE17160_10	-0.000263207369806354	-0.00262351152115705	NA	NA
GSE17160_11	-0.00052167935123165	-0.0165404755227963	NA	NA
GSE17160_12	-0.000523902595485428	0.0121415602082346	NA	NA
GSE22971_1	0	0.0906557078717518	NA	0.00608494020014645
GSE22971_2	0	-0.039759968750582	NA	-0.00844195100289093
GSE22971_3	0.00140367092711258	0.0244943012831775	0.000829623156228964	0.00389616575375089
GSE22971_4	0.00178388466042155	-0.0200859821020782	0.00162133504303011	0.00610653881002718
GSE13590_1	0.00265957446808511	0.00544164113450223	0.00309597523219814	-0.000181116123946674
GSE13590_2	0	-0.0385192533602825	0	-0.0102739726027397
GSE99731_1	0	-0.0018132849327365	NA	-0.00122850122850123
GSE99731_2	0	-0.0253640669732022	NA	-0.00751572400129276
GSE99731_3	-0.00119473367320727	-0.0252072908887441	-0.00129562993640664	-0.0140555322898364
GSE27492_1	0	-0.0356990458175147	NA	-0.00369760037908864
GSE27492_2	-0.00396825396825397	-0.0278154833906167	-0.00833333333333333	0.0117951689959804
GSE27492_3	0.000180498556011552	-0.0226357616520831	0.000326086956521739	0.0133954065797641
GSE27492_4	0.00151515151515152	-0.00214155641276062	0	0.0114732621332919
GSE27492_5	0	0.0136881790607439	0	0.00779214831370106
GSE27492_6	-0.00473246525878105	-0.00674794065911925	-0.00360126764621147	-0.00127061637351139
GSE27492_7	-0.00276897414512093	0.0251642861865689	-0.00965909090909091	-0.00139071878202313
GSE27492_8	-0.00133520325828018	0.0172119951089087	-0.00341929875398435	-0.00822240889118635
E-GEOD-15069_1	0.00862068965517241	-0.0127398066611026	0.0106382978723404	-0.0129144742803912
E-GEOD-15069_2	0.0068695652173913	-0.0272245857054788	0.0101434426229508	-0.00393363795425651
E-GEOD-15069_3	0.00112744643606956	-0.0153707997592241	0.00150442623606436	0.00305889236282522
E-GEOD-15069_4	-7.06214689265537e-05	-0.0110211080897567	0.00166821130676552	-0.00663353072479865
E-GEOD-15118_1	0	0.0635201295547834	NA	NA
E-GEOD-15118_2	0	-0.0713779937073238	NA	NA
E-GEOD-15118_3	0.00269680500658762	0.0246415612365701	NA	NA
E-GEOD-15118_4	0.00122491145218418	0.0977811604773333	NA	NA
E-GEOD-16007_1	-0.00308641975308642	-0.0184140960912199	NA	NA
E-GEOD-17473_1	0.0013550135501355	0.0184560572340752	NA	0.0113822457977717
E-GEOD-18647_1	0.00201612903225806	-0.0436913733554147	NA	-0.0112016960498667
E-GEOD-18647_2	0.00308641975308642	-0.0353379159319283	NA	-0.000732507597496155
E-GEOD-18647_3	0.00248756218905473	0.0437840057623585	NA	0.0129816788896452
E-GEOD-18647_4	0.00196335078534031	0.0410484571777623	0	0.0152054532917572
E-GEOD-18648_1	-0.00017777048462969	0.0745261433558281	-0.00101820033091511	0.00978616247041289
E-GEOD-18648_2	-0.00158622656305696	-0.0461295682260476	-0.00225692877132798	-0.00428125255349863
E-GEOD-2154_1	0	-0.0552952954219464	0	-0.0186818511608624
E-GEOD-2154_2	0.00240384615384615	0.0115382994758389	0	0.0101079299103933
E-GEOD-2154_3	0	0.0506738183724255	0	0.00572196620583717
E-GEOD-2154_4	-0.000474786622058807	0.0302852504828432	0.00202429149797571	0.0103737822894856
E-GEOD-26475_1	0.00810810810810811	0.0428412650676606	0.00490196078431373	0.00618241260793026
E-GEOD-26475_2	0.00684931506849315	-0.00597323780661109	NA	0.00395369821616398
E-GEOD-26475_3	0.00869565217391304	-0.0370766292316259	0.00909090909090909	0.0117513883154178
E-GEOD-33567_1	-0.000377602553859123	0.0469679926606906	NA	NA
E-GEOD-33567_2	0.000258501444869003	-0.00979147307959954	NA	NA
E-GEOD-37287_1	-0.000290646201446358	0.0083070304502753	NA	NA
E-GEOD-37287_2	-0.000145080039364354	-0.0109622752632876	NA	NA
E-GEOD-37287_3	-0.00051745143851282	0.0169450651959463	NA	NA
E-GEOD-51994_1	0.00169204737732657	0.0358090668165617	0.00408163265306122	0.0010916371942108
E-GEOD-51994_2	0.00139599813866915	0.0324205404564324	0.00109170305676856	0.000773750253767847
E-GEOD-51994_3	0.00186046511627907	0.0134245486863687	0.00617283950617284	0.00116926176622554
E-GEOD-65077_1	0	0.137178452127281	NA	NA
E-MEXP-1244_1	0.00961538461538462	0.139115595259354	NA	NA
E-MTAB-1123_1	-0.000902527075812274	-0.0642254122750557	-0.00181159420289855	-0.0185748058088484
E-MTAB-1123_2	0	-0.0599842547022168	0	-0.0067911714770798
E-MTAB-1123_3	0	-0.0215929143601253	0	-0.001973246925889
E-MTAB-1123_4	0	-0.0530334344983623	NA	-0.00819089675216727
E-MTAB-1391_1	0.00181488203266788	0.0435863900601007	0.00398406374501992	0.000717235866234399
E-MTAB-1391_2	-0.000439380327224836	0.0367626795868946	0.000379319201058932	-0.000375318057682584
E-MTAB-1391_3	-0.000321511965578958	0.0236962818368782	0.000565159295084585	-0.000882185305013997
E-MTAB-2450_1	-0.00563473905515706	0.0146002075620879	-0.00611388466825845	0.022933987559523
E-MTAB-2450_2	-0.00385713291095175	-0.0160030175754199	-0.00993408662900188	0.0158357657971904
E-MTAB-2450_3	0.00441826215022091	0.00827773842749811	0.00441696113074205	-0.00256217763268059
E-MTAB-2450_4	0.00112612612612613	0.0428039684187454	0.00148809523809524	0.00228621268925017
E-MTAB-5023_1	-7.38064573269548e-07	0.00166082773220562	NA	0.00565944523573999
E-MTAB-5326_1	0.00178107606679035	0.00507686989691303	NA	NA
E-MTAB-5326_2	0.00149006792654479	-0.0205182675573035	NA	NA
E-MTAB-5326_3	0.000575708080554259	0.020272488286154	NA	NA
GSE102588_1	0.00255102040816327	0.00923680302681086	0.0128205128205128	0.00775128368749271
GSE104793_1	0.00246563887547552	0.0619366931792685	0.00326868010157221	0.0142108227134841
GSE104794_1	0.00474495848161329	0.0602519514136323	0.00626959247648903	0.0207616179001721
GSE104795_1	0.00503355704697987	0.038945033145659	0.00662251655629139	0.0177144865892597
GSE105139_1	0	0.000737361420507448	NA	0.0012315120400929
GSE105139_2	0	0.00891303834630147	NA	0.00864987760149051
GSE105139_3	0	0.00892542964266976	NA	0.00104044514957118
GSE10555_1	-0.00346783320828618	-0.0635812620531537	NA	NA
GSE10556_1	0.00234741784037559	-0.0410347963943884	0.0037037037037037	-0.0016707064016495
GSE106631_1	0.00266920327453015	0.0918645059971562	0.00448676738454945	0.0178423772609819
GSE13104_1	0.000149954930755884	0.0357080606657338	NA	NA
GSE13104_2	0.00039252512768812	-0.00043182899708688	NA	NA
GSE13104_3	0.00121368674804356	-0.0103072104546759	NA	NA
GSE16749_1	0.0015625	0.0781462402647084	NA	NA
GSE16749_2	-0.00128205128205128	0.0702891263182888	NA	NA
GSE16749_3	-0.00317124735729387	-0.0811560358826992	NA	NA
GSE17348_1	-0.00717213114754098	-0.0730289143183788	NA	NA
GSE17563_1	-0.00225631768953069	-0.00369804726697984	NA	NA
GSE17563_2	0.000513433987244945	0.0363320657849246	NA	NA
GSE17569_1	0.000541261719015263	0.0150077522777086	NA	NA
GSE17569_2	0.000268867047810809	0.0463890712573172	NA	NA
GSE17570_1	-0.00101510945856276	-0.0065264177577079	NA	NA
GSE17570_2	-0.000162297641548196	-0.00222440305708222	NA	NA
GSE18991_1	0	-0.0514859265999858	NA	0.00295296448150366
GSE18992_1	NA	-0.00229134229379703	NA	0.00913574258226211
GSE19299_1	0.0012764031285997	0.00695296934653618	0.00139169732931128	0.0161863756971298
GSE20850_1	-0.000340345422522555	0.0219243273735604	NA	NA
GSE21093_1	0.00273248473222462	0.0464999600311833	NA	NA
GSE21523_1	0.00254965622612681	-0.00326816891221807	NA	NA
GSE21639_1	0	0.00698645033880052	NA	NA
GSE21639_2	0.00666666666666667	0.039547051334754	NA	NA
GSE21639_3	0	-0.0130549098718863	NA	NA
GSE21639_4	-0.00253807106598985	0.0152452819269948	NA	NA
GSE21710_1	0.000537216465211784	0.0964904063763884	NA	NA
GSE21710_2	0.000483061348791297	0.105225352690787	NA	NA
GSE21710_3	0.000244885237872615	0.0999376172907983	NA	NA
GSE22925_1	0.00279483663248271	-0.0044751658303116	0.00710982658959538	0.00274406447261685
GSE22925_2	0.00272108843537415	0.0316847213376958	0.00452488687782805	0.0122364346436813
GSE26499_1	-0.000757575757575758	-0.0294406351607592	NA	NA
GSE30160_1	0.00125619199453396	0.0260394641831279	0.00114068936747145	-0.00103759449362222
GSE30628_1	0.000746554309926418	-0.092026086369904	0.000954576296392687	-0.00207602262852566
GSE30628_2	0.00175976015120902	-0.031459104839977	0.00165016501650165	0.0137845248747696
GSE32163_1	-0.00151515151515152	-0.0501790878981854	NA	-0.00410257239480936
GSE33656_1	0.0021873128127838	0.0906196405648938	NA	NA
GSE33754_1	0	0.0197534478871628	0	-0.0029331514491548
GSE33754_2	0.000951199338296112	0.085470087027781	0.0015124016938899	0.0126957643396941
GSE33754_3	0.00669642857142857	0.0702974899537887	0.0128205128205128	0.00431961386408241
GSE34570_1	-0.00515889633351945	-0.00921663241434182	NA	NA
GSE35003_1	0.00505050505050505	0.021697593718079	NA	NA
GSE35466_1	0.00651465798045603	0.098897055301846	NA	NA
GSE35466_2	0.000894454382826476	-0.0447718464988527	NA	NA
GSE35466_3	0	0.0258088699329282	NA	NA
GSE35466_4	0	-0.025383032365287	NA	NA
GSE35466_5	0	-0.0452617873809815	NA	NA
GSE36925_1	0	-0.0123711779052501	NA	NA
GSE36925_2	-0.000510178686974267	-0.0125929134574614	NA	NA
GSE36925_3	9.75201567872458e-05	-0.00704500986044457	NA	NA
GSE37219_1	-0.000279172881912608	-0.0757924995541994	NA	NA
GSE37676_1	-0.000609038978494624	0.0189775947821054	-0.000531582238899312	-0.00313960162049593
GSE41342_1	0.00420168067226891	0.0512192203418579	0	0.0128096376425057
GSE41342_2	0	0.0233121654235512	NA	0.00518986361943097
GSE41342_3	0	0.0354278733127982	NA	0.0052231690553514
GSE41342_4	0	0.0603388533150794	NA	0.0081325175455251
GSE41997_1	0.0029585798816568	0.0318131830146304	0	0.00695032845875437
GSE43242_1	0.00617283950617284	0.0581462895780661	0	0.0178911560521993
GSE43242_2	0.00510204081632653	0.0402499958871508	0	-0.0013861670766221
GSE43663_1	0	-0.0335899176532724	NA	0.00100674230555385
GSE43854_1	-0.000298527292526588	-0.00771194782481378	NA	NA
GSE45656_1	-0.00059190778519388	0.0566430436581977	NA	NA
GSE45656_2	0.00118631428607541	0.0697954108046631	NA	NA
GSE45656_3	0.00145904888796667	0.0607430023883552	NA	NA
GSE45793_1	0.00229582577132486	-0.0601760554219485	0.0014367816091954	0
GSE45793_2	-0.000172657836614402	-0.0199681510668219	0.00189393939393939	0
GSE45793_3	-9.01521111985313e-05	-0.0646083352934225	0.000279431023975312	0
GSE45793_4	0.000741632513169377	-0.0447606475562219	0.000507305808172913	0
GSE45793_5	0.00141935927182633	-0.0551082167646419	0.00173410404624277	0
GSE46390_1	-0.00467289719626168	0.0319060866022705	NA	NA
GSE48438_1	0.00126582278481013	0.0202114341806386	NA	0.00785740853452357
GSE50549_1	0.00403225806451613	0.0647383737723304	0.00426136363636364	0.0184730762785061
GSE50549_2	0.00165795807405006	-0.0104132508576749	0.00173412185055135	0.00222380400120553
GSE51098_1	0.00169384801239971	0.056341091109853	0.00479280781138366	0.00101458958861013
GSE53857_1	0	0.0512194183148857	NA	0.00178801783596918
GSE53857_2	0	0.0369541085651609	NA	-0.00270265672560567
GSE53857_3	0	0.0284492596305571	NA	-0.00338566928708645
GSE53982_1	-0.00248841273459464	-0.0432555297995513	-0.00259206574996049	-0.0099233890848409
GSE53982_2	0	-0.00948542925511576	0	-0.000307295796986519
GSE54779_1	-0.000275905366111552	0.0221975405851647	-0.000563076204924728	0.0165645675079637
GSE55900_1	0	-0.0097052844070627	0	-0.00286329111447025
GSE57104_1	0	0.00780862485326793	NA	0.00330997806014155
GSE59387_1	-0.00108932461873638	-0.0272400107495253	NA	NA
GSE60401_1	-0.00164473684210526	0.118002291508255	NA	NA
GSE60401_2	-0.00182481751824818	0.0135425452445034	NA	NA
GSE60651_1	0.000915859837761972	0.021973887942432	NA	NA
GSE60737_1	0.00232002624824833	0.0214713243454494	NA	NA
GSE60761_1	0	-0.0187824979812865	NA	-0.00637531938611413
GSE60761_2	0	0.0245208087999871	NA	0.0168161438951855
GSE60761_3	0	0.0468772647937793	0	0.0113235977007899
GSE60761_4	0	0.018030090590187	NA	0.00551215341609075
GSE63017_1	NA	0.0374597457992153	NA	0.00144502716415626
GSE63017_2	0	0.0273140503385664	NA	-0.0103730542136339
GSE63017_3	0	0.00641183891207233	0	-0.0097338958164557
GSE63017_4	0	0.00141915208137671	NA	-0.0107061072604224
GSE63939_1	-0.000519072843969842	-0.0106727226753901	-0.000428588450163699	0.00903130642638215
GSE63939_2	4.61723150798779e-05	0.0037199404539121	0.000208493439216691	-0.00301808406647116
GSE64141_1	-9.37341291076853e-05	-0.0142858323013687	NA	NA
GSE64965_1	0.00197816570317557	0.0900898393709171	0.00340005497627902	0.000359934183463595
GSE65745_1	NA	-0.00250025872450671	NA	-0.00301582054698447
GSE65745_2	NA	-0.00329198087924344	NA	-0.005954901895092
GSE65745_3	0	-0.000726557774747619	NA	-0.0034835322698316
GSE66416_1	0.000497837174054939	0.0558664906374332	NA	NA
GSE66862_1	0.00277264325323475	0.125172489551036	0.00421348314606742	0.0180802466581359
GSE69108_1	0.000666233492875511	-0.0135942894921585	0.0010227100061947	0.0171847174209093
GSE71565_1	-0.000165412217748994	0.0244801904183075	NA	NA
GSE72261_1	0	-0.0113320513089609	0	-0.000865915243828955
GSE72261_2	0.000167548500881834	-0.0544750144219793	0.000231481481481482	-0.0165490413757182
GSE72261_3	0.00019184500077892	-0.025497681386412	0.000196381346390511	-0.00185100845893797
GSE7683_1	0.00393700787401575	0.0374088242493127	0.00704225352112676	0.00243892867201315
GSE7683_2	-0.00762236806125239	-0.00853184020362507	-0.00943396226415094	0.010450501242311
GSE78980_1	0.00279329608938547	-0.0296608859810124	NA	NA
GSE78980_2	0	-0.0643645640609416	NA	NA
GSE78980_3	-0.00793650793650794	-0.0592297606939328	NA	NA
GSE78980_4	0.00204225352112676	-0.0399700875759387	NA	NA
GSE78980_5	0	0.0352269441235935	NA	NA
GSE78980_6	0	-0.0165869902727572	NA	NA
GSE78980_7	-0.00321836696094641	0.00721872471285198	NA	NA
GSE78980_8	-0.0038265306122449	0.00622148787128968	NA	NA
GSE78980_9	-0.00197445522020483	0.0285196546186792	NA	NA
GSE78980_10	-0.00415800415800416	0.0237783554682834	NA	NA
GSE81399_1	-0.00157232704402516	0.0101475358307631	NA	-0.00197065587376103
GSE84609_1	0.00122549019607843	0.0459938537602831	0.00154320987654321	0.0192316703346619
GSE84907_1	-0.00161805967586646	-0.00447480162178853	-0.00221755368814192	0.00256844501464968
GSE84907_2	-0.00116591181350536	-0.0261394927971102	-0.00162295416341373	-0.00746497531487389
GSE84907_3	0	-0.0337105127542862	0	-0.00276290641660426
GSE90127_1	-0.000316426017833898	-0.0197682674407239	NA	NA
GSE90127_2	-0.000728562451116466	-0.01004663031687	NA	NA
GSE90127_3	0.000339399529921879	-0.012173647337408	NA	NA
GSE9247_1	0.00735294117647059	0.0869933358648027	0.00956937799043062	0.0221844294634589
GSE9247_2	0.000255714434818912	-0.0188652902664002	0.000251804599630686	0.00153871940998994
GSE9247_3	0	-0.031795584221057	0	-0.00355151984805682
GSE99306_1	-0.000105007890095609	-0.0796603684807222	-0.00171232876712329	-0.00595109251621206
GSE99306_2	-0.000409727481401069	-0.0741259891313258	-0.000773728455360917	-0.00606310829522452
GSE99306_3	0.00163398692810458	0.00224061442009148	0.00290697674418605	0.00533877826274282
GSE99306_4	-7.25900116144019e-05	-0.0761650106781796	-0.000131095348456118	0.0011864138185399
GSE99306_5	-0.000901582169142812	-0.0580745939760416	-0.00140548977697781	-0.00213150428663624
GSE99306_6	-0.00115288139433269	-0.0601070860355447	-0.000954974582425563	-0.00407427076078332
GSE99306_7	0.00386100386100386	0.0257615554331984	0	0.0154965459327677
GSE99306_8	-2.20844365603669e-05	-0.0802058408151537	-0.000578339235170867	-0.00269947671844344
GSE99306_9	9.47227534715273e-05	-0.0625944808922566	0.000468166009136213	0.00156672875927901
GSE99306_10	0.00029883052271112	-0.017586402182112	-0.00420168067226891	0.00653788195096686
GSE99306_11	0.00124994327815157	-0.0798503949836648	-0.00017167672547199	0.00671944326499449
GSE99306_12	0.000366550274594888	-0.062504800096641	0.000544956040968005	0.00127611597099959
GSE99306_13	0.00275735294117647	-0.0190811777745882	0.00157232704402516	0.0126425414040294
GSE99414_1	0.00657894736842105	-0.0476745871854546	0.0138888888888889	-0.00271022610739023
GSE110581_1	-0.00444444444444444	0.0333926436717777	-0.00512820512820513	-0.00347117105939488
GSE110581_2	0	0.0805354454931004	NA	0.0080091533180778
GSE47799_1	-0.00714285714285714	-0.00497874570934163	-0.0142857142857143	-0.00356735159817352
GSE47799_2	0.0045662100456621	0.00971049595386809	0.00273224043715847	-0.00111445520215113
GSE47799_3	-0.00408163265306122	-0.0120827015713543	-0.00510204081632653	0.000332018893034012
GSE111628_1	-0.0111111111111111	0.0170032026847999	NA	NA
GSE111628_2	0	0.0659527556186288	NA	NA
GSE111628_3	0	0.0576545070059231	NA	NA
GSE5657_1	0	0.028723964481596	0	0.0133256217466744
GSE5657_2	0	-0.0107702590734872	0	0.000164303649066954
GSE13782_1	4.00641025641024e-05	-0.03219527579919	0.00485436893203883	-0.00441521995514736
GSE41039_1	0	-0.0180120316790774	0	0.00305456038214659
GSE84198_1	0.00467289719626168	0.0321671978292035	0.00892857142857143	0.00271662562632462
GSE84198_2	-0.00467289719626168	-0.0142070751032936	-0.00819672131147541	0.00274319963116644
GSE84198_3	-0.00242214532871972	-0.0699905947674071	-0.00310283687943262	-0.014111853009713
E-GEOD-54216_1	0.00192735190563149	0.0692383381306446	0.00259075559307725	0.0106733308940083
E-GEOD-54216_2	0.0011725224395673	0.0702808033448619	0.00170032306138166	0.00606827957376889
E-GEOD-54216_3	0	0.024100384435238	0	-0.000279718944514454
E-GEOD-6119_1	0.00312825860271116	0.0529780772710687	0.00264200792602378	0.0124962516470202
E-GEOD-6119_2	0.00285533568266016	0.0546320349205474	0.00241238079466186	0.0175250079476303
E-GEOD-6119_3	0.00370027752081406	0.0428929784711839	0.00264200792602378	0.019053291402365
E-GEOD-8077_1	-0.00364963503649635	-0.0533130508584719	-0.00675675675675676	-0.0201300873931627
E-GEOD-8077_2	-0.00925925925925926	-0.0630416365633164	-0.0185185185185185	-0.00294696520570969
E-GEOD-8077_3	0.0029585798816568	0.00557811578168007	0.00704225352112676	0.0184584293955019
GSE103416_1	9.85709614755833e-05	-0.0286199056523075	-0.000332442431503693	0.00191421162430953
GSE103416_2	0.00157026696523576	0.0156784395339379	0.00198130461288356	0.00365942011249211
GSE103416_3	0.0045045045045045	0.0277481867366064	0.00738007380073801	0.000873731936943511
GSE19950_1	-0.00222222222222222	-0.0867448329442677	-0.00280898876404494	-0.0327572378625173
GSE30322_1	0.0014792899408284	-0.0159982961507657	0	0.00678137651821862
GSE30322_2	0.00130548302872063	-0.0255149381858159	0	0.00849677124837847
GSE30322_3	0	-0.0520993689226133	0	0.00221314447833785
GSE42295_1	0	-0.0603726130973961	NA	0.00180357543874952
GSE42295_2	0.00204081632653061	-0.0250754203572124	0	-6.09004540559253e-05
GSE42295_3	0.00383141762452107	-0.0148048603142659	0.00434782608695652	0.00735904601974024
GSE66554_1	0.00139250205475236	0.0533754412074603	0.00216986980781153	0.00411707463133468
GSE66554_2	0.000291964245609307	0.0672756757402684	-0.000481168076986892	-0.00826520129737646
GSE66554_3	-0.000902527075812274	-0.0146737629815582	0	-0.00918303991668169
GSE66554_4	0.000136996498126374	0.045011855099828	-0.000139198218262806	-0.00413223140495868
GSE74898_1	0.00184842883548983	-0.0672000990056053	0.00273224043715847	0.00170705579691798
GSE74898_2	0.00189753320683112	-0.0507779012509587	0.00280898876404494	0.000954260693506872
GSE74898_3	0.00316856780735108	-0.028906870688337	0.00355239786856128	-0.00386897697602658
GSE79176_1	0	0.00159859007525038	NA	NA
GSE79176_2	0.0119047619047619	-0.0570858080959593	NA	NA
GSE79176_3	-0.0166666666666667	-0.0621495429551674	NA	NA
GSE85785_1	0.00120192307692308	0.00490340574203136	0	-0.00298629606790958
GSE23492_1	0.00111214246424642	0.0264618086941825	NA	NA
GSE23492_2	-0.000173769170577361	-0.0254479742994797	NA	NA
GSE23492_3	0.000395751100456715	-0.0338447605118751	NA	NA
GSE23492_4	-0.000809557641251916	-0.0626966699571992	NA	NA
GSE23492_5	-0.00040323029796714	0.0640066868144209	NA	NA
GSE44991_1	0.00746268656716418	0.021702492709737	0.0151515151515152	0.0177777527406289
GSE44991_2	0.00980392156862745	-0.0311024142392128	NA	0.0104207849992055
GSE39796_1	0.000502660804344265	-0.0176419293021906	NA	NA
GSE39796_2	-8.87515481093905e-05	-0.0414964127884266	NA	NA
GSE39796_3	0.000913183329828579	0.0234014796651032	NA	NA
GSE18394_1	0.00136982599469194	0.0115470852333854	0.00205374185363971	0
GSE18394_2	0.00161550888529887	0.0741910794617316	0.00194805194805195	0
GSE18394_3	0.000349702380952381	-0.0405272547752503	0.000598560153231399	0
GSE29233_1	0.00139566395663957	0.0105717310487512	NA	NA
E-MEXP-2291_1	0.00231175693527081	0.081625137489868	NA	NA
E-MEXP-2291_2	0.00132972538388449	0.0167574300010677	NA	NA
E-MEXP-2291_3	0.00100452034153692	0.0601449219158354	NA	NA
GSE107363_1	-0.00383939610854428	-0.00336201030750188	NA	NA
GSE85761_1	-0.000787103559185197	-0.0880347490263162	NA	NA
GSE89179_1	7.62900053050896e-05	-0.0314195668675262	NA	NA
GSE89179_2	0.000632111251580278	-0.0154805426590509	NA	NA
GSE89179_3	0.00311885012669335	-0.00862131106194954	NA	NA
GSE89179_4	0.00324298465686461	0.0371847292697805	NA	NA
GSE89179_5	-0.000107474213060618	0.0243864899521008	NA	NA
GSE89179_6	0.000979767010531404	0.0330590074697377	NA	NA
GSE89179_7	0.000352187239785224	0.0236044728609015	NA	NA
E-GEOD-57723_1	0.00130411446015532	0.027530546010984	NA	NA
E-GEOD-57723_2	0.00433275563258232	0.0722738502589394	NA	NA
E-GEOD-57723_3	0.00092904697221244	0.0631286236910828	NA	NA
E-GEOD-83930_1	0	-0.039345213180128	NA	NA
GSE100268_1	0.000951898978214768	-0.0193047018846977	NA	NA
E-GEOD-55769_1	0.0183246073298429	0.390569539144513	0.0196629213483146	0.144051987322529
E-GEOD-55769_3	0.0213178294573643	0.33172406928015	0.023109243697479	0.123086254332126
E-GEOD-69110_1	-0.00909090909090909	-0.105420806507962	-0.0104166666666667	-0.0114888006290837
E-MTAB-4304_1	0.00140061658082409	-0.0548039941208887	0.00170581052933994	0.00690341926244182
E-MTAB-4879_1	0.000583133090204346	0.0136774229802142	0	0.00556234805951813
E-MTAB-4879_2	-0.000223310292777768	-0.0297592318994933	0.00179856115107914	-0.0131807450452376
E-MTAB-4879_3	-0.000471933911735895	0.0252337806632306	0	0.00848492843134498
E-MTAB-4879_4	-0.000406826957975593	0.0233510494654078	0	0.005727740698474
Cytokine_Explant_1	0.00195822454308094	0.0368996877838644	0.00810810810810811	0.0187921693996378
Cytokine_Explant_2	0.000111289216011736	-0.0622861388682004	-0.00103075087609576	-0.00406692144924507
Cytokine_Explant_3	1.97560547846871e-05	-0.0384719260084303	-0.000285346683481739	0.0143788442787975
Cytokine_Explant_4	0.000180135920740195	-0.0430707710291987	0	-0.00738039264766272
Cytokine_Explant_5	-0.00121386695570073	-0.0390603650072349	-0.00518134715025907	0.0133993867799912
FN1_Explant_1	0.00261780104712042	0.0688709677031297	0.00632911392405063	0.0118504050925926
E-MTAB-6266_1	-0.00174434638720353	-0.0573109663172925	-0.00309062164821601	-0.0168076466781525
E-MTAB-6266_B_1	-0.00195462306277909	-0.0800051748619172	-0.00378495620024772	-0.00716647542732584
E-MTAB-6266_B_2	-0.00147526927298093	-0.0288252348868016	-0.00195136410231076	-0.0206294815902254
E-MTAB-6266_B_3	0.00106382978723404	0.0609414070021418	0.00272108843537415	-0.00777274459929309
GSE70667_1	0	-0.121343472183267	0	-0.0101167912696023
GSE87608_1	0	-0.128854827396245	NA	-0.00322539843157096
GSE87608_2	9.85027580772259e-05	-0.142540509093531	0	-0.0027502984820058
GSE87608_3	-0.00537634408602151	-0.177574761194082	-0.00970873786407767	-0.00410699413753123
GSE87608_4	-0.00187581941036071	-0.105419595686817	-0.00943396226415094	-0.0168085079793549
GSE90890_1	-0.00198675496688742	-0.0730764062639318	-0.00625	-0.00539388708473899
GSE97118_1	0.00138860892741159	0.0676530381419981	NA	NA
GSE97118_2	0.00189393939393939	0.0349572351675311	NA	NA
GSE97118_3	0.00222090992091784	0.0786544849071393	NA	NA
GSE97118_4	0.00136986301369863	0.0269961283595688	NA	NA
GSE97118_5	0.000784042430531534	0.0377613558091052	NA	NA
GSE97118_6	0.00131578947368421	0.0316439526941543	NA	NA
GSE97118_7	-0.00568181818181818	0.0273389403432827	NA	NA
GSE107592_1	-0.000218960569398617	-0.026731740801003	0.000502784203857198	-0.00780822955217851
GSE92641_1	0.0020843812535961	0.0606792744354883	0.000449870575695915	0.012661428430363
GSE107849_1	NA	-0.00391236849168059	NA	NA
E-ERAD-89_1	0	-9.10898598368901e-05	NA	NA
E-ERAD-89_2	0	-0.00279361937759089	NA	NA
E-ERAD-89_3	0	-0.0149751491651093	NA	NA
E-ERAD-89_4	0	-0.0486311926497257	NA	NA
E-GEOD-45893_1	0	0.0500862447227665	NA	NA
E-GEOD-53105_1	0	0.0496937937689936	0	0.009070234876623
E-GEOD-53105_2	0.00181159420289855	0.119508888086389	0.00256410256410256	0.0154135660064314
E-GEOD-54461_1	-0.000379362670713202	-0.0648820234317156	-0.00139664804469274	-0.0067277220578255
E-GEOD-54461_2	-0.000686341798215511	-0.0175645138644263	-0.00128865979381443	-0.0116663103162094
E-GEOD-54461_3	-0.000442953247404409	-0.0479103803218273	-0.00143450732093391	-0.0135010643055018
E-GEOD-54461_4	-0.000896682767755498	-0.0595158321931256	-0.00301636878940367	-0.014832399134669
E-GEOD-54461_5	-0.000504868091099726	-0.0634140035746423	-0.00134136903644842	-0.0126924607733461
E-GEOD-54461_6	-8.73743344204384e-05	-0.0352677547567561	-0.000579001544004117	-0.00893854888076018
E-GEOD-54461_7	9.05801657555189e-05	-0.0401624766640278	-0.000297662688055368	-0.00266541927096423
E-GEOD-54461_8	0.000204381178554937	-0.0391344722953197	-0.000139679887613473	-0.00448063695684886
E-GEOD-73372_1	0.00158636626922329	0.0174960552087628	NA	NA
E-GEOD-73372_2	0.00319488817891374	0.00188651943615253	NA	NA
E-GEOD-73372_3	-0.000420040936192934	-0.0202668035493387	NA	NA
E-GEOD-75549_1	0.0123152709359606	0.0492728779968119	NA	NA
E-GEOD-76988_1	0.00268336314847943	0.0444849783967059	NA	NA
E-MTAB-2923_1	0.00139804204386077	0.119463856224899	NA	NA
E-MTAB-2923_2	-0.00118613646554612	-0.138767521202579	NA	NA
E-MTAB-2923_3	-0.00040906483950001	-0.0836037241348469	NA	NA
E-MTAB-2923_4	-0.000964201660129533	-0.0637132095203429	NA	NA
E-MTAB-3428_1	-0.00095585823631948	-0.00617585640286204	NA	NA
E-MTAB-3428_2	-0.00793650793650794	0.0628600245584332	NA	NA
E-MTAB-3428_3	0.000164473684210526	-0.0235920379971144	NA	NA
E-MTAB-3428_4	-0.000636063927924421	-0.0077334200401761	NA	NA
GSE102856_1	0.00317758682420337	-0.0131137788786319	NA	NA
GSE103492_1	0.00208044382801664	0.0019545982093021	0.00602409638554217	0.025084372494504
GSE103492_2	0.00147710487444609	-0.00384891340034201	0.00490196078431373	-0.00193943516766176
GSE103492_3	0.00263136840757808	-0.0194258464313122	0.00881403357727077	0.0153871078773515
GSE103492_4	0.0029376157242558	-0.0193852027741732	0.0102040816326531	0.01727769900014
GSE103492_5	-0.00111856823266219	-0.00878479759840272	0	0.0151251526251526
GSE103492_6	6.87311961821767e-05	-0.0261526662130483	0.00595238095238095	0.0189072621487549
GSE103492_7	0.0014367816091954	-0.0204720202942976	0.00892857142857143	0.00319099453179951
GSE103492_8	0.000764525993883792	-0.0104939739601275	0.00793650793650794	-0.00482747691797689
GSE103492_9	-7.81349661946677e-05	-0.00448166975755259	-0.00260416666666667	0.0198328787553758
GSE103492_10	0	0.00824111158049032	NA	0.00994467297269174
GSE106259_1	0.00226477839573419	-0.00917402322643715	0.00378059071729958	-0.0165562666296216
GSE110303_1	0	0.0338397354940538	NA	NA
GSE110303_2	-0.0125	-0.0572623546954123	NA	NA
GSE110303_3	-0.00273224043715847	-0.0215049696317843	NA	NA
GSE110300_1	0.0033112582781457	0.0546454662100896	NA	NA
GSE110300_2	0.0113636363636364	-0.0101180509443055	NA	NA
GSE110300_3	0.00187265917602996	-0.0218708282465304	NA	NA
GSE110281_1	-0.00140518314534686	-0.0225391330874245	NA	NA
GSE110281_2	0.00114187274322789	-0.0179708464054057	NA	NA
GSE110281_3	-0.000291467938526762	0.00392260174601544	NA	NA
GSE104459_1	0	-0.0724285989993781	0	-0.00189660402184533
GSE104459_2	-0.000876424189307625	-0.140727164701076	0	-0.0105051138917148
GSE104459_3	-0.000221972806767982	0.00692220758699633	0	0.000365726227795194
GSE110051_1	0.000842425620530134	0.0430657363321416	0.00304568527918782	0.00696509556635415
GSE110051_2	8.14285509305095e-05	-0.0288325082555544	0.000898059069835318	-0.00509108653509181
GSE110051_3	0.000579328135784775	0.0146992404772636	0.000907084982901253	-0.00425123673355548
GSE112694_1	-0.000563476983928772	-0.0455618352462452	-0.00143735134926126	-0.00808075836071357
GSE112694_2	-0.000180153343772283	-0.0237077801242772	-0.000472934650287738	-0.00707644887361797
GSE112694_3	-0.00176703898290587	0.0179115699759215	-0.00326095801354245	0.0072292467488172
GSE112694_4	-0.000508320653902876	0.0382846027755757	-0.000990486258652829	0.0106753766766705
E-MTAB-5879_1	0.00173720730281983	0.0973138290146487	0.000436084199608703	0.00592482447803293
E-MTAB-5879_2	0.00191716451804493	0.0279192182574004	0.00434782608695652	0.00109302021725612
E-MTAB-5879_3	0.00210130108769746	0.0816931514245788	0.00307017543859649	0.00111053182665488
E-MTAB-5879_4	0.00254046843642219	0.0472687361126017	0.0038961038961039	-0.00111748376088695
E-MTAB-5879_5	0.00195120114557916	0.0824172525184947	0.0031587788489629	2.16436735075206e-05
E-MTAB-5879_6	0.00243824713260761	0.0344365206440536	0.00294117647058824	0.0142129043764091
E-MTAB-5879_7	0.00180505415162455	0.0200484457171768	NA	0.0223149253938367
E-MTAB-5879_8	-0.000752479762854863	0.0368947186919361	NA	0.00172030651340996
E-MTAB-5879_9	0.000427138447971781	-0.0146070391599271	NA	-0.0171144859813084
E-MTAB-5879_10	0.00177880200925409	-0.0316423441794978	NA	-0.0179432410419956
E-MTAB-4294_1	0.00263852242744063	0.100789199409544	0.0023961661341853	0.00589217617550681
E-MTAB-4294_2	0.00325379609544469	0.152513460301489	0.00429352068696331	0.00649166486820183
E-MTAB-4294_3	0.00320512820512821	0.108726827721114	0.0018796992481203	-0.00430045861640051
E-MTAB-3186_1	-2.24953810104032e-05	-0.0144361789932704	0.000243606163433989	0.00435289092532909
E-MTAB-3186_2	0.00173886164831434	0.0710087407246861	0.00119799894681411	0.000846774193548387
E-MTAB-3186_3	0.000120306541066638	0.0163644156861761	7.73442429423379e-05	-0.00301807885020464
E-MTAB-3186_4	7.83861155134685e-05	-0.0635582752661676	0.00104975796465158	-0.00365268667594249
