comparisonID	jaccard	cosine	sigjaccard	chrDir
22659600_1	-0.0200048184347757	-0.0724372516056202	-0.0104179324571433	-0.0293500042350487
24361742_1	-0.0516766589471161	-0.132487453400604	-0.00817630648214338	0
GSE72258_1	0	0.0306988382186172	0	0
GSE72258_2	0	0.0182101464848349	NA	0
GSE69531_1	-0.00999256088423565	-0.029891943503549	NA	NA
GSE69531_2	-0.00918893373154567	-0.0651850164891678	NA	NA
GSE69531_3	-0.00315645297628542	-0.0461409941244069	NA	NA
GSE69531_4	-0.00999256088423565	-0.029891943503549	NA	NA
GSE58203_1	0.0135737192317615	0.076519187613061	0.0116934347703578	0.0208826309877326
GSE58203_2	0.00933511190247856	0.0622068292180985	0.0108289058703251	0.0232802229987896
GSE58203_3	0.00618825774631798	0.0449907441925419	0.00551224896359668	0.0137286937061965
GSE58203_4	0.00640887972990954	-0.00156147341160199	0.00623985779811758	0.00512984676491662
GSE58203_5	0.02067630126417	0.0998071748751198	0.00872022362664074	0.0257412441870768
GSE58203_6	0.0057707074220253	0.0641427017230832	0.00287324950376621	-0.00512243697100881
GSE58203_7	-0.00110927827343127	0.00582942383019914	0.00128838508248107	-0.0129634000816383
GSE58203_8	-0.00888239678062675	-0.100453962177797	-0.00587790484154244	-0.0273098694837969
GSE59642_1	0.00407148070089859	0.0625011015140221	NA	NA
GSE59642_2	-0.0126594268105983	-0.0585016853861753	NA	NA
GSE59642_3	-0.0144371871662799	-0.144296931801573	NA	NA
GSE64922_1	0.0242943858170712	0.122982223878255	0.0218180882643781	0.0522903913681994
GSE60162_1	-0.00416635020622361	-0.00042576267919103	NA	NA
GSE31685_1	0.00442034630865545	0.0945731316437274	0.00546467399370816	0
E-MEXP-3890_1	-0.00169250760749612	0.013972756537498	-0.00277071924018826	0.0157766810735777
GSE31980_1	0.00125571625132793	0.0771045417267062	0.00119228199697295	0
GSE15615_1	0.0173379932726314	0.144052195560593	0.0222084720520931	0
GSE15083_1	-0.0328985174117917	-0.0423354281026443	NA	-0.0255136118362487
GSE108035_1	0.00423569101052884	0.00942860655111014	0.00214138096854444	0.0056076890478127
GSE108035_2	-0.00398744328968966	-0.0677252243100265	-0.0028494269139943	-0.0172660531118345
GSE108035_3	-0.00144989806611139	-0.0714738651775209	-0.000838409774066285	-0.0278256983664114
GSE21959_1	-0.00137215693005099	0.0182123097749501	0.000569277515672922	-0.00885685552975727
GSE21959_2	-0.00620040434204589	0.020994193117835	0	0.00418405251299594
GSE24742_1	-0.00198228753985127	0.0409874693518548	NA	0.0094486225772604
GSE24742_2	-0.00459579180509413	-0.0160363594431452	NA	-0.00853637751396855
GSE24742_3	0.00746262207242243	0.00880898346647068	NA	0.00474834917676766
GSE74668_1	0.00403682398768004	0.0616993798002063	NA	NA
E-GEOD-10024_1	0.00902176100827097	0.0649024712454233	NA	NA
E-GEOD-10024_2	0.0176121165463464	0.0892347651461594	NA	NA
E-GEOD-12860_1	0.026074780172855	0.0558108805733752	NA	NA
E-GEOD-12860_2	0.00406571086246404	-0.0133584333310458	NA	NA
E-GEOD-12860_3	0.00170553651545084	0.000699423740622681	NA	NA
E-GEOD-12860_4	-0.00809832944375852	0.00426560767098578	NA	NA
E-GEOD-12860_5	-0.00151721408139654	-0.00614620803643551	NA	NA
E-GEOD-12860_6	0.00550758714581691	-0.0145399095336743	NA	NA
E-GEOD-12860_7	0.000365797994910838	0.00412978711557538	NA	NA
E-GEOD-12860_8	-0.00767151555277812	-0.00189770925216172	NA	NA
E-GEOD-14359_1	0.0173823867975519	0.0230993593084889	0.0174074434713015	0.0092994338773882
E-GEOD-14359_2	0.0178163616196082	0.12720728308093	0.0123591721001155	0.0417110243219784
E-GEOD-1919_1	0.024762066038896	0.0873062754772183	NA	NA
E-GEOD-1919_2	0.0146880160534965	0.100995128059484	NA	NA
E-GEOD-1919_3	0.00804121779791719	0.0730279239198226	NA	NA
E-GEOD-1919_4	0.0405576122926522	0.0989303022672998	NA	NA
E-GEOD-1919_5	0.0252357613474674	0.119506729469375	NA	NA
E-GEOD-1919_6	0.0190688920579219	0.0516777538533438	NA	NA
E-GEOD-1919_7	0.0185331217768597	0.0418427661979997	NA	NA
E-GEOD-1919_8	0.0230302535157729	0.0654767806368184	NA	NA
E-GEOD-1919_9	-0.00105199946602797	-0.0557557157681368	NA	NA
E-GEOD-19664_1	0.00442124625909043	0.0268029098919825	NA	NA
E-GEOD-19664_2	0.00371842041355583	0.0102113212741914	NA	NA
E-GEOD-19664_3	-0.00411467774909321	-0.0101388712114124	NA	NA
E-GEOD-19664_4	-0.0013999051292131	0.0478176177502193	NA	NA
E-GEOD-19664_5	0.010384085620612	0.0411160208114096	NA	NA
E-GEOD-19664_6	-0.00861679983139424	-0.0545690655854822	NA	NA
E-GEOD-43923_1	0.0374350745679216	0.134007519416747	0.0409690776952575	0.0372483258852905
E-GEOD-51812_1	-0.0025530077240574	-0.069325201020977	5.73046006311544e-05	-0.0294707611728718
E-GEOD-51812_2	0.000743641290595669	-0.0479028390991229	0.00268546967812877	-0.0398264376471856
E-GEOD-68760_1	0.017266426463238	0.105461916048647	0.009741804588063	0.022629268856859
E-GEOD-82107_1	-0.000610497575296746	-0.0059798553711914	0	0.0146843146486527
E-GEOD-9451_1	-0.00422738520463096	0.0132604274307891	-0.00330684524743973	0.0120110459440794
E-GEOD-9451_2	0.0115027968986611	0.0720095409871274	0.00906271207330961	0.0173024905105376
E-GEOD-9451_3	-0.00617287262014282	-0.0137422419025352	-0.00284912290742142	-0.00817409735263916
E-GEOD-9451_4	-0.00331341115406964	0.00391325402017102	-0.00179573638346469	-0.000865109308559119
E-MEXP-2019_1	-0.00359702517048741	0.016485070738853	0	0.0201770839672842
E-MEXP-2019_2	-0.0479848051803965	-0.138958041119058	-0.00371460611157836	-0.0314357420812769
E-MEXP-2019_3	-0.00777953333822811	-0.0159007569426167	NA	0.00108991857593675
E-MEXP-2019_4	-0.000509950248756219	0.0206121875408814	0.00277777777777778	0.00101746612167212
E-MEXP-2276_1	0.00689361250801929	0.0231108725309985	NA	0.0176071163854657
E-MEXP-2488_1	0.00410832837127176	0.00816706720497905	0.00522056959557156	-0.000467498286627855
E-MEXP-3129_1	-0.00949410717178051	-0.0121395901237369	-0.00684905372405372	-0.0188381351919824
E-MEXP-3474_1	-0.00266288373510387	-0.0243781109795532	NA	0
E-MTAB-3010_1	-0.00274955077732801	-0.0582750552078439	NA	NA
E-MTAB-3010_2	0.00180647159464891	-0.0245480288547001	NA	NA
E-MTAB-3010_3	0.0158389105379532	0.0397860859547303	NA	NA
E-MTAB-3010_4	0.00605549501150137	0.0834618790496652	NA	NA
E-MTAB-4152_1	-0.00148443920807902	-0.0386102594757124	-0.0106374104870229	0.00224038879764265
E-MTAB-4152_2	-0.012577399380805	-0.033852043314678	-0.00518217191368942	-0.0219297652476592
E-MTAB-4152_3	-0.0120213465185995	-0.0646189180661353	-0.0164239701687794	-0.00417170057826791
GSE100609_1	-0.00699173929818008	-0.023330647814146	NA	-0.0217217997755265
GSE100786_1	0.00416666666666667	0.0309522325578011	NA	0.0112774515053923
GSE100786_2	0.00733268225999778	0.0178131671715494	NA	0.00680157273077627
GSE103697_1	0	0.03227295141092	NA	NA
GSE103697_2	0	0.00326649472930036	NA	NA
GSE103697_3	0	-0.00293779060105738	NA	NA
GSE104113_1	0.0244436411897273	0.0495932779771542	NA	NA
GSE104113_2	-0.00102817530220938	0.024894223229259	NA	NA
GSE104113_3	0.0244436411897273	0.0495932779771542	NA	NA
GSE10575_1	0.000725995604241539	0.0198576559251925	0	-0.00361267980934944
GSE10575_2	0.0135145189553689	0.0549765218123304	0.0100427473666063	0.0210925178705543
GSE10575_3	-0.00843158873347182	-0.0941356778872639	-0.00622603504053225	-0.020359020801303
GSE13604_1	-0.0105143673216783	-0.00751812328869483	-0.011345981545116	-0.0110711631400666
GSE13837_1	0.0100049854718519	0.0272190274652418	0.00320512820512821	0.0177881875950436
GSE13837_2	-0.00438662579332167	0.0276090465565894	-0.00689792663476874	0.004069489060989
GSE13837_3	-0.0041888366806078	0.0133407455385883	-0.0109195242227198	-0.00104107130990704
GSE13837_4	2.43681504456493e-05	0.0174772739910713	-0.00144644995472999	0.00290318363972586
GSE13837_5	0.00994951578368397	0.0280698715265825	0	0.0181915791088274
GSE13837_6	-0.00381622504115554	0.0597447117517385	-0.0013977725097285	0.00136948708510567
GSE13837_7	0.00271935336454981	0.0342634418387576	-0.000126155280363091	0.00152132255825259
GSE13837_8	0.00543357779701218	0.0219295070729848	0.00847583852036226	0.00390275405880103
GSE13837_9	-0.00466360982660026	-0.00329465475053086	-0.00567473447680807	-0.0130503199469129
GSE13837_10	-0.00733757490983197	-0.0212405925350933	-0.00773176090972701	-0.0154855919588827
GSE13837_11	-0.0044969599478094	-0.0193211800998531	-0.00072303951885636	-0.00451654814403135
GSE13837_12	-0.00467995115676846	-0.0111015290859592	-0.00349230442548507	-0.00798558850325109
GSE13837_13	0.0174212698736241	0.0825678242838678	0.0134230503795721	0.024664753612122
GSE13837_14	0.00917847180873399	0.0714050678060552	0.00378233243965706	0.0124788388206591
GSE13837_15	-0.000144411484015431	0.0541287774257099	0.00109295383295567	0.00676308303018264
GSE13837_16	0.00724685620587814	0.0377014864886326	0.0076891079462429	0.00363938971330742
GSE13837_17	0.0206516761760691	0.0955680477256836	0.01488287126585	0.02301432838857
GSE13837_18	0.0102999257247033	0.073382694675862	0.00198172536873428	0.0161476830174046
GSE13837_19	0.00290514184094369	0.0603668499742288	0.00278071001530445	0.00726650567721151
GSE13837_20	0.00205200408152841	0.0344998017243408	0.00958432130570933	-0.000514071446982746
GSE13837_21	-0.00412512217390266	-0.011060050432858	-0.00564612471047963	-0.0153133851220598
GSE13837_22	-0.000918957722588203	-0.00527485171867275	-0.00507498071208208	-0.0136316611379696
GSE13837_23	-0.00948076136558646	-0.0127635796458596	-0.00727472535698482	-0.00735149709301891
GSE13837_24	-0.00187500550536687	0.00340538753738569	-0.00687503621770571	0.00289574774856074
GSE16464_1	-0.0259697880708217	-0.174299174534876	NA	NA
GSE16464_2	0.000634821349315802	0.0895385771170007	NA	NA
GSE19060_1	0.0238100492546697	0.0664026118112932	0	0.0234575970748612
GSE27372_1	0.019858095363425	0.0316264501458935	0.00983598117850561	0.0229045123229067
GSE27390_1	0.00143257302921168	0.0327942822150178	-0.000392962432485846	0.00492318015099593
GSE29106_1	-0.00145060532258197	-0.0386028723242769	NA	NA
GSE29107_1	0.00467700610354405	0.00661975851891876	NA	NA
GSE29107_2	0.00577732353604696	0.0920319608469309	NA	NA
GSE29745_1	-0.00987809274198679	-0.0864953793490663	NA	NA
GSE29745_2	0.00690177044729622	0.0413546045058688	NA	NA
GSE29745_3	-0.00581919716593698	-0.0688105668628972	NA	NA
GSE35546_1	0.00676756139348943	0.0406419679215032	NA	NA
GSE35546_2	0.00374511098002031	0.0475502997210974	NA	NA
GSE35546_3	0.00195934396234698	0.0486438013957012	NA	NA
GSE35546_4	0.00412414688121822	0.047807418241114	NA	NA
GSE35546_5	0.00597229362333954	0.0437044489221651	NA	NA
GSE35546_6	0.00412052957499273	0.052907918565851	NA	NA
GSE35955_1	-0.00773244761678757	0.00839926872782272	-0.004	-0.00664060988098603
GSE35956_1	0.00493543988951434	0.0528577297988016	0.00192051544156367	0.0289751968641652
GSE35957_1	0.00476748315622996	0.0994916611295058	-0.00146100496406226	0.0361710904056967
GSE35958_1	0.00535860464346655	0.0291651968540663	0.00525813393963778	0.0118549872516386
GSE39340_1	0.000146288277492419	0.0130853025385425	NA	0.0197899131429222
GSE39340_2	0.00873799692221478	0.0114579619541315	0	0.0158903884978857
GSE39340_3	-0.00211147995054878	0.000564362990276506	0	-0.0045098251695454
GSE39795_1	-0.0111978950948036	-0.0101290411956435	NA	0.00061882704490278
GSE39795_2	0.00333897446859166	0.00202800887861198	0.00746030510585305	0.000335310548564199
GSE39795_3	0.00526322836211923	0.0118894451944534	-0.0178571428571429	0.00633523543505511
GSE41038_1	-0.003069394525826	0.00523775278688483	NA	0.00548616315013203
GSE41038_2	-0.000375788201021231	0.0209049878228972	NA	0.00471432318405697
GSE41038_3	0.000239777038962791	0.0171779859493754	NA	0.00901666556720854
GSE41992_1	-0.0159617668605718	-0.073069773735517	NA	NA
GSE42235_1	0.00231248105406173	0.00792038123908999	-0.00658708386185769	0.00632517977581974
GSE42235_2	0.0088730863281683	0.034757797309213	-0.00214711772720038	0.010981238141924
GSE42235_3	-0.00120387314792911	0.0169921271974337	-0.0104618974138144	0.00965989437985979
GSE42235_4	0.00117122201543807	-0.00395612434561849	-0.00840580365056298	0.00358839149866261
GSE45233_1	0.038053097432394	0.082640734673753	NA	0.0211195097875953
GSE45233_2	0.0161231179997493	0.113380370908831	0	0.00985826859862188
GSE45233_3	0.00353416110002957	6.18622366653915e-05	NA	0.00476551002626083
GSE45233_4	0.0120119023953335	-0.0131232463698833	0	-0.00187511633668749
GSE46053_1	0.049874683889964	0.0940472735276067	0.0201872748385206	0.0412557732959426
GSE46053_2	0.0481485395478527	0.0959332171664888	0.0269907375799367	0.0284965136242508
GSE46750_1	0.0374549835227872	0.17538480811907	NA	0
GSE51588_1	-0.0101686232713594	0.00965910613656776	-0.0095058373667968	-0.00651930696351422
GSE52817_1	0.0116850498710963	0.000443160559346749	NA	NA
GSE52817_2	-0.000342690273853856	0.0412789751930906	NA	NA
GSE52817_3	0.00703402490347361	0.0826088466226658	NA	NA
GSE52817_4	0.00220946173016428	-0.034327417785309	NA	NA
GSE55235_1	0.037572793847155	0.0903795488624591	0.0415683621933622	0.0154973654355142
GSE55235_2	0.0331459162160158	0.0700997711071648	0.0419933207351283	0.022440717722267
GSE55235_3	0.0160835816502961	0.0112435437392302	0.0236171011109327	-0.00865732044773982
GSE55457_1	0.000306985573946632	0.042413323964492	-0.00297927734151842	0.0191941469202321
GSE55457_2	0.0162644249046515	0.0687654243195242	0.0201928953399542	0.00406691806203813
GSE55584_1	0.0155012943285891	0.0501259998072079	0.0108695652173913	0.00901817193596905
GSE57218_1	-0.00138392857142857	-0.0129790247878725	-0.0150292675209619	0.00371330431814303
GSE57218_2	-0.00832979080255636	-0.037069620475624	-0.00402275265438729	-0.0106006892482701
GSE57218_3	-0.0077160279888319	-0.0346588977209124	0.00293555235380662	-0.0201365835985045
GSE60762_1	0.00440942928551703	0.0605284398034977	NA	0.0145078574813967
GSE62914_1	0.0102340337882354	0.0622545875756381	NA	0.0105394192277733
GSE62914_2	0.00755598610019842	0.0942024483055577	NA	0.0217841668945833
GSE62914_3	0.000487442255718376	0.0781503724840283	0	0.0156068702561434
GSE62914_4	-0.00301963141123139	-0.0625187695677326	0	-0.0293188470427168
GSE64394_1	0.0175840414151371	0.0162693478456216	NA	0.0129232264084352
GSE66635_1	0.00607510162984475	-0.0191523686979854	NA	-0.00127521078195168
GSE68038_1	0.0123025353724431	0.0445489156566805	0.00314465408805031	0.0242622228759198
GSE68428_1	0.0220644094284888	0.0613637610102573	0.0182393719313266	0.0234728279210297
GSE68428_2	0.0240468405336019	0.0950988293448044	0.0243573051441469	0.0224474072360826
GSE68428_3	0.0136427889468222	0.0351827082609215	0.0167730378404857	0.0225851757564044
GSE69459_1	0.00014271978706021	-0.0519873706056508	NA	NA
GSE69459_2	0.0103198384743756	-0.0133476567472366	NA	NA
GSE69459_3	0.0183871790369795	0.0111854763357538	NA	NA
GSE69459_4	0.00269022031078167	-0.03330005171147	NA	NA
GSE69992_1	-0.0049431378391579	-0.00433502044018442	-0.00831211368562648	-0.0135293100983593
GSE70719_1	0.00376381859111309	0.0222416161888256	0.00535677775506031	0.00443454841208854
GSE7116_1	-0.0122415614110182	0.0162411569023514	0	-0.00562497331891491
GSE7116_2	0.0020481277021289	0.0338454192021174	NA	0.00314369428346072
GSE7116_3	0.0130389871112198	0.0114136856730682	0	0.0146847597087414
GSE72575_1	0.0164790494058787	0.0152347747831955	0.00820512820512821	0.0276642747516361
GSE72575_2	0.00121539843710271	0.0371737957573226	-0.00291837159493643	0.000604286732223648
GSE72575_3	0.0141558077623651	0.0114547679160829	0.00506421815190915	0.0137047460779175
GSE72575_4	0.00246305418719212	0.0558720516910853	0	0.00763171191033944
GSE75181_1	0.0124725765925753	0.0670526632859872	0.00119182698854587	0.00664768955942499
GSE75181_2	0.0216300300916334	0.124494938161042	0.0150636412259936	0.00169758214021479
GSE75181_3	0.016398560044133	0.0749316959809327	0.00577869379552359	0.00799826840582848
GSE75230_1	0.0052855334555544	0.00758715329695757	0.00864809704495803	0.005078823338209
GSE7669_1	-0.0198922407090655	-0.0411735092587273	-0.00442477876106195	-0.0307746059696226
GSE77916_1	0.00255102040816327	0.0196506700283104	0	0
GSE80614_1	0.0117678053921138	0.0524346124098971	0.00549450549450549	0.0194705771766297
GSE80614_2	0.00169370183597478	0.0452416176544877	0.000377928949357521	0.0117757812245715
GSE80614_3	0.00952380952380952	0.0493235609300103	0.00340136054421769	0.00944221064602117
GSE80614_4	0.00687173270702326	0.0012597056484464	0.00787422115936573	-0.00107997048439668
GSE80614_5	0.00635187853997612	-0.000649383054512647	0.0146437057241645	0.00154763447636967
GSE80614_6	0.00845249370097032	-0.0154345801817969	0.00936093385973469	0.00271453677960564
GSE80614_7	-0.000174544974608323	-0.0181930713659186	0.00373462585177528	0.00231052682733062
GSE80614_8	-0.00832544928233874	-0.0638147228966151	0.000640263680118972	-0.0144580477882221
GSE80614_9	0.0150862068965517	0.0753331617460762	0.00591715976331361	0.0211541694064646
GSE80614_10	0.0126262626262626	0.0720585096235705	0.00735294117647059	0.0115145884372133
GSE80614_11	0.00985221674876847	0.0933890282873712	NA	0.0234530553185372
GSE80614_12	0.00524954708869552	0.0304675700183184	0.0103547704211986	0.00415556116162669
GSE80614_13	0.000486479610895752	0.00580233020961672	0.00667932511076948	0.0051536835537493
GSE80614_14	0.00518205708561039	0.0104749950708557	0.00662267347611358	0.00545752055684396
GSE80614_15	0.0133934059307194	0.0321497145105039	0.0128191181935329	0.00515896513992895
GSE80614_16	0.0109598227290838	0.0230289183174724	0.00981820329646417	0.00164068934512781
GSE85254_1	0.0201129628898571	0.0590544284700847	0.0280450077482552	0.0290012748834423
GSE86578_1	0.0223880597014925	0.115958771531596	0.0155555555555556	0.0170762889193594
GSE86578_2	0.0227750043036667	0.120446553273983	0.0129210397852087	0.0267416691207157
GSE86578_3	0.00642990579140521	0.0720288363475485	0.00191050063690394	0.0177584435040939
GSE9329_1	-0.00274265237015603	-0.0356044104298112	NA	NA
GSE93698_1	-0.0153078906733723	-0.0602932124299972	-0.0177372680773366	-0.0278542510588165
GSE93698_2	-0.0202311157032029	-0.0616901369193106	-0.019256626797497	-0.029588538089979
GSE93698_3	-0.0275609745438327	-0.0909463400812899	-0.0251267579260574	-0.0325365575021869
GSE93698_4	-0.0175327328836855	-0.0585761338336745	-0.0181902685375869	-0.0360951212784571
GSE93698_5	-0.0211490989558532	-0.106511857550359	-0.019573610889277	-0.0511339176919746
GSE93698_6	0.0172516621791843	0.0193219261328328	0	0.00266682185347523
GSE93698_7	-0.0102931681679455	-0.0423321901514055	-0.0126741664113307	-0.00969793590722297
GSE93698_8	0.0238099881296724	0.0246298681430052	0.00689655172413793	0.0134751868477783
GSE93698_9	-0.0355429659094978	-0.101293099880523	-0.0308305321369021	-0.0305279630624344
GSE93698_10	-0.018009524887407	-0.0594562888112308	-0.0210803599640975	-0.00964771742045038
GSE93698_11	0.0131344775680597	0.00406405016357938	0.00497512437810945	0.0105953269790346
GSE93698_12	-0.0411063963721771	-0.106863382145669	-0.0303203261502621	-0.0339047509011859
GSE93698_13	0.0297107947284172	0.0649895428797471	0.0186624166706669	0.0077603686049571
GSE93698_14	-0.0346695498701829	-0.0756155619141668	-0.0300429184549356	-0.0299751088394086
GSE93698_15	-0.0378647284587745	-0.108811753066539	-0.0333957229881321	-0.0367273892761256
GSE93720_1	0.0149647557209583	0.105375290381431	NA	NA
GSE93720_2	0.0190173174324896	0.0928424382755609	NA	NA
GSE93720_3	0.0117972541181636	0.0781292254894598	NA	NA
GSE93720_4	0.00439672417343101	0.051727195385092	NA	NA
E-MTAB-5564_1	-0.0126264129818479	-0.0253339300878083	-0.0182887785552568	-0.0112427576792359
GSE77753_1	-0.0202785828971787	-0.0383339913624386	NA	-0.0181104317407868
GSE43861_1	-0.00831624811494672	0.0188887276064641	NA	NA
GSE112809_1	0	-0.00403476630380575	NA	NA
GSE111946_1	-0.0116764844195035	-0.139046007733359	NA	NA
GSE111946_2	0.00919661733615222	-0.0200622090186358	NA	NA
E-MTAB-3201_1	-0.00629833834624366	0.00813405185464016	-0.0079145252421187	0.0198364911475391
GSE57740_1	-0.0116592918092147	0.000471348063900104	NA	NA
GSE52992_1	-0.039740583737901	-0.148786267922308	-0.037712049570314	-0.0454635940495812
GSE17160_1	0.0135824894011441	0.0869246310633455	NA	NA
GSE17160_2	0.0137099408951855	0.0462067365826653	NA	NA
GSE17160_3	0.00481649694239379	-0.0346351784795967	NA	NA
GSE17160_4	0.0141227337228079	0.0260731534201104	NA	NA
GSE17160_5	0.0014612639918924	0.0485406152041458	NA	NA
GSE17160_6	0.000528607277710211	0.063372410410654	NA	NA
GSE17160_7	-0.0251804409117946	-0.109626340538267	NA	NA
GSE17160_8	0.0208236480096548	0.0646298045804219	NA	NA
GSE17160_9	-1.77123145562192e-05	0.0114046059193425	NA	NA
GSE17160_10	0.00141906121250789	0.0305226826638534	NA	NA
GSE17160_11	-0.00579737650148181	-0.00294822972778706	NA	NA
GSE17160_12	0.00714063536919375	0.0518166140721699	NA	NA
GSE22971_1	0.000177060790871533	0.00850290060137657	NA	0.00235573146319445
GSE22971_2	0.0156578947368421	0.0536508154173436	NA	0.0237104880283109
GSE22971_3	0.0152329855102941	-0.000417048372541282	0.0158000330787766	0.0104074660949728
GSE22971_4	0.0185005555333418	0.0146738482311347	0.0240413000991356	0.0164144624808262
GSE13590_1	-0.00908677746471876	-0.0329756944553997	-0.00848663545423864	-0.01191853158737
GSE13590_2	-1.3082155939299e-05	-0.023508615163797	0	-0.0035037299665036
GSE99731_1	0.00993209489518371	-0.0160050884075184	NA	0.000241625528946362
GSE99731_2	-0.0173978382752442	-0.119464684717588	NA	-0.0224497639000297
GSE99731_3	-0.00168710109131764	0.027896921127323	-0.00853480362688984	0.00657527956241924
GSE27492_1	0.0163521001244682	0.0400152402361607	0	0.00751560202415878
GSE27492_2	0.0502905684089313	0.122831191492872	0.0395822400675297	0.0447758700917996
GSE27492_3	0.0253143767628509	0.0398340240493484	0.0284886544767626	0.00861601680455146
GSE27492_4	0.0249732524930331	0.0569070306833743	0.0270652932727385	0.0203294706066427
GSE27492_5	0.0284753274642323	0.0649064442151716	0.0317155314367454	0.0257874205273171
GSE27492_6	-0.0336883299460151	-0.0780471627002913	-0.0319076060945237	-0.0238430036425515
GSE27492_7	-0.0113267620667376	-0.062342674520181	-0.0120456022319021	-0.0215874140697
GSE27492_8	-0.0164077319451068	-0.0628961954749894	-0.0170032069578897	-0.0172295652840175
E-GEOD-15069_1	0.0159758064145198	0.0674725778191997	0.00107369130125954	0.0171770198429644
E-GEOD-15069_2	0.00727104411648143	0.033520607347636	0.0092048438949445	0.00339320359734444
E-GEOD-15069_3	0.00901039858091997	0.0913738304242958	0.00541558925054418	0.0421025817887406
E-GEOD-15069_4	-0.0205565526860356	-0.0699888189327942	-0.0153819592640015	-0.0283425572351561
E-GEOD-15118_1	0.00842696629213483	-0.0236384217615182	NA	NA
E-GEOD-15118_2	0	-0.0306112820997691	NA	NA
E-GEOD-15118_3	0.00652127452916163	0.085457739270238	NA	NA
E-GEOD-15118_4	0.0104012369628882	0.0803929671555487	NA	NA
E-GEOD-16007_1	-0.0150255918603962	0.000684988199266351	NA	NA
E-GEOD-17473_1	-0.0196224351152471	-0.169881409717133	NA	-0.0181317696206683
E-GEOD-18647_1	-0.0050746045988722	-0.0272098874166598	NA	-0.00868289079971372
E-GEOD-18647_2	-0.00764340395920644	-0.0367282391148118	NA	-0.0228535120540099
E-GEOD-18647_3	-0.00173681919415536	-0.0218904712581694	NA	-0.0224636684615608
E-GEOD-18647_4	-0.00214767743581271	-0.024425135592095	0	-0.0203719145863585
E-GEOD-18648_1	0.00583526245520454	-0.0161582132191983	-0.000705149843141153	0.00841870100630841
E-GEOD-18648_2	0.0121271710826673	0.000561585371745055	0.00926071642906829	0.00734254874543384
E-GEOD-2154_1	0.104629615165314	0.150343315490807	0.127719546907445	0.139128688439681
E-GEOD-2154_3	0.203533320554597	0.479986773900618	0.165585686329326	0.218780203507288
E-GEOD-2154_4	0.0123758186296822	0.133390213705612	0.0183702127826767	0.0463515205037927
E-GEOD-26475_1	0.0314864924475996	-0.00721975509395537	0.0216798516617592	0.0175077926771657
E-GEOD-26475_2	0.00385551948051948	-0.00129000141877474	0	0.014852197250671
E-GEOD-26475_3	0.0316132853551501	0.11849976886977	0.0266019985849957	0.0347231908302072
E-GEOD-33567_1	0.0106480812617068	0.161948492307568	NA	NA
E-GEOD-33567_2	0.00799097959127197	0.0416164561983068	NA	NA
E-GEOD-37287_1	-0.00414673439481944	-0.0305860655294106	NA	NA
E-GEOD-37287_2	-0.00595738170053324	-0.03516541670269	NA	NA
E-GEOD-37287_3	0.00783707116845388	0.060850413054535	NA	NA
E-GEOD-51994_1	0.00918924278182481	0.0555561546577492	-0.00385840243294696	0.00746335490903346
E-GEOD-51994_2	0.00412269653824684	0.0341479169329173	-0.00262734079938381	0.0100691130639642
E-GEOD-51994_3	-0.0022146337425136	-0.00381812723336477	0	-0.00070291653731625
E-GEOD-65077_1	0	-0.00552642306367165	NA	NA
E-MEXP-1244_1	0.0192005476654599	0.0666517077224046	NA	NA
E-MTAB-1123_1	0.0401136654043631	0.159530863899145	0.0173823455773083	0.0211840415602649
E-MTAB-1123_2	0.0259176065952165	0.12144271027583	0.0259223833257223	0.0178941862794891
E-MTAB-1123_3	-0.0125872229359635	-0.018286440125537	0.00730095068330362	-0.00433949912752242
E-MTAB-1123_4	0.015625	0.0737110980529018	0	0.0168610537496921
E-MTAB-1391_1	0.1454366753467	0.43610041896077	0.11534017789902	0.193659962830045
E-MTAB-1391_2	0.0491461901259775	0.357388765677901	0.0428702296154345	0.136653850830695
E-MTAB-1391_3	0.0375228622757208	0.224122512068258	0.0365495698454435	0.083198298468616
E-MTAB-2450_1	-0.00942460473252985	-0.00519698417210851	-0.00669491418289389	0.0102746988006152
E-MTAB-2450_2	0.00781921606017397	-0.0102474581922028	0.00358985361544834	0.00880723519106018
E-MTAB-2450_3	-0.0012647164565652	-0.104130723123714	0.00158383041417613	-0.0515307376391467
E-MTAB-2450_4	-0.0303123441162729	-0.133782960379123	-0.014453409322658	-0.0538926437201829
E-MTAB-5023_1	0.00868159455072192	0.041645464104955	NA	0.0321465681288501
E-MTAB-5326_1	0.0131047901840933	0.0320270396932689	NA	NA
E-MTAB-5326_2	0.00851689531693234	0.0592453126843101	NA	NA
E-MTAB-5326_3	0.0177808898177186	0.0766517972714107	NA	NA
GSE102588_1	-0.00540307109014728	-0.00621155596130118	0.00292397660818713	0.000483550952445058
GSE104793_1	0.00796318751806731	0.141803099362907	0.00840874611661093	0.0462513825688979
GSE104794_1	0.0131779934655307	0.0732782049966072	0.00703181322041587	0.020064552793112
GSE104795_1	0.0198497682463735	0.0753229118111997	0.00812590994854773	0.013464169442152
GSE105139_1	0	0.0972677396862359	NA	0.0342479617323449
GSE105139_2	0.0590543994158452	0.196952622925914	NA	0.0741894091081593
GSE105139_3	0.0426664086687307	0.152317195333947	0	0.0586011392990122
GSE10555_1	0.0102462659264529	0.0631865564688314	NA	NA
GSE10556_1	0.0279591809003574	0.0165003793891068	0.0123843663274746	0.0222134226072584
GSE106631_1	0.046568476028351	0.181707212663843	0.0379272782910431	0.0706068303683173
GSE13104_1	0.0380456958084192	0.255584569776745	NA	NA
GSE13104_2	0.03642057839284	0.212954341230306	NA	NA
GSE13104_3	0.0333568548981781	0.259229574319006	NA	NA
GSE16749_1	-0.0191445765729319	-0.0266628767477736	NA	NA
GSE16749_2	-0.0180884009009009	-0.124648165637122	NA	NA
GSE16749_3	-0.0110628928419076	-0.00465351623123905	NA	NA
GSE17348_1	-0.0235552184733826	-0.10550174329109	NA	NA
GSE17563_1	-0.0492797709937659	-0.372180235632851	NA	NA
GSE17563_2	-0.014370126269119	0.0642768483879912	NA	NA
GSE17569_1	0.00548806671240589	0.118838224532859	NA	NA
GSE17569_2	0.00594624916145686	0.0957734791294833	NA	NA
GSE17570_1	0.00660146938242808	0.0859141440492966	NA	NA
GSE17570_2	0.0169080336692735	0.153745747942134	NA	NA
GSE18991_1	0	-0.0222463395364929	NA	0.000438643546031909
GSE18992_1	0	-0.0351353280031917	NA	-0.00669538587875031
GSE19299_1	0.00133528764730181	-0.020802939618878	0.000616754785455084	-0.00845994891697075
GSE20850_1	-0.0354067285698337	-0.155172982109727	NA	NA
GSE21093_1	0.0232862701768578	0.182771824468525	NA	NA
GSE21523_1	0.0177175411942163	0.0573543961850631	NA	NA
GSE21639_1	0.0186046511627907	0.0869056573427135	NA	NA
GSE21639_2	-0.0583783936491889	-0.18059497257359	NA	NA
GSE21639_3	-0.0420834679015449	-0.0530194796184289	NA	NA
GSE21639_4	-0.0580441655092637	-0.184552945330526	NA	NA
GSE21710_1	0.0142409672845078	0.080591315585597	NA	NA
GSE21710_2	0.0123756822055459	0.0745282500796662	NA	NA
GSE21710_3	0.00949086432661283	0.039515466440756	NA	NA
GSE22925_1	0.0116011644131811	0.0278041940071935	0.0118111559139785	0.0252055042173263
GSE22925_2	0.0309959107142627	0.0669645971495171	0.0286255838096219	0.041177775812757
GSE26499_1	0.0193198147429321	0.100964201431295	NA	NA
GSE30160_1	0.0402996733912465	0.185183853084911	0.0392506061712948	0.0489592778132253
GSE30628_1	-0.00538610819983912	0.000262705615141454	-0.00720145627644068	0.0161321178398136
GSE30628_2	0.00764517360224903	0.0400788987934063	0.00456765441819949	0.018043509081095
GSE32163_1	0.022038644354457	0.137617279763582	NA	0.0145450572118173
GSE33656_1	-0.023359774259799	-0.0371995895049206	NA	NA
GSE33754_1	0.0248629916183108	0.11171788576725	0.0179487179487179	0.018947210643687
GSE33754_2	0.0173054314705696	0.130382653193306	0.015549362703735	0.023085183224834
GSE33754_3	-0.00755500746413968	0.066664311540684	0.00268753550120208	-0.00132224317981974
GSE34570_1	0.00988925173995037	0.0495943296410194	NA	NA
GSE35003_1	-0.000157585470085471	0.0792373729973561	NA	NA
GSE35466_1	0.0231952678243534	0.0692591962410161	NA	NA
GSE35466_2	0.0146621307903854	0.0619743743400384	NA	NA
GSE35466_3	0.0247235699823151	0.0851921149517618	NA	NA
GSE35466_4	0.0478154588515739	0.140414399807444	NA	NA
GSE35466_5	0.0471285398279092	0.0943769423841427	NA	NA
GSE36925_1	0.00251256281407035	0.101037946524162	NA	NA
GSE36925_2	0.0289340400766197	0.118919122276954	NA	NA
GSE36925_3	0.0239037237212473	0.104019979704261	NA	NA
GSE37219_1	-0.00573075830326294	-0.0970922108412247	NA	NA
GSE37676_1	-0.00722719652623599	-0.036539699186372	-0.00508803757745221	-0.0191907868632007
GSE41342_1	-0.0298525309555281	-0.0855981065097998	-0.0231248804659383	-0.0441321862373947
GSE41342_2	0.000811930404114282	-0.036532947391812	NA	-0.00570637634633726
GSE41342_3	0.00502507361059993	0.00416550186298294	NA	-0.00549003875747314
GSE41342_4	-0.00569132182035408	-0.0740028789513127	0	-0.00674845048929666
GSE41997_1	-0.0335728735263158	-0.100350977144237	0	-0.0333337578677595
GSE43242_1	0.0316075534907402	0.11604132079879	0.00560101305279564	0.0338477370865375
GSE43242_2	-0.0119027117086151	0.0116559803872021	0	0.00245612951062778
GSE43663_1	-0.00245098039215686	-0.016074467493246	NA	-0.00910822906592611
GSE43854_1	0.0164430818724479	-0.0098852953039572	NA	NA
GSE45656_1	-0.0353534619297252	-0.21962813615247	NA	NA
GSE45656_2	0.0120722611200349	0.154979727238823	NA	NA
GSE45656_3	-0.00890482668719947	0.0670099635937903	NA	NA
GSE45793_1	0.00388758719291997	0.014477559436058	0.00225733634311512	0
GSE45793_2	0.0020461877779274	-0.00132295933381108	0.00329269989041523	0
GSE45793_3	-0.00622921020234456	-0.00934275581056315	-0.0019103742453935	0
GSE45793_4	0.0102315154527808	0.0521277454558045	0.00229636583481317	0
GSE45793_5	-0.0215921062005107	-0.0596465140488955	-0.00868271141479556	0
GSE46390_1	-0.00612365572605357	-0.147789785432704	NA	NA
GSE48438_1	0.00909360847642607	0.0324787881519436	NA	0.0143797248767524
GSE50549_1	0.00355312800476373	0.0200584094517531	0.00559113615985654	0.0152731576315359
GSE50549_2	0.00296161504581498	0.0189133457451397	0.00303234759613963	0.00729235074799757
GSE51098_1	0.0495724708516575	0.223591542987989	0.0708843414494587	0.0950747825854132
GSE53857_1	-0.00220672635445363	0.0259177801602998	0	0.00460729386288757
GSE53857_2	0.00757575757575758	0.0721448297957495	0	0.0187210547803949
GSE53857_3	0.00229357798165138	0.0161379064624981	0	0.00124526484995368
GSE53982_1	0.00424762674977234	0.0763460191292053	0.00328258647760722	0.0162775900501459
GSE53982_2	0.0101373717312148	0.0848046079681237	0.0277777777777778	0.0335821873731953
GSE54779_1	-0.00865126084520611	-0.058398689543736	-0.0125291975356349	-0.000872280414246703
GSE55900_1	0	0.0897422728344316	0	0.0301183741661795
GSE57104_1	-0.0745370377177158	-0.196208285342629	NA	-0.0764325434857266
GSE59387_1	0.0530922495941751	0.141744233947175	NA	NA
GSE60401_1	0.000223868391253079	-0.0611078454767616	NA	NA
GSE60401_2	-0.00779700645146449	-0.108148542721478	NA	NA
GSE60651_1	-0.0294765548553043	-0.105259959868424	NA	NA
GSE60737_1	0.0251626864145657	0.196198919075525	NA	NA
GSE60761_1	-0.00253807106598985	-0.000135153852888028	0	0.00502022293572267
GSE60761_2	-0.00257731958762887	-0.0379439964995086	NA	-0.00970062661062004
GSE60761_3	0.0150944112584793	0.077554569392384	0	0.0252614847690049
GSE60761_4	0.0139860686816482	0.0915772737622705	0	0.0151152236510293
GSE63017_1	0	-0.0180395395529667	NA	-0.00311147186147186
GSE63017_2	0	-0.0187519655192943	NA	0.00157732015574443
GSE63017_3	0.0092815819621287	0.0238132395694524	0.0128205128205128	0.0108092742848092
GSE63017_4	0.00448430493273543	0.0407626807652549	NA	0.00958917008212587
GSE63939_1	0.0232725362193373	0.170635663319312	0.0095027832912329	0.0403780970645674
GSE63939_2	0.0282148616242456	0.216038277011375	0.0180000533239531	0.0515630120620247
GSE64141_1	0.0159939030660047	0.0942002529561353	NA	NA
GSE64965_1	0.0138614815062129	0.14648265855627	0.0131194025842881	0.03646985781
GSE65745_1	-0.00526315789473684	-0.0207612280333564	NA	-0.00297157425823855
GSE65745_2	0.00147669589293955	-0.0670360715925684	-0.0037037037037037	-0.0191307895471778
GSE65745_3	0.00418311712727956	-0.0636515727846974	0	-0.0163862195967004
GSE66416_1	-0.0149582752413792	-0.00883656964160569	NA	NA
GSE66862_1	0.0140690955962623	0.0695167713491681	0.00132324047757545	0.0166628235170172
GSE69108_1	0.00709614616136524	0.0425484060255542	0.00792314073119129	0.0027192362657204
GSE71565_1	0.0725388729456444	0.217575179646376	NA	NA
GSE72261_1	-0.00442141884327335	0.0242089308349684	-0.00961538461538462	0.00889161571450464
GSE72261_2	-0.00574937501210998	-0.0151012315172324	-0.00852284879367947	0.007422425974578
GSE72261_3	-0.00108169119245712	-0.0137202028715129	-0.00179431532871985	0.0125912011850726
GSE7683_1	0.00300658224299631	0.0245420358289298	0.00140164618871526	-0.0183535154587786
GSE7683_2	0.00227295879351426	-0.054757540931951	0.00476408612001832	-0.00885501954020227
GSE78980_1	0.0590373373441386	0.128771953412388	NA	NA
GSE78980_2	-0.00497512437810945	-0.115330575318253	NA	NA
GSE78980_3	0.00183860796092331	0.0118678603563678	NA	NA
GSE78980_4	-0.00916649408554339	-0.00257882785182608	NA	NA
GSE78980_5	-0.005260663507109	-0.0331295628889867	NA	NA
GSE78980_6	-0.0139019755334732	-0.0356637543100079	NA	NA
GSE78980_7	-0.0450556377462314	-0.203426284217268	NA	NA
GSE78980_8	-0.0644410708722478	-0.204872826481687	NA	NA
GSE78980_9	-0.047204773462957	-0.192908168580807	NA	NA
GSE78980_10	-0.0547925893260924	-0.202821034753961	NA	NA
GSE81399_1	0.0116457219474641	-0.0398187468435485	NA	0.00266501933710896
GSE84609_1	-0.0316124584701703	-0.124545727025257	-0.0271353112149312	-0.046602986528085
GSE84907_1	0.00395981838966934	0.0259595498232907	0.000792800191490466	0.000765858424888343
GSE84907_2	0.00271427211659034	0.0325022912767945	0.00252071033221636	0.00944984487945406
GSE84907_3	0.00754613239966284	0.0121048915313339	0.01146596977102	-0.0113123246791738
GSE90127_1	0.0281326559247126	0.247198148173835	NA	NA
GSE90127_2	-0.0135979191067504	-0.0779976976091331	NA	NA
GSE90127_3	0.0328237427949311	0.263115593667356	NA	NA
GSE9247_1	0.0124909675132543	0.0995131411795373	0.00894533195418151	0.0163658966567875
GSE9247_2	0.00327874220343694	0.0998211370921643	0.00295752951060052	0.048869041994042
GSE9247_3	-0.00238086635145459	0.0277739800512022	0.00343058604965377	0.0126101365427741
GSE99306_1	-0.00989531556667191	-0.0314141824531382	-0.0139493661886753	-0.0179638419858583
GSE99306_2	-0.00875673520331065	-0.0300010084704721	-0.00754957609319567	-0.0101060803359678
GSE99306_3	-0.00641055794992991	0.00202536565467493	-0.00579073801336529	0.0112133138047772
GSE99306_4	-0.00710518493392177	-0.0144169768439468	-0.00876785506290449	-0.012803087757276
GSE99306_5	-0.00143108827008817	0.00348349197674869	-0.00408016217546541	-0.0219198043507262
GSE99306_6	-0.00651010685786183	-0.00529016439919131	-0.00363162289494373	-0.0235743173055927
GSE99306_7	0.012138811208313	0.0184998563291403	0.00943396226415094	0.00632826059718083
GSE99306_8	-0.00483767553928321	-0.00249419212093505	-0.00944440188549455	-0.0178137946389645
GSE99306_9	0.00109789646700868	0.0426208417469827	-0.00494351698271593	-0.0137167577345957
GSE99306_10	-0.0313375041385746	-0.11564840729725	-0.00423918623121029	-0.0160231228074557
GSE99306_11	-0.00418880816568139	0.00571161500534682	-0.0105990954399639	-0.0174088518373234
GSE99306_12	-0.0044219929222349	-0.0114866774711808	-0.00531479206002705	-0.0190079726811905
GSE99306_13	-0.0050585183004913	0.025834463049337	-0.00386202745369788	0.0180831788969802
GSE99414_1	0.00607095591166388	0.123109284339516	0.00709747007478256	0.010045413426055
GSE110581_1	0.0184881039643272	0.0222656161064382	0.0131754705525197	0.0158284123897784
GSE110581_2	0.0050761421319797	-0.0194634206913677	0	-0.0106827093137068
GSE47799_1	0.0208153520947975	0.0629903802021755	0.0056663397624496	0.0257029251027822
GSE47799_2	-8.07102502017737e-05	-0.0122868640500717	-0.00208333333333333	0.0083337806611085
GSE47799_3	-0.000184637422497588	0.0539829563405973	0.00384603168141179	0.0104360691363145
GSE111628_1	-0.0100364256374487	-0.01520527288807	NA	NA
GSE111628_2	0.00361811391223156	-0.0938294040459594	NA	NA
GSE111628_3	-0.00970848380174805	-0.0770185619273601	NA	NA
GSE5657_1	-0.0161637931034483	-0.0497501278473463	0	-0.00731978166760776
GSE5657_2	-0.00305772658713835	0.044075521806549	0	0.0105926866290146
GSE13782_1	0.0807932957094886	0.245318206427698	0.0856629662642141	0.089218848456311
GSE41039_1	0.00179305619004111	0.100978720621764	0	0.0288748557442056
GSE84198_1	-0.00316992240321205	0.0249217880211046	0.00267379679144385	-0.0136246949548337
GSE84198_2	0.00584283125746911	0.0139550442978138	0.00444310266522734	0.00137569903539482
GSE84198_3	-0.0142489557361103	-0.134569295254401	-0.00701948361695291	-0.0110654179718692
E-GEOD-54216_1	0.0420716103619221	0.145323966771949	0.0336671551434223	0.0466303156410515
E-GEOD-54216_2	0.0416566590593003	0.156207250436812	0.0361236153763219	0.0250826382286486
E-GEOD-54216_3	0.00141024786651477	0.0682699184585974	-0.000512090542302023	0.00132757939441605
E-GEOD-6119_1	0.0193762620575282	0.0864925021210534	0.0165844301690847	0.0446726583823725
E-GEOD-6119_2	0.0199207525497112	0.0845774418469801	0.0173255221143235	0.0443870889618753
E-GEOD-6119_3	0.0200889049247178	0.0883737661854773	0.0193320756311103	0.0388254207607155
E-GEOD-8077_1	0.012840727688925	-0.0426692264637404	0.00512566137566138	-0.0163108835006449
E-GEOD-8077_2	-0.00237615207373272	-0.00119695120399915	0	-0.0121296311495848
E-GEOD-8077_3	0.000536744264022239	0.0359636291275217	-0.00861638361638362	0.00329168842888742
GSE103416_1	0.0394340363889228	0.0384020104232363	0.0377352444943666	0.0347065556576852
GSE103416_2	0.00693142996465904	-0.0203474117878398	0.00624993215142545	-0.000340702098111191
GSE103416_3	0.000447319085114363	-0.0353381461130151	-0.00357558994953707	-0.0100375764247132
GSE19950_1	0.00494088024891856	-0.0171379989191819	0.0145176478613619	-4.42739079102722e-05
GSE30322_1	-0.0023508612603147	0.0513830660152242	-0.00626333877739146	-0.00890818421284579
GSE30322_2	-0.00255301153208567	0.0287290607740979	-0.00529074333224516	0.0123516867630403
GSE30322_3	0.00598780209430838	-0.00862747166249548	0.00473440659940223	0.00123012485705171
GSE42295_1	0.00890009825935503	-0.020982476040949	0	-0.0249359828241669
GSE42295_2	-0.0311394322349385	-0.0289855012851659	-0.0057986302207546	-0.0233428276430034
GSE42295_3	-0.0283426993882543	-0.0225109562439064	-0.00815743588152927	-0.0329124387897579
GSE66554_1	-0.0317365910544617	-0.196115428065968	-0.0263337605824334	-0.088781085837483
GSE66554_2	-0.0403637443565333	-0.125739394348357	-0.042434078099839	-0.0515716516985553
GSE66554_3	-0.0243922992840919	-0.0996316570094096	0	-0.0224434791642318
GSE66554_4	-0.0131631175695975	-0.0723656608143253	-0.00811320860507242	-0.0452146403951319
GSE74898_1	-0.0277894322932498	-0.0781095571893629	-0.0219774555685052	-0.0120150261549731
GSE74898_2	-0.0314350501454476	-0.0802202469744591	-0.026396000515571	-0.00896036150380542
GSE74898_3	-0.0133656718627135	-0.0323751522307182	-0.0114133175474159	0.0128076459832022
GSE79176_1	0.00252525252525253	0.0209217525611068	NA	NA
GSE79176_2	0.00738916256157635	0.0655495456963284	NA	NA
GSE79176_3	-0.00259067357512953	0.0509593392813856	NA	NA
GSE85785_1	0.0490611483489836	0.145277841424566	0.0365853658536585	0.0660257381170258
GSE23492_1	-0.0071290477035026	-0.00459885738790776	NA	NA
GSE23492_2	-0.0140335906337915	-0.0875349798500473	NA	NA
GSE23492_3	-0.00329800518893742	-0.00115205070283299	NA	NA
GSE23492_4	-0.00716951907523574	-0.0694730839737658	NA	NA
GSE23492_5	0.000376606254795247	-0.0157817947804036	NA	NA
GSE44991_1	-0.0131005955394145	0.00612119436291482	0	-0.0182533438055353
GSE44991_2	0.00870710496878721	0.0319097562217802	NA	0.0203912288472185
GSE39796_1	-0.00705900344370721	-0.0404876293033029	NA	NA
GSE39796_2	-0.0192952561535082	-0.0540278440997207	NA	NA
GSE39796_3	0.00132953580677021	0.0048620245439754	NA	NA
GSE18394_1	-0.00979667030993088	-0.0452188242083216	-0.008138196971387	0
GSE18394_2	-0.0121379493187883	-0.100516544545778	-0.00492614897758229	0
GSE18394_3	-0.00329703611844902	0.0232519467844356	-0.00555577299417543	0
GSE29233_1	-0.00602744546865628	0.00547650358662322	NA	NA
E-MEXP-2291_1	0.000538810612350022	-0.015532616885693	NA	NA
E-MEXP-2291_2	0.0213474089824512	0.0894821321957768	NA	NA
E-MEXP-2291_3	-0.01398902055684	-0.0948003418486353	NA	NA
GSE107363_1	-0.00475479095886483	0.0216279417545298	NA	NA
GSE85761_1	0.00495671795693387	0.0556652600050944	NA	NA
GSE89179_1	0.0107190691386643	0.117332913660653	NA	NA
GSE89179_2	-0.0136689936222808	-0.044522028161517	NA	NA
GSE89179_3	-0.00328737421481175	0.0173414071549291	NA	NA
GSE89179_4	-0.00413048522254411	-0.0133983168676895	NA	NA
GSE89179_5	0.00912395020166131	0.0480241128490525	NA	NA
GSE89179_6	0.0105952417411909	0.073187886927496	NA	NA
GSE89179_7	0.0114711123890691	0.0487403990050425	NA	NA
E-GEOD-57723_1	-0.00317041168124276	-0.0191493887745736	NA	NA
E-GEOD-57723_2	0.000128969538745752	0.0332968409029906	NA	NA
E-GEOD-57723_3	1.14798393833528e-05	0.0197336724246809	NA	NA
E-GEOD-83930_1	-0.000907729269278046	0.0129962242055565	NA	NA
GSE100268_1	0.00148770369746163	0.0187234551495846	NA	NA
E-GEOD-55769_1	0.00657309039112113	0.00485007600192222	-0.00053288071366543	0.0103456422138128
E-GEOD-55769_2	0.00242718446601942	0.0115382994758389	0	0.00995204841225802
E-GEOD-55769_3	0.00861244019138756	0.00907639125449168	0.00243526260248397	0.00180870847428024
E-GEOD-69110_1	0.0272190626349081	0.0694912477128064	0.0524131444937443	0.0165448975767258
E-MTAB-4304_1	0.00200200776969414	-0.00233328110976929	0.00354609582946935	0.0119080560928146
E-MTAB-4879_1	0.00603990184745575	0.0112880250135999	0.00292397660818713	0.0121453015722629
E-MTAB-4879_2	0.00370308777454546	0.0107098928293606	-0.0013831763809084	-0.0147649492027203
E-MTAB-4879_3	-0.00304117607052424	-0.0023274292813203	0	-0.00793673702126
E-MTAB-4879_4	0.00710407545233285	0.0591294597405752	-0.00961538461538462	0.0251419549317304
Cytokine_Explant_1	0.0148660904491075	0.025546266161235	0.00179856115107914	-0.00124158726892071
Cytokine_Explant_2	0.00851868451425801	0.0337385311213355	0.00937928477142387	0.0178385388568745
Cytokine_Explant_3	0.0121653371728908	0.0623176873826486	0.00757469929621938	0.0230506408413406
Cytokine_Explant_4	-0.00112437952628103	-0.0384257533961588	-0.00606875203649397	-0.00132569511031754
Cytokine_Explant_5	0.00597883897359796	0.0566001368729861	0.005511420390792	0.0124089803615919
FN1_Explant_1	0.0382522003382931	0.0615793821077708	0.0282072928700495	0.0395293289333883
E-MTAB-6266_1	-0.0224121350180979	-0.0542683735396233	-0.00784956021069249	-0.0100754378598618
E-MTAB-6266_B_1	-0.0359718549669109	-0.119918605325365	-0.0189079530766482	-0.0134864753129614
E-MTAB-6266_B_2	0.0010968925312689	0.0148178523018553	0.00675397465155981	-0.0177881667739099
E-MTAB-6266_B_3	0.0381589793773897	0.156898843041288	0.0391345774039357	0.0317082347927522
GSE70667_1	0.0087719298245614	-0.0042494587542862	0	-0.0192383626001754
GSE87608_1	0	0.0498442998528179	NA	0.020150497597431
GSE87608_2	0.0307660627583234	0.0429113586880474	0	0.0324685582539551
GSE87608_3	-0.00558354036118894	-0.0348273129898495	0.0023696682464455	-0.00252639933646792
GSE87608_4	-0.0204763752415731	-0.048765738454988	-0.00240216631726066	-0.0534189212017403
GSE90890_1	-0.0300199034647286	-0.155141343851594	-0.00458843159065628	-0.0188856136823365
GSE97118_1	0.0308102642227099	0.154642527403153	NA	NA
GSE97118_2	0.0522135362995969	0.20588490410936	NA	NA
GSE97118_3	0.0445868060656189	0.213150286133018	NA	NA
GSE97118_4	0.0532460397085501	0.224422210957726	NA	NA
GSE97118_5	0.0274179194995144	0.092983349526016	NA	NA
GSE97118_6	0.0393653011599358	0.165544773528459	NA	NA
GSE97118_7	-0.00346962826758059	-0.012755587093766	NA	NA
GSE107592_1	0.0109834875409118	0.124751725485973	0.0151397751878495	0.0279989375030012
GSE92641_1	0.0313739431118376	0.136773997589883	0.0295383274686455	0.0592251802895306
GSE107849_1	0	0.00410039483096484	NA	NA
E-ERAD-89_1	-0.00235849056603774	-0.00188977310941515	NA	NA
E-ERAD-89_2	-0.00458715596330275	-0.015688610450243	NA	NA
E-ERAD-89_3	0	0.00330633507725322	NA	NA
E-ERAD-89_4	0	0.033513213641857	NA	NA
E-GEOD-45893_1	0	0.0405795667230608	NA	NA
E-GEOD-53105_1	0.0101322349328012	-0.0378396630989587	0	0.000802794732320179
E-GEOD-53105_2	0.00604042021592729	0.0520353845233678	0.00373978605204486	0.0209422164111974
E-GEOD-54461_1	-0.0507797735227151	-0.170610675797645	-0.0603310096267843	-0.0701467382105173
E-GEOD-54461_2	-0.0543201842623251	-0.208538603285348	-0.0577044191601309	-0.077815734989648
E-GEOD-54461_3	-0.0475344359252947	-0.211625757146344	-0.0460395413085942	-0.071623626459016
E-GEOD-54461_4	-0.0379442282318859	-0.245887729685182	-0.0375198552306106	-0.0800060412943035
E-GEOD-54461_5	-0.0225010433049882	-0.234800915892523	-0.0220188271786556	-0.0675408620026349
E-GEOD-54461_6	-0.0178206039559045	-0.223260073728839	-0.0172323113976076	-0.0648520742170987
E-GEOD-54461_7	-0.0189163038711186	-0.218414141033436	-0.0191378186463125	-0.0646245974839236
E-GEOD-54461_8	-0.01836397947626	-0.218710946748376	-0.018831327698615	-0.0592931118432165
E-GEOD-73372_1	-0.048064537106187	-0.143172606886281	NA	NA
E-GEOD-73372_2	-0.0293496807728466	-0.0370370064988862	NA	NA
E-GEOD-73372_3	0.0603879549726876	0.145037165064217	NA	NA
E-GEOD-75549_1	0.0394710012490061	0.106469948495297	NA	NA
E-GEOD-76988_1	0.0546826117556771	0.199151159341935	NA	NA
E-MTAB-2923_1	-0.0169290780888626	-0.0988908492056553	NA	NA
E-MTAB-2923_2	0.0108959219762543	0.0700757111402635	NA	NA
E-MTAB-2923_3	-0.00197906201108385	-0.0190392966736212	NA	NA
E-MTAB-2923_4	0.00511467475396193	0.0507508817679137	NA	NA
E-MTAB-3428_1	0.0235008258417117	0.115446662550932	NA	NA
E-MTAB-3428_2	-0.00651883282957452	-0.0122072784151351	NA	NA
E-MTAB-3428_3	0.00229780508082369	-0.043965689659099	NA	NA
E-MTAB-3428_4	0.0266828041842234	0.1238149189579	NA	NA
GSE102856_1	0.00246092472237609	0.000622141484394443	NA	NA
GSE103492_1	-0.00434522296591262	-0.0480259173413993	-0.0065627065010933	-0.000991600182971381
GSE103492_2	0.0286882373131753	0.113841733750837	0.0272985522973727	0.0209927626547186
GSE103492_3	0.00789229626410698	0.000512070088367228	0.00636199743653049	-0.00293002362570224
GSE103492_4	-0.0101918834394635	-0.0964034206189808	-0.0132069624923287	-0.0155642573576995
GSE103492_5	0.0406436395693439	0.138732206655389	0.0372831718855598	0.0186731113731035
GSE103492_6	0.031021558756317	0.0923457956851612	0.0216039470535636	0.0268207932978231
GSE103492_7	0.00058154302782298	-0.0477873009848876	0.00531914893617021	0.00233896579228383
GSE103492_8	0.020609537561946	0.113132285079144	-0.000477359519912712	0.0213435795052028
GSE103492_9	0.0192118398645468	0.083209968130487	-0.0016073940124573	0.00706198556555206
GSE103492_10	-0.00568083794755564	-0.0423157399487741	0	-0.0154447543543656
GSE106259_1	-0.0153223679267891	-0.0908140236791658	-0.0175868872888397	-0.0252611967580927
GSE110303_1	-0.0413978936552787	-0.161932159233084	NA	NA
GSE110303_2	0.0317251461988304	0.100520630142703	NA	NA
GSE110303_3	-0.0103978982734476	-0.0121899667550651	NA	NA
GSE110300_1	-0.00227272727272727	-0.0339911806043415	NA	NA
GSE110300_2	0	0.0920155244488416	NA	NA
GSE110300_3	0.00931754710376526	0.0509702067480896	NA	NA
GSE110281_1	-0.00926154390854822	-0.0585410327662583	NA	NA
GSE110281_2	-0.0140233433338981	-0.0279363416816019	NA	NA
GSE110281_3	-0.000189940483942344	0.0322076064899199	NA	NA
GSE104459_1	-0.00880756447331263	-0.0594107749470364	-0.00271739130434783	0.0106921523498602
GSE104459_2	-0.00702908387930243	-0.0779876138596044	-0.000497590613869683	0.00491815283689588
GSE104459_3	-0.00535113484882039	-0.0049839669332885	-0.0128205128205128	-0.0191009342283049
GSE110051_1	0.0144970726821581	0.138039465000665	0.0157739819920142	0.0162634354501391
GSE110051_2	0.0136013882314736	0.0694404238807507	0.00322910226825242	0.032297677186189
GSE110051_3	0.0147337541396012	0.15409088043182	0.0118468752157789	0.0353037082945534
GSE112694_1	-0.0129888398014109	-0.0916618033581293	-0.0134334814909063	-0.012063504716078
GSE112694_2	-0.00921189691141005	-0.0147603248774123	-0.00901700132182518	0.0111220331968015
GSE112694_3	0.00874405113354926	0.082831291587216	0.0132749428665552	0.045554532489599
GSE112694_4	0.00569797474313687	0.157415126020549	0.00683048911130115	0.0989198888088505
E-MTAB-5879_1	0.0191644171259219	0.0595714593619071	0.0222378014315698	-0.00155153735958619
E-MTAB-5879_2	0.000194816483868281	-0.043621793446984	0.0036302572718448	-0.0220602464766737
E-MTAB-5879_3	0.013560562995522	0.0434276499546395	0.0110079487019263	-0.00566583741523616
E-MTAB-5879_4	-0.00124049908939724	-0.0402214262483678	-0.000882596015937598	0.000974875983243001
E-MTAB-5879_5	0.0213062596930656	0.0889212815631904	0.0209552836514243	-0.00330741399317307
E-MTAB-5879_6	0.00891258240181564	-0.00185442738955434	0.00182533819404625	-0.00941256925445037
E-MTAB-5879_7	0.0102149647829374	0.0683268632176797	0	-0.00525630832132513
E-MTAB-5879_8	-0.00423300664663935	0.00305801536851329	0	0.00788892259461418
E-MTAB-5879_9	0.00459343378757863	0.0688444992403542	0	-0.0170830529604766
E-MTAB-5879_10	-0.0180384597732801	-0.0295796103515555	0	-0.0197229413017605
E-MTAB-4294_1	0.00503550692320859	-0.0203033304679288	0.0061351186472593	-0.00484834334335311
E-MTAB-4294_2	0.00373143102973449	-0.0226382166790283	0.00648937834027356	-0.00548750010328761
E-MTAB-4294_3	-0.00548249662430581	-0.00896082803486844	0.00243535836843687	0.000539145442813129
E-MTAB-3186_1	-0.0173616729161564	-0.144730830909702	-0.0144783810080952	-0.0182258316690127
E-MTAB-3186_2	-0.0155062846467343	-0.085923383503534	-0.0149372169661975	-0.0053375817991332
E-MTAB-3186_3	-0.0229595880178149	-0.073044778279139	-0.0218435946674457	0.0122358425576573
E-MTAB-3186_4	-0.00717780901438991	-0.0469319616958542	-0.00798974077381462	0.0011697575379743
