comparisonID	jaccard	cosine	sigjaccard	chrDir
22659600_1	0.0239924251397621	0.0495302868642621	NA	NA
24361742_1	-0.0328311169945398	-0.065997521768823	NA	NA
GSE72258_1	-0.00126262626262626	0.0131077998172938	NA	NA
GSE72258_2	0	0.0172485872050069	NA	NA
GSE69531_1	-0.0234195473746261	-0.056739632786435	NA	NA
GSE69531_2	-0.00682478405572216	-0.0037111484198964	NA	NA
GSE69531_3	0.00674917383389363	0.042850985448772	NA	NA
GSE69531_4	-0.0234195473746261	-0.056739632786435	NA	NA
GSE58203_1	-0.00648433509002778	0.0462852089577269	NA	NA
GSE58203_2	0.00963502051121672	0.0677494367942466	NA	NA
GSE58203_3	0.0593505664067941	0.119122894946304	NA	NA
GSE58203_4	0.0812336012233269	0.151351418865337	NA	NA
GSE58203_5	0.000793564624395494	0.0250380446342139	NA	NA
GSE58203_6	0.0154955790529107	0.0607038060928613	NA	NA
GSE58203_7	0.046047595892356	0.0930787047256484	NA	NA
GSE58203_8	0.0433637112166802	0.0864745523664165	NA	NA
GSE59642_1	-0.0313986721839735	-0.0448211888033825	NA	NA
GSE59642_2	-0.0184803042678394	-0.0284552966314844	NA	NA
GSE59642_3	0.0192192684212845	0.022846236662993	NA	NA
GSE64922_1	0.0343828763002299	0.0807708800148073	NA	NA
GSE60162_1	0.0138315127279904	0.0364645215280695	NA	NA
GSE31685_1	-0.0288397831227546	-0.0628920364321754	NA	NA
E-MEXP-3890_1	-0.00324591120338252	0.00738598412680791	NA	NA
GSE31980_1	0.0212812824854444	0.0460003527936625	NA	NA
GSE15615_1	0.0387033129358367	0.141904140308351	NA	NA
GSE15083_1	-0.0209477442614488	-0.0864753313308996	NA	NA
GSE108035_1	-0.0088628545105498	-0.0203270961110604	NA	NA
GSE108035_2	-0.0125620647589526	-0.0246187927588766	NA	NA
GSE108035_3	-0.00285268518254213	-0.00615337530891805	NA	NA
GSE21959_1	0.000778232773871696	0.00135876032320792	NA	NA
GSE21959_2	0.00489573247232239	-0.000486609095762113	NA	NA
GSE24742_1	0.0256502357386896	0.0843792225653809	NA	NA
GSE24742_2	0.00341105069453976	0.0265977204407551	NA	NA
GSE24742_3	0.0105449345571676	0.0339414258861604	NA	NA
GSE74668_1	-0.00104036055834441	0.0482776511514931	NA	NA
E-GEOD-10024_1	0.00286675532323459	0.037581742571814	NA	NA
E-GEOD-10024_2	0.0313218167353775	0.0806520658948578	NA	NA
E-GEOD-12860_1	0.0384751380507497	0.0745253726378657	NA	NA
E-GEOD-12860_2	-0.0421131904661844	-0.0966855071022079	NA	NA
E-GEOD-12860_3	0.00832854233691705	0.0386163516529016	NA	NA
E-GEOD-12860_4	0.00477183200219868	0.0339866090155967	NA	NA
E-GEOD-12860_5	0.00321679655792958	0.0277853235371903	NA	NA
E-GEOD-12860_6	-0.0551073916277605	-0.108915917977671	NA	NA
E-GEOD-12860_7	0.00111287151785833	0.0217901273669124	NA	NA
E-GEOD-12860_8	0.0172393038638185	0.0567756189093	NA	NA
E-GEOD-14359_1	0.0797345001932559	0.168210072441266	NA	NA
E-GEOD-14359_2	-0.036111022768796	-0.0390834572478491	NA	NA
E-GEOD-1919_1	0.227723293307708	0.581289399292603	NA	NA
E-GEOD-1919_2	0.154441446261454	0.325861507876601	NA	NA
E-GEOD-1919_3	0.0378978411435513	0.0377188145520511	NA	NA
E-GEOD-1919_5	0.320740693082876	0.725791569561553	NA	NA
E-GEOD-1919_6	0.385216918737235	0.762058967787983	NA	NA
E-GEOD-1919_7	0.258903692579326	0.657984889765774	NA	NA
E-GEOD-1919_8	0.273060359541839	0.587862477330014	NA	NA
E-GEOD-1919_9	0.00403263838461726	-0.0867748687504787	NA	NA
E-GEOD-19664_1	-0.0161131358002772	-0.0501667213080511	NA	NA
E-GEOD-19664_2	0.0469079960971085	0.0960504023450431	NA	NA
E-GEOD-19664_3	-0.0211115648678676	-0.0492624113661255	NA	NA
E-GEOD-19664_4	-0.0197270047296286	-0.039752594292352	NA	NA
E-GEOD-19664_5	0.0419728945098566	0.0830508568588521	NA	NA
E-GEOD-19664_6	-0.0236847058336964	-0.057306335871061	NA	NA
E-GEOD-43923_1	0.0713858334519958	0.107444185818869	NA	NA
E-GEOD-51812_1	0.00658632135114923	0.0199369019708	NA	NA
E-GEOD-51812_2	0.0100997952347043	0.0238046377619936	NA	NA
E-GEOD-68760_1	0.0418355424720314	0.0984452966023903	NA	NA
E-GEOD-82107_1	0.0457631982806094	0.133772458793635	NA	NA
E-GEOD-9451_1	-0.0175054702202453	-0.0275382721419138	NA	NA
E-GEOD-9451_2	-0.0677586002324491	-0.107519695405958	NA	NA
E-GEOD-9451_3	-0.0156543464630098	0.00127053423832341	NA	NA
E-GEOD-9451_4	-0.0719841948618416	-0.210123035042077	NA	NA
E-MEXP-2019_1	-0.021581505136062	-0.0560135103733031	NA	NA
E-MEXP-2019_2	-0.0588912677226119	-0.0961012918518432	NA	NA
E-MEXP-2019_3	-0.0159581502248567	-0.0749913504343925	NA	NA
E-MEXP-2019_4	-0.0193982311331264	-0.0176248296054864	NA	NA
E-MEXP-2276_1	-0.0128007307584909	0.0217112222436884	NA	NA
E-MEXP-2488_1	0.00390197782982965	-0.0035749355918015	NA	NA
E-MEXP-3129_1	-0.00721161303842551	-0.0227584657600224	NA	NA
E-MEXP-3474_1	0.0240215329494826	0.0524442240536019	NA	NA
E-MTAB-3010_1	0.0142874358888653	0.0351805617503351	NA	NA
E-MTAB-3010_2	0.0156290279629308	0.0503873893727584	NA	NA
E-MTAB-3010_3	-0.00677835641326032	-0.0460794461014276	NA	NA
E-MTAB-3010_4	-0.0323422680277593	-0.0414893121514161	NA	NA
E-MTAB-4152_1	0.0138821941546059	0.00623858476469179	NA	NA
E-MTAB-4152_2	0.0222092904398262	0.0668643226494722	NA	NA
E-MTAB-4152_3	0.0364722611341885	0.0548542877870439	NA	NA
GSE100609_1	-0.00101917029327894	-0.0288663673514404	NA	NA
GSE100786_1	0.00330913125218188	0.035951898504582	NA	NA
GSE100786_2	-0.00254288489192598	0.0374008778943291	NA	NA
GSE103697_1	0	0.0304333811213643	NA	NA
GSE103697_2	0	0.00405203732885571	NA	NA
GSE103697_3	0	0.0137885524734084	NA	NA
GSE104113_1	0.0172003771155107	0.0278693431394616	NA	NA
GSE104113_2	0.0147963066284886	0.0209236348414654	NA	NA
GSE104113_3	0.0172003771155107	0.0278693431394616	NA	NA
GSE10575_1	-0.00139080658219186	0.0184680229248611	NA	NA
GSE10575_2	0.0481384102953722	0.09233660081772	NA	NA
GSE10575_3	0.0252292219441382	0.0433279580290861	NA	NA
GSE13604_1	-0.0168717618573243	-0.0119142195943126	NA	NA
GSE13837_1	-0.0147001198139011	-0.0141136512021321	NA	NA
GSE13837_2	-0.000335427745118046	0.0154345050831232	NA	NA
GSE13837_3	0.0331047608425136	0.0716401625735701	NA	NA
GSE13837_4	0.0537532980435741	0.104546276358325	NA	NA
GSE13837_5	-0.0173152385044849	-0.0266552303924105	NA	NA
GSE13837_6	-0.00845466960939825	0.00370314668349597	NA	NA
GSE13837_7	0.0295923783501578	0.0683601546159647	NA	NA
GSE13837_8	0.0680710386494606	0.141567006427873	NA	NA
GSE13837_9	0.0461386345614374	0.0709030808670276	NA	NA
GSE13837_10	0.0433880485960092	0.0717546925325875	NA	NA
GSE13837_11	0.047176598879016	0.0701885168323074	NA	NA
GSE13837_12	0.0194338684982348	0.019779510269715	NA	NA
GSE13837_13	0.00811344052033404	0.0518330376989033	NA	NA
GSE13837_14	0.0193873685205508	0.0891763611622425	NA	NA
GSE13837_15	0.050422779732133	0.129572637225134	NA	NA
GSE13837_16	0.059963985326992	0.131058690633222	NA	NA
GSE13837_17	0.00409757321575797	0.0672314631844319	NA	NA
GSE13837_18	0.0187354629685695	0.0920792021505358	NA	NA
GSE13837_19	0.0536975602171653	0.134496540741957	NA	NA
GSE13837_20	0.0626869241922232	0.151439613484869	NA	NA
GSE13837_21	0.0393858516314108	0.0657630822078897	NA	NA
GSE13837_22	0.0427472542061097	0.0755755867075614	NA	NA
GSE13837_23	0.0450105642677845	0.0748274022175999	NA	NA
GSE13837_24	0.0432976087280818	0.0821784355426905	NA	NA
GSE16464_1	0.0562487123644234	0.106010360397405	NA	NA
GSE16464_2	-0.0450734930123542	-0.142021626887179	NA	NA
GSE19060_1	0.00364690530416539	0.0341492824220869	NA	NA
GSE27372_1	-9.02630410923432e-05	0.00700543360251746	NA	NA
GSE27390_1	0.0063636518818667	-0.00472502859057417	NA	NA
GSE29106_1	0.0282676190133676	0.0487080989067714	NA	NA
GSE29107_1	0.0363682173006881	0.0615472064646445	NA	NA
GSE29107_2	0.0205356841516398	0.05577472373707	NA	NA
GSE29745_1	0.022948659546076	0.0759392604433142	NA	NA
GSE29745_2	0.0467327490639128	0.154058479170008	NA	NA
GSE29745_3	-0.010013901834244	-0.0347062761758886	NA	NA
GSE35546_1	-0.0129031223009642	-0.0435364806071943	NA	NA
GSE35546_2	-0.0126466040933953	-0.0175638202947214	NA	NA
GSE35546_3	-0.011807732853811	-0.0347691733873403	NA	NA
GSE35546_4	-0.0220415407942674	-0.0513370074401504	NA	NA
GSE35546_5	-0.0176235141596253	-0.0451402370830645	NA	NA
GSE35546_6	-0.0152303044677526	-0.028201836234708	NA	NA
GSE35955_1	-0.0266543756123871	-0.0399380325350762	NA	NA
GSE35956_1	-0.0297605027783398	-0.0575375005500409	NA	NA
GSE35957_1	-0.0295363719724745	-0.0401491652709345	NA	NA
GSE35958_1	0.00535553992009454	-0.00645639494491216	NA	NA
GSE39340_1	-0.11886964188541	-0.305387443346996	NA	NA
GSE39340_2	-0.112318444927141	-0.23786751076608	NA	NA
GSE39340_3	-0.0236934227162225	-0.0456825483489305	NA	NA
GSE39795_1	-0.00288220407607862	0.013306702522827	NA	NA
GSE39795_2	0.00265678321808184	0.0264687455760884	NA	NA
GSE39795_3	0.00180164734838516	0.0231312300634907	NA	NA
GSE41038_1	-0.0188212098366007	-0.0402863300685834	NA	NA
GSE41038_2	9.56689398044809e-05	-0.0184948588541243	NA	NA
GSE41038_3	0.00183227434181813	0.0381810654872847	NA	NA
GSE41992_1	-0.0317592407130623	-0.0513612942586126	NA	NA
GSE42235_1	-0.000546302327376444	-0.0155475011458926	NA	NA
GSE42235_2	-0.0051869274576672	-0.0165799249531124	NA	NA
GSE42235_3	0.00496855948456031	0.00677997335226331	NA	NA
GSE42235_4	0.0257177280656015	0.0220095176612653	NA	NA
GSE45233_1	0.0730648585414244	0.145795694566058	NA	NA
GSE45233_2	0.0123794409984512	0.0545577710310052	NA	NA
GSE45233_3	0.00791165800999532	-0.000931742091065186	NA	NA
GSE45233_4	0.063674245586979	0.097614007375231	NA	NA
GSE46053_1	0.0396626884201769	0.0840574479095823	NA	NA
GSE46053_2	0.046083465235513	0.0865637521358106	NA	NA
GSE46750_1	0.0222096623107867	0.0810026341041411	NA	NA
GSE51588_1	0.00606084418421125	0.0228066287480231	NA	NA
GSE52817_1	-0.0092091073160581	-0.0341824883304302	NA	NA
GSE52817_2	0.0382710834683152	0.0995851497309374	NA	NA
GSE52817_3	0.0190650371342324	0.0388704028139584	NA	NA
GSE52817_4	-0.0430753343413269	-0.104730562929685	NA	NA
GSE55235_1	0.232912359589557	0.470743361916446	NA	NA
GSE55235_2	0.366078174848597	0.635504793754336	NA	NA
GSE55235_3	0.180764200355075	0.369219092599334	NA	NA
GSE55457_1	0.127176980893634	0.317073849348687	NA	NA
GSE55457_2	0.166703369900629	0.435010741444463	NA	NA
GSE55584_1	0.0907083535507066	0.255967120752371	NA	NA
GSE57218_1	0.00429972026702727	0.0527555670909699	NA	NA
GSE57218_2	0.0428985586045569	0.129176031590772	NA	NA
GSE57218_3	0.0354162009585886	0.117562709782524	NA	NA
GSE60762_1	0.0370331986746546	0.0776758937346295	NA	NA
GSE62914_1	-0.00130668451909248	-0.00713436913317389	NA	NA
GSE62914_2	-0.00185668472628266	-0.000920786769570367	NA	NA
GSE62914_3	-0.00591844801346212	0.00702302830666885	NA	NA
GSE62914_4	0.00707102402137642	0.00852088052491399	NA	NA
GSE64394_1	0.0438888333016308	0.102508410834566	NA	NA
GSE66635_1	-0.00319627753256072	-0.0196901406416104	NA	NA
GSE68038_1	-0.00399961227962115	-0.0133083253641781	NA	NA
GSE68428_1	0.0371686958735315	0.0881499140895317	NA	NA
GSE68428_2	0.0376439585869509	0.0861039009999836	NA	NA
GSE68428_3	0.0497264801816601	0.106374562925085	NA	NA
GSE69459_1	-0.00380521145379174	-0.00692996353708164	NA	NA
GSE69459_2	-0.0267902196619647	-0.0276594707984893	NA	NA
GSE69459_3	-0.0265090763644501	-0.0376548525509077	NA	NA
GSE69459_4	-0.0209505179023083	-0.0262954850185346	NA	NA
GSE69992_1	-0.0412942166274416	-0.0569414686378684	NA	NA
GSE70719_1	-0.0101352567125154	-0.047760814429125	NA	NA
GSE7116_1	0.0153657073012873	0.0312056342391833	NA	NA
GSE7116_2	0.0197380049766824	0.0450462940762067	NA	NA
GSE7116_3	0.000281119869216556	0.00560571554525664	NA	NA
GSE72575_1	-0.0210992593807108	-0.0580807163329428	NA	NA
GSE72575_2	-0.0164694820350138	-0.0313974522352048	NA	NA
GSE72575_3	-0.0191616928762292	-0.0548158481107319	NA	NA
GSE72575_4	0.00319627753256072	0.0280416903332492	NA	NA
GSE75181_1	-0.00718226678942796	-0.0386258957490509	NA	NA
GSE75181_2	0.0421733775442048	0.101226245131067	NA	NA
GSE75181_3	0.00115276004072943	-0.0141639083888199	NA	NA
GSE75230_1	-0.00822806868492931	-0.0536818306810894	NA	NA
GSE7669_1	0.0124674549741538	0.0748214770615696	NA	NA
GSE77916_1	0.000985260064125401	0.0163837126386974	NA	NA
GSE80614_1	-0.0225546721393309	-0.0599254399444375	NA	NA
GSE80614_2	-0.0345609581280898	-0.0791815487407823	NA	NA
GSE80614_3	-0.00995182555780933	-0.0385991705410184	NA	NA
GSE80614_4	-0.0256222865189355	-0.0359328143530162	NA	NA
GSE80614_5	0.0159695165945166	0.0215889394952462	NA	NA
GSE80614_6	0.0231624487156351	0.0664343373883088	NA	NA
GSE80614_7	0.0368309075269101	0.0718638789770887	NA	NA
GSE80614_8	0.0340167139174062	0.0398447139662351	NA	NA
GSE80614_9	-0.0154785061272126	-0.00795701950001084	NA	NA
GSE80614_10	-0.0240612083608319	-0.0540015707336831	NA	NA
GSE80614_11	-0.00507874760245293	0.00662315257208917	NA	NA
GSE80614_12	-0.0331202392519449	-0.0764722937847937	NA	NA
GSE80614_13	-0.0357352131183755	-0.0594659282867678	NA	NA
GSE80614_14	-0.00718849297761733	-0.00235753299338401	NA	NA
GSE80614_15	-0.00571124615687405	0.0124575464765806	NA	NA
GSE80614_16	-0.000568316198831896	0.0196349569797204	NA	NA
GSE85254_1	0.0747866172760123	0.118374452900339	NA	NA
GSE86578_1	-0.00774210595129508	0.0121863096944548	NA	NA
GSE86578_2	-0.00891410254280273	-0.00521103807999337	NA	NA
GSE86578_3	0.0447826036884106	0.109016896434582	NA	NA
GSE9329_1	-0.000198349159500281	-0.01664731128268	NA	NA
GSE93698_1	-0.0140868161264834	-0.0240908501800164	NA	NA
GSE93698_2	-0.0121879093782096	-0.0236557878654926	NA	NA
GSE93698_3	-0.0755902844385966	-0.161848985190883	NA	NA
GSE93698_4	-0.0183693847784983	-0.0438768149572768	NA	NA
GSE93698_5	-0.0673752528300092	-0.1487590775217	NA	NA
GSE93698_6	-0.00323430958501734	0.0100725629462964	NA	NA
GSE93698_7	-0.118844835237475	-0.229077425167046	NA	NA
GSE93698_8	-0.0123160073246084	-0.041873604068579	NA	NA
GSE93698_9	-0.138900597761863	-0.252592807016678	NA	NA
GSE93698_10	-0.134684093021717	-0.253384210295418	NA	NA
GSE93698_11	-0.0147635841406396	-0.0476282414444213	NA	NA
GSE93698_12	-0.137118759262923	-0.242480821883084	NA	NA
GSE93698_13	0.135039290925221	0.225507250000569	NA	NA
GSE93698_14	0.00182067336135072	-0.0300505743237629	NA	NA
GSE93698_15	-0.122120729129975	-0.209417692351948	NA	NA
GSE93720_1	0.0623276906370449	0.146411611291289	NA	NA
GSE93720_2	0.0547050622476721	0.12625269131074	NA	NA
GSE93720_3	0.0854973882987084	0.165583894254485	NA	NA
GSE93720_4	0.0563671356996971	0.120534880980143	NA	NA
E-MTAB-5564_1	0.0182172465673815	0.0414068956817021	NA	NA
GSE77753_1	0.000351464935792399	0.012736415547312	NA	NA
GSE43861_1	-0.0195569259284546	-0.0181245734211527	NA	NA
GSE112809_1	0.00110619469026549	-0.0132993838460998	NA	NA
GSE111946_1	0.024796160386672	0.0224999930513822	NA	NA
GSE111946_2	-9.89679697119511e-05	0.0248614338675915	NA	NA
E-MTAB-3201_1	0.00263873481827935	0.0657074624953201	NA	NA
GSE57740_1	-0.00037244828409817	0.0310160575166557	NA	NA
GSE52992_1	-0.00297092709094554	-0.0130562699504484	NA	NA
GSE17160_1	0.0266052469118293	0.0839677628557388	NA	NA
GSE17160_2	0.00477911278104282	0.0477604616306502	NA	NA
GSE17160_3	0.0159464620961725	0.0439539454260605	NA	NA
GSE17160_4	0.05887679258781	0.117842989453997	NA	NA
GSE17160_5	0.0247422822968821	0.101038688479243	NA	NA
GSE17160_6	0.0221486930128389	0.087939954295024	NA	NA
GSE17160_7	0.0284668061124626	0.069384705829842	NA	NA
GSE17160_8	0.0547499624406107	0.118090237371553	NA	NA
GSE17160_9	-0.0347852267449799	-0.0732362099593209	NA	NA
GSE17160_10	-0.0346814088760699	-0.0648521068227315	NA	NA
GSE17160_11	-0.0337183987178374	-0.0611542074026074	NA	NA
GSE17160_12	-0.032200263699171	-0.0590580889269753	NA	NA
GSE22971_1	0.00143654684095861	-0.0311714510843065	NA	NA
GSE22971_2	0.00111261485167234	0.0177517195986074	NA	NA
GSE22971_3	0.0621264945996366	0.12311136801165	NA	NA
GSE22971_4	0.0738568176427315	0.149146735966745	NA	NA
GSE13590_1	-0.0148709741250355	-0.0235010062313963	NA	NA
GSE13590_2	-0.00125	0.00644920615833172	NA	NA
GSE99731_1	0.0294798803435299	0.104212026136127	NA	NA
GSE99731_2	-0.00452073196871477	-0.0745535242643811	NA	NA
GSE99731_3	-0.0433751054996526	-0.0717353681634527	NA	NA
GSE27492_1	0.00685208959526195	0.0490283081713704	NA	NA
GSE27492_2	0.0450684032732438	0.154931515218364	NA	NA
GSE27492_3	0.075477491611246	0.18120836212317	NA	NA
GSE27492_4	0.0743718824583777	0.162513603798392	NA	NA
GSE27492_5	0.0699017737120745	0.179829590481062	NA	NA
GSE27492_6	-0.00850053312790085	-0.00599111827118084	NA	NA
GSE27492_7	-0.00264734336484083	0.0147289449460388	NA	NA
GSE27492_8	-0.0135196498448719	-0.0142747777170617	NA	NA
E-GEOD-15069_1	-0.0200774257810074	-0.0500236769052639	NA	NA
E-GEOD-15069_2	-0.0132052769671299	-0.048047000947199	NA	NA
E-GEOD-15069_3	-0.00753209228863379	-0.00638972101088599	NA	NA
E-GEOD-15069_4	-0.00665664212644593	-0.0606069723908793	NA	NA
E-GEOD-15118_1	-0.0031687479664189	-0.0398581901417352	NA	NA
E-GEOD-15118_2	0.00125628140703518	-0.00214267632938761	NA	NA
E-GEOD-15118_3	-0.00521356519071754	0.0145387389250024	NA	NA
E-GEOD-15118_4	-0.0174620595898667	-0.0108755757848949	NA	NA
E-GEOD-16007_1	0.000948428950115252	0.0449587073484762	NA	NA
E-GEOD-17473_1	0.000697448883475215	-0.016538131001113	NA	NA
E-GEOD-18647_1	0.0127205511066605	0.0282131917484265	NA	NA
E-GEOD-18647_2	0.00483257897917479	0.0316921818525726	NA	NA
E-GEOD-18647_3	0.00149253566001915	0.0171908467635551	NA	NA
E-GEOD-18647_4	-0.00155547461497153	0.0161989424638885	NA	NA
E-GEOD-18648_1	0.00650248396405914	0.0166026217238042	NA	NA
E-GEOD-18648_2	-0.00417266214768603	0.000495022665775124	NA	NA
E-GEOD-2154_1	0.0177001421553632	0.0891107746725938	NA	NA
E-GEOD-2154_2	0.037352423377994	0.0989303022672998	NA	NA
E-GEOD-2154_3	0.00574452243937477	0.00880042963040714	NA	NA
E-GEOD-2154_4	-0.00178787157763636	0.0107588149750281	NA	NA
E-GEOD-26475_1	0.0019403143413116	0.00384217152145843	NA	NA
E-GEOD-26475_2	0.0242644722723176	0.084192771789758	NA	NA
E-GEOD-26475_3	0.0168600194228953	0.0943455139996962	NA	NA
E-GEOD-33567_1	-0.00935962005503483	-0.039141279809926	NA	NA
E-GEOD-33567_2	-0.00850140427739181	0.0156720007160999	NA	NA
E-GEOD-37287_1	0.00125227763814799	-0.0124521179414253	NA	NA
E-GEOD-37287_2	-0.00299170418577427	-0.0182227410680862	NA	NA
E-GEOD-37287_3	0.0101652612548857	0.00808092752942689	NA	NA
E-GEOD-51994_1	0.016697362496577	0.0132016572499756	NA	NA
E-GEOD-51994_2	0.00676853401485035	0.00202595636751827	NA	NA
E-GEOD-51994_3	-0.00744632293857025	-0.0101980497765818	NA	NA
E-GEOD-65077_1	-0.00105042016806723	-0.0156707153038161	NA	NA
E-MEXP-1244_1	-0.0237072665490448	-0.0511429494791605	NA	NA
E-MTAB-1123_1	0.039998081551344	0.104103999859265	NA	NA
E-MTAB-1123_2	0.0218232882358987	0.0896160778445247	NA	NA
E-MTAB-1123_3	0.0136993608941396	0.0230938584288623	NA	NA
E-MTAB-1123_4	0.00484695507117032	0.0830367449387322	NA	NA
E-MTAB-1391_1	0.02539582810246	0.0666936219669571	NA	NA
E-MTAB-1391_2	0.011981402903309	0.0118869065517802	NA	NA
E-MTAB-1391_3	-0.00284019749943002	-0.0188663937795652	NA	NA
E-MTAB-2450_1	-0.00691598315477216	-0.0178122125522464	NA	NA
E-MTAB-2450_2	0.00213399256768371	0.0197878126928967	NA	NA
E-MTAB-2450_3	0.00236906478792688	0.0396808458856028	NA	NA
E-MTAB-2450_4	-0.001969482823118	0.0134438419807511	NA	NA
E-MTAB-5023_1	0.0349001364776507	0.0641018501267601	NA	NA
E-MTAB-5326_1	-0.00850665862974861	0.00370801586834434	NA	NA
E-MTAB-5326_2	-0.0110641831640815	-0.00635854561739284	NA	NA
E-MTAB-5326_3	0.00274944064502949	0.0130756041738426	NA	NA
GSE102588_1	-0.0198807738424099	-0.0332837341570869	NA	NA
GSE104793_1	-0.000232059035443904	0.0139246472249203	NA	NA
GSE104794_1	0.00969762955032878	0.0496165154606471	NA	NA
GSE104795_1	0.00580819375023818	0.0563020090550583	NA	NA
GSE105139_1	0.00126262626262626	0.0765694987368362	NA	NA
GSE105139_2	0.0294103680850929	0.130162839685953	NA	NA
GSE105139_3	0.0250214135938103	0.0938495903898613	NA	NA
GSE10555_1	-0.00241361575854002	-0.00261969368186824	NA	NA
GSE10556_1	-0.00226728459520173	-0.0033829860569933	NA	NA
GSE106631_1	0.0302438917591926	0.0903337921604701	NA	NA
GSE13104_1	0.0417417834227275	0.0862630797979949	NA	NA
GSE13104_2	0.042273572338328	0.0875595326064731	NA	NA
GSE13104_3	0.0488811463033062	0.12791194441697	NA	NA
GSE16749_1	-0.00863797262566748	-0.0224478897099173	NA	NA
GSE16749_2	-0.00442337374957024	-0.00943837901754593	NA	NA
GSE16749_3	0.0118349028841138	0.0209505671565124	NA	NA
GSE17348_1	-0.00961825627438916	-0.0467687049204094	NA	NA
GSE17563_1	-0.0275833795951218	-0.0436814524299958	NA	NA
GSE17563_2	-0.0122234883265472	-0.0208647264579392	NA	NA
GSE17569_1	0.00827309586502818	0.00298052267284142	NA	NA
GSE17569_2	-0.00953304023143277	-0.0290891570985427	NA	NA
GSE17570_1	0.00161952029315105	-0.0167676278685188	NA	NA
GSE17570_2	-0.00450660060266395	-0.00302740249597386	NA	NA
GSE18991_1	-0.00125944584382872	-0.0137838898591139	NA	NA
GSE18992_1	0	-0.0354265940290326	NA	NA
GSE19299_1	0.0151194393438559	0.0219773059135257	NA	NA
GSE20850_1	-0.00837850498603773	-0.00954095838624815	NA	NA
GSE21093_1	0.00897094907439883	0.0263058750473594	NA	NA
GSE21523_1	0.0211902128867929	0.048159199638233	NA	NA
GSE21639_1	0.0100769503178653	0.0271495824447967	NA	NA
GSE21639_2	-0.0102333844424811	-0.044560555076389	NA	NA
GSE21639_3	-0.00417547680886038	-3.32806846242541e-05	NA	NA
GSE21639_4	-0.0117471080152116	-0.0195230607808671	NA	NA
GSE21710_1	-0.016899804091323	-0.0656220882897604	NA	NA
GSE21710_2	-0.0164801551114602	-0.0683932153188387	NA	NA
GSE21710_3	-0.0151403713311838	-0.0589873581382174	NA	NA
GSE22925_1	-0.0041863160608966	-0.00693916447992443	NA	NA
GSE22925_2	0.0220487479716481	0.0338163692376282	NA	NA
GSE26499_1	0.0267823676157719	0.0461258690730315	NA	NA
GSE30160_1	0.00562988558477195	0.0293476695283396	NA	NA
GSE30628_1	-0.0109740193909869	-0.01697268486358	NA	NA
GSE30628_2	-0.00160015179948349	-0.0155199563318702	NA	NA
GSE32163_1	-0.011006329158229	-0.00596832236568776	NA	NA
GSE33656_1	-0.0771695242962491	-0.136414819870311	NA	NA
GSE33754_1	0.00967090225392037	0.0420895573339523	NA	NA
GSE33754_2	0.0134551266345971	0.0455965634730918	NA	NA
GSE33754_3	0.00645293147531492	0.0431617376771245	NA	NA
GSE34570_1	-0.00631331573654145	-0.0224055572192706	NA	NA
GSE35003_1	-0.000238557678430179	0.0098459732742205	NA	NA
GSE35466_1	0.020283456700435	0.0676650584787953	NA	NA
GSE35466_2	0.0324390027460762	0.0774634658287119	NA	NA
GSE35466_3	0.0457513247190008	0.107803340746503	NA	NA
GSE35466_4	0.0363935091572836	0.106688821166914	NA	NA
GSE35466_5	0.0365553165138317	0.105213925469937	NA	NA
GSE36925_1	-0.000132047338971021	0.00339515753043021	NA	NA
GSE36925_2	0.0253643595190485	0.0252698270167871	NA	NA
GSE36925_3	0.0135409217692122	0.0146524599607288	NA	NA
GSE37219_1	-0.0029530162090757	0.0108753047577823	NA	NA
GSE37676_1	0.0303082846925393	0.0346724936056027	NA	NA
GSE41342_1	-0.0129808654220708	-0.0235126161905517	NA	NA
GSE41342_2	0.0155745600436144	0.051814752045517	NA	NA
GSE41342_3	0.0045157299399081	0.0578928093777494	NA	NA
GSE41342_4	0.00598097405440522	-0.0275629972453153	NA	NA
GSE41997_1	0.00807908119571222	0.00739440538674832	NA	NA
GSE43242_1	-0.0076654640941045	-0.0629229595604056	NA	NA
GSE43242_2	-0.0125478517462081	-0.0475631210698303	NA	NA
GSE43663_1	-0.00228987843394252	-0.0152075206125982	NA	NA
GSE43854_1	0.0164312253012683	0.0238094972474039	NA	NA
GSE45656_1	-0.0303850295048635	-0.0581888801159365	NA	NA
GSE45656_2	0.00253913299165263	-0.00758354061669383	NA	NA
GSE45656_3	-0.0156797454483409	-0.0368300787228952	NA	NA
GSE45793_1	0.00887014616642704	0.049086947373578	NA	NA
GSE45793_2	0.00197516499394227	0.0338175409069089	NA	NA
GSE45793_3	-0.00414763885003202	0.0143565272805246	NA	NA
GSE45793_4	0.0188992026906429	0.0534269266485667	NA	NA
GSE45793_5	-0.0241954564386319	-0.0234992019588383	NA	NA
GSE46390_1	-0.00417121771017204	-0.0406111391518544	NA	NA
GSE48438_1	0.021155330273833	0.0413856266999729	NA	NA
GSE50549_1	-0.0184552356802922	-0.0102757445731007	NA	NA
GSE50549_2	-0.00599057429740586	-0.0119340795104439	NA	NA
GSE51098_1	0.0466666259932202	0.0787423071390572	NA	NA
GSE53857_1	0.00656280855792236	0.0302542908975257	NA	NA
GSE53857_2	0.00800585034131116	0.0839233552559211	NA	NA
GSE53857_3	0.000171666249265607	-0.00747045596719725	NA	NA
GSE53982_1	0.00167172791518082	-0.00881538964666663	NA	NA
GSE53982_2	0.010947886309533	0.0530736784741912	NA	NA
GSE54779_1	0.0163697940493093	0.0476342004015713	NA	NA
GSE55900_1	0	0.0425242540148966	NA	NA
GSE57104_1	-0.0213759944915091	-0.0556040575790104	NA	NA
GSE59387_1	0.0339962312284576	0.0584285955191018	NA	NA
GSE60401_1	-0.01239739025062	-0.0318379053095538	NA	NA
GSE60401_2	-0.00657443947562226	-0.0474967212347237	NA	NA
GSE60651_1	-0.0202893920326536	-0.0755031680906899	NA	NA
GSE60737_1	0.0247577749731803	0.0734583989612761	NA	NA
GSE60761_1	0.00425078581524376	0.050619529148387	NA	NA
GSE60761_2	-0.00449438202247191	-0.0484746382387738	NA	NA
GSE60761_3	0.00327296660032453	0.0419390967132677	NA	NA
GSE60761_4	0.0171852165467171	0.0977180741100181	NA	NA
GSE63017_1	0	-0.013490399949351	NA	NA
GSE63017_2	0.00137150559433237	-0.00556481015598516	NA	NA
GSE63017_3	0.000201954804860861	-0.0153482406088953	NA	NA
GSE63017_4	-0.00132337799580346	-0.00334629848279636	NA	NA
GSE63939_1	-0.00856676591890812	-0.0420261027764343	NA	NA
GSE63939_2	-0.00592593022466239	-0.0367505419443582	NA	NA
GSE64141_1	0.00926812279514763	-0.00303943152273605	NA	NA
GSE64965_1	0.00351201978980574	0.042919099685746	NA	NA
GSE65745_1	0.00125944584382872	-0.00739010526323984	NA	NA
GSE65745_2	0.00625	-0.00345101107340154	NA	NA
GSE65745_3	0.00373134328358209	-0.000512723755814997	NA	NA
GSE66416_1	-0.0101835387810494	-0.0147777207010714	NA	NA
GSE66862_1	-0.00955570629492699	-0.0134155030488387	NA	NA
GSE69108_1	0.00133576861912158	0.0376422339388598	NA	NA
GSE71565_1	0.0243138970861666	0.0294489258865388	NA	NA
GSE72261_1	-0.00142780397057254	-0.0152285876916012	NA	NA
GSE72261_2	-0.0162931929007366	-0.0376479370888448	NA	NA
GSE72261_3	-0.0291742321831158	-0.0610173929981432	NA	NA
GSE7683_1	-0.012454953180884	-0.044012046091996	NA	NA
GSE7683_2	-0.0278636255393198	-0.0993418873146993	NA	NA
GSE78980_1	0.0335911475262683	0.073699859960862	NA	NA
GSE78980_2	0.00372839811042058	-0.00251013092891285	NA	NA
GSE78980_3	0.0152312075529807	0.0722508318064795	NA	NA
GSE78980_4	0.0150443915065509	0.0292420577229555	NA	NA
GSE78980_5	0.00474723379064521	0.0246916856551501	NA	NA
GSE78980_6	0.00237483659204965	0.0216415758347311	NA	NA
GSE78980_7	-0.05567116348038	-0.098935303245657	NA	NA
GSE78980_8	-0.0427009181961403	-0.10479757540669	NA	NA
GSE78980_9	-0.0516529962507751	-0.0947804963554837	NA	NA
GSE78980_10	-0.0548174532437083	-0.117564399692685	NA	NA
GSE81399_1	0.0100917575781513	0.0112390398827834	NA	NA
GSE84609_1	-0.0038737726498008	-0.0311365917306014	NA	NA
GSE84907_1	0.00324310853149126	0.00683973402083244	NA	NA
GSE84907_2	0.00817983484497261	0.00585646486934893	NA	NA
GSE84907_3	0.0113622401920493	-0.000979243199649538	NA	NA
GSE90127_1	0.0286004508769793	0.0496985371062422	NA	NA
GSE90127_2	-0.00228489434557688	-0.0151756032689662	NA	NA
GSE90127_3	0.027546313682364	0.0526233561618312	NA	NA
GSE9247_1	-0.0100144052685403	-0.0272710782683029	NA	NA
GSE9247_2	-0.00673509808512983	-0.0224946177225047	NA	NA
GSE9247_3	-0.00637903675612587	0.00649866440249535	NA	NA
GSE99306_1	-0.0270185155448423	-0.0368024865119093	NA	NA
GSE99306_2	-0.00586206237422826	0.0162578703774124	NA	NA
GSE99306_3	-0.0245271686325422	-0.0739193099760561	NA	NA
GSE99306_4	0.00496101326625287	0.0189828662237346	NA	NA
GSE99306_5	-7.55781612234371e-05	0.0122842292544624	NA	NA
GSE99306_6	0.0101063930916068	0.0334303381125709	NA	NA
GSE99306_7	-0.0158747056896151	-0.0521306768079987	NA	NA
GSE99306_8	0.0060893845205489	0.0283682238591022	NA	NA
GSE99306_9	0.0156980477184546	0.0412182611959811	NA	NA
GSE99306_10	-0.00355567761246083	-0.0430541509828543	NA	NA
GSE99306_11	-0.00614337195683564	-0.00158307199172693	NA	NA
GSE99306_12	0.00452786993732844	0.0320161906648974	NA	NA
GSE99306_13	-0.0130729730968441	-0.0513726169427223	NA	NA
GSE99414_1	0.00606843149139732	0.0594275269239037	NA	NA
GSE110581_1	0.0039425529668567	-0.019804259601758	NA	NA
GSE110581_2	0.00221238938053097	-0.0206481027298762	NA	NA
GSE47799_1	0.00491881648987585	0.0577484168949897	NA	NA
GSE47799_2	-0.0167004145751761	-0.0200565806754425	NA	NA
GSE47799_3	0.0251020719801715	0.0573537574427622	NA	NA
GSE111628_1	0.0127616409346949	0.0118607345705937	NA	NA
GSE111628_2	-0.000718483249689014	-0.0729282198945603	NA	NA
GSE111628_3	-0.00381564510731519	-0.046671367735114	NA	NA
GSE5657_1	-0.00964225884712098	-0.0556885906299852	NA	NA
GSE5657_2	-0.00115012736337085	-0.0113005005347981	NA	NA
GSE13782_1	0.0705790529027374	0.166987994981118	NA	NA
GSE41039_1	0.00628770616614275	0.0794887810695631	NA	NA
GSE84198_1	-0.00843362160034714	-0.0252496465156162	NA	NA
GSE84198_2	-0.00386212624584718	-0.0331387503791136	NA	NA
GSE84198_3	-0.00175422919577175	-0.00136536655592401	NA	NA
E-GEOD-54216_1	0.026002604419649	0.0522019886246848	NA	NA
E-GEOD-54216_2	0.0262332991557772	0.0430846924378103	NA	NA
E-GEOD-54216_3	-0.00259317054532322	-0.00197237427391346	NA	NA
E-GEOD-6119_1	0.020713933349898	0.0544629955892458	NA	NA
E-GEOD-6119_2	0.0216854017740251	0.0473701214967307	NA	NA
E-GEOD-6119_3	0.0218923519457033	0.051332971025112	NA	NA
E-GEOD-8077_1	-0.0114411514205964	-0.0655889433206722	NA	NA
E-GEOD-8077_2	-0.00387342826789204	-0.000691848268015678	NA	NA
E-GEOD-8077_3	0.0138913828258097	0.0560155781335926	NA	NA
GSE103416_1	0.0650860903748183	0.118803889891806	NA	NA
GSE103416_2	0.041119963589946	0.10993285488539	NA	NA
GSE103416_3	0.0440179201512316	0.110198522769787	NA	NA
GSE19950_1	0.00782484786736027	0.00341616659246534	NA	NA
GSE30322_1	-0.0107621437136895	-0.0217420565195256	NA	NA
GSE30322_2	0.00264994385371979	0.0156982807842103	NA	NA
GSE30322_3	0.000393847796294942	0.00359349473225755	NA	NA
GSE42295_1	0.00811445706929238	0.066246780694083	NA	NA
GSE42295_2	-0.0201951054914153	-0.0326418629102203	NA	NA
GSE42295_3	-0.0348407427712473	-0.0563149788723719	NA	NA
GSE66554_1	-0.0782642658874579	-0.158315356894592	NA	NA
GSE66554_2	-0.064360265669945	-0.130551978190946	NA	NA
GSE66554_3	-0.0458299823625624	-0.0929944748928768	NA	NA
GSE66554_4	-0.0274674386314608	-0.0575493779629477	NA	NA
GSE74898_1	-0.0564829239981726	-0.102952923837977	NA	NA
GSE74898_2	-0.0507195966623662	-0.100535752152478	NA	NA
GSE74898_3	-0.0627005020765051	-0.102106314208952	NA	NA
GSE79176_1	2.18220814524777e-05	-0.00128846052310738	NA	NA
GSE79176_2	-0.0048314395197909	-0.00394223360438478	NA	NA
GSE79176_3	0	-0.00303768239027109	NA	NA
GSE85785_1	0.0472369272519502	0.108600940546812	NA	NA
GSE23492_1	0.00294628207947077	-0.0102963327984888	NA	NA
GSE23492_2	-0.00814881663192575	-0.00281533759379993	NA	NA
GSE23492_3	0.00103712846161199	-0.00560025032574657	NA	NA
GSE23492_4	0.00248052998461073	0.0194145123912112	NA	NA
GSE23492_5	-0.0172164857679543	-0.0278651807447149	NA	NA
GSE44991_1	-0.00689246896588651	0.0159743886984626	NA	NA
GSE44991_2	-0.00148225576415143	-0.00780437581570194	NA	NA
GSE39796_1	-0.0100248213973279	-0.0139315375321046	NA	NA
GSE39796_2	-0.0260355925817962	-0.0448475323523006	NA	NA
GSE39796_3	0.0134593975368583	0.0327973718229801	NA	NA
GSE18394_1	-0.0183425937156888	-0.0271911055416091	NA	NA
GSE18394_2	0.003552593347648	0.0224498731713345	NA	NA
GSE18394_3	-0.0204256420556026	-0.0451080037457888	NA	NA
GSE29233_1	0.0317699062134051	0.0515220136383479	NA	NA
E-MEXP-2291_1	-0.0241760430023422	-0.0617960643487852	NA	NA
E-MEXP-2291_2	0.00408509012634689	0.0351714636597674	NA	NA
E-MEXP-2291_3	-0.0362181972239148	-0.0885811371606437	NA	NA
GSE107363_1	-0.00865164878550618	-0.0186920477921425	NA	NA
GSE85761_1	-0.00421995095230977	-0.000622664666042579	NA	NA
GSE89179_1	-0.00975338764947427	-0.0443354664678072	NA	NA
GSE89179_2	0.0032820739976074	0.00221709374130606	NA	NA
GSE89179_3	-0.0512452696812208	-0.129337532107111	NA	NA
GSE89179_4	-0.0546369182270213	-0.108317989642341	NA	NA
GSE89179_5	0.0321715299954171	0.039502342075968	NA	NA
GSE89179_6	0.010510535950298	0.014894044587577	NA	NA
GSE89179_7	0.0384062986007408	0.0547895544897693	NA	NA
E-GEOD-57723_1	0.0282501036102406	0.0588372778011694	NA	NA
E-GEOD-57723_2	-0.0207452313547023	0.0137566512619528	NA	NA
E-GEOD-57723_3	0.0262880878449553	0.0548716485901881	NA	NA
E-GEOD-83930_1	-0.00681007386293085	-0.0358070162410803	NA	NA
GSE100268_1	0.0287985598275138	0.05779829357938	NA	NA
E-GEOD-55769_1	-0.00589453676841959	-0.0300077247241015	NA	NA
E-GEOD-55769_2	-0.0026251485933166	-0.0298832248395963	NA	NA
E-GEOD-55769_3	-0.00572789084693276	-0.0158626615909204	NA	NA
E-GEOD-69110_1	0.0214879296114336	0.0609457972320039	NA	NA
E-MTAB-4304_1	0.0300678523807354	0.0854835708567146	NA	NA
E-MTAB-4879_1	-0.0096829375987084	0.00282220560998475	NA	NA
E-MTAB-4879_2	0.0144286736793433	0.0410498479613978	NA	NA
E-MTAB-4879_3	0.00255515950292116	0.00287114105989249	NA	NA
E-MTAB-4879_4	-0.0215510971624086	-0.0468400497610987	NA	NA
Cytokine_Explant_1	0.0345727638290863	0.0735344718993702	NA	NA
Cytokine_Explant_2	0.0517300243259608	0.103260622879147	NA	NA
Cytokine_Explant_3	0.0598028306337574	0.129020701399481	NA	NA
Cytokine_Explant_4	-0.00732405973772307	-0.0257292125251448	NA	NA
Cytokine_Explant_5	0.00679999655849135	0.0471322517898788	NA	NA
FN1_Explant_1	0.0328818983093916	0.0839729436862895	NA	NA
E-MTAB-6266_1	0.0325089933601006	0.0854026708993361	NA	NA
E-MTAB-6266_B_1	-0.00803206872151008	0.00860635631034364	NA	NA
E-MTAB-6266_B_2	0.06967098909795	0.146600528636239	NA	NA
E-MTAB-6266_B_3	0.0639058013216533	0.155569387115312	NA	NA
GSE70667_1	0.00235307748328294	0.0420136321665122	NA	NA
GSE87608_1	0.0093834253576829	0.0378441117052617	NA	NA
GSE87608_2	0.0306163862814929	0.0441124868098287	NA	NA
GSE87608_3	0.00936561997943073	0.00606852524228952	NA	NA
GSE87608_4	-0.0163361328852945	-0.0169802750203886	NA	NA
GSE90890_1	-0.0159516941750582	-0.0377024953443928	NA	NA
GSE97118_1	0.0421648703790123	0.0727283252039054	NA	NA
GSE97118_2	0.0243617847670978	0.0558148642070957	NA	NA
GSE97118_3	0.0460769427365743	0.0755788566025094	NA	NA
GSE97118_4	0.0351564239163836	0.0492471587772594	NA	NA
GSE97118_5	-0.0233097607882852	-0.0520029828487302	NA	NA
GSE97118_6	-0.00865452052347618	-0.0407119512225426	NA	NA
GSE97118_7	-0.0143274401813261	-0.0629330568024146	NA	NA
GSE107592_1	0.00521328635673273	0.00662450017860676	NA	NA
GSE92641_1	0.0122790089464427	0.0169645335357711	NA	NA
GSE107849_1	0	-0.00441434299206707	NA	NA
E-ERAD-89_1	-0.00143168378462496	-0.00417805535506127	NA	NA
E-ERAD-89_2	-0.00455325394856529	-0.00314162141751878	NA	NA
E-ERAD-89_3	-0.00103575593739807	0.000802597304093131	NA	NA
E-ERAD-89_4	-0.00123762376237624	0.000894302462645264	NA	NA
E-GEOD-45893_1	0	-0.018582728630659	NA	NA
E-GEOD-53105_1	0.00448797852068199	-0.0415240137873789	NA	NA
E-GEOD-53105_2	-0.000868603989832351	-0.0225087451903306	NA	NA
E-GEOD-54461_1	-0.0311266951043718	-0.0401995672192731	NA	NA
E-GEOD-54461_2	-0.0175555622122121	-0.0389117932714243	NA	NA
E-GEOD-54461_3	-0.0107633151063192	-0.00993245840321939	NA	NA
E-GEOD-54461_4	-0.00893505287332942	0.00687001411864316	NA	NA
E-GEOD-54461_5	0.00032930100595463	0.0286112882513633	NA	NA
E-GEOD-54461_6	0.00121535160128852	0.0278410433550705	NA	NA
E-GEOD-54461_7	-0.00443807461730066	0.0151152775963135	NA	NA
E-GEOD-54461_8	-0.00908900699659331	0.00021801560701081	NA	NA
E-GEOD-73372_1	-0.0885025070767621	-0.118164945763965	NA	NA
E-GEOD-73372_2	-0.0257845058978945	-0.0303999924242481	NA	NA
E-GEOD-73372_3	0.0578434909105389	0.119865520103207	NA	NA
E-GEOD-75549_1	0.0222513294737098	0.100002990800308	NA	NA
E-GEOD-76988_1	0.0183408472171978	0.0584565003605125	NA	NA
E-MTAB-2923_1	-0.0838409347744672	-0.163785590201232	NA	NA
E-MTAB-2923_2	0.0623670709418389	0.152121103806907	NA	NA
E-MTAB-2923_3	0.0116662448378546	0.039504909090253	NA	NA
E-MTAB-2923_4	0.0319538987053557	0.0617905868196244	NA	NA
E-MTAB-3428_1	0.064205724995996	0.145848085442452	NA	NA
E-MTAB-3428_2	-0.00934714786176583	-0.0339477631006439	NA	NA
E-MTAB-3428_3	0.0261921036489504	0.0721234182309867	NA	NA
E-MTAB-3428_4	0.0643105064718719	0.146439617541312	NA	NA
GSE102856_1	0.0142195759774344	0.0664005580188255	NA	NA
GSE103492_1	0.00476744762412087	0.00402547225415109	NA	NA
GSE103492_2	0.0106986625672998	0.0390449262570273	NA	NA
GSE103492_3	0.00747910369739707	0.0194098943457934	NA	NA
GSE103492_4	-0.00844743363388815	-0.0106227961145909	NA	NA
GSE103492_5	0.0285320695032923	0.0605260424998723	NA	NA
GSE103492_6	0.0122317654097315	0.0513389797199493	NA	NA
GSE103492_7	-0.00212398312741036	-0.00806063788296897	NA	NA
GSE103492_8	0.0285266354443264	0.0685607274166503	NA	NA
GSE103492_9	0.0242914727821617	0.069117192513141	NA	NA
GSE103492_10	-0.000945542845412478	-0.000722510694498328	NA	NA
GSE106259_1	-0.0400458934406887	-0.078731388349061	NA	NA
GSE110303_1	0.00312096987557873	-0.0133768496281554	NA	NA
GSE110303_2	0.028615308635127	0.123017558391628	NA	NA
GSE110303_3	0.0243271240495177	0.091212147913276	NA	NA
GSE110300_1	-0.00540789529526907	-0.0309072390482107	NA	NA
GSE110300_2	0.00464314829596798	-0.00342463803407094	NA	NA
GSE110300_3	0.0289873040886861	0.0930358203678467	NA	NA
GSE110281_1	-0.0270815139373783	-0.0392822702128682	NA	NA
GSE110281_2	-0.0104939506669302	-0.0117750693070137	NA	NA
GSE110281_3	0.022246747422101	0.0298028878452705	NA	NA
GSE104459_1	0.00231755763943004	0.00463377802291572	NA	NA
GSE104459_2	0.0105994875171992	0.0122946126093809	NA	NA
GSE104459_3	-0.00852713425700966	0.00169246791133693	NA	NA
GSE110051_1	0.0151885503022574	0.0351865004890149	NA	NA
GSE110051_2	0.0206940131004753	0.0319687859109822	NA	NA
GSE110051_3	0.0258322093211144	0.0487082421095912	NA	NA
GSE112694_1	-0.00597319124203383	-0.00732163378856432	NA	NA
GSE112694_2	-0.0010512631667821	-0.013027131809961	NA	NA
GSE112694_3	0.0052158701007982	-0.015298803952412	NA	NA
GSE112694_4	0.00268250998754958	-0.0198468069281432	NA	NA
E-MTAB-5879_1	0.0354355982985102	0.0602101403021596	NA	NA
E-MTAB-5879_2	0.0186258071951262	0.0407343524216684	NA	NA
E-MTAB-5879_3	0.0246985369060696	0.0624464699143581	NA	NA
E-MTAB-5879_4	0.010765054755623	0.0362008287185468	NA	NA
E-MTAB-5879_5	0.0313703371356727	0.0650108406605401	NA	NA
E-MTAB-5879_6	0.0172074968056705	0.056868148204748	NA	NA
E-MTAB-5879_7	-0.0083748834815587	0.0419589501025729	NA	NA
E-MTAB-5879_8	-0.00113008970490195	-0.00530707240906539	NA	NA
E-MTAB-5879_9	-0.00541129615792316	0.0193065731516767	NA	NA
E-MTAB-5879_10	-0.018952924489311	-0.00111615986884568	NA	NA
E-MTAB-4294_1	0.0440638459617804	0.0813609388294404	NA	NA
E-MTAB-4294_2	0.00481178725268509	0.00345124207427519	NA	NA
E-MTAB-4294_3	-0.0423611906297138	-0.10378308275184	NA	NA
E-MTAB-3186_1	0.0194834683942384	0.0664648495403222	NA	NA
E-MTAB-3186_2	0.0343521280914322	0.0772878808961596	NA	NA
E-MTAB-3186_3	0.0321466223908389	0.079258027868397	NA	NA
E-MTAB-3186_4	0.0542985696342089	0.132296012962125	NA	NA
