comparisonID	jaccard	cosine	sigjaccard	chrDir
22659600_1	-0.0234200830972563	-0.106402187228132	-0.0334121869224556	-0.0337401832081589
24361742_1	0.00744643931670779	0.0165883633140044	0.00740437062631483	-0.0108837686500449
GSE72258_1	0.000605326876513317	0.0184547879722357	0.000327225130890052	0.0041179757999662
GSE72258_2	-0.000649772579597141	-0.0275258544534371	-0.0045045045045045	-0.00946472013816669
GSE69531_1	-0.0298996124102044	-0.0835340242070573	NA	NA
GSE69531_2	-0.0517784375026079	-0.110633416786745	NA	NA
GSE69531_3	-0.0260453378006455	-0.0502818233736308	NA	NA
GSE69531_4	-0.0298996124102044	-0.0835340242070573	NA	NA
GSE58203_1	0.0111632531611912	0.0616446593302454	0.00854575607454091	0.0174352339727139
GSE58203_2	0.00676146134881841	0.0291098565465242	0.00717300613282732	0.0138107194121847
GSE58203_3	-0.00370475777125171	-0.0059587003279409	-0.00376715045280328	-0.00175116104790768
GSE58203_4	-0.0347641978694874	-0.0616705582013494	-0.0348606934634529	-0.00295385318062271
GSE58203_5	0.0122362345604927	0.0791640404613474	0.0123562782391329	0.0135362502183709
GSE58203_6	0.00452565344463113	0.0238159118097514	0.00377010332478906	-0.00583996558903585
GSE58203_7	-0.0173330266271247	-0.042202307813757	-0.0171106084876048	-0.0115524005131578
GSE58203_8	-0.0557755862964269	-0.12028061068309	-0.0561021545478943	-0.0157475362650129
GSE59642_1	0.032134148199178	0.0450273528738153	NA	NA
GSE59642_2	-0.0149391698989692	-0.0474596980637511	NA	NA
GSE59642_3	-0.0589857553996988	-0.110040363051609	NA	NA
GSE64922_1	0.0401745619174008	0.10739381409291	0.0424461501056644	0.0499908849448879
GSE60162_1	-0.00841966869341292	-0.0419413497487156	NA	NA
GSE31685_1	0.0525512229705338	0.213518178839546	0.0509146732271785	0.0706971499077775
E-MEXP-3890_1	-0.0252366502613763	-0.0214882346409462	-0.0265100557298268	0.00014243633133483
GSE31980_1	0.0351303743860255	0.0969234809532229	0.0386829455386652	0.0480847069120265
GSE15615_1	0.02019922037597	0.0491491903931513	0.0197981624800351	0
GSE15083_1	0.000592539933009414	0.00153163771625916	NA	-0.0054127874508598
GSE108035_1	0.0176416184885652	0.0206086974459971	0.0178811199878	0.0110320093339047
GSE108035_2	0.0279895186753613	0.0858140332451269	0.0292673627799425	0.0309532649323579
GSE108035_3	0.0204067795015408	0.0578828822273375	0.0211557507550154	0.0117152523337382
GSE21959_1	0.0124290287905171	0.0286720373168679	0.0139962583097188	0.00249648978638792
GSE21959_2	0.00732701817057421	0.036299925551339	0.0050750208581686	0.00232936174366091
GSE24742_1	0.00274934668621808	0.0255733149282378	NA	0.00585980831969892
GSE24742_2	-0.000273853705148259	-0.00130254008802777	NA	-0.00726308762997665
GSE24742_3	0.00318613119075171	0.017672453415162	NA	0.00396725992439209
GSE74668_1	0.00316721330011767	0.0315669598580082	NA	NA
E-GEOD-10024_1	0.0259584715234517	0.0861063480180016	NA	NA
E-GEOD-10024_2	0.0327593829509773	0.096379384097802	NA	NA
E-GEOD-12860_1	0.0063224891273431	0.0376356316578664	NA	NA
E-GEOD-12860_2	-0.00190503733373302	-0.00330356063332898	NA	NA
E-GEOD-12860_3	-0.00926979951992191	-0.0172747620093377	NA	NA
E-GEOD-12860_4	0.00575771056797699	0.0099684857050085	NA	NA
E-GEOD-12860_5	0.0126543159522877	0.026520679054896	NA	NA
E-GEOD-12860_6	-0.00221375584452917	-0.00886458752076981	NA	NA
E-GEOD-12860_7	0.00570863541061195	0.0103311225303431	NA	NA
E-GEOD-12860_8	0.0032693086887665	0.015542598606534	NA	NA
E-GEOD-14359_1	-0.0265645206909324	-0.0302683915762005	-0.031544707030275	0.0100791258064459
E-GEOD-14359_2	0.0431750226487041	0.107550190641897	0.0536337951495221	0.0248551039792749
E-GEOD-1919_1	0.00758019022837969	0.0402888701709209	NA	NA
E-GEOD-1919_2	0.00071655740527838	0.0111964022040327	NA	NA
E-GEOD-1919_3	-0.00541140149113336	-0.0121244143772769	NA	NA
E-GEOD-1919_4	-0.00510666554080604	-0.00537342939377603	NA	NA
E-GEOD-1919_5	-0.00552424189177243	-0.0121069663306901	NA	NA
E-GEOD-1919_6	-0.0129420396421778	-0.0386407217965461	NA	NA
E-GEOD-1919_7	-0.0132085173532126	-0.0406727630890585	NA	NA
E-GEOD-1919_8	-0.0119930780248288	-0.0341861212905628	NA	NA
E-GEOD-1919_9	0.00260376146440374	0.00151546581614877	NA	NA
E-GEOD-19664_1	0.0323362218287016	0.0723756567917359	NA	NA
E-GEOD-19664_2	-0.0224154488284863	-0.0453444679342387	NA	NA
E-GEOD-19664_3	-0.0136052087888639	-0.0389547239877389	NA	NA
E-GEOD-19664_4	0.0407868941952217	0.0996716232820235	NA	NA
E-GEOD-19664_5	0.00134346026604008	0.00635557375927914	NA	NA
E-GEOD-19664_6	-0.0338462678113497	-0.0882994394037062	NA	NA
E-GEOD-43923_1	0.00324456134797676	-0.00522304846440651	0.000139903468493149	-0.00508262399482817
E-GEOD-51812_1	0.0108145456702712	0.0104208974028232	0.0109515746551094	-0.00109328098079015
E-GEOD-51812_2	0.0139015778088789	0.0217532127857814	0.013753558743247	-0.00960685185949634
E-GEOD-68760_1	0.0314325911749677	0.0899774764294936	0.0265634401615964	0.0243469756777289
E-GEOD-82107_1	-0.00222616016055096	-0.0205265731794093	-0.00303582892808896	0.00648042223795218
E-GEOD-9451_1	-0.0102050241264697	-0.040487722365378	-0.00657207568623245	-0.00729361584399468
E-GEOD-9451_2	0.0122193184951878	-0.00726769081914755	0.0108082556510494	-0.00510673711248568
E-GEOD-9451_3	0.0192235392330126	0.0284393160389418	0.0185381037999198	-0.00131641582266508
E-GEOD-9451_4	0.0341939312502996	0.046636637037185	0.0292180521648247	-0.0059610943669283
E-MEXP-2019_1	0.0310626773849212	0.0743800408244004	0	0.0280928343342067
E-MEXP-2019_2	-0.0221620001435194	-0.040240273029413	-0.00426557095736015	-0.0246176231638333
E-MEXP-2019_3	0.02767085356186	0.089187181797374	NA	0.0268000885645747
E-MEXP-2019_4	-0.0115221909237372	-0.0126392600491569	-0.00340304967963666	-0.00600990450051684
E-MEXP-2276_1	0.0100724972563895	0.0294455832289018	NA	0.0186569868078898
E-MEXP-2488_1	-0.0214986543556058	-0.0707785915435578	-0.0214458484762182	-0.0292255631489991
E-MEXP-3129_1	-0.000628543878309707	0.0265142167464282	-6.94700465807465e-05	0.0188653255518472
E-MEXP-3474_1	-0.0123575543234154	-0.0309342303314255	NA	-0.0157794265035359
E-MTAB-3010_1	-0.0312950804209054	-0.0606268340098093	NA	NA
E-MTAB-3010_2	-0.0159617348018658	-0.0260687579751701	NA	NA
E-MTAB-3010_3	-0.00132131147324516	-0.0159525558468677	NA	NA
E-MTAB-3010_4	0.0396595773196636	0.0933034820140238	NA	NA
E-MTAB-4152_1	-0.00667345449055074	-0.0543277727207705	-0.00698149014679138	-0.000899449668570237
E-MTAB-4152_2	0.000853682669567118	0.000697608521304059	0.000902193652208082	0.00997392921785259
E-MTAB-4152_3	-0.00604569929156158	-0.0559616685628623	-0.00643787384028613	0.00190218080870898
GSE100609_1	0.000718381268829399	-0.00921485061368599	NA	-0.00294519630742608
GSE100786_1	-0.00137708972671002	0.00941809357873217	0	0.00783820500561656
GSE100786_2	0.00110460467359179	0.029611586946649	NA	0.0149440715266728
GSE103697_1	0	0.00586626018753974	NA	NA
GSE103697_2	0	0.00277165870758457	NA	NA
GSE103697_3	0.000302663438256659	-0.00156378644293024	NA	NA
GSE104113_1	0.00647162170556151	0.0334319145429336	NA	NA
GSE104113_2	0.00934078790183407	0.031905928013627	NA	NA
GSE104113_3	0.00647162170556151	0.0334319145429336	NA	NA
GSE10575_1	0.0279265849772457	0.106903618389599	-0.000344644037290314	-0.00168382122978067
GSE10575_2	-0.000168504339139557	0.0168548580385145	-0.00468018740658865	0.0142127947902355
GSE10575_3	0.00896478892621359	0.0491790371985997	0.00573619874261317	0.0325775135281359
GSE13604_1	-0.00279763391169244	-0.0124273165917	-0.00656905373357902	0.00164272575171879
GSE13837_1	0.00404635488223615	0.0328085946083605	0.00337423312883436	0.0110985857127106
GSE13837_2	-0.000584397670507698	0.0145110309326454	-0.00125646068901955	0.00212214206181096
GSE13837_3	0.000457789579042746	-0.0034698033873868	-0.000312003938030997	-0.0161010044682192
GSE13837_4	-0.0119507498593212	-0.0217636809253252	-0.0146811479495963	-0.00381654881113756
GSE13837_5	0.00467570529355044	0.00725728722899112	0.0025008217260088	0.0077739666886427
GSE13837_6	0.00185955980120531	0.0153707778657965	0.000664577641982256	-0.00625241653680188
GSE13837_7	-0.00154258468175618	-0.00894354527050887	-0.0048565459798712	-0.0124806276219609
GSE13837_8	-0.00851438249106069	-0.02142779639513	-0.0115715388436147	-0.0054348620781127
GSE13837_9	-0.00775250169498885	-0.00984781785467835	-0.0115518343269061	0.00269514254852321
GSE13837_10	-0.00699275595983607	-0.0206681036879843	-0.00503862345158769	0.00489101042026973
GSE13837_11	-0.00761426313984868	-0.0172255929288395	-0.00545520723684819	0.00510084572979543
GSE13837_12	-0.00758414485934517	-0.0197067523419126	-0.00138179636254102	0.0110403264103454
GSE13837_13	0.0101948081627444	0.0581983443357551	0.00979677335231324	0.00822590553046387
GSE13837_14	0.00627815172587337	0.0345906749191694	0.00624232856742233	0.00945779456591735
GSE13837_15	0.00384268665453915	0.012314466942171	0.00112527721688459	0.00102479076587528
GSE13837_16	-0.0133063856928989	-0.0205751080732107	-0.0136819604045202	-0.0027659412387462
GSE13837_17	0.0122587612440642	0.0721675017530569	0.00758573721464847	0.0214323366079194
GSE13837_18	0.00259598299602275	0.0383374020889667	0.00274836752655988	0.00790780866756531
GSE13837_19	0.000287057000387541	0.0148679187712719	0.000674268323029699	0.00364032903538325
GSE13837_20	-0.00671699822048659	-0.0189278752269346	-0.00655341953330177	-0.00556064668603081
GSE13837_21	-0.00523394516469832	-0.0178825046020841	-0.00798702724749606	0.00875084858079529
GSE13837_22	-0.00419449170334847	-0.0141465059711414	-0.00563132029099561	-0.00274573641181889
GSE13837_23	-0.00274189598738666	-0.0161899792365426	-0.00257751256319113	0.00504285992230273
GSE13837_24	-0.00606325417935015	-0.0199307309626842	-0.00985505021025144	0.0108060584560193
GSE16464_1	-0.0599453747865462	-0.181321505287891	NA	NA
GSE16464_2	0.0318293109467347	0.0667109461209858	NA	NA
GSE19060_1	-0.000882693215398372	-0.00165303313084226	0	-0.00961955453394554
GSE27372_1	0.00563955942077056	0.0099077225825971	0.00795029654681	0.009055604962337
GSE27390_1	0.00741559421734702	0.0393241263396856	0.0103384424990801	0.000353435506160988
GSE29106_1	-0.0265823348017631	-0.0586967723655999	NA	NA
GSE29107_1	-0.0180604172740663	-0.041290393633545	NA	NA
GSE29107_2	0.0434516429419442	0.100651508838971	NA	NA
GSE29745_1	-0.0155297861717099	0.0164924040734381	NA	NA
GSE29745_2	-0.0091362931138	-0.0115569226627033	NA	NA
GSE29745_3	-0.0108796115293658	-0.00240125262052963	NA	NA
GSE35546_1	0.0067851740221276	0.0270231407544009	NA	NA
GSE35546_2	0.0105025490442555	0.0345311519703107	NA	NA
GSE35546_3	0.00947772149916214	0.0305073070971825	NA	NA
GSE35546_4	0.023158143925661	0.0565300009317063	NA	NA
GSE35546_5	0.0229371154106939	0.0524378029861748	NA	NA
GSE35546_6	0.0212435737079837	0.0527903800001868	NA	NA
GSE35955_1	0.0114500253664595	0.0193581718055301	0.0106862740646537	-0.00114863331632097
GSE35956_1	0.0226504098630565	0.0519163015556049	0.0179899818337388	0.0149493145830583
GSE35957_1	0.0429475367580801	0.129317735859246	0.0457741701956906	0.0349620995403887
GSE35958_1	-0.000785221144315729	0.0145117481433992	-0.00190663391246161	-0.00757813688737834
GSE39340_1	0.0040179454825412	0.0534529449882205	0.00045151753020079	0.00585937875493368
GSE39340_2	-0.00270641249979678	0.0226768888260048	-0.00259303148504748	-0.0127362561642667
GSE39340_3	0.0100602773983197	0.0288601790858326	0.000347705146036161	0.00900995591064809
GSE39795_1	0.00162521930380713	0.00929322353591181	NA	-0.00639805272939833
GSE39795_2	-0.000386142671034751	-0.00437178315992371	-0.00259227846858685	0.00698838062039157
GSE39795_3	-0.0083045262583413	-0.0142484761542631	-0.00196108731805672	0.00179384694975927
GSE41038_1	0.0150211981023208	0.0309176146013199	NA	0.0166107823131409
GSE41038_2	0.00305766710898067	0.0003115463848064	NA	-0.0115922561184658
GSE41038_3	-0.00327199374684909	-0.0241212314902308	NA	-0.000198822219880139
GSE41992_1	-0.00644700555734608	-0.0154948733723352	NA	NA
GSE42235_1	0.00768181908354264	0.041885763090814	0.00878292775793581	0.0360747794595693
GSE42235_2	0.0117265402917286	0.0712755787064889	0.0155001690183932	0.0422089106109469
GSE42235_3	0.0120487608898443	0.0628831317969087	0.0164695784984681	0.0310727715726579
GSE42235_4	0.0146450995114414	0.069356405186767	0.0183547845430262	0.0264000611440309
GSE45233_1	-0.00774746198699532	0.00326963151254665	NA	0.0017239606762928
GSE45233_2	0.00713943268355538	0.0670963582835457	0.000347705146036161	0.00830450463456575
GSE45233_3	0.00128705155791556	0.0171757950122589	NA	-0.00167410396018313
GSE45233_4	-0.0154550594221632	-0.0408664187923869	0.000444687503452543	6.28948333729201e-05
GSE46053_1	-0.00905457847576666	-0.0503502115640029	-0.00213713591042007	-0.00671511331236941
GSE46053_2	-0.00279584627235253	-0.0372538826931462	-0.000383509814589716	-0.00383025883025883
GSE46750_1	0.011037671063456	0.0954308505089511	0.0076457105825907	0.0279895682658597
GSE51588_1	-0.0158990267435481	-0.0407907252719074	-0.014999730323689	-0.0159154756173432
GSE51588_2	0.0274882324918263	0.041038270092781	0.0286034251321486	0.0235553899391423
GSE51588_3	-0.0534992147294708	-0.132480009319671	-0.053511713658928	-0.000363047344926835
GSE52817_1	0.0214406532510035	0.0463507120322354	NA	NA
GSE52817_2	0.00895997777097053	0.028773235993835	NA	NA
GSE52817_3	0.0348671380618438	0.0520198127651698	NA	NA
GSE52817_4	0.00763025691436216	0.00469656790353136	NA	NA
GSE55235_1	0.0124892181548461	0.0213911542644784	0.0133533861271683	0.00815956083271694
GSE55235_2	-0.0139471757356841	-0.0556992997987791	-0.0168483587165109	-0.024060109252807
GSE55235_3	-0.0286556484461087	-0.080395415731297	-0.0372271929210248	-0.0281900741223966
GSE55457_1	0.00718231023702835	0.0271708660639221	0.00779478334993432	0.0088567890881897
GSE55457_2	7.40711434826617e-05	-0.00609936085074241	0.000991837978160428	-0.0198877935821511
GSE55584_1	0.0132851924916749	0.0546690078941181	0.00423000485318492	0.0288184543511098
GSE57218_1	0.000506402383060545	-0.00475439135487585	0.00113260640817482	-0.0193867661138006
GSE60762_1	0.0202659842555488	0.0753101807448128	NA	0.0388118019903441
GSE62914_1	0.0169917828760226	0.0559951137819003	NA	0.00485955968517188
GSE62914_2	0.0535491097913552	0.111341910434178	NA	0.0199431062446002
GSE62914_3	0.0447864167399784	0.0966240863490484	0.000365856239023255	0.0260150247570231
GSE62914_4	-0.0251855200269931	-0.0623144419153993	-0.000314663310258024	-0.0133537733402808
GSE64394_1	-0.0111534650126436	-0.026656800846287	NA	-0.0144703566199151
GSE66635_1	6.72817250930035e-05	0.0116286916710942	NA	0.00138347061815058
GSE68038_1	0.0128989162962547	0.0294830296524793	-0.00289510356914977	0.00507040029407537
GSE68428_1	0.0113450546303577	0.0352109588743648	0.00943708528246802	0.0128971810006293
GSE68428_2	0.0150591455949052	0.0581582522014345	0.0134206282146214	0.0161971355788719
GSE68428_3	-0.00967817129083785	-0.00434105609310405	-0.00616164658611937	0.0181968195915071
GSE69459_1	-0.0178863138425135	-0.096014251080583	NA	NA
GSE69459_2	-0.0225192042394692	-0.0821190848209827	NA	NA
GSE69459_3	-0.00880994899372542	-0.034940981357987	NA	NA
GSE69459_4	-0.0284292888898818	-0.0925441025841654	NA	NA
GSE69992_1	-0.0047354402251104	0.00333261949863888	-0.0051602917609169	0.00664433273563167
GSE70719_1	0.0076645333609655	0.0297103628462485	0.00832612655439119	0.00542129070874177
GSE7116_1	-0.00766094435708087	-0.021205049277435	-0.00615480507028666	-0.00732355296829521
GSE7116_2	0.00462560375632917	0.030549482225892	0.00413160867444744	0.00302385639857158
GSE7116_3	0.00947116889436122	0.0462474325823144	0.00643281774386039	0.0131601917961678
GSE72575_1	0.0128818837236092	0.0394590025817259	0.0132257724494104	0.0273224929627674
GSE72575_2	-0.00634664939807086	0.00331817686382603	-0.00886219122443913	-0.00394097082781846
GSE72575_3	-0.00205434162462483	0.00153289343694551	-0.00299033835621912	0.00675632141773673
GSE72575_4	0.00150693188667872	-0.0111370156048305	0.000628535512256443	-0.0032168882408999
GSE75181_1	0.0393061284477926	0.130926411421259	0.0447744040731726	0.0302777141696618
GSE75181_2	0.0205055011142605	0.0697184819205463	0.0240775012121233	0.0139072207839946
GSE75181_3	0.0388019299120828	0.123785872038654	0.0429223880545562	0.0351495762447192
GSE75230_1	-0.00418572585277072	-0.0217785200291043	-0.00405909506821673	0.000112388581136752
GSE7669_1	-0.00800986194695441	-0.0895086946071225	-0.00831017803848925	-0.0371879035272137
GSE77916_1	0.00027851853936669	0.0547571027297498	0.000427627031712872	0.0167537112022627
GSE80614_1	0.00738263990448769	0.0764565491976834	0.0104042194804399	0.0214119170692934
GSE80614_2	0.00805722373356352	0.0804836073100088	0.0130172881122584	0.0271061017559088
GSE80614_3	0.00451263537906137	0.0579091708067979	0.00475285171102662	0.0133819558704993
GSE80614_4	0.0145578402059323	0.0489147287313031	0.0196866149045781	0.00950025809781907
GSE80614_5	0.0113120994274403	0.0258130424025949	0.0149721247187525	0.0021362947187123
GSE80614_6	0.00345918794785861	0.00360186530502883	0.00317762255169351	0.00249091402219258
GSE80614_7	-0.00103952794581084	-0.017849257804645	-0.00206755359006097	-0.00122486781706793
GSE80614_8	-0.00546341269093216	-0.0391079042619558	-0.00607079455489114	-0.00688528567648919
GSE80614_9	0.00679975032696175	0.0645927451693301	0.0081916275331487	0.0189999035245824
GSE80614_10	0.00841238053299628	0.0709708229080256	0.0122954909576143	0.0202018751407254
GSE80614_11	0.00392275196137598	0.0451028655676938	NA	0.0179234612505289
GSE80614_12	0.00939514392153353	0.0428973544458271	0.012167250706167	0.014108204017084
GSE80614_13	0.00713726490725539	0.0355866261947252	0.0065707979760078	0.0272976216121079
GSE80614_14	0.00849795572334295	0.0137066764298074	0.0123492951435704	0.0190987347421449
GSE80614_15	0.00212891021183286	0.00872334368652522	0.00109578041154879	0.0143905677227378
GSE80614_16	-0.00410579923698387	-0.00619148642326125	-0.00611309186194219	-0.00171063276763483
GSE85254_1	0.0192555136366831	0.0390268049919301	0.0104102485559434	0.0334845888435196
GSE86578_1	0.00904043729162934	0.0943546037841964	0.0147405863267396	0.0249458289464369
GSE86578_2	0.0103697270131498	0.0954418873072014	0.0190883271170327	0.0301369854655049
GSE86578_3	0.013043037728992	0.0375000253147457	0.0180669252593333	0.0204895851702219
GSE9329_1	-0.00977905888939031	-0.041833956956073	NA	NA
GSE93698_1	0.00709223890479316	-0.000322571590624668	0.00458364817197151	0.00334563678332858
GSE93698_2	0.00900070146707231	0.00929233796862809	0.0109335862131133	0.00372926527233635
GSE93698_3	0.00764122556181138	-0.00389079235701955	0.0112331049806649	-0.000780331435448782
GSE93698_4	0.00629582081362069	-0.00336494146165451	0.00622002032142187	-0.00168674304356792
GSE93698_5	0.00238811736831634	-0.0160244034114534	0.00321209468032491	-0.00866300184141871
GSE93698_6	0.00310853360906779	0.0228922750564305	-0.00115001327606884	-0.00230266940617722
GSE93698_7	-0.00525275858071085	-0.00598099372589184	-0.00636213737596743	-0.000964405172187708
GSE93698_8	-0.0025647272898602	-0.00757681372714061	1.45085309356775e-05	-0.0163208864768054
GSE93698_9	-0.00980688416994407	-0.0314099925941326	-0.0086652850325063	-0.0244522094373245
GSE93698_10	-0.0179379426968066	-0.022987418316099	-0.0122668565086404	-0.025252279803055
GSE93698_11	-0.00651153711724295	-0.0286062858596666	-0.00317146733092196	-0.00999878046377651
GSE93698_12	-0.0186075587374727	-0.0437816793077753	-0.0130350054207641	-0.0338880216781761
GSE93698_13	0.00574181495095914	0.00121718484662316	0.00539912358623046	-0.00108777851399537
GSE93698_14	-0.00957995678405034	-0.0326181136282366	-0.00796782400896081	-0.0190519529048149
GSE93698_15	-0.0130087204416426	-0.0246204411664477	-0.00530211518322095	-0.0287592514060558
GSE93720_1	0.00126138219558879	0.0228617706057082	NA	NA
GSE93720_2	0.00705029143460905	0.0261266580497792	NA	NA
GSE93720_3	0.00304909205262765	0.0156440547892271	NA	NA
GSE93720_4	0.0028757360970075	0.0189824428618457	NA	NA
E-MTAB-5564_1	-0.0310951450282191	-0.0673013892235072	-0.0227655732691874	-0.00608971214190767
GSE77753_1	0.00449958195641878	0.00309514377075012	NA	-0.00119973211556947
GSE43861_1	-0.00517645776782343	-0.00155844795979816	NA	NA
GSE112809_1	-0.000625477754798651	-0.000579065602255639	NA	NA
GSE111946_1	-0.045698838515913	-0.0993008076070593	NA	NA
GSE111946_2	-0.00046402734753413	-0.023133266712243	NA	NA
E-MTAB-3201_1	-0.0185628885024557	-0.0157287118403852	-0.00697141082198914	0.00463252109084195
E-MTAB-6700_1	0.02098816918848	0.049401680231154	0.0211457911603298	0
GSE54749_1	-0.000650195058517555	-0.00832420507861751	NA	-0.00599279400906282
GSE57218_B_1	-0.00938931061989242	-0.0596293803304955	-0.0107238472506442	-0.0290369991598067
GSE57218_B_2	-0.00937262305809477	-0.0689031072771946	-0.0100403125935719	-0.0364845636709263
GSE57740_1	0.00282022804810916	0.0837232644445172	NA	NA
GSE52992_1	0.00765199813417542	0.0186131967461993	0.00747117474276896	0.0261149035253642
GSE17160_1	0.0124735866147139	0.064657422547624	NA	NA
GSE17160_2	0.00473582021455781	0.0757616342379422	NA	NA
GSE17160_3	-0.000829990758852194	-0.0176302252461274	NA	NA
GSE17160_4	0.00641552501010903	-0.00278235601840091	NA	NA
GSE17160_5	0.00248523667147984	0.00796823748074072	NA	NA
GSE17160_6	0.00369834941162032	-0.00226344941814699	NA	NA
GSE17160_7	-0.0238644003402678	-0.147042503969597	NA	NA
GSE17160_8	0.00425522190804117	-0.00531601216049191	NA	NA
GSE17160_9	0.0265541461209851	0.0281340089198957	NA	NA
GSE17160_10	0.0250220639411439	0.0267417726767605	NA	NA
GSE17160_11	0.00819257093785269	-0.00141177339742295	NA	NA
GSE17160_12	0.0330055305780731	0.0470967315499087	NA	NA
GSE22971_1	-0.00157515456783405	-0.0258478669579112	NA	-0.0221810473942205
GSE22971_2	-0.00117176983923595	0.00923419996485151	NA	0.0116643924027291
GSE22971_3	-0.0488953981246629	-0.12093190948099	-0.0449023914733124	-0.0211856520476325
GSE22971_4	-0.0400545363653646	-0.116911901456391	-0.0269717733350859	-0.0188739324198469
GSE13590_1	0.00889779734009561	0.0288626650235566	0.00822012270458969	0.0214036931832461
GSE13590_2	0.000279035668395187	-0.0145601987657687	4.74112176239836e-05	0.00393054680936851
GSE99731_1	-0.00334506484923227	-0.0625373615895155	NA	-0.00575692547434162
GSE99731_2	-0.00216051436956936	-0.0464057516234453	NA	-0.00542044937219857
GSE99731_3	0.035668791764211	0.0835187409792846	0.0343354750716682	-0.00886352142615324
GSE27492_1	0.000338318183537464	-0.0220683591551545	-1.70024276509742e-05	-0.0165811429758106
GSE27492_2	-0.000275244757859785	-0.0333827102033987	-0.00191802454798418	-0.000700188515970781
GSE27492_3	-0.0176583694805112	-0.0976908903821746	-0.0279073578789186	-0.0243593429289457
GSE27492_4	-0.0178928295294453	-0.0994495100205764	-0.0339279307886057	-0.0341768205870494
GSE27492_5	-0.00890376690245724	-0.0828675597214339	-0.0135766977271454	-0.0270717243689291
GSE27492_6	-0.0198367854533505	-0.119721136429184	-0.0304666752569364	-0.0495938439799435
GSE27492_7	-0.0188282049528918	-0.100852641802194	-0.0271343212718506	-0.0450113361001439
GSE27492_8	-0.0155411839577359	-0.0874782829124151	-0.0180938276268272	-0.0394390129332565
E-GEOD-15069_1	0.0279189318091215	0.222497462117228	0.0262263140742597	0.0526432526208586
E-GEOD-15069_2	0.0268827721990503	0.325031851347226	0.0250224687452738	0.066942936448155
E-GEOD-15069_4	-0.00995310460393515	0.0165394036927978	-0.0107545477470121	-0.0275231242291644
E-GEOD-15118_1	0.0072158142456626	0.0688944522509721	NA	NA
E-GEOD-15118_2	0.00125648457487965	-0.014022120604949	NA	NA
E-GEOD-15118_3	0.00144385762034223	0.0204174147974386	NA	NA
E-GEOD-15118_4	0.0116977195834875	0.0705085181903461	NA	NA
E-GEOD-16007_1	0.0146607027696929	0.083036288867005	NA	NA
E-GEOD-17473_1	-0.00426671714647866	-0.0408962221194331	NA	0.00504391812323668
E-GEOD-18647_1	-0.0315425493894364	-0.138812958896791	NA	-0.0373006789462603
E-GEOD-18647_2	-0.0108006502279531	-0.0387406776965359	NA	-0.0248154394553528
E-GEOD-18647_3	0.00204970326124764	0.0289405553132445	NA	0.018097591002341
E-GEOD-18647_4	0.031232871342359	0.0976225125349265	-0.000328087319777256	0.0164733805334309
E-GEOD-18648_1	-0.00609174270136803	-0.038182751034267	-0.0062539112312201	-0.00409641678144191
E-GEOD-18648_2	-0.0181354859400852	-0.10513348961957	-0.0186305077339152	-0.0225588160074369
E-GEOD-2154_1	0.00329480283594615	0.0831355961573175	0.00235384487015845	0.00501964581848116
E-GEOD-2154_2	0.0074116255120881	0.0965015140317041	0.00582938636708661	0.0452420066769572
E-GEOD-2154_3	-0.00615378744245646	-0.00142478105276097	-0.00744236610605296	-0.015008608636247
E-GEOD-2154_4	-0.0331683309926151	-0.113852327192477	-0.0373811352218101	-0.0545843436688507
E-GEOD-26475_1	0.0113518339949049	0.0133965419210994	0.0116692693811387	0.0224913796165698
E-GEOD-26475_2	0.00416648645429306	-0.0233442168115608	0.00108512463490479	0.0216529176857494
E-GEOD-26475_3	0.0130835355706927	0.0407107995605081	0.0118272805769358	0.031790859882289
E-GEOD-33567_1	0.0672620809057126	0.0996031377206534	NA	NA
E-GEOD-33567_2	-0.0489652232761682	-0.0856883178183518	NA	NA
E-GEOD-37287_1	0.0374628634669849	0.0824140435430681	NA	NA
E-GEOD-37287_2	0.00411138113094142	0.0378972802523144	NA	NA
E-GEOD-37287_3	0.0171813695405911	0.0463699404537578	NA	NA
E-GEOD-51994_1	0.0218102410235262	0.0667027170815039	0.0227695113057759	0.0229782463341043
E-GEOD-51994_2	0.00237488323669139	0.0265058558624048	0.0088443803910483	0.00638391458981451
E-GEOD-51994_3	-0.0135747176132288	-0.0268409536983216	-0.00607798904159919	-0.00569433626349171
E-GEOD-65077_1	0.000308611900993895	-0.0113894703096679	NA	NA
E-MEXP-1244_1	0.00434091739007259	0.0561893474596556	NA	NA
E-MTAB-1123_1	0.0358946167788304	0.105016413572202	0.0313948796593896	0.0206334917386668
E-MTAB-1123_2	0.0248180893202764	0.0985044708172969	0.0214579956370389	0.0263349257612819
E-MTAB-1123_3	-0.00310047291238046	0.000351702174624131	-0.00426500855667996	-0.000747929713481597
E-MTAB-1123_4	0.000737873412021148	0.0276940488170155	-0.000326583932070542	-0.000291307304656179
E-MTAB-1391_1	0.0336275218733395	0.109312548406212	0.0345460164797004	0.048938605166042
E-MTAB-1391_2	0.086869554961052	0.144590914776815	0.0871336501870415	0.0596959826579225
E-MTAB-1391_3	0.0761978446520734	0.124335618323712	0.0767280732771463	0.0617759003422478
E-MTAB-2450_1	-0.0141220288475921	-0.0526198218545458	-0.0135730716819125	-0.00640975393227248
E-MTAB-2450_2	0.00164560298064669	-0.012059275851101	-0.00164297945410703	-0.0100673395547384
E-MTAB-2450_3	-0.0335039483127676	-0.0905296188546678	-0.036819670911993	-0.03816947440234
E-MTAB-2450_4	-0.0446661451641675	-0.166393086030574	-0.0451239197401693	-0.0619008980440039
E-MTAB-5023_1	-0.00237745327346231	-0.0082297743327074	NA	0.00764255753356482
E-MTAB-5326_1	0.00433821357283192	0.0373576307144382	NA	NA
E-MTAB-5326_2	0.0166291380764275	0.0641793330568041	NA	NA
E-MTAB-5326_3	0.0497359503347791	0.117673748628139	NA	NA
GSE102588_1	0.00175237906718336	-0.0193812952937576	7.88333746784718e-05	-0.00196229327190871
GSE104793_1	0.0975349062649207	0.19291677003829	0.0989352963054854	0.0528557884753365
GSE104794_1	0.00500393224463175	0.0390975306581046	0.00615644933184245	0.00383182401695012
GSE104795_1	-0.00294066957050183	0.028729519952565	-0.00283970507114788	-0.0019812566694267
GSE105139_1	0.000325309043591412	0.0581508820793581	NA	0.0132956295796638
GSE105139_2	0.00303170579387975	0.0738375142672053	NA	0.00870754421146515
GSE105139_3	0.00273496790847577	0.0449781787572805	0	0.0143424568722593
GSE10555_1	-0.0576106658703072	-0.156778935370223	NA	NA
GSE10556_1	-0.0251375533294641	-0.162875465309516	-0.0270405347977537	-0.0438067369675611
GSE106631_1	0.0322202696121752	0.0822476427633899	0.0343722639406321	0.0370893447235857
GSE13104_1	0.0299814079122647	0.0477642268777889	NA	NA
GSE13104_2	0.0387114830737635	0.0648771027819041	NA	NA
GSE13104_3	0.049320417162449	0.110390283849664	NA	NA
GSE16749_1	0.0810490089586648	0.166905754087772	NA	NA
GSE16749_2	0.00125880328504095	-0.0124806336508279	NA	NA
GSE16749_3	0.00690361007259035	0.0390266224675707	NA	NA
GSE17348_1	-0.0138908440037158	-0.0552604074133953	NA	NA
GSE17563_1	-0.0517108012964651	-0.109417682973178	NA	NA
GSE17563_2	0.0493536309577814	0.0918348057052905	NA	NA
GSE17569_1	0.0601843934383946	0.131098389216741	NA	NA
GSE17569_2	0.0755507223212199	0.162814270844755	NA	NA
GSE17570_1	0.062981935849838	0.140890739042341	NA	NA
GSE17570_2	0.0529079965407633	0.133895009466375	NA	NA
GSE18991_1	0.000325945241199478	-0.0477060703008466	NA	0.00589501523707847
GSE18992_1	0	-0.0132007666205497	NA	2.52666833078282e-05
GSE19299_1	0.0483254735087123	0.136516080374123	0.0481580315739011	0.0489362452297992
GSE20850_1	0.00346789270965316	0.0162393048525204	NA	NA
GSE21093_1	0.0610863295935036	0.121837864714747	NA	NA
GSE21523_1	0.0195336738968814	0.0357100391266578	NA	NA
GSE21639_1	0.000254331656616244	0.0252166346890402	NA	NA
GSE21639_2	-0.00452576239002451	0.00183492149852952	NA	NA
GSE21639_3	-0.00247688306295461	0.0206170219159506	NA	NA
GSE21639_4	-0.0103784834377399	-0.026535751211416	NA	NA
GSE21710_1	0.0170438790969489	0.00272894313787677	NA	NA
GSE21710_2	0.0261927309086718	0.0178603237460607	NA	NA
GSE21710_3	0.0160809631580894	0.00962923084063592	NA	NA
GSE22925_1	0.0339607524224473	0.103291993604563	0.0226096618019902	0.0168283641125016
GSE22925_2	0.0119810837169698	0.0285639151225889	0.0112379317120888	-0.000906250912382124
GSE26499_1	-0.0151116594875182	-0.0351690340043354	NA	NA
GSE30160_1	0.0164191268992359	0.0561639228960149	0.0217373697159825	0.00259116033087677
GSE30628_1	0.0119728642030789	0.0427440448669376	0.0141624127224349	0.0348081880370147
GSE30628_2	-0.00511370940951161	0.00931038696994172	-0.00518189296098549	0.0235406050203407
GSE32163_1	0.0157909576287562	0.0917065607306889	NA	0.00252311272817509
GSE33656_1	-0.000971149113321218	0.0253919619101077	NA	NA
GSE33754_1	0.00495505830180128	0.0373807052303297	0.00336012808142751	-0.00398902709340944
GSE33754_2	-0.00249548286694083	-0.00772215347424535	-0.00191596482032098	-0.00114752464654039
GSE33754_3	-0.012597337782025	-0.0597837031347735	-0.00931275874305402	-0.0135412461368299
GSE34570_1	0.0120639000831894	0.0195306131033343	NA	NA
GSE35003_1	-5.64944646942456e-05	0.00620323574449598	NA	NA
GSE35466_1	0.0107584563407061	0.0519409980839765	NA	NA
GSE35466_2	0.00151352719146633	0.00806589481443517	NA	NA
GSE35466_3	0.00929809467153956	0.0778788042064729	NA	NA
GSE35466_4	-5.41524998357197e-05	-0.00351669115903157	NA	NA
GSE35466_5	-0.00117261714791012	-0.0472078308614963	NA	NA
GSE36925_1	-0.000969526945187135	0.0336188457084156	NA	NA
GSE36925_2	0.00674972452874985	0.00697632799885635	NA	NA
GSE36925_3	0.0126050950886489	-0.00405542915303963	NA	NA
GSE37219_1	-0.0524299510993809	-0.119521578058231	NA	NA
GSE37676_1	-0.0182124443498284	-0.0841664683754724	-0.0193936930467756	-0.0236738068048766
GSE41342_1	-0.0145461972274211	-0.0523033602070469	-0.0117441855326121	-0.0306734029187871
GSE41342_2	-0.00539483231323823	-0.067525597865163	NA	-0.00876143251103383
GSE41342_3	-0.000745905309842391	-0.0564566846606291	NA	-0.00688723187961086
GSE41342_4	-0.0113790330425542	-0.0656617238848513	-0.00387798463664324	-0.0354460803411421
GSE41997_1	-0.00934619669201123	-0.0678868018876119	-0.0013953322120698	-0.0291190911674913
GSE43242_1	-0.00397921314663179	0.0421303161828321	0.00265950032991514	0.00351344472702213
GSE43242_2	-0.0125319653306694	-0.0881434563594015	-0.00228724131290904	-0.0172300451280991
GSE43663_1	-0.00343962361246168	0.0130669220064334	-0.00214709269085147	-0.00287899642615667
GSE43854_1	0.0441357448316455	0.127287830300084	NA	NA
GSE45656_1	0.00878643131688828	0.0153781603777878	NA	NA
GSE45656_2	0.106213910257747	0.222348609202867	NA	NA
GSE45656_3	0.0947355046393446	0.205630741761104	NA	NA
GSE45793_1	0.00458662870473816	0.0118094430277954	0.00381748451870167	-0.00480946935025402
GSE45793_2	0.00388679430627666	0.0145011894601311	0.00505496889666247	0.00108201898622148
GSE45793_3	0.0225358685744722	0.0707860542569896	0.0195659772463935	0.00532391360194533
GSE45793_4	0.00374964944565422	0.0308874797039093	0.00442247289896494	0.016492007642951
GSE45793_5	-3.78407335799788e-05	0.0115472053702688	0.000697480897671781	-0.000267630080264626
GSE46390_1	-0.0194119484295844	-0.119415968500178	NA	NA
GSE48438_1	0.00482708762907155	0.00786794543062981	NA	0.00175477469749056
GSE50549_1	0.0686290882795956	0.283487192740863	0.0968357423393534	0.0436507936507936
GSE50549_2	0.162038640438575	0.3810747681792	0.197988367955073	0.0678610229827268
GSE51098_1	0.0262666851130772	0.0718994125724721	0.0225932068433931	0.0327054782835438
GSE53857_1	-0.00229014063858612	-0.0192469338275294	0.00135649525636508	-0.00206878586074682
GSE53857_2	-3.45557698282954e-05	-0.0263316809658895	0.00123193074062772	-0.0154323542036134
GSE53857_3	0.000897193039549783	-0.0118625696651179	-0.000596290403025818	0.00301385760120145
GSE53982_1	-0.00225113324631293	-0.0167695984582298	-0.00228611490194555	-0.0138043308158235
GSE53982_2	0.00397375716341714	0.0685827601998773	0.00433749035920158	0.00801412592275427
GSE54779_1	-0.0347562447477848	-0.0680764859256367	-0.0355663566841829	-0.000509689779726151
GSE55900_1	0.0003253673638702	-0.0280745613867746	0.000656193310028191	-0.00542537951905484
GSE57104_1	-0.00851671305592914	-0.0835722950594433	NA	-0.024113505890059
GSE59387_1	0.019166741199193	0.0660544384159877	NA	NA
GSE60401_1	-0.0101297190734919	-0.0155428400020544	NA	NA
GSE60401_2	-0.0162675553185117	-0.056751900114233	NA	NA
GSE60651_1	-0.0156233145974203	-0.0094051273229378	NA	NA
GSE60737_1	0.0489734055785747	0.11787604662778	NA	NA
GSE60761_1	0.00050260820938923	0.0318885432214934	0.000664296718593059	0.011237694908199
GSE60761_2	-0.00060459492140266	0.00373497067843782	NA	-0.00525555898576572
GSE60761_3	-0.000147167171895032	-0.0106403152608342	-0.00268479836353956	-0.0159469199494775
GSE60761_4	0.00255529105653194	0.0094223328982786	-0.00131689530793977	0.00503548750477467
GSE63017_1	0	0.00530120184195816	NA	0.00143104981814659
GSE63017_2	-0.000924737254770722	0.00978179494901732	NA	0.00371122930202696
GSE63017_3	-0.00014364253761951	0.0102203784423123	0.00369914827979344	-7.86351866461192e-05
GSE63017_4	-0.000662781554615176	-0.00551958270808856	NA	-0.00457275457275457
GSE63939_1	0.0335733409402198	0.0864035758199051	0.0364937401131997	0.00111674526564283
GSE63939_2	0.0491869164550758	0.100031449130892	0.0490898963894662	0.00850949148515081
GSE64141_1	0.00693196423386751	0.00599048689175645	NA	NA
GSE64965_1	0.0374829190654539	0.0817808946319377	0.0419765340324066	0.0167109943081285
GSE65745_1	-0.000605326876513317	-0.00095455156607962	NA	0.00815761788822807
GSE65745_2	-0.00118470668438186	-0.0163121875961131	-0.00402414486921529	-0.00127051687179409
GSE65745_3	-0.00120796144664086	-0.00896775758482246	-0.00405978918761154	-0.00722227501377527
GSE66416_1	-0.00570835685337818	-0.0285632357550583	NA	NA
GSE66862_1	0.00858317303777567	0.106283371007828	0.00929764322296984	-0.00356475127720842
GSE69108_1	0.0230314889775791	0.0586244790687774	0.0233021294542536	0.00895981312664893
GSE71565_1	0.012058832226565	0.0538269666913074	NA	NA
GSE72261_1	-2.25065294864237e-05	0.00771670674824679	0.00477293093207008	-0.0148529678572597
GSE72261_2	0.00485962571596417	0.032753578192009	0.0122176487463173	0.00177667113012592
GSE72261_3	0.00433615427961674	0.0247421156395666	0.0093794763780785	0.0111868347066277
GSE7683_1	-0.00169407820592114	0.0313474307605745	-0.000113938637027044	0.00459258061052327
GSE7683_2	-0.00717459158832517	-0.0432213916584037	-0.0035418193461816	-0.0166896986553598
GSE78980_1	-0.0108724228207673	-0.0848510365679343	NA	NA
GSE78980_2	0.00132370467826768	0.0123235447090856	NA	NA
GSE78980_3	-0.0131670158925556	-0.106361609417064	NA	NA
GSE78980_4	0.0107499781186241	0.0941392377954689	NA	NA
GSE78980_5	0.00282935051490016	-0.0221299487180815	NA	NA
GSE78980_6	0.00025584525658328	-0.015333739830332	NA	NA
GSE78980_7	0.0230326867860749	0.0700610580445734	NA	NA
GSE78980_8	-0.0094926546819808	-0.000627826165292561	NA	NA
GSE78980_9	0.0224311889243499	0.0638638597025111	NA	NA
GSE78980_10	0.00022146007234845	0.0362820662085136	NA	NA
GSE81399_1	-0.0101309460484768	-0.0506180768129139	NA	-0.00809875011932091
GSE84609_1	-0.00819152465686713	-0.0633967489278181	-0.00887670058887934	-0.0107718392555184
GSE84907_1	0.0391441843993224	0.115944094391838	0.0403389399700452	0.0197632256307541
GSE84907_2	0.0390233380929776	0.136729274576541	0.0395892929999662	0.0213188159872783
GSE84907_3	0.00431708652914203	0.0408362826595272	0.00507651400012428	-0.00683709124684873
GSE90127_1	0.0207988784101872	0.0130047009011099	NA	NA
GSE90127_2	-0.0122028018136482	-0.0417695772232821	NA	NA
GSE90127_3	0.0325969908979746	0.0343196893372949	NA	NA
GSE9247_1	0.0434121604055041	0.309122156551189	0.050515384739915	0.0646203807772957
GSE9247_2	0.361462108375775	0.643833514783958	0.362717486054057	0.21516974086174
GSE9247_3	0.0436423236916614	0.405725094206291	0.0512966480658132	0.122815756598194
GSE99306_1	-0.0091561197719707	-0.0150392499134634	-0.0077258595533116	0.0125836433314828
GSE99306_2	-0.0134027912829457	-0.0369636104954171	-0.0141890479276158	-0.0052960505179648
GSE99306_3	0.00962447605941545	0.0345243372345894	0.00873052004053232	0.00874434570594463
GSE99306_4	-0.0249999002196774	-0.0496533871877178	-0.0230019592382566	-0.00629016605836495
GSE99306_5	-0.00891281625877711	-0.0169009914428075	-0.006313138807812	0.01003868188156
GSE99306_6	-0.0247229111030802	-0.0430956651437832	-0.015655465994283	-0.0117117970009673
GSE99306_7	0.0111662678216219	0.065151632588645	0.00134422162646157	-0.00180159441695055
GSE99306_8	-0.0173490049807256	-0.0439647341703992	-0.0172054451033152	0.00254068955206367
GSE99306_9	-0.016518073502359	-0.0314825543633019	-0.0142620720305042	0.00776348563049527
GSE99306_10	-0.002978603155178	-0.0169201873657248	-0.00220629524624587	-0.00982312822582412
GSE99306_11	-0.00187655193258854	0.0141330992236057	-0.00484652644420622	0.0151819897938443
GSE99306_12	-0.0256609827788268	-0.0694696542570058	-0.0256871443823784	0.000468947771982694
GSE99306_13	0.0393171830960021	0.126956571218299	0.0282109398712186	0.0348721378906655
GSE99414_1	0.00533557697639984	0.0880114351826914	0.004907588491326	0.00561554866448086
GSE110581_1	0.00932951670446792	0.0918858511801045	0.0101877484545245	0.027258029959413
GSE110581_2	0.000579780260940134	-0.0119487137492231	0.000306560392397302	0.00934081886676383
GSE47799_1	0.00319251180187313	0.0488887768586483	0.0120983227262221	0.0124156754014716
GSE47799_2	0.00114188665830321	-0.00712448825864471	0.00454476398782378	0.00340557264286078
GSE47799_3	0.00294864550114848	0.0398272577306427	0.0051372552643941	0.00569176944119049
GSE111628_1	-0.00307040955838805	-0.0590927453266803	NA	NA
GSE111628_2	0.000414580877094648	0.0246532552451905	NA	NA
GSE111628_3	-0.00185184242001696	-0.0148220758532978	NA	NA
GSE5657_1	0.00588949351526303	0.034688041708549	0.00480135046412701	0.00425096423052458
GSE5657_2	0.00512922292622271	0.0780443644951797	0.00403739931173169	0.00920165679925335
GSE13782_1	0.0153720073611527	0.00201477310283978	0.0106925663366828	0.0127115910907764
GSE41039_1	-0.00257299085318439	-0.0119335287731086	-0.00423615129924892	0.00116621499326302
GSE84198_1	0.00395396118436729	0.0586210792294486	0.00228299737814307	0.00336248942237639
GSE84198_2	0.00560534215948549	0.0601042340706375	0.00866721459539482	-0.0034257861370244
GSE84198_3	-0.085367104348397	-0.185730410461181	-0.0882964393661032	-0.0506463127029066
GSE114469_1	0.0281590141021042	0.0704749060163551	NA	NA
GSE108036_1	-0.00120738264411358	0.0642333733616279	3.50284191810193e-05	-0.000768110601822646
GSE60451_1	-0.00565846531402133	-0.0711828569234122	-0.00556723584910439	-0.000827292041004454
GSE47902_1	-0.00198066087641168	-0.014095901397461	NA	NA
GSE44325_1	0.0197149952358236	0.0433560686184235	NA	NA
GSE4481_1	-0.00131963668167685	-0.0582981845494813	NA	-0.00339609600637618
GSE4481_2	0.0105904457331462	0.045341373095608	0.00581822534934912	0.0188742886822356
GSE4481_3	0.000975633330506567	-0.02890665542889	NA	0.00838529417937027
GSE102292_1	-0.00247684961466205	0.0211910521039783	NA	NA
GSE102292_2	-0.0053005861916818	0.0198045579856752	NA	NA
GSE102292_3	0.0135012752013932	0.0143147508679273	NA	NA
GSE102292_4	0.0071862263823734	-0.0442632987687295	NA	NA
GSE41898_1	0.00204921623480463	0.0191602503812072	0.00215225232473625	-0.0161415430257342
GSE87605_1	0.0207372462573421	0.0296141285364259	0.0268460364129243	0.0303183426411201
GSE87605_2	0.00417071639608649	0.0057808858007664	0.0053854495723737	0.00894680819591819
GSE87605_3	0.00943062041029263	0.0230817188706127	0.0100041521463039	0.0202404401707269
E-GEOD-54216_1	0.0184014683279306	0.022063780227514	0.0195032359671073	0.00891874510624615
E-GEOD-54216_2	0.0125714413060191	0.00916432206657151	0.0134027395152112	-0.000545343103409864
E-GEOD-54216_3	2.97105431565359e-05	-0.0195858783863285	0.000423795482379268	-0.00644957097932398
E-GEOD-6119_1	0.0449797891372398	0.104824151948949	0.0508045467090598	0.033242581307401
E-GEOD-6119_2	0.0382854402138049	0.0967047982807476	0.0408944476908217	0.0344495841605093
E-GEOD-6119_3	0.0412646473826568	0.101723595099221	0.0454250862909059	0.0347165189601037
E-GEOD-8077_1	0.00495220411224414	0.018869426844225	0.00472243104635171	0.00901314162606052
E-GEOD-8077_2	-0.00277419948444491	-0.0521080093285098	-0.00218772465233026	-0.0111382113821138
E-GEOD-8077_3	-0.00568152206932624	-0.0494269801042662	-0.0042293774419982	-0.0169756809202719
GSE103416_1	-0.0196831686537354	-0.0373511272701773	-0.0231012291525511	0.0154423855518247
GSE103416_2	-0.00979010944762823	-0.0620530876262479	-0.00906295244841716	0.00276228313694024
GSE103416_3	-0.00794876314255582	-0.0410210813108661	-0.00957314525950812	0.00116573924432353
GSE19950_1	0.0232994868233703	0.0900126646862671	0.0263366276195368	0.0215043577112543
GSE30322_1	-0.020782297281066	-0.0562487681789981	-0.0165053129686578	-0.0303837834992977
GSE30322_2	-0.0151130266806469	-0.022703313062396	-0.0159224813730727	-0.00312953089631923
GSE30322_3	-0.00397754098067872	-0.0114238105598745	-0.0016012614450077	0.00770584036560399
GSE42295_1	-0.00187711239825549	-0.0164781830384628	NA	-0.0162478704235586
GSE42295_2	0.00796129754399423	0.0596165339510121	0.0107291353421889	0.0246376880375686
GSE42295_3	0.00853166839879601	0.0479259830340574	0.00856832347682395	0.019161793006058
GSE66554_1	-0.0252149673217867	-0.0691189882181224	-0.0257194511627984	-0.0270469198594669
GSE66554_2	-0.0469199404396241	-0.0861008882294438	-0.0445029574115381	-0.0240480994290087
GSE66554_3	0.00691688429864898	0.0189077068013141	-0.000662251655629139	-0.000661048508624026
GSE66554_4	0.017900109083024	0.0594387860090902	0.0144166746621089	-0.00320923397886516
GSE74898_1	0.0243016710045414	0.0574968456909422	0.0277958211956688	0.0384815446754745
GSE74898_2	0.0229261436444104	0.0723328442172911	0.0271543051783882	0.0330480428759797
GSE74898_3	0.0244624828361387	0.0638414265935264	0.0268893571918357	0.0240443863179702
GSE79176_1	-0.000301367423431065	0.0143791356960409	NA	NA
GSE79176_2	0.000296944028501615	0.033657568605935	NA	NA
GSE79176_3	0.00062362465717147	0.0231041655085915	NA	NA
GSE85785_1	-0.00273073732504354	-0.0328214580770225	0.0026803346498719	-0.0109534639559267
GSE16981_1	0.0547494403822063	0.114694312631351	0.0602206478781501	0.0447461713921911
GSE16981_2	0.0202447440326343	0.0389153897951103	0.0226027953994418	0.00298813442429439
GSE16981_3	0.0344137276028419	0.0832269785000773	0.0370646874197574	0.0273939153274038
GSE16981_4	0.0344137276028419	0.0832269785000773	0.0370646874197574	0.0273939153274038
GSE16981_5	-0.00511986449183382	-0.0244159318640583	-0.00650127777240421	0.00148030329242948
GSE16981_6	0.00221008439899892	-0.0363700569696959	0.00260745737002782	-0.00804791674947748
GSE16981_7	-0.00048529448384107	0.0614125846291365	4.31452381056132e-05	0.0120134687435022
GSE29859_1	0.00453125131498062	0.0346628712964702	0.00225381406058483	0.0185644158555692
GSE29859_2	-0.0128960917848131	-0.0262123860408551	-0.0175206571003053	-0.0115398464885911
GSE23492_1	0.0280642353433905	0.0562270251259695	NA	NA
GSE23492_2	-0.00653790194309471	-0.0196008763435147	NA	NA
GSE23492_3	0.0149185497828054	-0.00876903591433091	NA	NA
GSE23492_4	-0.020027669488432	-0.0767728435809076	NA	NA
GSE23492_5	0.00171381629153751	0.0326158465060597	NA	NA
GSE44991_1	-0.00794634081591242	-0.0523430697202676	-0.00293902775856369	-0.0212266242731038
GSE44991_2	-0.00116976064832591	0.0362181428419318	NA	0.00658545005911247
GSE39796_1	0.00821084840449584	0.0327691935348603	NA	NA
GSE39796_2	0.0073446809395307	0.0158256646098199	NA	NA
GSE39796_3	0.0127169879249274	0.0292230244037026	NA	NA
GSE18394_1	-0.0449454748219018	-0.0964050872733309	-0.0553374134853427	-0.0226015546111785
GSE18394_2	-0.0463645888233073	-0.116152647506269	-0.0605924574143695	-0.0383979998179442
GSE18394_3	-0.00383515274810914	-0.0204008241703603	-0.00902502677516123	-0.00225695310679245
GSE29233_1	0.000501432708101487	-0.000481577960679606	NA	NA
E-MEXP-2291_1	0.023591139540991	0.0621116788886891	NA	NA
E-MEXP-2291_2	0.0376077796182346	0.0864624810231673	NA	NA
E-MEXP-2291_3	-0.0125271711244657	-0.0205871401258161	NA	NA
GSE18738_1	0.0172429195346854	0.0835920226410262	0.0227787851578912	0.0169056949988658
GSE107363_1	-0.0054432412855542	-0.0116360060299436	NA	NA
GSE85761_1	0.026467948722805	0.0470584189816755	NA	NA
GSE89179_1	0.0537006331401212	0.0867911336103212	NA	NA
GSE89179_2	-0.013287753694052	-0.0458266299297685	NA	NA
GSE89179_3	0.00119426017985366	0.0173407343921305	NA	NA
GSE89179_4	-0.00786623189253872	-0.0369463584198641	NA	NA
GSE89179_5	0.0352188157694092	0.0589394407383261	NA	NA
GSE89179_6	0.0137580418943815	0.0284412980412412	NA	NA
GSE89179_7	0.0109512255879653	0.0274086477259564	NA	NA
E-GEOD-57723_1	-0.000661376841895413	0.00658640547811535	NA	NA
E-GEOD-57723_2	-0.0119417764632925	-0.021193395792013	NA	NA
E-GEOD-57723_3	0.0117577920328251	0.0422814196322675	NA	NA
E-GEOD-83930_1	0.0106687305935597	0.0700412429425318	NA	NA
GSE100268_1	0.0345619146452094	0.131483589903702	NA	NA
E-GEOD-55769_1	-0.0013242997310058	-0.0210813641995891	-0.00145525294977996	-0.00344473250823052
E-GEOD-55769_2	0.00113562344913151	-0.015091126734421	0.00151560919411037	0.00305163561210321
E-GEOD-55769_3	-0.000971639195492601	0.0182954250391228	-0.00112357701830808	-0.015023161416604
E-GEOD-69110_1	0.00339203885154235	0.0580114692315243	0.00449081295375394	0.00540271388428337
E-MTAB-4304_1	0.00166262527977046	0.00750777601108192	0.00270481321012939	0.00173215563306679
E-MTAB-4879_1	-0.0103027053901532	-0.00348156712543603	-0.00358021899666532	0.00454363945719825
E-MTAB-4879_2	0.00397329857362769	-0.00970617538145284	-0.00347839718909124	-0.0255202908440399
E-MTAB-4879_3	0.0188411699350585	0.0385670883197628	-0.000260900603377477	0.00254245339082844
E-MTAB-4879_4	0.0169223298549477	0.0237610897503805	-0.00316765526582009	0.00521705345720541
Cytokine_Explant_1	-0.00925873534351597	-0.0159019552228324	-0.00391233808319528	0.00503801513674398
Cytokine_Explant_2	0.00985722452806063	0.0523740094695231	0.0243160788851299	0.0344154995311514
Cytokine_Explant_3	0.0218471717276232	0.0576253552008962	0.0327238488699047	0.0140460076661413
Cytokine_Explant_4	0.00550184228085304	-0.00141561737936381	0.00684558154723088	0.016856892346507
Cytokine_Explant_5	0.0175632512271494	0.0488084230463428	0.0201909634034727	0.00413200965567032
FN1_Explant_1	0.00331582718985046	0.0618895929324083	0.00126024153006038	0.0132803608367518
E-MTAB-6266_1	-0.0258045243319382	-0.0630970391626954	-0.0274387812711815	-0.0201575068815878
E-MTAB-6266_B_1	-0.0218596147424558	-0.0593159942924285	-0.0284397340927898	-0.0133504029844945
E-MTAB-6266_B_2	-0.028209070658935	-0.0558743776174235	-0.0270558466423546	-0.0205801855552527
E-MTAB-6266_B_3	0.000236251107061978	0.0062004969717845	0.00217788546438527	-0.0094879839004091
GSE74220_1	0.0184598879948405	0.0525032635644596	0.0193568802208674	0.0192013186771455
GSE114007_1	-0.0361701697557657	-0.0750725420298978	-0.0413611616125791	-0.0289840496368822
GSE109503_1	0.0167409153516655	0.0154274993858997	0.0256675727606483	0.00244091225720778
GSE109503_2	0.0189463141727634	0.0606919069365066	0.0206932111295481	0.0120618163576553
GSE109503_3	-0.014025783407441	-0.035521642248475	-0.0152793636165706	-0.0225366834034333
GSE109503_4	-0.052137181780641	-0.123013567380057	-0.0542886660914127	-0.035035428741758
GSE109503_5	-0.023578348250697	-0.0592404358312781	-0.0322058865193557	-0.0188452588075865
GSE109503_6	0.014712815218974	0.0301449659589823	0.00791492820656449	0.0187890732826013
GSE109108_1	0.0195142347918752	0.109071328099121	0.00624380644691792	0.019680859146696
GSE109108_2	0.0444506602760387	0.143260129638342	0.0365125127848495	0.0395908336125866
GSE109108_3	-0.00126532321755627	0.0241152519171311	NA	0.00956926806388281
GSE109108_4	-0.00237355672008467	-0.0284206194781333	0.000611246943765281	0.0024296787549957
GSE70667_1	4.5926280535625e-05	-0.00986768611846237	0	-0.010266604060433
GSE87608_1	0.00030402804021112	-0.0284930071270238	NA	-0.00148499851788546
GSE87608_2	-0.0110965778506246	-0.0135442198838517	5.01346091334173e-05	-0.0149169066374446
GSE87608_3	0.00433148149025689	0.0150772216693994	0.00190485713518857	-0.00854201761075583
GSE87608_4	0.00527769534706247	0.0116094967606872	-0.00292868171996806	0.000190002137107861
GSE90890_1	-0.011607406362825	-0.0894196214673294	0.00420251910578512	0.0016388113353355
GSE97118_1	-0.00848026756826116	-0.0243568304484571	NA	NA
GSE97118_2	0.0137244849682458	0.0569894121876479	NA	NA
GSE97118_3	0.00737816193527716	-0.00730385736465899	NA	NA
GSE97118_4	0.0376551921616486	0.0998747414938196	NA	NA
GSE97118_5	0.00335258411600047	0.0543078835382797	NA	NA
GSE97118_6	0.033693864885773	0.12563959689025	NA	NA
GSE97118_7	-0.00242908029353677	0.021658633268574	NA	NA
GSE107592_1	0.0161369593096305	0.0361150402882964	0.0157138250702262	0.0116196677627602
GSE92641_1	0.0549185594534326	0.169818355939971	0.046388272147566	0.0434201153442534
GSE107849_1	-0.0139160755590645	-0.0334379567809696	-0.0173796034787925	0.00441153356931807
E-ERAD-89_1	0.000666463527833231	0.00948402807145299	NA	NA
E-ERAD-89_2	-0.000276054427167522	0.0106761361007172	NA	NA
E-ERAD-89_3	-0.00124372133726592	0.00308942559516916	NA	NA
E-ERAD-89_4	0.000601180286334378	-0.000551942236929115	NA	NA
E-GEOD-45893_1	0	0.0199770731215082	NA	NA
E-GEOD-53105_1	0.00185028679013069	0.0132049193535253	0.000317352106652159	-0.00469352386743691
E-GEOD-53105_2	-0.00849114409108355	-0.0304699226111697	0.00040365940171556	-0.0128333498444638
E-GEOD-54461_1	-0.0113065208094201	-0.0238719700436873	-0.0125590630934985	-0.0100481520306744
E-GEOD-54461_2	-0.00197510033183274	-0.0170792160882606	0.00224226831549619	0.000255632654419595
E-GEOD-54461_3	-0.00795052403584598	-0.0208605648269647	-0.00982704138816711	0.00581098805013116
E-GEOD-54461_4	-0.0271735797419382	-0.0352413670865699	-0.031880047158792	0.00334850288769505
E-GEOD-54461_5	-0.0358241478247366	-0.0420605289369645	-0.0442909533609401	-0.00917003262259966
E-GEOD-54461_6	-0.0307656300981653	-0.0220025220710408	-0.0369457284937653	0.0200425670793064
E-GEOD-54461_7	-0.026351125260328	0.000241440390494056	-0.03048799473995	0.0275808692134885
E-GEOD-54461_8	-0.0313355812181924	-0.00844860457811556	-0.0336510483350052	0.0322138294947259
E-GEOD-73372_1	-0.0122778726262868	0.00851517685164611	NA	NA
E-GEOD-73372_2	-0.00972160311252813	-0.0324705366939218	NA	NA
E-GEOD-73372_3	0.00176977921717704	-0.0419666653508964	NA	NA
E-GEOD-75549_1	0.0153912260565576	0.0954388424842408	NA	NA
E-GEOD-76988_1	0.00399816263847152	0.0461537594971045	NA	NA
E-MTAB-2923_1	-0.0162935325611141	-0.0791587725885879	NA	NA
E-MTAB-2923_2	-0.00123923591404229	0.0329687191978253	NA	NA
E-MTAB-2923_3	-0.0271102529448797	-0.0601854794794285	NA	NA
E-MTAB-2923_4	0.0202799672450831	0.042646210158202	NA	NA
E-MTAB-3428_1	0.0218634579312121	0.0601140769631049	NA	NA
E-MTAB-3428_2	-0.00132448567543953	0.00204779147736025	NA	NA
E-MTAB-3428_3	0.00189396585365667	0.00429091698924658	NA	NA
E-MTAB-3428_4	0.0290687713843462	0.0642070821223236	NA	NA
GSE102856_1	0.0199141324375183	0.16063980301268	NA	NA
GSE103492_1	0.0173180737321636	0.062351189328187	0.025645390251955	0.0274149957628818
GSE103492_2	-0.00490598452897698	2.69269414566843e-05	-0.00446233688203348	-0.00981037503815692
GSE103492_3	0.0128289258003914	0.040235898608577	0.0165570399566778	0.0320578342240996
GSE103492_4	0.0220571143447621	0.0470095135773082	0.0262178375049164	0.0378300372673966
GSE103492_5	0.00186146392740826	0.0437236829124903	-0.00419337807794895	-0.00853372817658532
GSE103492_6	0.0128825602735545	0.0762586215569945	0.00613231857669446	0.0197502358878572
GSE103492_7	0.0100416195925771	0.039496422065188	0.0106158454566054	0.0340368525238259
GSE103492_8	-0.000107149964355591	0.0216666270644424	-0.00119510786039812	-0.00610678602403781
GSE103492_9	0.00634368826764696	0.0291161370440445	-0.000222607955990997	0.0083532997371142
GSE103492_10	0.00246113916872672	0.00954592245034321	0.000327011118378025	0.0259661540181233
GSE106259_1	-0.00563636183294396	-0.0290626251988358	-0.00838398061401002	-0.0109624342362032
GSE110303_1	0.00345489105998974	-0.0518319410877088	NA	NA
GSE110303_2	0.00298019097110786	0.0412193668629862	NA	NA
GSE110303_3	0.00896733081285109	0.0157940388163663	NA	NA
GSE110300_1	-0.00489870421568894	0.0106163790904897	NA	NA
GSE110300_2	0.00195407832464676	0.075369108277008	NA	NA
GSE110300_3	0.00482079291624972	0.0126833855454703	NA	NA
GSE110281_1	-0.018708536392804	-0.100608092819243	NA	NA
GSE110281_2	-0.00962969827595361	-0.0828539233788676	NA	NA
GSE110281_3	0.00268955458695013	0.0143726544718898	NA	NA
GSE104459_1	0.0141565229787049	0.0475308494712728	0.00419062683831187	0.0299764081338462
GSE104459_2	0.00281548816502359	-0.0185987554477752	0.00432160941571026	0.0165419778115379
GSE104459_3	0.00445628825798974	0.0208087188786017	0.000601148604220276	-0.0311770454656835
GSE110051_1	0.0441036287720806	0.0751462926145054	0.0378779996606246	0.00439783265492387
GSE110051_2	0.0291448473774405	0.0884997401834045	0.0229081939546055	0.0158381994036057
GSE110051_3	0.0462609274962235	0.117302843643061	0.0516608727265893	0.0110010407933775
GSE112694_1	-0.0300657342874719	-0.0348841049767847	-0.0339750806896989	0.00931392137563244
GSE112694_2	-5.65494891674595e-05	0.00405424483933989	0.0017921193806981	0.00515219757245788
GSE112694_3	0.00723753247083308	-0.0154810946329315	0.013430251305588	0.0134157434780018
GSE112694_4	0.0278732640188388	0.0418528188755627	0.0375692120723721	0.0456591281816324
GSE97232_1	0.00295435205574463	0.155457146121801	0.00353278435119867	0.0519510644467159
GSE114079_1	0.00119840326449615	0.0474992080178541	NA	NA
GSE114079_2	0.0026116943246037	0.0806144759410157	NA	NA
GSE114079_3	0.00330356257900729	0.135087163793603	NA	NA
GSE114079_4	0.0118064213137661	0.115330064649131	NA	NA
GSE104828_1	-0.0111348682097435	-0.00697038965648968	NA	NA
GSE114521_1	0.00448574845478263	0.0629284727716101	0.00397151775984344	0.00882027924985288
GSE114521_2	0.0178889192196859	0.059427397819082	0.0132657959650009	0.0225806539878079
GSE112413_1	0.0105683012620847	0.0712092891668043	0.0180147332231901	0.00330828265770401
GSE112413_2	0.0572939296029551	0.156728611624946	0.0563040882155115	0.0045012875408609
GSE101909_1	0.0101189523122743	0.0207771968417833	0.0109133385142174	0.0236051706730763
GSE101909_2	-0.0153200397550147	-0.0546640178062307	-0.0191416902836438	-0.0108674468989629
GSE114919_1	-0.0632124761367169	-0.129649313077484	-0.0716022051279082	-0.0213628200217407
GSE114919_2	-0.0143563560906533	-0.0487644395532437	-0.00479677703626942	-0.00168995581668187
GSE114919_3	-0.0830542142107805	-0.148666875447371	-0.0940131633137827	-0.0131459971478993
GSE114919_4	-0.0650294082989742	-0.126935845921955	-0.0691922154290499	0.0011226065833507
GSE114919_5	0.0173430843475618	0.0233729291638385	-0.000309272919509564	0.0245551479088655
E-MTAB-5879_1	0.0034037667934595	0.000634288123568748	-0.00436466863711224	-0.00840040993603284
E-MTAB-5879_2	-0.0347322775423194	-0.109077195724674	-0.0454743693542581	-0.0169562858479874
E-MTAB-5879_3	-0.0141285780076817	-0.0320391460612793	-0.0250191904090349	-0.0348894419739106
E-MTAB-5879_4	-0.0465191020885327	-0.118885415084222	-0.0559946282347056	-0.00350781630177097
E-MTAB-5879_5	-0.000844730256084395	0.00311219758215848	8.25698187006917e-05	0.00227678098684619
E-MTAB-5879_6	-0.03573010752315	-0.099048763183584	-0.0582452368338819	-0.00747963092551628
E-MTAB-5879_7	0.00120573450154624	-0.0100582418451052	-8.56335455142322e-07	-0.0142378523363311
E-MTAB-5879_8	0.00410655677170127	-0.0244176632894784	0	-0.000905049540897575
E-MTAB-5879_9	-0.00157130171299819	0.00506315979303347	0	-0.00934030643215085
E-MTAB-5879_10	-0.016851407845528	-0.0508434974292018	-0.00161890961510307	-0.00759906664561671
E-MTAB-4294_1	-0.0385772472468506	-0.106315409023432	-0.0482034309445217	-0.00181536154247422
E-MTAB-4294_2	-0.0390027614771074	-0.0888493426021291	-0.040608855861126	0.00555014856935532
E-MTAB-4294_3	-0.000361658136963514	3.98646779589439e-05	-0.00731381552349807	-0.00775735509585159
E-MTAB-3186_1	-0.0709719424935457	-0.14038336090477	-0.0845997975619178	0.00290981485815338
E-MTAB-3186_2	-0.0404806444792868	-0.0847090938353322	-0.0340255916883273	-0.00333894116473755
E-MTAB-3186_3	-0.0252683959366757	-0.0695230076896231	-0.02756032882811	-0.0124250756662187
E-MTAB-3186_4	-0.0335946114658113	-0.0672648504809253	-0.0327312712758271	-0.0136085451497027
GSE114919_Rat_1	-0.0548342155266585	-0.110924429306069	-0.0448999893423769	0.00110909439018238
GSE114919_Rat_2	-0.0010705425492234	-0.00185333211133297	-0.0115341209015	-0.0044702492949945
GSE114919_Rat_3	-0.0666812208811581	-0.119037838209907	-0.0697579873218005	-0.00679961997834403
GSE114919_Rat_4	-0.0729294369704373	-0.135882121608352	-0.0831784631497318	-0.00306095010269239
GSE114919_Rat_5	-0.0389062242881922	-0.0861899517834379	-0.032967940125746	0.00529224754023246
