comparisonID	jaccard	cosine	sigjaccard	chrDir
22659600_1	0.00934890545367943	-0.00113358628291328	NA	NA
24361742_1	0.0154139663700816	0.00603440155441048	NA	NA
GSE72258_1	0	-0.0111171580808076	NA	NA
GSE72258_2	0	-0.0322374379287146	NA	NA
GSE69531_1	-0.00856707252898731	-0.0215321646980151	NA	NA
GSE69531_2	-0.00557473032394443	-0.0255457145407214	NA	NA
GSE69531_3	-0.00246886276847938	-0.0169302827514072	NA	NA
GSE69531_4	-0.00856707252898731	-0.0215321646980151	NA	NA
GSE58203_1	-0.0163956152142222	-0.0475526402554359	NA	NA
GSE58203_2	-0.0143605780024237	-0.0359851724228229	NA	NA
GSE58203_3	-0.00752058657750409	-0.0123180472968757	NA	NA
GSE58203_4	6.57777775642274e-05	0.0209332997187472	NA	NA
GSE58203_5	-0.00865942707358173	-0.0212501561360714	NA	NA
GSE58203_6	-0.00741920128712582	-0.0169066615688856	NA	NA
GSE58203_7	-5.59819195580936e-05	0.00858954176316221	NA	NA
GSE58203_8	0.00176289099604533	0.0291558573633645	NA	NA
GSE59642_1	-0.00202131824128552	-0.0134873710112794	NA	NA
GSE59642_2	0.000618704504623246	0.0110578736850291	NA	NA
GSE59642_3	0.00530439008278195	0.0293445096851667	NA	NA
GSE64922_1	-0.00930696857191868	-0.00840595296556178	NA	NA
GSE60162_1	0.0136069077378113	0.050503529777382	NA	NA
GSE31685_1	-5.51337843662653e-05	0.00122782498095127	NA	NA
E-MEXP-3890_1	-0.000778649047540293	-0.030704254964267	NA	NA
GSE31980_1	0.000638795788022007	-0.0311803463036313	NA	NA
GSE15615_1	-0.0038624778652794	-0.021858536386125	NA	NA
GSE15083_1	0.0190252136099652	0.0196958643701714	NA	NA
GSE108035_1	0.000704561774488425	0.024368577220156	NA	NA
GSE108035_2	-0.0007392482764357	0.0395396477234493	NA	NA
GSE108035_3	-0.000225975380836793	0.0319282737945606	NA	NA
GSE21959_1	-0.00178596567323753	-0.0256945334525761	NA	NA
GSE21959_2	-0.000509325545750995	-0.0176541164762867	NA	NA
GSE24742_1	-0.0030553514485088	-0.0366040449157872	NA	NA
GSE24742_2	-0.0228514415969355	-0.023307373799122	NA	NA
GSE24742_3	0.0164362535329154	0.0404723809137614	NA	NA
GSE74668_1	-0.0108984873336978	-0.0136284024751587	NA	NA
E-GEOD-10024_1	0.00205603962007508	-0.0234316631379607	NA	NA
E-GEOD-10024_2	0.00285353212570253	-0.0345199739985666	NA	NA
E-GEOD-12860_1	-0.00597454858595238	-0.0182215035840857	NA	NA
E-GEOD-12860_2	-9.22739291353862e-05	0.00643984966741629	NA	NA
E-GEOD-12860_3	0.00434347964307787	0.0198663235601536	NA	NA
E-GEOD-12860_4	-0.00241237104395303	-0.0178983758909063	NA	NA
E-GEOD-12860_5	-0.00448502846818369	-0.0208589206436295	NA	NA
E-GEOD-12860_6	0.00121952391998032	0.0314616711410004	NA	NA
E-GEOD-12860_7	-0.0023893174089017	-0.0104384963599876	NA	NA
E-GEOD-12860_8	-0.0056829950398034	-0.0100874382292249	NA	NA
E-GEOD-14359_1	0.000735689616179867	-0.00308578855315756	NA	NA
E-GEOD-14359_2	-0.0134237934312674	-0.0746018442111155	NA	NA
E-GEOD-1919_1	-0.0296043472802154	-0.191002303237935	NA	NA
E-GEOD-1919_2	-0.00190333335381596	-0.0347253666108716	NA	NA
E-GEOD-1919_3	-0.000811932608344654	0.0812330942469011	NA	NA
E-GEOD-1919_4	0.00403263838461726	-0.0867748687504787	NA	NA
E-GEOD-1919_5	0.00534184099497448	-0.00480605754596301	NA	NA
E-GEOD-1919_6	0.00966831271943362	0.0457252806832742	NA	NA
E-GEOD-1919_7	0.0114531543416806	-0.0168091874323741	NA	NA
E-GEOD-1919_8	-0.0998128202170641	-0.572987066375039	NA	NA
E-GEOD-19664_1	0.00154092844761212	0.00564652237358221	NA	NA
E-GEOD-19664_2	-0.000930651145469505	-0.00283669093136477	NA	NA
E-GEOD-19664_3	-0.0141934187395608	-0.00523701610900943	NA	NA
E-GEOD-19664_4	0.000344148393205354	0.00261069030015287	NA	NA
E-GEOD-19664_5	-0.00361289669483442	0.0204323548896201	NA	NA
E-GEOD-19664_6	-0.0119946343029186	0.00283085380543966	NA	NA
E-GEOD-43923_1	0.00212780931870222	-0.0147116379297157	NA	NA
E-GEOD-51812_1	-0.00289081829577618	-0.000337455012440875	NA	NA
E-GEOD-51812_2	-0.00339527663987861	-0.0123337301458086	NA	NA
E-GEOD-68760_1	0.00136752850609854	-0.016829261984466	NA	NA
E-GEOD-82107_1	0.0133556002209941	-0.0400370110723024	NA	NA
E-GEOD-9451_1	-0.00969162167355672	-0.0122486361394306	NA	NA
E-GEOD-9451_2	-0.0093499856376177	-0.00916402979432788	NA	NA
E-GEOD-9451_3	0.00295051092699244	-0.0101929664107106	NA	NA
E-GEOD-9451_4	-0.00564705186235345	0.0106328250206865	NA	NA
E-MEXP-2019_1	0.0021273004190078	0.0145682054642884	NA	NA
E-MEXP-2019_2	0.00522484140993242	0.0373754457800915	NA	NA
E-MEXP-2019_3	0.000582086674929099	0.0285672633555309	NA	NA
E-MEXP-2019_4	-0.00606848942056446	-0.0134182079074124	NA	NA
E-MEXP-2276_1	0.00737192823311324	-0.00502831615591066	NA	NA
E-MEXP-2488_1	0.00210814064551151	-0.0155796573247431	NA	NA
E-MEXP-3129_1	0.00475325785088656	-0.00199674334771101	NA	NA
E-MEXP-3474_1	0.00513211717516438	0.0249071558982771	NA	NA
E-MTAB-3010_1	-0.000150857646280223	0.0084258198310003	NA	NA
E-MTAB-3010_2	0.00254805181864057	0.0134563751509356	NA	NA
E-MTAB-3010_3	-0.0113232947257475	-5.85733337648029e-05	NA	NA
E-MTAB-3010_4	-0.00105366374692942	-0.0067636606314208	NA	NA
E-MTAB-4152_1	0.00960582642837446	0.0195621040210471	NA	NA
E-MTAB-4152_2	-0.00223004694835681	0.00962955691068427	NA	NA
E-MTAB-4152_3	0.00479402037812315	0.0272982341398768	NA	NA
GSE100609_1	0.0185770848916227	0.0402610893192142	NA	NA
GSE100786_1	-0.0193897537647538	-0.0354696398111677	NA	NA
GSE100786_2	0.00479912597312152	-0.0347325737104195	NA	NA
GSE103697_1	0	-0.00921262711807975	NA	NA
GSE103697_2	0	0.0142736258848376	NA	NA
GSE103697_3	0	0.00904953513442666	NA	NA
GSE104113_1	0.00851071966200898	0.0107383451692211	NA	NA
GSE104113_2	-0.0051853544968111	-0.0283007808249832	NA	NA
GSE104113_3	0.00851071966200898	0.0107383451692211	NA	NA
GSE10575_1	0.00912098284655182	0.0178207871159652	NA	NA
GSE10575_2	-0.00151161059350212	0.0158372742530659	NA	NA
GSE10575_3	0.0053069512460963	0.0227086897374936	NA	NA
GSE13604_1	-0.0128268402362794	0.000148766577869504	NA	NA
GSE13837_1	-0.00326446280991736	-0.0135680636020514	NA	NA
GSE13837_2	0.00411975372237349	-0.0108140002776648	NA	NA
GSE13837_3	-0.00386901768124514	-0.0076006129415828	NA	NA
GSE13837_4	-0.00363296276541278	0.0160256555729931	NA	NA
GSE13837_5	0.00606875203649397	-0.00478030551124267	NA	NA
GSE13837_6	-0.00978261888688869	-0.0118193104239978	NA	NA
GSE13837_7	-0.00312962740040072	-0.0015925489492756	NA	NA
GSE13837_8	-0.00255058933245535	0.0143257755835725	NA	NA
GSE13837_9	0.00259435966461274	-0.00281911077652202	NA	NA
GSE13837_10	0.00538084271330761	0.00151469054525899	NA	NA
GSE13837_11	0.00551495617043047	-0.0030920453048461	NA	NA
GSE13837_12	0.00301071791893401	0.00165422076756572	NA	NA
GSE13837_13	-0.0150862965273446	-0.0556127277659859	NA	NA
GSE13837_14	-0.00566433817030694	-0.0455098206303148	NA	NA
GSE13837_15	-0.00958915824951218	-0.0209506038545089	NA	NA
GSE13837_16	-0.00363466248896515	0.00290738867436141	NA	NA
GSE13837_17	-0.0150193798449612	-0.0481252204752557	NA	NA
GSE13837_18	-0.0069261505277488	-0.02968924318665	NA	NA
GSE13837_19	-0.00469023749407299	-0.0135225644415334	NA	NA
GSE13837_20	-0.00380257413213407	0.0154560780479945	NA	NA
GSE13837_21	0.00292750220426947	-0.00272564479668615	NA	NA
GSE13837_22	0.00213341654591599	-0.0102640742756859	NA	NA
GSE13837_23	0.00293659516972053	-0.00265819437779427	NA	NA
GSE13837_24	4.95968991022144e-05	-0.00367001333237873	NA	NA
GSE16464_1	-0.00400137731138923	0.0134610953817808	NA	NA
GSE16464_2	-0.00270367461530328	-0.0301248227891199	NA	NA
GSE19060_1	-0.00389013592401621	-0.00493212054557156	NA	NA
GSE27372_1	0.0118139034956463	0.00958141998023316	NA	NA
GSE27390_1	0.00358124733191033	0.00212920199840913	NA	NA
GSE29106_1	0.00156159779469278	0.00621049374869268	NA	NA
GSE29107_1	0.00216764877212354	0.00862280187270167	NA	NA
GSE29107_2	-0.00183638250184852	-0.0156886499648203	NA	NA
GSE29745_1	0.00551326227074661	0.0385072233153364	NA	NA
GSE29745_2	0.00377749426041498	0.044006561465651	NA	NA
GSE29745_3	0.000231888329459636	0.0133239359434777	NA	NA
GSE35546_1	-0.00332107255184178	-0.0425299914769695	NA	NA
GSE35546_2	-0.00689296608958343	-0.0543342286408784	NA	NA
GSE35546_3	-0.00555387250400326	-0.0567547242883331	NA	NA
GSE35546_4	-0.0036332955288056	-0.024034125380442	NA	NA
GSE35546_5	-0.00511586996906702	-0.0228439547887192	NA	NA
GSE35546_6	-0.00676287711476549	-0.0359086342925172	NA	NA
GSE35955_1	0.000704222082933447	0.0145637926638958	NA	NA
GSE35956_1	0.00617948577630631	-0.0367249129139296	NA	NA
GSE35957_1	0.000762764251934666	-0.0291992007148506	NA	NA
GSE35958_1	0.00189155337072045	-0.0406230743723843	NA	NA
GSE39340_1	-0.0170604158882147	0.0195467733206481	NA	NA
GSE39340_2	-0.0199638173148381	-0.0491513054793981	NA	NA
GSE39340_3	0.00638722648068442	0.0737740032938755	NA	NA
GSE39795_1	-0.0103046362600503	-0.00163144366406875	NA	NA
GSE39795_2	0.00432605314349919	0.0116160391167132	NA	NA
GSE39795_3	0.0176713791591641	0.0169313335122063	NA	NA
GSE41038_1	-0.000333668803909825	0.0237044590494006	NA	NA
GSE41038_2	-0.0174220786484078	-0.0389625889932218	NA	NA
GSE41038_3	-0.00518220335932381	-0.00917326090438308	NA	NA
GSE41992_1	-0.00181653364413501	0.0275726196202575	NA	NA
GSE42235_1	-0.0114746760773275	0.000888629863299776	NA	NA
GSE42235_2	-0.00262271492016142	0.00449138068416094	NA	NA
GSE42235_3	-0.0119111036776861	-0.0111010949229879	NA	NA
GSE42235_4	-0.00410320205176778	-0.0146472539463963	NA	NA
GSE45233_1	-0.00982782600662347	-0.024391372658798	NA	NA
GSE45233_2	-0.0030107654434566	-0.0231527994598316	NA	NA
GSE45233_3	-0.0130905897530515	-0.000606109905280869	NA	NA
GSE45233_4	0.00212823914101644	-0.00514712051743701	NA	NA
GSE46053_1	-0.0180529666614063	-0.0382906412887686	NA	NA
GSE46053_2	-0.0191616054022851	-0.0366651464204865	NA	NA
GSE46750_1	-0.0216744792376259	-0.0778938368426741	NA	NA
GSE51588_1	-0.00205897131785839	-0.0150196061782622	NA	NA
GSE51588_2	0.00458472048633742	0.0079995459586909	NA	NA
GSE51588_3	-0.015638911754519	-0.0264241218733954	NA	NA
GSE52817_1	-0.00159134233771524	-0.00445510643518142	NA	NA
GSE52817_2	-0.00190666675662072	-0.0336414411352805	NA	NA
GSE52817_3	-0.0063700949349759	-0.0519099665690181	NA	NA
GSE52817_4	0.00029534706301475	0.0254308680369908	NA	NA
GSE55235_1	0.00251279421760536	0.0109718544135068	NA	NA
GSE55235_2	-0.000637332917363587	-0.0323159400400961	NA	NA
GSE55235_3	0.00138438832151389	-0.0455409718943112	NA	NA
GSE55457_1	0.0304067278876824	0.035384039734505	NA	NA
GSE55457_2	0.00425817790664169	-0.00592195996689751	NA	NA
GSE55584_1	0.0305342136854742	0.0326527483512725	NA	NA
GSE57218_1	0.01875	-0.0251808276576519	NA	NA
GSE60762_1	0.0060220025738726	-0.0184971409442523	NA	NA
GSE62914_1	0.00207799149762205	-0.00505146357219759	NA	NA
GSE62914_2	0.000801270399472277	-0.0120615209200387	NA	NA
GSE62914_3	-0.000757224450920376	-0.00183313292734316	NA	NA
GSE62914_4	-0.000391203800371388	-0.001273719823022	NA	NA
GSE64394_1	-0.0155716037028607	-0.0169286818576553	NA	NA
GSE66635_1	-0.0024495948746938	0.0115915085765722	NA	NA
GSE68038_1	-0.0055289802012871	-0.00748373308228309	NA	NA
GSE68428_1	-0.00753588645198576	-0.000644393063358749	NA	NA
GSE68428_2	-0.00628446338288422	-0.00254462717010697	NA	NA
GSE68428_3	-0.00234582213847881	-0.00969996559987659	NA	NA
GSE69459_1	-0.00799919778647406	0.00720810792706072	NA	NA
GSE69459_2	-0.00128714643939106	0.000899094673176942	NA	NA
GSE69459_3	-0.0103516055743564	0.0116003622866114	NA	NA
GSE69459_4	-0.00278739260441711	0.0119599014782704	NA	NA
GSE69992_1	0.00349952976794772	0.0375694104529813	NA	NA
GSE70719_1	0.00191726178987325	-0.0433197868135677	NA	NA
GSE7116_1	0.00914158734602464	-0.00107267705432286	NA	NA
GSE7116_2	0.0079368079063806	-0.0150336914500042	NA	NA
GSE7116_3	-0.00756081525312295	-0.0113086979861641	NA	NA
GSE72575_1	0.000750048176518766	0.0352534455869041	NA	NA
GSE72575_2	0.0186662726556344	0.028857228192096	NA	NA
GSE72575_3	0.008206630572446	0.0553968619742188	NA	NA
GSE72575_4	0	-0.0107270620391929	NA	NA
GSE75181_1	-0.00468462950214775	0.0031764262764981	NA	NA
GSE75181_2	0.00614055763725196	-0.0163812280792775	NA	NA
GSE75181_3	-0.00452144192285251	0.000670737181566834	NA	NA
GSE75230_1	-0.00703372670551732	-0.0146373418813389	NA	NA
GSE7669_1	-0.00706236517595544	-0.0489602749730928	NA	NA
GSE77916_1	-0.00617283950617284	-0.0238188391794756	NA	NA
GSE80614_1	-0.0268679245283019	-0.0338939158216472	NA	NA
GSE80614_2	-0.0162784862191306	-0.0450169005733438	NA	NA
GSE80614_3	-0.00520833333333333	-0.0407597090431002	NA	NA
GSE80614_4	-0.00837222183729467	-0.0306742120136307	NA	NA
GSE80614_5	0.00101535896696787	-0.027312738170015	NA	NA
GSE80614_6	0.00249874267632314	-0.0120335112228129	NA	NA
GSE80614_7	0.00383433209695843	0.0108350920965619	NA	NA
GSE80614_8	0.0082784944644311	0.0282413578534299	NA	NA
GSE80614_9	-0.00862068965517241	-0.0187973687901617	NA	NA
GSE80614_10	-0.0191885964912281	-0.0272836004013881	NA	NA
GSE80614_11	-0.00561797752808989	-0.0157284493188488	NA	NA
GSE80614_12	-0.00162202649833216	-0.0169169604224195	NA	NA
GSE80614_13	0.00508549717316547	-0.01545799805215	NA	NA
GSE80614_14	0.000168258092710771	-0.0122795695729049	NA	NA
GSE80614_15	0.000844670309734541	0.00108462483859678	NA	NA
GSE80614_16	0.00300295414127785	0.0215288949573792	NA	NA
GSE85254_1	0.000900030234813138	0.0139345332716874	NA	NA
GSE86578_1	-0.0133943234482344	-0.0302421341040559	NA	NA
GSE86578_2	-0.0132997705078178	-0.0437213966840609	NA	NA
GSE86578_3	-0.0111792371327939	-0.0322991716053912	NA	NA
GSE9329_1	-0.00157138491678522	0.0170606303282917	NA	NA
GSE93698_1	0.00392367003327445	0.0308792959569995	NA	NA
GSE93698_2	0.00832356641690815	0.0525533081473776	NA	NA
GSE93698_3	0.00105787206726456	0.00166358026635348	NA	NA
GSE93698_4	0.00137252682938365	0.0235053316947515	NA	NA
GSE93698_5	0.00073121818100767	0.0385949857934427	NA	NA
GSE93698_6	0.0201397252244274	0.0397408876563006	NA	NA
GSE93698_7	-0.00866821026318804	-0.0542435871307729	NA	NA
GSE93698_8	-0.00760553193349244	-0.0290202467594989	NA	NA
GSE93698_9	-0.00735683901344941	0.0200092813398548	NA	NA
GSE93698_10	-0.0321544674992951	-0.0870253264524618	NA	NA
GSE93698_11	-0.0322751634694468	-0.0640870605843016	NA	NA
GSE93698_12	-0.00893678406622333	-0.00632382797387065	NA	NA
GSE93698_13	0.00722049234911725	0.03963542661117	NA	NA
GSE93698_14	0.0151774867357059	0.0952813588690154	NA	NA
GSE93698_15	-0.00235923303175005	0.0359754356469684	NA	NA
GSE93720_1	-0.00147945915048854	0.00261553259607843	NA	NA
GSE93720_2	-0.00527153341412253	-0.017006162337411	NA	NA
GSE93720_3	-0.00679992961125508	-0.00114361465394865	NA	NA
GSE93720_4	-0.00442291023458154	-0.0187355076410964	NA	NA
E-MTAB-5564_1	-0.00950418761239786	0.00741828933952331	NA	NA
GSE77753_1	0.00925359340506606	0.0224766520267328	NA	NA
GSE43861_1	-0.00399324362046359	-0.0212156172209064	NA	NA
GSE112809_1	0	-0.00493116553775598	NA	NA
GSE111946_1	0.00419299445016079	0.0193178602739611	NA	NA
GSE111946_2	0	0.0128063090856403	NA	NA
E-MTAB-3201_1	-0.00802450078593579	-0.0295079344990898	NA	NA
E-MTAB-6700_1	-0.00125234074330528	0.000763722382996649	NA	NA
GSE54749_1	0	-0.00763067961013719	NA	NA
GSE57218_B_1	0.000393950453725551	-0.0392849065875197	NA	NA
GSE57218_B_2	-0.0018174429301176	-0.0429339314469187	NA	NA
GSE57740_1	0.00203379224030038	0.0040359904538512	NA	NA
GSE52992_1	-0.00808802148896456	0.00551341210745607	NA	NA
GSE17160_1	0.00595431399675885	0.00868667830453687	NA	NA
GSE17160_2	-0.00320855614973262	0.0106115297597124	NA	NA
GSE17160_3	0.00178329133553014	0.0135775665965506	NA	NA
GSE17160_4	0.0103004538368223	0.0370382344640485	NA	NA
GSE17160_5	0.0048119706135637	-0.00360982053442548	NA	NA
GSE17160_6	-0.00456616353114506	-0.0106996171412104	NA	NA
GSE17160_7	0.0011972857803896	0.00570530207956052	NA	NA
GSE17160_8	0.00297705583231442	0.0330996659020933	NA	NA
GSE17160_9	-0.00205886263561573	-0.00398395400200629	NA	NA
GSE17160_10	-0.00245273474076764	-0.00551710796850956	NA	NA
GSE17160_11	0.000600870029116755	-0.00165947441942628	NA	NA
GSE17160_12	0.000634952283595701	0.00216254401224208	NA	NA
GSE22971_1	-0.00574712643678161	-0.0147545732949142	NA	NA
GSE22971_2	0.00925925925925926	0.000278279515172744	NA	NA
GSE22971_3	0.0009701893747392	-0.00193936353335094	NA	NA
GSE22971_4	-0.00148866857193485	0.00340849558180815	NA	NA
GSE13590_1	0.0111967411648134	-0.00117410957216689	NA	NA
GSE13590_2	0	0.00602207256811657	NA	NA
GSE99731_1	0.0183634373289546	0.010519588529126	NA	NA
GSE99731_2	-0.0168446244477172	-0.00690649269542481	NA	NA
GSE99731_3	-0.00197130507240957	0.00117052482388775	NA	NA
GSE27492_1	0.00981104651162791	0.0421857489834492	NA	NA
GSE27492_2	0.011934794450173	0.0166804301029274	NA	NA
GSE27492_3	0.00907958690977559	0.0117906908036731	NA	NA
GSE27492_4	0.0155409480686358	0.0255917923664832	NA	NA
GSE27492_5	-0.00243494006301384	-0.0108693023327082	NA	NA
GSE27492_6	-0.00413987977519051	0.02820209734034	NA	NA
GSE27492_7	-0.00756486567628906	0.0143919166264336	NA	NA
GSE27492_8	0.00303383803855625	0.0276773263913724	NA	NA
E-GEOD-15069_1	0.00756265247283211	-0.00299626173008965	NA	NA
E-GEOD-15069_2	-0.0128391472868217	-0.0106128309266958	NA	NA
E-GEOD-15069_3	0.00433756129974773	0.00151546581614877	NA	NA
E-GEOD-15069_4	-0.00953543531481477	-0.0155341495692498	NA	NA
E-GEOD-15118_1	0	-0.00187366813429626	NA	NA
E-GEOD-15118_2	0.00641025641025641	0.0481991400528916	NA	NA
E-GEOD-15118_3	-0.000207583749729658	-0.0172123895466041	NA	NA
E-GEOD-15118_4	-0.00421153009975749	-0.0402061361695458	NA	NA
E-GEOD-16007_1	0.0123569406171539	-0.00471585023370876	NA	NA
E-GEOD-17473_1	0.0116688224237492	0.0357323823863921	NA	NA
E-GEOD-18647_1	-0.00438814240576708	0.00682150560581787	NA	NA
E-GEOD-18647_2	-2.11223058970743e-05	0.00884298035259088	NA	NA
E-GEOD-18647_3	-0.0126735176558732	-0.0197938158498949	NA	NA
E-GEOD-18647_4	-0.00261347834781806	-0.0142169208558055	NA	NA
E-GEOD-18648_1	-0.00640526719361664	0.0162897589024019	NA	NA
E-GEOD-18648_2	-0.0177396289641684	0.0065922834536423	NA	NA
E-GEOD-2154_1	-0.0108172735145475	-0.0246491580883973	NA	NA
E-GEOD-2154_2	-0.00194681003074439	-0.0572333586341623	NA	NA
E-GEOD-2154_3	0.022346025801082	0.00942261482869946	NA	NA
E-GEOD-2154_4	0.0162733881239238	0.0115179267993821	NA	NA
E-GEOD-26475_1	0.0186275648686897	0.026810212369318	NA	NA
E-GEOD-26475_2	0.0059160017669451	0.0220583591969399	NA	NA
E-GEOD-26475_3	0.0108357106183371	-0.0114208974386604	NA	NA
E-GEOD-33567_1	-0.00665045974540353	-0.0726828140828197	NA	NA
E-GEOD-33567_2	0.00504997909978725	0.0495531066212682	NA	NA
E-GEOD-37287_1	0.00517023395765379	0.0162136789739816	NA	NA
E-GEOD-37287_2	0.00199964388272444	0.0191647117954011	NA	NA
E-GEOD-37287_3	-0.00351631303786094	-0.0161469834181141	NA	NA
E-GEOD-51994_1	0.00242946764836774	0.0220335345950502	NA	NA
E-GEOD-51994_2	0.00307898518880435	0.00954991649403283	NA	NA
E-GEOD-51994_3	-0.00121788723701837	-0.00765312437847268	NA	NA
E-GEOD-65077_1	0	-0.0616423059819501	NA	NA
E-MEXP-1244_1	-0.00736508862633236	-0.0626425272156693	NA	NA
E-MTAB-1123_1	0.0137859205989981	0.00159152011264991	NA	NA
E-MTAB-1123_2	0.0106147897835641	0.00542235403792954	NA	NA
E-MTAB-1123_3	0.012983442601277	0.0186874006732721	NA	NA
E-MTAB-1123_4	0.0192307692307692	0.0225739669193367	NA	NA
E-MTAB-1391_1	-0.0148664387220857	-0.0830506711747413	NA	NA
E-MTAB-1391_2	-0.00342071958584682	-0.0614885020003924	NA	NA
E-MTAB-1391_3	-0.00240421361373139	-0.0343889654649647	NA	NA
E-MTAB-2450_1	0.000241105038710875	-0.0146102258351557	NA	NA
E-MTAB-2450_2	0.00748790315161997	0.00735697132733126	NA	NA
E-MTAB-2450_3	0.00523091495392713	0.00385803060103145	NA	NA
E-MTAB-2450_4	0.00129804965312623	-0.0182827567817843	NA	NA
E-MTAB-5023_1	-0.0037692275908303	-0.0151232278022909	NA	NA
E-MTAB-5326_1	0.000957161022374748	0.00446820909512945	NA	NA
E-MTAB-5326_2	-0.00252750465610266	-0.00569722447389948	NA	NA
E-MTAB-5326_3	0.00195749709437172	0.00204924377659044	NA	NA
GSE102588_1	-0.0112723684980129	-0.00673687760064162	NA	NA
GSE104793_1	-0.00632652579527856	-0.0294179845454559	NA	NA
GSE104794_1	-0.000133349281120825	-0.0257181128308193	NA	NA
GSE104795_1	0.00963370500782473	-0.0113924198668819	NA	NA
GSE105139_1	0	0.000400042589713571	NA	NA
GSE105139_2	-0.020726406767527	-0.0174775467778355	NA	NA
GSE105139_3	-0.0300318925332408	-0.0185983120623865	NA	NA
GSE10555_1	-0.00336529449165803	-0.0279488842325461	NA	NA
GSE10556_1	0.00239803559668242	0.000776090168356438	NA	NA
GSE106631_1	-0.00658396399495471	-0.0249063535422646	NA	NA
GSE13104_1	-0.00560096449060355	-0.0704100519424894	NA	NA
GSE13104_2	-0.00550224202308089	-0.0611689936389921	NA	NA
GSE13104_3	-0.00259561432768184	-0.0361671890707656	NA	NA
GSE16749_1	-0.00226546538542734	-0.0144381103215275	NA	NA
GSE16749_2	0.0123028386501325	0.0344660287924391	NA	NA
GSE16749_3	0.000274587080064687	-0.00173298972258924	NA	NA
GSE17348_1	-0.00394237226692941	0.0104245270575755	NA	NA
GSE17563_1	0.00736917252661459	0.0808837604786961	NA	NA
GSE17563_2	-0.001568930322097	-0.0111204958332418	NA	NA
GSE17569_1	0.0029875845533365	-0.013037461616274	NA	NA
GSE17569_2	0.00333846230342039	0.023743793065783	NA	NA
GSE17570_1	0.00379968510688088	0.0319787143205474	NA	NA
GSE17570_2	0.00401099227280372	-0.00642982062586601	NA	NA
GSE18991_1	0.00980392156862745	0.00997040948121699	NA	NA
GSE18992_1	0	0.00854696958450071	NA	NA
GSE19299_1	0.00433023631770138	0.00942572083032471	NA	NA
GSE20850_1	0.00399412674765051	0.0506462688951378	NA	NA
GSE21093_1	-0.00251746077958812	-0.0703074743308538	NA	NA
GSE21523_1	0.0043661761090978	0.00266787012004813	NA	NA
GSE21639_1	0	-0.0315916409080558	NA	NA
GSE21639_2	0.00286458820154523	0.00395287349227058	NA	NA
GSE21639_3	0.00792734909446281	-0.00592699534269786	NA	NA
GSE21639_4	0.00858380938737436	0.0167698966107993	NA	NA
GSE21710_1	-0.00206571189746007	-0.0369318986875383	NA	NA
GSE21710_2	-0.00239488245339951	-0.0322701300669584	NA	NA
GSE21710_3	-0.00120163625177559	-0.031301927480073	NA	NA
GSE22925_1	0.019364218084276	0.0138510786637369	NA	NA
GSE22925_2	-0.00867694743257012	-0.0127804002962627	NA	NA
GSE26499_1	-0.00337022886669611	-0.0185361138619159	NA	NA
GSE30160_1	-0.00186439975268953	-0.0696259185320107	NA	NA
GSE30628_1	0.00401839824416553	0.0351933303880992	NA	NA
GSE30628_2	0.0140578259508067	0.0467572398209988	NA	NA
GSE32163_1	-0.000914714409142916	-0.0145739982786399	NA	NA
GSE33656_1	-0.0048556403389665	-0.0133234518012874	NA	NA
GSE33754_1	-0.0162346163917256	-0.0150542138391586	NA	NA
GSE33754_2	-0.00907026634983872	-0.0235737870641795	NA	NA
GSE33754_3	-0.0229669056174008	-0.0366652304433008	NA	NA
GSE34570_1	0.00141251990347812	-0.0262034614614079	NA	NA
GSE35003_1	-0.00105348028622492	-0.00162826706456079	NA	NA
GSE35466_1	-0.00612084236792125	-0.0260362359568652	NA	NA
GSE35466_2	-0.00526926270877203	-0.00090394056036932	NA	NA
GSE35466_3	0.00409972897918896	-0.0123951541459514	NA	NA
GSE35466_4	0.00236662769201826	-0.0159008205318296	NA	NA
GSE35466_5	0.00627535744592279	0.0280989705545548	NA	NA
GSE36925_1	-0.00602409638554217	-0.00663422978778478	NA	NA
GSE36925_2	-0.00399402471627136	-0.0153480475444926	NA	NA
GSE36925_3	-0.00250399383228576	-0.0212895153332837	NA	NA
GSE37219_1	0.00266257259622813	0.0337948612872512	NA	NA
GSE37676_1	-0.00541540290903009	-0.00141685516466459	NA	NA
GSE41342_1	-0.0187934687039247	-0.00591175649174183	NA	NA
GSE41342_2	-0.0178733299706411	-0.012975477357657	NA	NA
GSE41342_3	0.00027360975326854	-0.0354086558133859	NA	NA
GSE41342_4	0.00393596153714258	0.0116782924105489	NA	NA
GSE41997_1	0.00841406968136597	0.0279602213036753	NA	NA
GSE43242_1	-0.02273632430825	-0.0344508464430646	NA	NA
GSE43242_2	-0.0232572524987858	-0.0437674822873567	NA	NA
GSE43663_1	-0.00526315789473684	-0.0463157251969572	NA	NA
GSE43854_1	0.00513981677344499	0.0207894257796235	NA	NA
GSE45656_1	0.00137376029327116	0.046838953338704	NA	NA
GSE45656_2	-0.00295249197513369	-0.0566758589042045	NA	NA
GSE45656_3	-0.00156568252239089	-0.0345553822520311	NA	NA
GSE45793_1	0.0102737552829803	0.0433780229855452	NA	NA
GSE45793_2	-0.00166601660768817	0.0303754721327434	NA	NA
GSE45793_3	0.000113863620693415	0.0394193061715243	NA	NA
GSE45793_4	0.0111260409538129	0.0421925628018225	NA	NA
GSE45793_5	0.0013998486404221	0.0198584285996732	NA	NA
GSE46390_1	0.0071866430040372	0.0363454790186701	NA	NA
GSE48438_1	0.00286003924595337	-0.0109895369810396	NA	NA
GSE50549_1	0.00339877602990101	-0.0211463252070292	NA	NA
GSE50549_2	-0.000972208842428562	-0.0156789467932619	NA	NA
GSE51098_1	0.0121461268808787	-0.0205982789050081	NA	NA
GSE53857_1	0.00331802667731477	0.00823732060893024	NA	NA
GSE53857_2	0.00802012400307358	0.0306600854286277	NA	NA
GSE53857_3	0	-0.0224257813420649	NA	NA
GSE53982_1	-0.00132282282964383	0.0145988478226156	NA	NA
GSE53982_2	0.005	0.00718315761901649	NA	NA
GSE54779_1	-0.00178854295257728	0.00925455188161229	NA	NA
GSE55900_1	0	-0.0263970054473049	NA	NA
GSE57104_1	0.00486396982728883	0.0263467569232499	NA	NA
GSE59387_1	-0.00316925935114146	-0.030858441595259	NA	NA
GSE60401_1	0.00253406838788025	0.00366248707821331	NA	NA
GSE60401_2	0.01269610354721	0.0479121327326491	NA	NA
GSE60651_1	-0.00543218091686499	-0.0126235519392588	NA	NA
GSE60737_1	0.000152206648005982	-0.00728654573046973	NA	NA
GSE60761_1	0.0072463768115942	0.00344837137049648	NA	NA
GSE60761_2	-0.0129016553067186	-0.0212111371446017	NA	NA
GSE60761_3	-0.0026378285868123	-0.018766962830808	NA	NA
GSE60761_4	-0.00267051840085548	-0.00391070120960821	NA	NA
GSE63017_1	0	0.00590688475117343	NA	NA
GSE63017_2	-0.00847457627118644	-0.00970412392338155	NA	NA
GSE63017_3	-0.000753404810199942	-0.000490109313045511	NA	NA
GSE63017_4	0.005	-0.00273949611553032	NA	NA
GSE63939_1	-3.20846916023441e-06	-0.000521153344296835	NA	NA
GSE63939_2	-0.00116830373447087	-0.0231177399719953	NA	NA
GSE64141_1	-0.00294750795566534	-0.014819602069842	NA	NA
GSE64965_1	-0.00147576004584453	-0.0378850236936761	NA	NA
GSE65745_1	0	0.0239531242413502	NA	NA
GSE65745_2	0.0246913580246914	0.0638233052948032	NA	NA
GSE65745_3	0.0246913580246914	0.0616868148400603	NA	NA
GSE66416_1	-0.00194299063843046	-0.030383714384867	NA	NA
GSE66862_1	0.010564338168795	-0.0247769342879503	NA	NA
GSE69108_1	-0.00397370879912858	0.000863249742394312	NA	NA
GSE71565_1	-0.00153529438794133	-0.0315148366430527	NA	NA
GSE72261_1	-0.00688869935558677	-0.00687319739226297	NA	NA
GSE72261_2	-0.00644030752071042	0.00544783096304055	NA	NA
GSE72261_3	-0.00244043144659584	0.0172105160933295	NA	NA
GSE7683_1	-0.000282616314748212	-0.00670496923445134	NA	NA
GSE7683_2	-0.00866642512134495	0.00671975143149133	NA	NA
GSE78980_1	0.00329437407012189	-0.00601153406516956	NA	NA
GSE78980_2	-0.0146902278049819	0.0349471243505039	NA	NA
GSE78980_3	0.00089828634604754	0.00627083618222304	NA	NA
GSE78980_4	0.00888278388278388	0.0374531669646833	NA	NA
GSE78980_5	-0.00543478260869565	-0.0194978083782707	NA	NA
GSE78980_6	-0.0152116402116402	0.0275833054799919	NA	NA
GSE78980_7	0.00459296203893694	0.0440928700516551	NA	NA
GSE78980_8	0.0108973440825012	0.0443373073250513	NA	NA
GSE78980_9	0.00467154724948917	0.0334425801699604	NA	NA
GSE78980_10	0.0134771944128519	0.0465040616482338	NA	NA
GSE81399_1	-0.00639555277375552	0.0127314862120569	NA	NA
GSE84609_1	-0.0014166240832465	0.00388194606077003	NA	NA
GSE84907_1	-0.00775346682805457	-0.00667562767180082	NA	NA
GSE84907_2	-0.0156287043119134	-0.0123165989871488	NA	NA
GSE84907_3	-0.00173380739817785	-0.00917886235688588	NA	NA
GSE90127_1	-0.00693862574925888	-0.0509923205392406	NA	NA
GSE90127_2	0.00609700237174304	0.00506501973266315	NA	NA
GSE90127_3	-0.00644602689855573	-0.0482194659684898	NA	NA
GSE9247_1	-0.00607777994918898	-0.0340157311597288	NA	NA
GSE9247_2	-0.00182783380462481	-0.00985508654764325	NA	NA
GSE9247_3	-0.00949367088607595	-0.0106554717336244	NA	NA
GSE99306_1	-0.000621242844165887	0.0224340065690799	NA	NA
GSE99306_2	-0.0093741246177571	-0.00641109158914034	NA	NA
GSE99306_3	0.0149868924840133	0.0399054386604809	NA	NA
GSE99306_4	-0.00195186383281296	0.0120740662197196	NA	NA
GSE99306_5	-0.00655012503644959	-0.00312945446184625	NA	NA
GSE99306_6	-0.00896867135949374	-0.0238457056205666	NA	NA
GSE99306_7	0.0319383424319678	0.0477866745255148	NA	NA
GSE99306_8	-0.0071424409068008	0.00207268913447226	NA	NA
GSE99306_9	-0.00759176952798595	-0.0177049416742654	NA	NA
GSE99306_10	0.0125721106659642	0.0503279572301341	NA	NA
GSE99306_11	-0.00263570706959965	0.016661476914786	NA	NA
GSE99306_12	-0.00721284530565392	-0.0220881963982533	NA	NA
GSE99306_13	0.0144964019498643	0.0578879959960778	NA	NA
GSE99414_1	-0.00841576193323584	-0.0287238746991282	NA	NA
GSE110581_1	0.0012431007906121	0.00944856358712017	NA	NA
GSE110581_2	-0.00588235294117647	-0.017708866386338	NA	NA
GSE47799_1	0.00220975430876421	0.00361011221884833	NA	NA
GSE47799_2	0.00962109785639197	0.0114153036025948	NA	NA
GSE47799_3	-0.00737113763429553	-0.00776312456540462	NA	NA
GSE111628_1	0.000298571338944009	-0.00138763733117521	NA	NA
GSE111628_2	-0.0021978021978022	0.013845549501943	NA	NA
GSE111628_3	0.00280898876404494	0.00936063874591954	NA	NA
GSE5657_1	0.00506073578362735	0.0141767274346904	NA	NA
GSE5657_2	0.0263757115749526	0.0177087648529605	NA	NA
GSE13782_1	-0.0107844486347462	-0.0160772532703297	NA	NA
GSE41039_1	-0.00490196078431373	-0.00469498582825746	NA	NA
GSE84198_1	0	-0.0215780642605716	NA	NA
GSE84198_2	0.0135154460983882	-0.0045390953066345	NA	NA
GSE84198_3	0.00385206398890053	0.0320688152804178	NA	NA
GSE114469_1	-0.00214111820523188	-0.0161778479077383	NA	NA
GSE108036_1	0.00952380952380952	-0.0105581256122684	NA	NA
GSE60451_1	0.00944254100506674	-0.00198905062492548	NA	NA
GSE47902_1	0.00225694444444444	-0.00987665675213339	NA	NA
GSE44325_1	0.0113414504091005	0.0554397644434209	NA	NA
GSE4481_1	0	0.0188571163059237	NA	NA
GSE4481_2	0.00823383084577114	-0.0047320415474808	NA	NA
GSE4481_3	0.00632911392405063	0.00533048084777971	NA	NA
GSE102292_1	0.00660864822856408	-0.00271109619061236	NA	NA
GSE102292_2	0.00103344930931138	-0.0105079784817197	NA	NA
GSE102292_3	-0.002106638304086	-0.0114335208308943	NA	NA
GSE102292_4	0.00207117853702028	-0.0195091305907587	NA	NA
GSE41898_1	-0.00681937100215277	0.00753366747184102	NA	NA
GSE87605_1	0.013886834074905	-0.0118636523097457	NA	NA
GSE87605_2	-0.0182555404236474	-0.0212151276199572	NA	NA
GSE87605_3	-0.00996383981344135	-0.0239990064955698	NA	NA
E-GEOD-54216_1	0.00279287050295121	-0.0268862187149005	NA	NA
E-GEOD-54216_2	0.00298718780036147	-0.0328845650004629	NA	NA
E-GEOD-54216_3	0.00457880497247599	-0.0204006244933319	NA	NA
E-GEOD-6119_1	0.000365091925381661	0.0101871549981192	NA	NA
E-GEOD-6119_2	0.00238227843762833	0.0101058993766582	NA	NA
E-GEOD-6119_3	0.00337855024846632	0.0131793213912141	NA	NA
E-GEOD-8077_1	-0.0121086509621541	0.00323175982713541	NA	NA
E-GEOD-8077_2	-0.0308097870597871	-0.00561244887642532	NA	NA
E-GEOD-8077_3	-0.0116600523412255	-0.00635433977667545	NA	NA
GSE103416_1	-0.013101064057813	-0.019661532699668	NA	NA
GSE103416_2	-0.0210496376377142	-0.0273615187688817	NA	NA
GSE103416_3	-0.00245239837415775	-0.0240603387558404	NA	NA
GSE19950_1	0.010556676536058	-0.0116799478462874	NA	NA
GSE30322_1	-0.0144397621498741	-0.0377369879606345	NA	NA
GSE30322_2	0.008508241090839	0.0276761691189306	NA	NA
GSE30322_3	9.32201238704445e-05	0.0115240405560235	NA	NA
GSE42295_1	-0.00862068965517241	-0.00578390559309641	NA	NA
GSE42295_2	0.00150884952927583	0.00592601966057356	NA	NA
GSE42295_3	-0.0110659116356913	0.00125263849113736	NA	NA
GSE66554_1	-0.00140072559236364	-0.0252288789414725	NA	NA
GSE66554_2	0.000900678997377026	-0.0483939164868261	NA	NA
GSE66554_3	-0.00365273383951989	0.0146918027424495	NA	NA
GSE66554_4	-0.00979424750324299	0.00458370521444177	NA	NA
GSE74898_1	0.00386873116861812	0.0473871909298855	NA	NA
GSE74898_2	0.00549311614017921	0.0359295873575134	NA	NA
GSE74898_3	0.00369699295451854	0.0248115870191552	NA	NA
GSE79176_1	0	-0.00957152118241252	NA	NA
GSE79176_2	0.00819672131147541	-0.00272060079278642	NA	NA
GSE79176_3	0	0.00564826183364663	NA	NA
GSE85785_1	0.00578277009728623	-0.0185755771225209	NA	NA
GSE16981_1	-0.00396720368139535	-0.0415756949561778	NA	NA
GSE16981_2	-0.00770275323906237	-0.0318741442494096	NA	NA
GSE16981_3	0.000748689875690808	-0.0196725404477749	NA	NA
GSE16981_4	0.000748689875690808	-0.0196725404477749	NA	NA
GSE16981_5	0.00986733330687936	0.00366816621903908	NA	NA
GSE16981_6	0.0010697827518104	-0.00938296531396779	NA	NA
GSE16981_7	0.0247917648907748	0.0174421830850466	NA	NA
GSE29859_1	-0.000805152979066023	-0.011585937648654	NA	NA
GSE29859_2	-0.0151134460179686	-0.0118831902357789	NA	NA
GSE23492_1	-0.00770197576977032	0.00381317307501842	NA	NA
GSE23492_2	0.00509767904232852	0.0232044637530576	NA	NA
GSE23492_3	-0.0079223983093534	-0.0121766740859869	NA	NA
GSE23492_4	-0.00434466864771712	0.00199853124646251	NA	NA
GSE23492_5	0.0042575953617811	0.0227842144642401	NA	NA
GSE44991_1	0.00944266195215645	-0.0156184040400452	NA	NA
GSE44991_2	-0.0154401154401154	-0.0461085137737253	NA	NA
GSE39796_1	-0.000485797634710313	0.00732169503789137	NA	NA
GSE39796_2	-0.000131126672320677	0.0150239488148036	NA	NA
GSE39796_3	0.00109769507658737	-0.00707762614082365	NA	NA
GSE18394_1	-0.00442351168757303	-0.0291610144696728	NA	NA
GSE18394_2	-0.00233643969712788	-0.0331280228419691	NA	NA
GSE18394_3	-0.00291920797171686	-0.00760077025904681	NA	NA
GSE29233_1	0.00255386698228695	-0.0104188821306454	NA	NA
E-MEXP-2291_1	0.00294944799782261	-0.0214746626415487	NA	NA
E-MEXP-2291_2	0.0020910876757651	-0.0129908573524011	NA	NA
E-MEXP-2291_3	0.000647493268727677	-0.00806361708335561	NA	NA
GSE18738_1	-0.00647020081084435	-0.0188036170139691	NA	NA
GSE107363_1	-0.00444943040553283	-0.00803316381806577	NA	NA
GSE85761_1	-0.00395686943122948	-0.0205120537640573	NA	NA
GSE89179_1	-0.00312481472741169	-0.0263378056435014	NA	NA
GSE89179_2	-0.00620689486323308	0.0248455695873821	NA	NA
GSE89179_3	-0.0019012128425328	-0.0110110639647444	NA	NA
GSE89179_4	-0.00123390566798397	-0.00252870316370882	NA	NA
GSE89179_5	-0.00597281815550731	-0.012551937812452	NA	NA
GSE89179_6	-0.010127800545602	-0.0374096164082048	NA	NA
GSE89179_7	-0.00429903996052789	-0.0203192128325806	NA	NA
E-GEOD-57723_1	-0.000335380112166063	0.00496492720495074	NA	NA
E-GEOD-57723_2	-0.00151277107286534	-0.0365448233487311	NA	NA
E-GEOD-57723_3	-0.00378438988061568	-0.0296370980522611	NA	NA
E-GEOD-83930_1	-0.00381679389312977	0.00294596948957136	NA	NA
GSE100268_1	0.00244839045880887	0.0113655870679669	NA	NA
E-GEOD-55769_1	0.000531045751633987	-0.0151513423849478	NA	NA
E-GEOD-55769_2	0	-0.0290025958902333	NA	NA
E-GEOD-55769_3	-0.00246305418719212	-0.0128196556902472	NA	NA
E-GEOD-69110_1	0.00809144072301967	-0.0273931725741484	NA	NA
E-MTAB-4304_1	0.000406229228949566	0.00428802109957207	NA	NA
E-MTAB-4879_1	0.0010007465167489	0.000976913097972838	NA	NA
E-MTAB-4879_2	-0.00402981541396284	-0.0244584465067382	NA	NA
E-MTAB-4879_3	-0.00306719403150656	0.00182542101921285	NA	NA
E-MTAB-4879_4	0.00336585015804045	-0.007129081657314	NA	NA
Cytokine_Explant_1	0.000741949867392714	-0.0150716769536641	NA	NA
Cytokine_Explant_2	0.00474496972941019	0.0133767714979518	NA	NA
Cytokine_Explant_3	0.00596763822551662	0.0209846394108178	NA	NA
Cytokine_Explant_4	-0.00357418564525528	-0.00969170456044248	NA	NA
Cytokine_Explant_5	-0.00170592301411281	0.00610456801940885	NA	NA
FN1_Explant_1	0.00447875296004177	0.00726001548785723	NA	NA
E-MTAB-6266_1	0.00361098763981842	-0.0177270440512123	NA	NA
E-MTAB-6266_B_1	0.00236179810702431	0.0147836922877559	NA	NA
E-MTAB-6266_B_2	0.0001542544504364	-0.0442674918518762	NA	NA
E-MTAB-6266_B_3	0.000340735447813179	-0.0672919022352131	NA	NA
GSE74220_1	-0.0047285795536862	-0.00661572181708327	NA	NA
GSE114007_1	0.00110580275984606	-0.0392320367340411	NA	NA
GSE109503_1	0.000582910294259836	0.00554324387793753	NA	NA
GSE109503_2	0.00282096648255488	-0.00875193912670436	NA	NA
GSE109503_3	0.00102972281860158	0.015198689965805	NA	NA
GSE109503_4	-0.00450431611125973	-0.0191378943263662	NA	NA
GSE109503_5	0.00107535761502622	0.0187030572032159	NA	NA
GSE109503_6	0.000119890546912901	-0.0127266526303525	NA	NA
GSE109108_1	0.00257937497220689	-0.000131387675970715	NA	NA
GSE109108_2	0.000218313154962395	-0.0140619143818489	NA	NA
GSE109108_3	-0.00917431192660551	-0.0191804095942262	NA	NA
GSE109108_4	-0.00657894736842105	0.00959867457141177	NA	NA
GSE70667_1	0	0.0251405751310839	NA	NA
GSE87608_1	0.0031122259383129	0.00787189194655809	NA	NA
GSE87608_2	-0.00321010959047769	0.0501015538483304	NA	NA
GSE87608_3	-0.017485820979415	0.00717031938930574	NA	NA
GSE87608_4	-0.0172691864470781	-0.0407214498952241	NA	NA
GSE90890_1	0.00444434571574105	0.0531461861474526	NA	NA
GSE97118_1	-0.00199390260981018	-0.0618432126870053	NA	NA
GSE97118_2	-0.00692784716497954	-0.0325003534885699	NA	NA
GSE97118_3	-0.00203336622419783	-0.0498337187152995	NA	NA
GSE97118_4	-0.00243559970416692	-0.0321956471385045	NA	NA
GSE97118_5	0.000412531978307099	0.0151621052284133	NA	NA
GSE97118_6	0.00210170034244054	0.00506107718743434	NA	NA
GSE97118_7	-0.00244493754109139	-0.018756924954774	NA	NA
GSE107592_1	-0.000260504334017849	0.008048031977416	NA	NA
GSE92641_1	-0.0159943053239312	-0.0727738613187851	NA	NA
GSE107849_1	0.00562576388197076	0.018391587894156	NA	NA
E-ERAD-89_1	0	-0.00983827124156555	NA	NA
E-ERAD-89_2	0	-0.0011691080464212	NA	NA
E-ERAD-89_3	0	0.000700343932690061	NA	NA
E-ERAD-89_4	0	-0.00697207893021409	NA	NA
E-GEOD-45893_1	0	-0.0216232523370487	NA	NA
E-GEOD-53105_1	0	0.00802897260327867	NA	NA
E-GEOD-53105_2	0.00126742135128041	-0.0159145887318362	NA	NA
E-GEOD-54461_1	0.000268647153473863	0.0449813111283615	NA	NA
E-GEOD-54461_2	-0.00286433449747532	0.0380888402101613	NA	NA
E-GEOD-54461_3	0.00242659587843891	0.0494065033352352	NA	NA
E-GEOD-54461_4	0.000672343669800526	0.0503305835634835	NA	NA
E-GEOD-54461_5	3.82298972024602e-05	0.0509523763351509	NA	NA
E-GEOD-54461_6	-0.00138026813761231	0.0440655900759745	NA	NA
E-GEOD-54461_7	0.00145866547880508	0.0399032423612639	NA	NA
E-GEOD-54461_8	0.000720321471316204	0.039648901149949	NA	NA
E-GEOD-73372_1	0.00729909143105609	0.030958897107651	NA	NA
E-GEOD-73372_2	0.00543643379878113	0.00567809178131165	NA	NA
E-GEOD-73372_3	-0.00493538418721475	-0.0335434782756922	NA	NA
E-GEOD-75549_1	0.00228863857847268	-0.0422461279250717	NA	NA
E-GEOD-76988_1	-0.00888818866607876	-0.0596295403947234	NA	NA
E-MTAB-2923_1	0.0010836805004718	0.00135806982266242	NA	NA
E-MTAB-2923_2	0.000458105317229083	0.00460823001383304	NA	NA
E-MTAB-2923_3	0.00318152352923666	0.0111693950233091	NA	NA
E-MTAB-2923_4	0.00330943122304364	0.0348785845703204	NA	NA
E-MTAB-3428_1	0.00296593074256952	0.000391980118576552	NA	NA
E-MTAB-3428_2	-0.0295418689320388	-0.0799328828605588	NA	NA
E-MTAB-3428_3	0.027037004184132	0.0994165135535045	NA	NA
E-MTAB-3428_4	0.0046661262638496	0.010512450113119	NA	NA
GSE102856_1	-0.00929960999063891	-0.0270258447910631	NA	NA
GSE103492_1	-0.0107331327044095	0.00709775224303615	NA	NA
GSE103492_2	-0.00989304982663826	-0.0320930577367489	NA	NA
GSE103492_3	-0.021918993406217	-0.0238225069801796	NA	NA
GSE103492_4	-0.0128961511077813	-0.00050391470861435	NA	NA
GSE103492_5	0.0139773562602189	-0.0134802766352299	NA	NA
GSE103492_6	0.00161430312852105	-0.00783735517971519	NA	NA
GSE103492_7	-0.00303419718712072	0.00602866497175981	NA	NA
GSE103492_8	0.0146634081984696	-0.00989439316672582	NA	NA
GSE103492_9	0.00773296176065789	-0.0136880286633241	NA	NA
GSE103492_10	-0.00834972063551519	-0.00488162461349475	NA	NA
GSE106259_1	0.00308590246752072	0.0088323073436302	NA	NA
GSE110303_1	-0.000559203315863939	0.0332574900473469	NA	NA
GSE110303_2	-0.0153310502283105	-0.0268646292576845	NA	NA
GSE110303_3	0.0466834739914826	0.0990640332352947	NA	NA
GSE110300_1	-0.0283625730994152	-0.050499549788964	NA	NA
GSE110300_2	0.0348994422849417	-0.0166135078954238	NA	NA
GSE110300_3	0.031331598604398	0.0250069304494355	NA	NA
GSE110281_1	0.00537709789470337	0.0191328855157342	NA	NA
GSE110281_2	0.0148567120880627	0.0198946771738354	NA	NA
GSE110281_3	0.00559868311452011	0.00214392640757331	NA	NA
GSE104459_1	0.00404418056714859	0.0651999463852812	NA	NA
GSE104459_2	0.00452892371927224	0.0854917592753299	NA	NA
GSE104459_3	0.00615553474749226	-0.0126726672233907	NA	NA
GSE110051_1	-0.00386664566674316	-0.021373324580084	NA	NA
GSE110051_2	0.00337430176563991	0.0298172681897257	NA	NA
GSE110051_3	-0.000352241941287773	0.00294959106532133	NA	NA
GSE112694_1	-0.000921308524528265	0.0239870239514291	NA	NA
GSE112694_2	-0.000962503309320174	0.0205603419902989	NA	NA
GSE112694_3	-0.00736963282950949	-0.0117389693660752	NA	NA
GSE112694_4	-0.00459601580569113	-0.00999743359860988	NA	NA
GSE97232_1	0	-0.0306107745228046	NA	NA
GSE114079_1	-0.000928381962864721	-0.000131272136324564	NA	NA
GSE114079_2	-0.00238269794721408	0.000236034189930162	NA	NA
GSE114079_3	0.0141414141414141	0.0515193148339824	NA	NA
GSE114079_4	0.00623225152129817	0.0689755181737094	NA	NA
GSE104828_1	-0.00335832123749045	0.015804370031187	NA	NA
GSE114521_1	0.00486443381180223	-0.00313681917120218	NA	NA
GSE114521_2	0.0228487064116985	0.059705932677433	NA	NA
GSE112413_1	0.0137822362000736	0.00527858715353743	NA	NA
GSE112413_2	0.00777008441237375	0.0150683061982206	NA	NA
GSE101909_1	0.00749600520197826	0.0384892379988909	NA	NA
GSE101909_2	0.000647228286847442	0.00917859070107029	NA	NA
GSE114919_1	0.000632189494616037	0.031704287464184	NA	NA
GSE114919_2	-0.00532407904799207	0.021048584839532	NA	NA
GSE114919_3	0.000703038436016104	0.037902377944449	NA	NA
GSE114919_4	0.0022952065908185	0.0205940304700764	NA	NA
GSE114919_5	-0.00103657063553706	-0.0156175379033692	NA	NA
E-MTAB-5879_1	-0.00249942035188671	-0.053236238442002	NA	NA
E-MTAB-5879_2	-0.00650536903813868	-0.0319521200856121	NA	NA
E-MTAB-5879_3	-0.00360003410464181	-0.0438254444592699	NA	NA
E-MTAB-5879_4	-0.00221414808727904	-0.0320953725995496	NA	NA
E-MTAB-5879_5	-0.00736757102025855	-0.0645746661661546	NA	NA
E-MTAB-5879_6	-0.00262349127446603	-0.0298215312875833	NA	NA
E-MTAB-5879_7	0.0193784228703177	-0.00447385285886953	NA	NA
E-MTAB-5879_8	0.0177102717770736	-0.00231156148056088	NA	NA
E-MTAB-5879_9	-0.00041643236048417	-0.0314187404036448	NA	NA
E-MTAB-5879_10	0.00762856472553472	0.018576622803991	NA	NA
E-MTAB-4294_1	-0.00549807258741375	-0.0413864621601837	NA	NA
E-MTAB-4294_2	-0.00419182165115844	-0.05425653792333	NA	NA
E-MTAB-4294_3	-0.00619587198011365	-0.0315823450308791	NA	NA
E-MTAB-3186_1	0.00638354332790443	0.0525536204668138	NA	NA
E-MTAB-3186_2	0.0096726453250209	0.0250901092703217	NA	NA
E-MTAB-3186_3	0.013896792350566	0.0429008373844339	NA	NA
E-MTAB-3186_4	0.00838896325086398	0.0572656582872168	NA	NA
GSE114919_Rat_1	-0.00106449588312384	0.0407913688437549	NA	NA
GSE114919_Rat_2	0.00231909655151586	0.0159660790734322	NA	NA
GSE114919_Rat_3	0.00106121008389367	0.0490696288025056	NA	NA
GSE114919_Rat_4	0.000552176134946835	0.0462746045971409	NA	NA
GSE114919_Rat_5	0.000632510783029715	0.0359122712776614	NA	NA
