comparisonID	jaccard	cosine	sigjaccard	chrDir
22659600_1	0.00524729695915941	0.0113221754713994	-0.00279581125641572	-0.00375896013870564
24361742_1	0.0315524358638863	0.0986210457410685	0.00574712643678161	0
GSE72258_1	0	-0.0324072819417559	0	0
GSE72258_2	0.000564334085778781	-0.0163167421981024	NA	0
GSE69531_1	0.0118855240975892	0.0228488286349421	NA	NA
GSE69531_2	0.0211324333217407	0.0516400287300742	NA	NA
GSE69531_3	0.0109042037798867	0.0370180230456972	NA	NA
GSE69531_4	0.0118855240975892	0.0228488286349421	NA	NA
GSE58203_1	-0.0166156500501077	-0.0521743369554297	-0.000358964670319289	-0.0163671157581591
GSE58203_2	-0.0086147922761188	-0.052492111088374	-0.00329589475338647	-0.0180515612321094
GSE58203_3	-0.0195869602367214	-0.0663682069429747	-0.0057847775417166	-0.0151563107029412
GSE58203_4	-0.0164483867011359	-0.0569524113233298	-0.01267608946839	-0.0143910675001415
GSE58203_5	-0.0221422668631697	-0.083769173711943	0.00515463917525773	-0.00994784515642283
GSE58203_6	-0.00663714130927601	-0.048407997637616	0.000237978681665324	-0.00371701343472901
GSE58203_7	-0.00646417527968849	-0.0285935758105247	-0.00257898711308242	-0.000847110678466826
GSE58203_8	0.00855361270116756	0.0265989468194137	-0.0061712855540723	0.00946236649436111
GSE59642_1	-0.011780857066385	-0.036384070419447	NA	NA
GSE59642_2	0.0134862192303956	0.0265657551780097	NA	NA
GSE59642_3	0.0269916966229925	0.0754224668898463	NA	NA
GSE64922_1	-0.0385728703965383	-0.0963313209268238	0.00296745871313338	-0.0510169968560507
GSE60162_1	0.00483693196801165	0.0163095486736185	NA	NA
GSE31685_1	-0.0229575075095451	-0.0635875429763676	0.00481508939662513	0
E-MEXP-3890_1	0.0373359953718357	0.085109830111669	0.00545907395187629	0.00561368391698758
GSE31980_1	-0.00658954472952186	-0.0279996317980932	0.00143017933627184	0
GSE15615_1	-0.0331150647626452	-0.0972239881334933	-0.00375062717421304	0
GSE15083_1	0.000142753803805111	0.0475061073309328	NA	0.0167125668478471
GSE108035_1	0.0108721631614802	0.0251200486230607	0.0015737218151197	-0.000438504191632221
GSE108035_2	0.0130302088985393	0.0389216547158965	-0.00163657181595738	0.00125641015088112
GSE108035_3	0.0131686762842492	0.0580158696154628	-0.00112031440114258	0.032813216067811
GSE21959_1	0.0040370387087005	-0.00019576326436219	-0.00378761251221979	-0.00168842903119387
GSE21959_2	0.00668698081119683	0.00816252005516725	0.00115765604487409	-0.000815236450684697
GSE24742_1	-0.000261319485858597	-0.0300779410458583	NA	0.00703406418238691
GSE24742_2	-0.000410002184463399	-0.0458621225525459	NA	0.00894227945995737
GSE24742_3	-0.0117127722522253	-0.0711783194737989	NA	-0.0206826602223074
GSE74668_1	-0.0158388913589417	-0.065664832383976	NA	NA
E-GEOD-10024_1	-0.0133131049943436	-0.0493310388665098	NA	NA
E-GEOD-10024_2	-0.0178196166923372	-0.0421958721326363	NA	NA
E-GEOD-12860_1	-0.00695471331456671	-0.00367628399783495	NA	NA
E-GEOD-12860_2	0.0026530857709321	0.0202084913483202	NA	NA
E-GEOD-12860_3	0.000948852108468883	0.0145827203815209	NA	NA
E-GEOD-12860_4	-0.00888703661544577	-0.0174106923829773	NA	NA
E-GEOD-12860_5	-0.00593920711292204	0.00893097487280664	NA	NA
E-GEOD-12860_6	0.00560901354051847	0.0189942158854203	NA	NA
E-GEOD-12860_7	-0.00528890437191689	-0.00478385744550264	NA	NA
E-GEOD-12860_8	-0.0107497929792251	-0.00305841538878729	NA	NA
E-GEOD-14359_1	-0.00473396011618211	-0.014378428894039	-0.00330270333466214	0.0027033127144465
E-GEOD-14359_2	-0.0497159907005309	-0.10336537764626	0.00104748173270754	-0.0191036609249759
E-GEOD-1919_1	-0.0236552300930981	-0.080473813878982	NA	NA
E-GEOD-1919_2	-0.0261954630631196	-0.0936178972947989	NA	NA
E-GEOD-1919_3	-0.0176546361450813	-0.0679942243305208	NA	NA
E-GEOD-1919_4	-0.0418973284753201	-0.0961012918518432	NA	NA
E-GEOD-1919_5	-0.0409275192645268	-0.114061693401904	NA	NA
E-GEOD-1919_6	-0.0147551390162092	-0.0536502755003669	NA	NA
E-GEOD-1919_7	-0.0150674437536972	-0.0391537935564443	NA	NA
E-GEOD-1919_8	-0.0230787794514458	-0.0529942722483686	NA	NA
E-GEOD-1919_9	0.00327167119283976	0.0373754457800915	NA	NA
E-GEOD-19664_1	0.000173384808713963	0.026611929526035	NA	NA
E-GEOD-19664_2	-0.0194383955922897	-0.0578149751286684	NA	NA
E-GEOD-19664_3	-0.00362760051198789	0.00645280119421134	NA	NA
E-GEOD-19664_4	-0.00521985952661826	0.0129815996473836	NA	NA
E-GEOD-19664_5	-0.0244270442210817	-0.0850306365676867	NA	NA
E-GEOD-19664_6	-0.00233678064716201	0.00430655086649382	NA	NA
E-GEOD-43923_1	-0.0337512165462276	-0.0709427467549716	0.00176153471598024	-0.0138028246496687
E-GEOD-51812_1	-0.000915742650087311	-0.00503134427190174	-0.000141537897401074	0.00376465237495652
E-GEOD-51812_2	-0.00353651382447405	-0.0134296976040165	-3.26263313660136e-05	-0.000686877780315846
E-GEOD-68760_1	-0.0315549991730211	-0.0856418374595599	-0.00726190967936854	-0.0191845700651717
E-GEOD-82107_1	-0.000318998872818393	-0.00382254673105346	0	0.000619607611477167
E-GEOD-9451_1	-0.0234622321183067	-0.0584601980117467	0.00422483438405221	-0.017444653961247
E-GEOD-9451_2	-0.0386251082792681	-0.0820634435974553	-0.000366495815093643	-0.0108845338929343
E-GEOD-9451_3	-0.0115270916913355	-0.0242558272734055	-0.00431425919192184	0.000729757567369711
E-GEOD-9451_4	-0.0185308416345189	-0.0405771982337765	-0.00454000733004646	0.00398147152122284
E-MEXP-2019_1	0.0536399738645806	0.175965539433108	0	0.00554249054997298
E-MEXP-2019_3	0.0427127924365862	0.207592131064718	NA	0.00741541155739312
E-MEXP-2019_4	0.132794102926843	0.309418232157652	0.0408334919208862	0.126784247648789
E-MEXP-2276_1	0.000748536975899028	-0.0121139629387181	NA	-0.0048225784431811
E-MEXP-2488_1	-0.0130192050791015	-0.0289992632417102	-0.000255466471464342	0.0122533219311521
E-MEXP-3129_1	0.00800854746416659	0.0343788071630178	0.0039561946410703	0.000283809909180829
E-MEXP-3474_1	0.00232351771977009	0.00599011107871517	NA	0
E-MTAB-3010_1	0.00889274453460599	0.0322853377498967	NA	NA
E-MTAB-3010_2	0.00351226707376374	0.0174976516303324	NA	NA
E-MTAB-3010_3	-0.00141270672759848	-0.000405929714530237	NA	NA
E-MTAB-3010_4	-0.0262643921517767	-0.0676961772607052	NA	NA
E-MTAB-4152_1	0.0073491656368163	0.0220493276009859	-0.00277080441596538	-1.28564025256642e-05
E-MTAB-4152_2	0.000618126620862356	0.00301571287464115	-0.0117057232033767	-0.00436368904928743
E-MTAB-4152_3	0.00526160940398929	0.0250988624581852	-0.00775675361928601	-0.00198485483176331
GSE100609_1	0.0119048396713514	0.0113606331318477	NA	0.00339054202078369
GSE100786_1	-0.000306259899072216	0.0261991972875717	NA	-0.00214698705116796
GSE100786_2	-0.000624450808962773	0.011592479879631	NA	-0.0232499789187969
GSE103697_1	0	-0.00098775363675372	NA	NA
GSE103697_2	0	-0.0128707260316054	NA	NA
GSE103697_3	0	-0.00134346974233843	NA	NA
GSE104113_1	-0.0212524089648943	-0.0587103555620359	NA	NA
GSE104113_2	-0.0124348548489268	-0.0138473862170915	NA	NA
GSE104113_3	-0.0212524089648943	-0.0587103555620359	NA	NA
GSE10575_1	-0.0196326472647594	-0.0441762138050756	0	0.00156761871872192
GSE10575_2	-0.0139503711112003	-0.0416962625232822	-0.00653475728712937	-0.00222636353285415
GSE10575_3	0.0248814428946	0.0690357815495114	-0.00423410926367147	0.0183325383522147
GSE13604_1	0.00427871842170821	-0.00145787352039265	-0.0107729670734416	0.00243920536609342
GSE13837_1	0.00461445820884746	-0.0100126957999919	0	0.0134749230089033
GSE13837_2	0.00440650693743711	0.0063784980530063	0.00236582266106169	0.00810307512140746
GSE13837_3	-0.00221728386457667	-0.00764057006617183	0.00421779008151337	0.00200531759748222
GSE13837_4	-0.010741586783566	-0.0497857615319483	-0.0041682166265987	-0.00547773327822037
GSE13837_5	-0.000367472229901167	0.0248419298739144	-0.00649350649350649	0.00290751756140691
GSE13837_6	-0.00323484148477353	-0.00835401638872139	0.00119146959274916	0.00303249697303684
GSE13837_7	0.00151233805903564	-0.0217020858961658	0.0068851218031917	-0.0025203016528579
GSE13837_8	-0.0289432600076319	-0.0695619437575288	-0.0120616852858569	-0.0146626427617627
GSE13837_9	-0.00642914462945366	-0.0275702787082742	-0.00454398299523378	-0.000116200292921529
GSE13837_10	-0.00441790950484034	-0.00596856335681403	-0.00413456996376377	-0.00347133249791812
GSE13837_11	0.000363609852383637	-0.00454717447752851	-0.00568080483553763	-0.00303901922159711
GSE13837_12	-0.000875148133660689	0.0104308648411238	-0.0131741883322026	0.00622991780189048
GSE13837_13	-0.0194105106406796	-0.0597160082963479	-0.00379447748343045	-0.0167600262174217
GSE13837_14	-0.0174186651260458	-0.0528526977402288	-0.00251997398736529	-0.0227083033524257
GSE13837_15	-0.0226574956451502	-0.0599662358735926	-0.0072366376627694	-0.0169784749919003
GSE13837_16	-0.0192009311136217	-0.056878756415659	-0.00516653069580684	-0.00477179856030539
GSE13837_17	-0.0177962024921452	-0.0554836100409614	-0.0036231884057971	-0.0221138084737774
GSE13837_18	-0.0210799007228858	-0.062832413219957	-0.00557522123893805	-0.0238401032215295
GSE13837_19	-0.0188291493299422	-0.0713619632717098	-0.00268969725455769	-0.0210294807958648
GSE13837_20	-0.0179814717949451	-0.0619773915827398	-0.00271359998874922	-0.0152004733574744
GSE13837_21	-0.0104719066107696	-0.0169775985148526	-0.00706513864391791	-0.013008787406166
GSE13837_22	-0.0066719913736358	-0.00620237882746091	-0.00290853761697322	-0.00336426891049746
GSE13837_23	-0.012725639425971	-0.00208100676470861	-0.00800853214296053	-0.00936643543394812
GSE13837_24	-0.00726067898533315	-0.019552243799956	-0.00215193877910792	-0.00826493467925439
GSE16464_1	0.048672358851045	0.124533652299828	NA	NA
GSE16464_2	-0.0182188083742197	-0.0723175898582981	NA	NA
GSE19060_1	-0.00680473297998498	-0.046812221993806	0	0.0077706837273768
GSE27372_1	0.00169098225411881	0.0143295122431952	0.00564664173723033	0.00733758402618736
GSE27390_1	0.00401969058205115	-0.0175262633500735	-0.00510296857394661	-0.000877191886230866
GSE29106_1	0.0004864789810952	0.00457191099982149	NA	NA
GSE29107_1	-0.0117835130080527	-0.0299718809732056	NA	NA
GSE29107_2	-0.0270637899898565	-0.0925279433507258	NA	NA
GSE29745_1	0.0219970793207602	0.0579041619437808	NA	NA
GSE29745_2	-0.00782003992508706	-0.0347128217687923	NA	NA
GSE29745_3	0.0116229864786782	0.0281051240976159	NA	NA
GSE35546_1	-0.00411081544933945	-0.0176305932627788	NA	NA
GSE35546_2	-0.00831861715778008	-0.0194531892387764	NA	NA
GSE35546_3	-0.00381196561495885	-0.0166540750766271	NA	NA
GSE35546_4	-0.0043301889040226	0.0199394175033372	NA	NA
GSE35546_5	-0.00417770038441706	0.0195755621324004	NA	NA
GSE35546_6	-0.00489811921418756	0.0205167601702103	NA	NA
GSE35955_1	-0.00808538445371545	-0.0482425790670751	-0.0021117040853883	0.000210122656046082
GSE35956_1	-0.014371148870504	-0.00272832113347565	0.00072189895406416	-0.0231721981721982
GSE35957_1	-0.0219518342178696	-0.0798488318099266	-0.00177706933203423	-0.0520737192725308
GSE35958_1	0.00992123363048167	0.032723881159034	0.00412214176866752	-0.00170119096260198
GSE39340_1	0.0106503077560687	0.0264801611526447	NA	-0.00313050377342931
GSE39340_2	0.000100817502052149	0.0249370716536512	0	0.00287473015647751
GSE39340_3	0.00234153674755243	-0.000784000506592969	0	-0.00625515626328899
GSE39795_1	0.000968189033645688	0.0160949200316718	NA	0.0056581634591226
GSE39795_2	-0.00708521973175054	-0.00616525130791958	0.00135726251069979	-0.00487921631680738
GSE39795_3	-0.0112552279044136	-0.0228064433111795	-0.00333333333333333	-0.00998709671036382
GSE41038_1	0.00250463557339508	0.000832394282491704	NA	-0.00945431336056336
GSE41038_2	-0.00891841459163478	-0.0309981061609996	NA	-0.00459810897171905
GSE41038_3	0.000847710630409258	-0.025907814680583	NA	-0.00455777719840093
GSE41992_1	0.0371738588049204	0.0567440753536698	NA	NA
GSE42235_1	-0.00520542596883169	-0.00996598173076623	-0.00413008130081301	0.00121027482172933
GSE42235_2	-0.00996894327566179	-0.0324546333457864	0.00832827976551445	-0.0167083763159133
GSE42235_3	-0.00697620288133542	-0.0172920037133783	0.00396734169709442	-0.00155919697587335
GSE42235_4	-0.00507052726182715	-0.000730042357100617	0.00880313308512753	0.00655043738132328
GSE45233_1	-0.013427627370166	-0.0420742145793661	NA	0.00895715762872915
GSE45233_2	-0.00960374571079836	-0.0567074988516159	0	0.00868643288615929
GSE45233_3	-0.0023925798649773	0.00385792681860941	NA	0.00117266661374282
GSE45233_4	0.00630568948011301	0.00853679129962898	0	0.020833929886203
GSE46053_1	-0.0229784781023008	-0.0489066755762755	-0.00858376032867101	-0.00957864484491592
GSE46053_2	-0.0317709309137768	-0.0446675545046422	-0.00876089558542844	-0.00421609945199635
GSE46750_1	-0.0426410447351472	-0.122841096931722	NA	0
GSE51588_1	-0.00575025962232925	-0.00481651376135207	0.00494546633278085	-0.0109443085477955
GSE52817_1	0.000579242374321005	0.0191071367686168	NA	NA
GSE52817_2	0.00406636473882496	-0.0178115895963986	NA	NA
GSE52817_3	-0.0149337143888145	-0.0473407299591524	NA	NA
GSE52817_4	-0.00350513018552844	0.026809860820626	NA	NA
GSE55235_1	-0.0293924389597534	-0.0957923172954586	-0.00242459624384521	-0.0126096024641932
GSE55235_2	-0.0407931837386896	-0.0834049655421054	-0.00837853466980182	-0.0149587284765552
GSE55235_3	-0.0209516059330982	-0.0223801429831568	-0.000754259575226986	0.00282805711555916
GSE55457_1	-0.00950638306958953	-0.0432130359978606	0.00744617025818536	-0.0129243327092115
GSE55457_2	-0.0112200645713913	-0.040241608672585	0.00668270692262523	0.00817999824775768
GSE55584_1	-0.0162675576525181	-0.064758944913013	0	-0.0140404172705336
GSE57218_1	-0.000138135720588942	0.0380960187738018	0	-0.00538189537537647
GSE57218_2	0.00263963503517306	0.0343163628628338	0.0140350877192982	0.00647484212650782
GSE57218_3	0.00353096493202102	0.0209537657733984	0.0153566316793893	0.00919874170349817
GSE60762_1	-0.0124895164629639	-0.0422552449597524	NA	-0.0266493729066154
GSE62914_1	-0.000900833090610727	-0.00730137101713885	NA	0.0100092970565412
GSE62914_2	-0.0143836890176579	-0.034850846343411	NA	0.00104176132384015
GSE62914_3	-0.00220778083474353	-0.0418102111713939	0	-0.00176796802433534
GSE62914_4	-0.00594691732750234	-0.00351689505509482	0	0.00381201593891343
GSE64394_1	0.00718082345115291	0.000838795454163974	NA	-0.00234481815695925
GSE66635_1	0.00196235797689862	0.0237921290225944	NA	0.0013994379109796
GSE68038_1	-0.016801097738062	-0.0238779097301757	-0.00887554220887554	-0.020870434209434
GSE68428_1	-0.0338180092409175	-0.0598405935568153	-0.00587769083691008	-0.016435192046729
GSE68428_2	-0.0304246082866936	-0.0772339909470782	-0.0053699532143476	-0.0197477105227864
GSE68428_3	-0.0188454948511955	-0.0374440379398371	-0.00333780357025954	-0.0225912592526116
GSE69459_1	0.0174535464386231	0.0487401947300024	NA	NA
GSE69459_2	0.0107911007730328	0.0327151178591019	NA	NA
GSE69459_3	0.00139917801613348	-0.00271393324735705	NA	NA
GSE69459_4	0.0209315049245885	0.0355599854271049	NA	NA
GSE69992_1	-0.00592280477776876	-0.0118058697535716	-0.000552965868649939	-0.000252059094879109
GSE70719_1	-0.0143103908831679	-0.018819766436434	-0.00307765151515152	-0.014817184532463
GSE7116_1	-0.00368923555032017	-0.0199257031874514	0.00276243093922652	-0.00649382851078814
GSE7116_2	-0.00713524505156717	-0.0230106938720245	NA	-0.0043268110506887
GSE7116_3	0.00339961011113931	0.00111980047235085	0	-0.00883658951877696
GSE72575_1	-0.00526236650806157	-0.0128591919208813	-0.0041916198823547	-0.00730218280734592
GSE72575_2	0.00875199335070174	-0.0216626290586155	0.00222333968573244	0.00737693796417587
GSE72575_3	-0.00215838430409366	-0.0133272096860637	-0.0044722764911641	-0.00214562382137222
GSE72575_4	-0.000291869002880826	-0.0355713960134237	0	0.000350217245501998
GSE75181_1	-0.0030899443226721	-0.00417771626243984	-0.00291480578400695	-0.00184184811734374
GSE75181_2	-0.0305248727680108	-0.0863481921279259	-0.00761307166686764	-0.0224763129956454
GSE75181_3	-0.0140034645195689	-0.0268440137746695	-0.00825369553904078	-0.00827685012917515
GSE75230_1	-0.00810384856923481	-0.0350496773180479	-0.00620167698544246	-0.00492271879338026
GSE7669_1	0.00319530414797203	-0.00552218872209917	-0.00970873786407767	-1.80589361286499e-05
GSE77916_1	0.000415898853398853	-0.0053447870202925	0	0
GSE80614_1	-0.0030066970124236	-0.0146163442003119	-0.00218057214059498	-0.0142072350391151
GSE80614_2	-0.00367853750127858	-0.027238960082101	0.00102450359104351	-0.0157570620862737
GSE80614_3	-0.00348189415041783	-0.0371534765823909	-0.00806451612903226	-0.00905944326944724
GSE80614_4	0.000371751951610245	-0.0170189700132268	0.00162396692069938	-0.00264780382822031
GSE80614_5	-0.000668349453184071	-0.019460785870634	-0.00432695246113846	0.00164839353667306
GSE80614_6	0.000686076196241892	-0.01235791827361	-0.00278683560392996	0.00304097431607601
GSE80614_7	-0.00598531293163235	-0.0223847225191755	-0.00457686848834626	0.00183306371875714
GSE80614_8	-0.000481750349901413	-0.0177091688204998	-0.00468093306414605	-0.00458319896296173
GSE80614_9	-0.00654862590892116	-0.0355152120504707	0	-0.00278799287462843
GSE80614_10	-0.00594746593378604	-0.0320779639625801	-0.00541548938636528	-0.00214953265029637
GSE80614_11	-0.00423728813559322	-0.0431675396915377	NA	-0.0180492709904475
GSE80614_12	0.00230043936677813	-0.0336996512455618	0.00271874223216505	0.00180826595289002
GSE80614_13	-0.00150176154085526	-0.0279560473866805	0.00216561200226165	0.00694018417089936
GSE80614_14	-0.00216037297779758	-0.0249996866462848	-0.00202680807188098	0.00718828960217329
GSE80614_15	0.00346410211829609	-0.0306769534044887	0.00938082194371681	0.00830231366113545
GSE80614_16	-0.00359294409388401	-0.0309466103011174	-0.000394739431579361	0.0043323163401859
GSE85254_1	-0.03200339076732	-0.0803969569927952	-0.0035126264648244	-0.023387611800727
GSE86578_1	-0.0105931421433751	-0.0648171739963539	-0.00324675324675325	-0.0181712174215922
GSE86578_2	-0.0171994274722147	-0.064080739998635	-0.00294117647058824	-0.0179444546868237
GSE86578_3	-0.0200173553925215	-0.0625212818112946	-0.00383023465842193	-0.0198175778550564
GSE9329_1	-0.00567296678854067	-0.00501140432696171	NA	NA
GSE93698_1	0.00945754177172296	0.0232828267538511	0.00152699466253696	0.00415572300226703
GSE93698_2	0.0109309464528092	0.014005518424672	-0.0024625981623027	-0.000883313022703075
GSE93698_3	0.0282666469277087	0.0666829950609602	0.00600011936671691	0.0158072485765128
GSE93698_4	0.0119811914118423	0.0304144903807888	0.00104542431267241	0.00281587253260182
GSE93698_5	0.0215121383978281	0.0687581941988188	0.00561012530404422	0.0114267995124256
GSE93698_6	-0.00210743237373623	-0.0307105674159366	0.00495049504950495	-0.00150320126236271
GSE93698_7	0.032821133138762	0.0697014736554893	0.0128809492308154	0.0114850932066221
GSE93698_8	0.00435851887463921	0.0101793227037843	0	0.017167210942905
GSE93698_9	0.046378824604492	0.0942971105698908	0.0132730006505162	0.0148393127694641
GSE93698_10	0.0394071730876225	0.0970984303909125	0.0196150580008784	0.0216139698537524
GSE93698_11	0.00846709776864595	0.0383895461813451	0	0.0136162143886818
GSE93698_12	0.0509510642761622	0.107495943838004	0.011734930539324	0.0314211136149235
GSE93698_13	-0.031808127910062	-0.0704604769650325	-0.0107512655526536	-0.0128139008762023
GSE93698_14	0.0245430311364581	0.0315168638323955	-0.00376272795579839	0.00283152551297996
GSE93698_15	0.0439595985664222	0.0814480842043259	0.0125096059306775	0.0147299537980194
GSE93720_1	-0.03003823883055	-0.0991804181985528	NA	NA
GSE93720_2	-0.026418188975711	-0.0899539531868121	NA	NA
GSE93720_3	-0.0212447146567795	-0.0723332029153918	NA	NA
GSE93720_4	-0.0148561222149874	-0.0592741516285817	NA	NA
E-MTAB-5564_1	0.0439017899021085	0.110160269145595	0.0199352439805766	0.0137768207509526
GSE77753_1	0.010052914853613	0.0224587314795297	NA	0.00634971359379959
GSE43861_1	0.00599610103804517	0.0092532527910564	NA	NA
GSE112809_1	-0.000144833590119374	-0.0195836808736404	NA	NA
GSE111946_1	0.0253122687293173	0.0641531665162598	NA	NA
GSE111946_2	-0.0046554581073483	0.0250069313431921	NA	NA
E-MTAB-3201_1	0.00343689817471777	0.0118004608755689	5.70736587861762e-05	-0.00803562203804774
GSE57740_1	0.000568341137987462	-0.00791418269331984	NA	NA
GSE52992_1	0.00790724945781603	0.0155201866928349	-0.00969012653855391	-0.00187286950828085
GSE17160_1	-0.0147871372698082	-0.0516899620693037	NA	NA
GSE17160_2	0.00129265891013531	-0.0163894493677333	NA	NA
GSE17160_3	-0.0110627051086418	-0.0194769832235774	NA	NA
GSE17160_4	-0.0113560845027396	-0.0383344624027668	NA	NA
GSE17160_5	-0.00647347577869109	-0.0311179205801498	NA	NA
GSE17160_6	-0.00411981584014355	-0.0423921691225319	NA	NA
GSE17160_7	-0.00697702498642713	0.00625129988247999	NA	NA
GSE17160_8	-0.0286038743349694	-0.0555451463362639	NA	NA
GSE17160_9	-0.00458240263267774	0.00625931449896072	NA	NA
GSE17160_10	-0.0104298355397559	-0.00869454916452309	NA	NA
GSE17160_11	-0.00311557317193791	0.00489659329296489	NA	NA
GSE17160_12	-0.0151110263794435	-0.0166239982141311	NA	NA
GSE22971_1	0.00353057091857261	-0.000556204376519272	NA	0.00306623047150907
GSE22971_2	0.000683994528043776	-0.00504310589430514	NA	-0.00494029219655547
GSE22971_3	0.00202770198504084	0.0105702768802973	0.00454683539105405	-0.0030483705235703
GSE22971_4	-0.00251554738936065	0.00981012941412544	0.00497710796405102	0.00750201849781533
GSE13590_1	0.011398172596094	0.0237120946845578	0.00379955112009994	0.00808253162708944
GSE13590_2	-0.00184347243170773	0.0136558700671095	0	0.00924601288678959
GSE99731_1	-0.00292008660463259	0.0074658301539284	NA	-0.00285091183227653
GSE99731_2	0.000299031007930292	0.0582317786828569	NA	0.00644110507303289
GSE99731_3	0.00243393288524558	0.0143730002283026	-0.00156147462900789	0.0110296357770648
GSE27492_1	-0.00488407167472864	-0.0456343866199273	0	-0.014688628135947
GSE27492_2	-0.014534190492256	-0.0807721909664356	-0.0180015860428232	-0.0187390358897582
GSE27492_3	-0.000763392406291476	-0.0310024161250861	-0.00740597862223314	0.0126866848928194
GSE27492_4	-0.00746374191027976	-0.0248111464160369	-0.00200959204005478	0.0134717278636162
GSE27492_5	-0.0114267209138866	-0.0305296127409886	0.0024543197108444	0.00728451543608872
GSE27492_6	0.0307300595732087	0.0984741955135802	0.0217273076088951	0.0619858500482136
GSE27492_7	0.0205982043335867	0.0900265987611734	0.0316592733417828	0.0468443747773485
GSE27492_8	0.026522383873025	0.0865719201127743	0.0290998280533025	0.0388898910536807
E-GEOD-15069_1	-0.00452613886100428	-0.0426613839120124	-0.0031057387247955	-0.00762349919577518
E-GEOD-15069_2	-0.000662797026758376	-0.00592064224839259	-0.00296901374487581	0.000401039992560442
E-GEOD-15069_3	-0.0227423236635497	-0.0416881132632668	-0.00161895275733795	-0.0413123929571149
E-GEOD-15069_4	0.00539142716138508	0.0170417054542166	0.00398340285969944	-0.00276762159234795
E-GEOD-15118_1	-0.000601924222223747	0.0172827037936101	NA	NA
E-GEOD-15118_2	-0.000565610859728507	-0.000592146120988946	NA	NA
E-GEOD-15118_3	-0.00301327416302551	-0.0282672622749747	NA	NA
E-GEOD-15118_4	-0.002145567719104	-0.0154794818957215	NA	NA
E-GEOD-16007_1	0.00466065608916587	-0.00459285425477111	NA	NA
E-GEOD-17473_1	0.00580187373534153	0.0454964032577644	NA	0.00948403351345813
E-GEOD-18647_1	0.00769357085396644	0.0317075626063885	NA	0.00470617287126192
E-GEOD-18647_2	0.00863782994833892	0.0145384064758491	NA	0.0191834462495432
E-GEOD-18647_3	0.00267939354962952	0.034551004249577	NA	0.0063842947866431
E-GEOD-18647_4	0.00240862199319813	0.0146206977137113	0	0.0139275510093823
E-GEOD-18648_1	0.00582445794028754	0.0108806060914147	0.0130809077594	0.0143120591321989
E-GEOD-18648_2	0.00533607883844557	0.00698566828724542	0.00534633726770493	0.000994622739389711
E-GEOD-2154_1	-0.0110130066274475	-0.0477371234688492	0	0.00344077340787867
E-GEOD-2154_2	-0.0358741040257469	-0.138958041119058	-0.00371460611157836	-0.0314357420812769
E-GEOD-2154_3	-0.0145525099931531	-0.0670005607703328	0.00120837808807734	-0.00815944007707486
E-GEOD-2154_4	0.00435588279946274	-0.0105888829673932	0.00847358416987837	0.0132242448932377
E-GEOD-26475_1	-0.00913151798914173	-0.0356995020016636	0.00168141348989774	-0.0124275759543352
E-GEOD-26475_2	-0.00202583961641205	-0.0399199019150191	-0.0108695652173913	-0.0175459773939914
E-GEOD-26475_3	-0.0152256957751062	-0.0936268434781755	-0.00806322336571447	-0.0195601760118264
E-GEOD-33567_1	-0.0226538038252032	-0.0688992557461335	NA	NA
E-GEOD-33567_2	0.0171258218719976	0.0119644534592914	NA	NA
E-GEOD-37287_1	0.00814160269898606	0.0211004971053675	NA	NA
E-GEOD-37287_2	0.0140447678865461	0.0231476491945668	NA	NA
E-GEOD-37287_3	-0.00543190668907912	-0.00551352626690969	NA	NA
E-GEOD-51994_1	-0.010390462342586	-0.0163959939924616	0.0037253722221264	-0.00377104367567086
E-GEOD-51994_2	0.00211028047889363	0.00905425037801841	0.00630023406744015	0.0122743014291114
E-GEOD-51994_3	0.00929067336461003	0.0303214622492887	0.00694444444444444	0.0161025446579036
E-GEOD-65077_1	0.000631262715570513	0.00945808264131579	NA	NA
E-MEXP-1244_1	-0.00666568309016531	-0.0200388210343607	NA	NA
E-MTAB-1123_1	-0.0328528533240184	-0.138118704199653	-0.0158200773179542	-0.0187249752508662
E-MTAB-1123_2	-0.034452269171158	-0.131261915165362	-0.0182131088708362	-0.0235262445321312
E-MTAB-1123_3	-0.00563907801435535	-0.0220442310790757	0.000417201540436457	9.78624683755976e-05
E-MTAB-1123_4	0	-0.0689678944939494	0	0.00369657517711788
E-MTAB-1391_1	-0.0575786669903409	-0.106851052406417	-0.00515906528872294	-0.0456372403518742
E-MTAB-1391_2	-0.0485461376417365	-0.108266386807396	-0.00376407430807017	-0.0522952634117847
E-MTAB-1391_3	-0.0354001548878193	-0.0806346833648373	-0.002746693808735	-0.0406510042973974
E-MTAB-2450_1	-0.00232736501253374	-0.0140111257173899	0.00143035287083626	-0.00238604982887079
E-MTAB-2450_2	-0.00444567323410819	-0.0192243525340338	-0.00948945205778386	-0.00993594607143159
E-MTAB-2450_3	0.0200308746543736	0.043970334496805	-0.0053102325330067	0.049218364895455
E-MTAB-2450_4	0.0245750721329695	0.061172072772847	0.00556789767537692	0.0589805422384819
E-MTAB-5023_1	-0.00448126790498418	-0.0275997722191879	NA	-0.00469666337734249
E-MTAB-5326_1	0.002958008191952	0.00752058479962377	NA	NA
E-MTAB-5326_2	-0.00109565887643304	-0.00060139129186088	NA	NA
E-MTAB-5326_3	-0.00721311881772679	-0.014437961471958	NA	NA
GSE102588_1	0.00569736837775828	-0.00202899510229125	0.0029940119760479	8.84620990903029e-05
GSE104793_1	-0.0370355405804737	-0.0782319638455777	-0.00345815599873051	-0.0317615825675661
GSE104794_1	0.0126312968169402	-0.00700987918745252	-0.00327871942314583	0.0151554461197721
GSE104795_1	0.0131649064435994	-0.0101232814721914	-0.00169893371571642	0.0326828958987573
GSE105139_1	-0.000565610859728507	-0.00327271240663574	NA	0.00146179207772101
GSE105139_2	-0.0161285644034829	-0.0662269370396924	NA	-0.0121120218422297
GSE105139_3	-0.0120295573206129	-0.0675425581912052	0	-0.0225832603500417
GSE10555_1	0.00383029819164217	-0.015122121153754	NA	NA
GSE10556_1	0.00166842739811533	0.0315713149818438	0.00499392687270825	0.0117487981687938
GSE106631_1	-0.0362416165565687	-0.0775867365352172	-0.00190902922752832	-0.0256680450118463
GSE13104_1	-0.0302261963890054	-0.0564000621304531	NA	NA
GSE13104_2	-0.0134158456682827	-0.0177586053683839	NA	NA
GSE13104_3	-0.0268743295084247	-0.0886673924140877	NA	NA
GSE16749_1	0.0447494353447491	0.125614978472482	NA	NA
GSE16749_2	0.00210411965669309	0.0106704181112921	NA	NA
GSE16749_3	0.0358257946547302	0.112986059470901	NA	NA
GSE17348_1	0.0188774106365537	0.0577588843854282	NA	NA
GSE17563_1	0.0960162639540008	0.203097614374382	NA	NA
GSE17563_2	0.0290675869548324	0.0868141918555608	NA	NA
GSE17569_1	-0.016467767289182	-0.0522645263674084	NA	NA
GSE17569_2	-0.0262551343209707	-0.0589634497393085	NA	NA
GSE17570_1	-0.023979276624382	-0.0506504870458587	NA	NA
GSE17570_2	-0.018065468478787	-0.0528044203904055	NA	NA
GSE18991_1	0	0.00575358388422397	NA	0.000643675397497099
GSE18992_1	0	0.0107574705674942	NA	0.00609784159946672
GSE19299_1	0.00614157724551289	0.0132292456589885	0.00528961960602423	0.00664367580452514
GSE20850_1	0.0813917499075932	0.180149875856906	NA	NA
GSE21093_1	-0.0396878794763346	-0.0719197826799885	NA	NA
GSE21523_1	-0.0382204032655875	-0.0781744643779648	NA	NA
GSE21639_1	-0.0057274804537143	-0.0193785953602481	NA	NA
GSE21639_2	0.0327333814811353	0.111357551176924	NA	NA
GSE21639_3	0.0250104677857886	0.069564680962141	NA	NA
GSE21639_4	0.0419233313604054	0.105563132687276	NA	NA
GSE21710_1	-0.0222179967313291	-0.00459370089684895	NA	NA
GSE21710_2	-0.022539422953415	-0.00405948257293166	NA	NA
GSE21710_3	-0.0174392331876921	0.00327491533230008	NA	NA
GSE22925_1	-0.023739338658035	-0.056726647592768	-0.0107354771876569	-0.0113761510764757
GSE22925_2	-0.023639520227013	-0.0262247472572731	-0.00452761758961904	-0.0116733206053491
GSE26499_1	-0.0254396658384028	-0.0582304213652964	NA	NA
GSE30160_1	-0.0736020044251383	-0.146823107367726	-0.0138119751771325	-0.0315114712211847
GSE30628_1	0.0072713869331962	5.93839066263979e-05	-0.00425847817961668	0.00669759811277892
GSE30628_2	-0.014223519409194	-0.0375968223865058	-0.0125576160011818	-0.013647430028209
GSE32163_1	-0.00600923328849838	-0.0473270382647863	NA	-0.00100889120403124
GSE33656_1	0.0137342128724328	0.0426101554487329	NA	NA
GSE33754_1	-0.00332218248011197	-0.0336398324092838	0.000554897898786624	-0.00550858880587789
GSE33754_2	-0.00456546759920033	-0.0466068380475466	0.00103274496463707	-0.00660196408304728
GSE33754_3	0.00887642807866822	-0.0319563644535774	0.00755654895087075	0.00368109703505862
GSE34570_1	-0.0017186527160844	-0.0122660947812438	NA	NA
GSE35003_1	-0.00562176887496892	-0.0407618185869289	NA	NA
GSE35466_1	-0.0268300236598441	-0.0627530461311646	NA	NA
GSE35466_2	-0.0133397868553431	-0.0324016229576682	NA	NA
GSE35466_3	-0.0201146576071294	-0.0624005399062253	NA	NA
GSE35466_4	-0.0335467157007959	-0.13834291091659	NA	NA
GSE35466_5	-0.0162522618085763	-0.0585838208310371	NA	NA
GSE36925_1	-0.000559128294545408	-0.0282067962218222	NA	NA
GSE36925_2	-0.00753069160498971	-0.0193896290059171	NA	NA
GSE36925_3	-0.00820527740766249	-0.0211812019247344	NA	NA
GSE37219_1	-0.0190160029038672	-0.0736226788379959	NA	NA
GSE37676_1	0.000251567140953766	0.00112573092884305	-0.000169578101534585	-0.00267128607308846
GSE41342_1	0.0171205477269493	0.0526345160930507	0.00288489628980426	0.0142419110480156
GSE41342_2	0.00572896265589321	0.0622546481065217	NA	0.0224419452195508
GSE41342_3	-0.00320339340042094	-0.00913844692299753	NA	0.00650807443727302
GSE41342_4	0.00393555961162287	0.0862627665001243	0.01	0.0240768003925899
GSE41997_1	0.00800311159987966	0.0114285994082409	-0.00793650793650794	0.000180067072553838
GSE43242_1	0.000235262260323828	-0.0467406648000492	-0.00725373578063208	-0.00858834484666322
GSE43242_2	0.00320052823892403	-0.00996890763990241	0	-0.00207014767932489
GSE43663_1	0.000300987347825331	0.0186294325878989	NA	0.011449078949344
GSE43854_1	0.000575705796394717	0.0197698701457573	NA	NA
GSE45656_1	0.0743133348029138	0.209506128212174	NA	NA
GSE45656_2	-0.0165011243380645	-0.0191265126967231	NA	NA
GSE45656_3	0.0081630942982743	0.0272456726636098	NA	NA
GSE45793_1	0.000918345507625314	0.0203500443323637	-0.000455022058678062	0
GSE45793_2	0.00688774827722787	0.0265487473457543	0.00396842189595257	0
GSE45793_3	0.0122589078483564	0.025189234808858	0.00386209365867008	0
GSE45793_4	-0.00063376328954769	0.00421193244109625	0.00175102648069813	0
GSE45793_5	0.0286521992793438	0.0662850117660904	0.00207485005321468	0
GSE46390_1	0.00284342697065019	0.0642638330512497	NA	NA
GSE48438_1	0.00263990261267509	-0.0117055495390837	NA	-0.00296416349535714
GSE50549_1	-0.00389859389047837	0.00370846704813512	-0.000382110703577839	-0.00746481371561387
GSE50549_2	-0.0048676618003574	-0.00531569328986316	-0.00216730483621338	-0.0109755179277651
GSE51098_1	-0.0407296214665622	-0.0738458762754934	0.00615291225704363	-0.0168848024617828
GSE53857_1	0.00335938055178146	0.0228555905580376	0	0.00545716307395717
GSE53857_2	0.000554039948180734	-0.00751675888013713	0	0.00240983442157781
GSE53857_3	-0.00247980223240055	0.00320007950974065	0	-0.0023186092383005
GSE53982_1	-0.00784138431731568	-0.0299733760425203	-0.00335072720977878	0.00619532797337063
GSE53982_2	-0.00310722616376473	-0.0445899370403454	0.00327391401487345	-0.00636569806055861
GSE54779_1	0.00877333614254345	0.0338092279299938	0.00493907945367514	-0.00482206909816361
GSE55900_1	0.000150466690741337	-0.0713431883831478	0	-0.016971902687252
GSE57104_1	0.0209284541557496	0.062518050303234	NA	0.0232845175032267
GSE59387_1	-0.0391855543714579	-0.139560397498506	NA	NA
GSE60401_1	-0.00830647156618353	0.00716871229191146	NA	NA
GSE60401_2	0.0136432176872197	0.0516919682025973	NA	NA
GSE60651_1	0.00997492478664768	0.0449873322584793	NA	NA
GSE60737_1	-0.0312986676946732	-0.0718549006723497	NA	NA
GSE60761_1	-0.00239560427022087	-0.0261463951635541	-0.00943396226415094	-0.00934026441616574
GSE60761_2	0.00214899713467049	0.0428997837415589	NA	0.00598325520137149
GSE60761_3	-0.000830849235379336	-0.0371668730471037	0.00448717948717949	-0.00233279578582012
GSE60761_4	-0.0103177451524493	-0.0742062269966554	-0.00354609929078014	-0.00771185707146718
GSE63017_1	0.000566893424036281	-0.00282037805712539	NA	-0.0051427602362765
GSE63017_2	-0.00041235634923185	-0.0101837752982817	NA	-0.00204464172989029
GSE63017_3	-0.00077156802363567	-0.00585282295073867	0	0.00565877084257539
GSE63017_4	-0.0019105881073154	-0.0234164781948204	NA	-0.00717332003986797
GSE63939_1	-0.0166905688416856	-0.0447442130530245	-0.00144581285941387	-0.0136792776274484
GSE63939_2	-0.0188729485368376	-0.0732408944424554	0.000644129148725387	-0.0196187852944019
GSE64141_1	-0.00568247386083596	-0.00886882869280575	NA	NA
GSE64965_1	-0.0182624095716348	-0.0528923285206812	-0.00272304153934552	-0.0201500208221333
GSE65745_1	0.000717360114777618	0.0144709626868903	NA	-0.00131109923227419
GSE65745_2	0.00213371266002845	0.0254667849546419	0	-0.0102517473693207
GSE65745_3	0.00142045454545455	0.0257854656060704	0	-0.0021396174005089
GSE66416_1	-6.01463533281815e-05	-0.00487324391617425	NA	NA
GSE66862_1	-0.0113964347641061	-0.0105064202379862	0.00355147777586108	-0.0068096973998254
GSE69108_1	-0.00443777468105291	-0.0132040920617686	0.000883308347023736	0.00147085597030448
GSE71565_1	-0.0128495564435695	-0.0166020014789042	NA	NA
GSE72261_1	-0.000173106958933219	-0.0193813248127139	0	-0.0030783585854599
GSE72261_2	0.00500097311373843	0.00201224827014927	-0.000678376133597149	-0.0110840097626668
GSE72261_3	0.00222648905260784	-0.00167909109381032	-0.00440179715485256	0.000959390647709913
GSE7683_1	0.000163015273225465	-0.0115383745290797	0	0.00300617183840065
GSE7683_2	0.00221745922546702	0.00451000657141864	0.00195550589191386	-0.00317955720615617
GSE78980_1	-0.0171198355431299	-0.0555843656960452	NA	NA
GSE78980_2	0.00014630427493183	0.0629875666239357	NA	NA
GSE78980_3	0.00384346557342398	-0.0103520913830324	NA	NA
GSE78980_4	0.00286933978479161	0.0166026368460898	NA	NA
GSE78980_5	-0.000838334396299341	0.010723954647175	NA	NA
GSE78980_6	-0.000147454872259473	0.0147023122598637	NA	NA
GSE78980_7	0.0305626787380281	0.0866080606166853	NA	NA
GSE78980_8	0.0274724425375252	0.079860071385282	NA	NA
GSE78980_9	0.0268961441131584	0.0785701477265423	NA	NA
GSE78980_10	0.0269864168997803	0.0815278535829927	NA	NA
GSE81399_1	0.00922300631721273	0.0389538012966611	NA	0.0126552641912245
GSE84609_1	0.0295182542303915	0.0747439181844848	0.0157935679600134	0.0216854164543845
GSE84907_1	-0.0162491840079135	-0.0160257337059663	0.00572571581426777	-0.00551206187893483
GSE84907_2	-0.00385304769555216	0.00367967129718091	-0.00137948438718409	0.00632698091249788
GSE84907_3	0.0116560016623092	0.0290903849695322	-0.00220764727493688	0.0255100871820569
GSE90127_1	-0.0372365647170036	-0.083329461540899	NA	NA
GSE90127_2	0.00672975739588442	0.0265250809960612	NA	NA
GSE90127_3	-0.0356063020079319	-0.0888217108923671	NA	NA
GSE9247_1	-0.00742596351504344	-0.0137577899218093	0.00781205859740948	-0.00667614680234144
GSE9247_2	-0.01625597191383	-0.0475008643322713	-0.00105552526278625	-0.0502875777933434
GSE9247_3	0.00396503403437431	0.013196597697792	-0.00193649982975826	0.00373037911559411
GSE99306_1	0.000307161697303743	0.00641852952467233	0.00070570968268383	-0.00810360014445475
GSE99306_2	0.00405253583764527	-0.00311526063140788	-0.000805708300602252	-0.0040981219012443
GSE99306_3	0.000194480038909883	0.0133071595749426	-0.00494811125374763	-0.000152960628312741
GSE99306_4	-0.00140556796244277	-0.0168135714033757	-0.000565293238406026	0.002542265918225
GSE99306_5	-0.00308782911772959	-0.0207666950761584	-0.000923760791643372	-0.00757116018894073
GSE99306_6	0.00438976471927009	-0.00786813532906724	0.00210082915769776	0.00751128073312712
GSE99306_7	-0.0135096214109215	-0.0214911245153752	0	-0.0117410359209027
GSE99306_8	0.00238232416261861	-0.00458620775341678	5.71526090892682e-05	0.00217465742501769
GSE99306_9	-0.000554830772133804	-0.0156129742990519	0.000896876344681754	0.00531854892236583
GSE99306_10	-0.0032100185675335	0.0300733690224427	-0.00555555555555556	-0.00894455751895419
GSE99306_11	0.00258405314090545	-0.0145738235057794	0.000385261371438126	-0.00454685210462963
GSE99306_12	0.00325240058418761	-0.00893501394760579	0.00235406969106077	0.00351732387561946
GSE99306_13	-0.00350397071496103	-0.00727471199559059	-0.00423161381489417	0.00518872358064934
GSE99414_1	-0.0038275219840952	-0.114127821305771	0.00477091541669547	-0.0180655695638262
GSE110581_1	-0.00743216722857659	-0.0182279976480278	-0.00090609177997367	-0.00237435328898744
GSE110581_2	-0.00156473547801757	0.0385187023715887	0	0.0113789162688297
GSE47799_1	-0.00601966541968332	-0.00383112163718301	8.54408749145583e-05	-0.00565757640484152
GSE47799_2	0.00346104952154071	0.0243120327435039	0.00128515552244366	-0.006081593760856
GSE47799_3	-0.00278990805496648	-0.0243580483198261	0.00336112478464189	0.00616908052076407
GSE111628_1	0.00715714617220984	0.0434944001879517	NA	NA
GSE111628_2	-0.00222965440356745	0.00667032246171273	NA	NA
GSE111628_3	0.00310985833839357	0.0291023828267334	NA	NA
GSE5657_1	-0.00161453498530772	-0.0188553785145644	-0.00695553983567302	-0.00669519129470005
GSE5657_2	-0.00109409190371991	-0.0574386525309965	0	-0.00780458555723836
GSE13782_1	-0.0485093687138672	-0.112495349459009	-0.00976869914109149	-0.0269686675018959
GSE41039_1	-0.00217195271957298	-0.071140001671337	0	-0.0176829143360584
GSE84198_1	0.00289709913140875	0.00232659961235799	0	0.00366814057398933
GSE84198_2	0.00126817983242973	-0.00326079720234438	0.00218439648586707	-0.00486832281654921
GSE84198_3	0.0252265493159403	0.0470443535003528	0.00141357897769818	0.0124406462827385
E-GEOD-54216_1	-0.0201947935745592	-0.0204796258024828	0.00185933783308897	0.00197205577068557
E-GEOD-54216_2	-0.0206902866432976	-0.0363838775083443	0.00486101665702846	0.00431675251799244
E-GEOD-54216_3	-0.00692015442336325	-0.0388498711767646	0.0112946232311584	-0.00488110826612399
E-GEOD-6119_1	-0.0166193996012686	-0.048224202103012	-0.00712225832851415	-0.0270214655554828
E-GEOD-6119_2	-0.0126413678671009	-0.0390566213494827	-0.00317961158111785	-0.0271917317406561
E-GEOD-6119_3	-0.0154666856258142	-0.0424079495229569	-0.00463871100736641	-0.0206102180583788
E-GEOD-8077_1	-0.0013904023644735	0.0113525072452317	0.00442189169006229	-0.00735398620447472
E-GEOD-8077_2	0.00415027930162172	-0.00843410228650565	0	-0.00503999250020468
E-GEOD-8077_3	-0.00164810692170762	-0.0151653899497118	-0.00526816386516028	0.00265231436340552
GSE103416_1	-0.0132005563893351	-0.0244411011810971	-0.00498988785867491	-0.00777791104313676
GSE103416_2	0.011343588901509	0.0473793544019976	0.0162171438313337	0.0147589995567978
GSE103416_3	0.0235246316748616	0.066485972883975	0.0185590533055659	0.0131612563057152
GSE19950_1	-0.0165909811705167	-0.0757094168959078	-0.0124639002887977	-0.02317573222339
GSE30322_1	0.00784854121308153	0.0246138805035561	0.0146109955740415	0.00481180679986818
GSE30322_2	0.00532383888855891	0.0100128214393156	0.0011546108198272	-0.00104444362918939
GSE30322_3	0.0036693573243945	0.0239521954105041	0.000290622301007154	-0.0139795346461769
GSE42295_1	0.00170889797108465	-0.00229779529646009	0	0.0165531497227971
GSE42295_2	-0.00467818100151828	-0.0175085802909252	-0.0111186594202899	-0.0098646114854059
GSE42295_3	-0.00714202282747898	-0.0178832611361883	-0.00594580559381594	-0.00456944243279404
GSE66554_1	0.0319523810769148	0.0905840037021379	0.00697141171703001	0.00735860630597473
GSE66554_2	0.0450786477217713	0.102684788084985	0.0108794446920364	0.00856723855536242
GSE66554_3	0.0121035870914004	0.0459671274245202	0	0.0056496461955341
GSE66554_4	-0.00156554570782329	0.00377229458823915	-0.00149304750006748	0.00398268557294345
GSE74898_1	-0.0078664901873967	-0.0284782960743755	0.00173253332397311	-0.0260292788507278
GSE74898_2	-0.0035677527877623	-0.0396430881524983	-0.000160270952525745	-0.024941180305677
GSE74898_3	-0.0121725106066051	-0.0445772200431885	-0.000544939643128441	-0.0274519731075695
GSE79176_1	-0.0018293610065762	0.00380472821363113	NA	NA
GSE79176_2	0.00168231547319579	-0.0219624957055733	NA	NA
GSE79176_3	0.00126989677121991	-0.0267706106758432	NA	NA
GSE85785_1	-0.0120141699605583	-0.0232002964734039	0.00289017341040462	0.0135634879811025
GSE23492_1	-0.00941162079212793	0.000732348020791274	NA	NA
GSE23492_2	0.00514059258709958	0.00419459416593038	NA	NA
GSE23492_3	-0.0068314577202573	0.0141808683475968	NA	NA
GSE23492_4	0.0112976132995188	0.0393391989492864	NA	NA
GSE23492_5	-0.00414149383737977	-0.0203126732916331	NA	NA
GSE44991_1	0.00510169176026713	-0.0047907348622497	0	0.00663603664105509
GSE44991_2	0.0020756771821791	0.00301425071130792	NA	-0.013510422123162
GSE39796_1	-0.00725544356211829	0.000204321095215749	NA	NA
GSE39796_2	-0.00205711848075754	-0.00289271900526641	NA	NA
GSE39796_3	0.00195629808136228	0.0037276292616536	NA	NA
GSE18394_1	0.00335035985380094	0.0132517686892823	-0.00132266779873507	0
GSE18394_2	0.00830660986749799	0.0509464934535128	0.0025749167236177	0
GSE18394_3	-0.0110700458077947	-0.0221327506524817	-0.000911724908697918	0
GSE29233_1	-0.00246239315849096	-0.0082315698413431	NA	NA
E-MEXP-2291_1	-0.000154381209691482	0.0229122354936382	NA	NA
E-MEXP-2291_2	-0.0181245628469302	-0.0226909870414817	NA	NA
E-MEXP-2291_3	0.0167152934602679	0.0415236839755066	NA	NA
GSE107363_1	0.000417568981171232	-0.00022849426433098	NA	NA
GSE85761_1	-0.0147613893745122	-0.0151769213352068	NA	NA
GSE89179_1	-0.0297838296246299	-0.0699107979122329	NA	NA
GSE89179_2	-0.000401933787116093	0.0157101550501083	NA	NA
GSE89179_3	-0.0175245286091083	-0.0421410775978119	NA	NA
GSE89179_4	-0.0132655718542566	-0.0233748822776892	NA	NA
GSE89179_5	-0.0200360499064791	-0.0350717671028483	NA	NA
GSE89179_6	-0.0223923804151695	-0.0518431712097929	NA	NA
GSE89179_7	-0.00595742609122707	-0.0203552316207814	NA	NA
E-GEOD-57723_1	0.0157718582936197	0.0381108406627753	NA	NA
E-GEOD-57723_2	-0.0295290990297052	-0.0774681489009992	NA	NA
E-GEOD-57723_3	0.00493304096539782	-0.00280245187720386	NA	NA
E-GEOD-83930_1	-0.00620721517472364	-0.0367720613438188	NA	NA
GSE100268_1	-0.00429691152694073	-0.00685726073443079	NA	NA
E-GEOD-55769_1	-0.00157895708108114	0.0225805524703959	0.00655737704918033	0.00786155046808839
E-GEOD-55769_2	-0.000843662441886637	0.00825091284047937	0	0.0112049912662187
E-GEOD-55769_3	-0.000204627960168729	0.0300904885378685	0.00533333333333333	-0.00141123482235759
E-GEOD-69110_1	-0.00836175564001	-0.0448620781267234	0.00686018862231523	0.00159871241349845
E-MTAB-4304_1	0.0257892540680218	0.0760998220761804	0.0126032273029217	0.00433174264831985
E-MTAB-4879_1	-0.00836012167383117	-0.0362799774328621	0.00420526024745974	0.0102172689055009
E-MTAB-4879_2	-0.00680364181331941	-0.000559735416221347	-0.00290590208783219	0.0126783190471569
E-MTAB-4879_3	-0.0106292902812387	-0.00363237234973626	0	0.00943979440305564
E-MTAB-4879_4	-0.012837446902082	-0.0263480426260013	-0.00292397660818713	-0.0069647608377897
Cytokine_Explant_1	0.00767367275506253	0.01605478845413	0.00801215465458408	0.0157111120257822
Cytokine_Explant_2	-0.0107828743740183	-0.043478899936846	-0.00631285185488312	-0.0215060951895291
Cytokine_Explant_3	-0.00948297294017398	-0.0493320484834091	-0.0080402757008293	-0.0153078130120615
Cytokine_Explant_4	-0.00135533523981093	0.00339907743323497	-0.00169421252764058	-0.0147871136903143
Cytokine_Explant_5	0.000841707677484264	-0.0221308956597105	-0.000695755516540367	-0.00540183700753267
FN1_Explant_1	-0.0199936824270966	-0.0528072297491148	-0.00301204819277108	-0.0220829914721166
E-MTAB-6266_1	0.0135093831280254	0.0200929251045964	0.00235270978044565	0.0057474038384659
E-MTAB-6266_B_1	0.0197972163352155	0.0404968708662181	-0.000541494527953068	0.0015972257214632
E-MTAB-6266_B_2	-0.000239959907887825	-0.0019966037842492	0.00308219941932901	0.00236759341545452
E-MTAB-6266_B_3	-0.0179753950041828	-0.0495874346636466	0.00478698028776814	-0.0102600003344182
GSE70667_1	-0.00127027096752676	-0.0068539170548032	0	0.00260448337399664
GSE87608_1	0.000590130474295627	-0.00585110680440629	NA	-4.8732523701979e-05
GSE87608_2	0.00293623691119952	0.00874531677430695	-0.00961538461538462	0.0112260831370338
GSE87608_3	0.000489159839056969	0.00661823523808881	0.000565500802646301	-0.000399039456890969
GSE87608_4	-0.00897822547268827	-0.00624661736225411	-0.00566580385389704	-0.0110469160406073
GSE90890_1	0.0195574043451674	0.0616780183805899	0.00113329475308642	0.0296328188028304
GSE97118_1	-0.0170900386994768	-0.0419802792277341	NA	NA
GSE97118_2	-0.00488415488477874	-0.0457905632322905	NA	NA
GSE97118_3	-0.0258946410618586	-0.0626418225015405	NA	NA
GSE97118_4	-0.0307077151706292	-0.053886209461464	NA	NA
GSE97118_5	-0.00270989225676643	-0.0218689863189666	NA	NA
GSE97118_6	-0.0253697559177467	-0.043619893297813	NA	NA
GSE97118_7	-0.000730875539452917	0.0196068258691798	NA	NA
GSE107592_1	-0.0129425625194781	-0.0571031346199042	-0.00388769563819865	-0.0028803644576123
GSE92641_1	-0.0226661083405942	-0.0344857806820687	-0.000897444888858671	-0.0302735975827155
GSE107849_1	0	-0.000729865142915728	NA	NA
E-ERAD-89_1	-0.00041367654263779	-0.011568351871207	NA	NA
E-ERAD-89_2	0.000136115538675917	-0.00332004634758627	NA	NA
E-ERAD-89_3	0.000812119862151517	-0.00287984299677411	NA	NA
E-ERAD-89_4	0.000702727374491638	-0.00852264924635613	NA	NA
E-GEOD-45893_1	0	-0.00163967243366353	NA	NA
E-GEOD-53105_1	-0.000659350301784383	0.0296977025111166	0	0.00131640085419719
E-GEOD-53105_2	0.00243829115990565	0.00715588027726164	0.00724358974358974	-0.00265010928894518
E-GEOD-54461_1	0.0263555452022291	0.051466037396392	0.00297422207741476	0.0135298548948014
E-GEOD-54461_2	0.0218882778932503	0.0481011395769937	0.00733527148421133	0.0135101976136971
E-GEOD-54461_3	0.0189301353021692	0.0417948447347273	0.0021167954473924	0.0031037386803433
E-GEOD-54461_4	0.0354588978409659	0.0646620803770089	0.00293162228780469	0.00994230099589108
E-GEOD-54461_5	0.0262116806772509	0.0683338319922947	0.00319124927383164	0.038204992475325
E-GEOD-54461_6	0.0258756684260575	0.065211960004031	0.00267637131219091	0.00922212657832534
E-GEOD-54461_7	0.0242696880728293	0.0552267746666893	0.00206771246832619	-0.0031654819329225
E-GEOD-54461_8	0.0270769257277018	0.0597353348923923	0.0022381266325211	-0.0105751551241302
E-GEOD-73372_1	0.0390234559971214	0.0903763122285055	NA	NA
E-GEOD-73372_2	0.019903843181203	0.0585516338577314	NA	NA
E-GEOD-73372_3	-0.0346280506293133	-0.0576681729389823	NA	NA
E-GEOD-75549_1	-0.0106590419718399	-0.0585212595928269	NA	NA
E-GEOD-76988_1	-0.078328730564021	-0.174408396158695	NA	NA
E-MTAB-2923_1	0.0283250320427641	0.109761152652361	NA	NA
E-MTAB-2923_2	-0.017762851162581	-0.085838241937444	NA	NA
E-MTAB-2923_3	0.0042146180529284	0.00525455827006653	NA	NA
E-MTAB-2923_4	-0.0103342392437941	-0.0208625393338313	NA	NA
E-MTAB-3428_1	-0.0240178751879854	-0.0685670433265649	NA	NA
E-MTAB-3428_2	0.000735027956276919	0.0348877339817708	NA	NA
E-MTAB-3428_3	0.00363665572337458	0.0235739174168241	NA	NA
E-MTAB-3428_4	-0.027939721690522	-0.0706598070672492	NA	NA
GSE102856_1	-0.00118544475245613	0.0140462694644141	NA	NA
GSE103492_1	-0.000900629725183138	0.00988347638114513	0.00154679325713823	0.00260753253652607
GSE103492_2	-0.00288956720997747	-0.0195824303905054	0.000915944479673078	-0.00357445161873906
GSE103492_3	-0.00115142425098127	0.0111506906752262	0.00282247757114047	-0.000951594203468884
GSE103492_4	-0.00085912554551607	0.0296954139442011	0.00441614839345145	-0.00231910258847431
GSE103492_5	-0.00977212899188655	-0.031259372100537	-0.0132743362831858	-0.0145647471904573
GSE103492_6	-0.0117899333500223	-0.0302252544794492	-0.00666666666666667	-0.0134002338048795
GSE103492_7	-0.00684645363933286	-0.000131113738376187	0	0.00296209929093216
GSE103492_8	-0.00519573034205368	-0.0466488198619167	-0.0071359513834538	-0.0143927695060977
GSE103492_9	-0.0116381668150722	-0.0428896384790179	-0.00462962962962963	-0.00322971632164331
GSE103492_10	-0.00245589527918345	0.00600904110239235	0	0.00343961945276412
GSE106259_1	0.0181249354108353	0.0589455801971435	0.00118643329850226	-0.00871657075235878
GSE110303_1	0.0055342244173383	0.0894700867606903	NA	NA
GSE110303_2	-0.017885758213019	-0.0591877166089834	NA	NA
GSE110303_3	-0.00473112333758742	0.000534314120875695	NA	NA
GSE110300_1	-0.00326161095368809	-0.0278746183378354	NA	NA
GSE110300_2	0.00194248573247182	-0.0437398405359005	NA	NA
GSE110300_3	-0.0128880037764119	-0.0592419640586705	NA	NA
GSE110281_1	0.0155617381100343	0.0558850104073117	NA	NA
GSE110281_2	0.0113205565281915	0.023956101161391	NA	NA
GSE110281_3	-0.00073940537627799	-0.0339339132142315	NA	NA
GSE104459_1	0.00165724939904115	0.00416837075179537	0	-0.00069958409870061
GSE104459_2	0.0122527314251605	0.0227405095363177	-0.00492931157444309	-0.00109223026736233
GSE104459_3	-0.00161452947331457	-0.00846114640679411	-0.00769230769230769	-0.00336165044471956
GSE110051_1	-0.010016539004424	-0.0143274190049926	0.00423373387268137	0.00314496906227765
GSE110051_2	-0.00104747865920352	-0.00672647592503718	0.00365725696968635	0.00644516594033306
GSE110051_3	-0.00775393650530854	-0.0156755954078339	0.00363763925621414	-0.00958692934207053
GSE112694_1	0.0164800240600517	0.0246928447382221	0.00178917164504433	0.00867337207819993
GSE112694_2	0.00172567337817909	0.0076782578242103	0.00114104960898182	0.00610025576089813
GSE112694_3	-0.016135668642785	-0.0296295546121344	0.00157316439996545	-0.0361195191083266
GSE112694_4	-0.011426393714052	-0.042032655496952	-0.000590600872061496	-0.0479034287001405
E-MTAB-5879_1	-0.00581585364732294	-0.00964820228829638	-0.00119528139256754	0.000409266908090572
E-MTAB-5879_2	0.00815576768612628	0.0419332928436577	-0.00488328917316703	0.00439148857846609
E-MTAB-5879_3	-0.0033312414570871	-0.00708479307787297	0.000703501872840754	0.00961179573977005
E-MTAB-5879_4	0.0106702500820148	0.0390351475858533	-0.00132423615665305	-0.00265256956237452
E-MTAB-5879_5	-0.0128911374750688	-0.0320780897342336	-0.00342396014818106	-0.00249025941021811
E-MTAB-5879_6	-0.00213715936919633	0.0184482555293205	-0.00288216954557449	0.00232204681477073
E-MTAB-5879_7	-0.00831823531283775	-0.033714023432537	0	-0.00282658761608774
E-MTAB-5879_8	0.000482184880347447	-0.00227074923467787	0	-0.00371397911195077
E-MTAB-5879_9	-0.00830911198236936	-0.046892744600024	0.00515463917525773	0.00903531290273443
E-MTAB-5879_10	0.00754653839850362	0.00471122523906448	0	0.0129449344999044
E-MTAB-4294_1	0.00121395958247031	0.00673330829998284	-0.0025401787211453	0.00268462667803541
E-MTAB-4294_2	0.00452896931512813	0.0124774652460099	-0.00249028452695866	0.00741979089723015
E-MTAB-4294_3	0.00208628327827442	0.0109271865300492	0.00309770698961449	0.0103583214566851
E-MTAB-3186_1	0.030960717074747	0.0533263977923972	0.00121751146860704	0.0119477513424614
E-MTAB-3186_2	0.0204222884321332	0.0262338992869076	0.00126823857602164	0.0102723750790639
E-MTAB-3186_3	0.0179527402904937	0.0325816772222322	0.00522769258093942	0.00926340576854099
E-MTAB-3186_4	0.0105150634690762	0.0158381659638406	0.00636499981429395	0.00286065240091129
