comparisonID	jaccard	cosine	sigjaccard	chrDir
22659600_1	-0.00398176269571585	-0.0375919302394784	NA	NA
24361742_1	0.00732710139847205	0.140476245646134	NA	NA
GSE72258_1	-0.000312807537542235	0.0447466809605538	NA	NA
GSE72258_2	0	-0.0343917970335739	NA	NA
GSE69531_1	-0.00285153065274105	-0.00791832847803191	NA	NA
GSE69531_2	0.0296703635706761	0.0473160166169514	NA	NA
GSE69531_3	0.0216215928125256	0.074532797716728	NA	NA
GSE69531_4	-0.00285153065274105	-0.00791832847803191	NA	NA
GSE58203_1	-7.58001002370011e-05	0.011665504912905	NA	NA
GSE58203_2	0.00434885227601399	0.0232961608600496	NA	NA
GSE58203_3	0.0036995151489127	0.0213687615473062	NA	NA
GSE58203_4	0.0225682888186772	0.0671469330510403	NA	NA
GSE58203_5	0.0016917633713708	0.0467604131037658	NA	NA
GSE58203_6	0.0092736435090471	0.0622021525800645	NA	NA
GSE58203_7	0.0251846633435001	0.0786405298074948	NA	NA
GSE58203_8	0.0478829872916015	0.103884096188404	NA	NA
GSE59642_1	-0.0674971399506897	-0.138931469595794	NA	NA
GSE59642_2	0.0261728261371056	0.0353395514204003	NA	NA
GSE59642_3	0.108337610557375	0.212298433043516	NA	NA
GSE64922_1	-0.00865718300694734	0.0295496938644418	NA	NA
GSE60162_1	0.000302282497985038	-0.0489425539225767	NA	NA
GSE31685_1	-0.0133748308769025	-0.041620255480414	NA	NA
E-MEXP-3890_1	-0.00712388732954002	-0.0270967887252709	NA	NA
GSE31980_1	-0.0389665196252607	-0.0446245239735156	NA	NA
GSE15615_1	0.00581637881262858	0.0543871231375806	NA	NA
GSE15083_1	-0.00133009052319815	-0.015627839304621	NA	NA
GSE108035_1	-0.00420142656435652	-0.00225657021434605	NA	NA
GSE108035_2	0.094097451678352	0.159887967670836	NA	NA
GSE108035_3	0.099626000218763	0.169225120062033	NA	NA
GSE21959_1	-0.0155050789157334	-0.0525354657093341	NA	NA
GSE21959_2	-0.0238225022864651	-0.134215199579959	NA	NA
GSE24742_1	-0.000299402441973174	-0.0322571027583578	NA	NA
GSE24742_2	-0.000311067981260007	0.00061404683442288	NA	NA
GSE24742_3	0.000383455668258506	-0.029718431550224	NA	NA
GSE74668_1	0.000224248886671846	0.0124995224184273	NA	NA
E-GEOD-10024_1	-0.00808096695568627	-0.036960611413819	NA	NA
E-GEOD-10024_2	0.00578703903695327	0.0392123735682752	NA	NA
E-GEOD-12860_1	0.0163536105726906	0.117668121719168	NA	NA
E-GEOD-12860_2	0.0348382139810798	0.11235424141924	NA	NA
E-GEOD-12860_3	0.0362920618395539	0.126643934915559	NA	NA
E-GEOD-12860_4	0.0313311808254022	0.138964730896265	NA	NA
E-GEOD-12860_5	0.0664058085761885	0.160577587191917	NA	NA
E-GEOD-12860_6	0.0371683795538076	0.106075518272515	NA	NA
E-GEOD-12860_7	0.0461621193302239	0.153402366940837	NA	NA
E-GEOD-12860_8	0.032366595416251	0.141434202436545	NA	NA
E-GEOD-14359_1	0.0673646880516276	0.161262307315267	NA	NA
E-GEOD-14359_2	-0.0212023671113207	-0.0952166468151543	NA	NA
E-GEOD-1919_1	-8.52342657637339e-05	0.00673915894770311	NA	NA
E-GEOD-1919_2	-0.0198146113592856	-0.0515880268118408	NA	NA
E-GEOD-1919_3	-0.0177772272806302	-0.0712132693932437	NA	NA
E-GEOD-1919_4	0.00868616986357497	0.0503873893727584	NA	NA
E-GEOD-1919_5	-0.00625533184294289	-0.0137611450957736	NA	NA
E-GEOD-1919_6	0.0137909813265862	0.0563429501542497	NA	NA
E-GEOD-1919_7	0.00293783362979038	0.0114778159051353	NA	NA
E-GEOD-1919_8	-0.00152917113075775	0.00188321378748258	NA	NA
E-GEOD-1919_9	0.00131918850378695	0.0134563751509356	NA	NA
E-GEOD-19664_1	0.0302913932166282	0.0852757653259555	NA	NA
E-GEOD-19664_2	0.030154483665147	0.0966175503808586	NA	NA
E-GEOD-19664_3	-0.00915497586320159	-0.0361783597679323	NA	NA
E-GEOD-19664_4	0.0209358711706958	0.0723782354987822	NA	NA
E-GEOD-19664_5	0.0475849858609759	0.127708901768797	NA	NA
E-GEOD-19664_6	0.018498494998953	0.0239499652881508	NA	NA
E-GEOD-43923_1	-0.00495108713033365	-0.0131776230803728	NA	NA
E-GEOD-51812_1	0.0267100799822266	0.0512123419498915	NA	NA
E-GEOD-51812_2	0.0244088763174153	0.0442967447987738	NA	NA
E-GEOD-68760_1	0.0208018141891652	0.0696939627289096	NA	NA
E-GEOD-82107_1	0.00160048971607754	0.000106200657620675	NA	NA
E-GEOD-9451_1	-0.00546498341117933	-0.017443147136716	NA	NA
E-GEOD-9451_2	-0.0265670208552745	-0.0725000806293281	NA	NA
E-GEOD-9451_3	0.00392728796815204	0.0105613215422414	NA	NA
E-GEOD-9451_4	0.00278471922518658	-1.00301700434564e-05	NA	NA
E-MEXP-2019_1	-0.0236434885880181	-0.0479027943092583	NA	NA
E-MEXP-2019_2	0.00339783792322922	0.0174976516303324	NA	NA
E-MEXP-2019_3	-0.0155473029916424	-0.0432441901421	NA	NA
E-MEXP-2019_4	-0.0121959758460117	-0.0379253321072836	NA	NA
E-MEXP-2276_1	0.000692314422707431	0.0319654232386833	NA	NA
E-MEXP-2488_1	-0.0331551053308242	-0.0700344735628575	NA	NA
E-MEXP-3129_1	-0.00128151290160785	-0.00760514214094929	NA	NA
E-MEXP-3474_1	0.00402235799997402	-0.0126770248929062	NA	NA
E-MTAB-3010_1	0.488866275447897	0.800031241431396	NA	NA
E-MTAB-3010_3	-0.0185876364479259	-0.174968592598304	NA	NA
E-MTAB-3010_4	-0.0157784986114686	-0.0371540606093413	NA	NA
E-MTAB-4152_1	0.00236968769221134	0.0139244527832205	NA	NA
E-MTAB-4152_2	0.000101798589530855	0.0400518574965913	NA	NA
E-MTAB-4152_3	0.0061861556421633	0.0434463725715217	NA	NA
GSE100609_1	0.00190072690255863	0.106347666872476	NA	NA
GSE100786_1	0.000351202630476894	-0.027069508579743	NA	NA
GSE100786_2	0.000963106237759867	0.0122581305809432	NA	NA
GSE103697_1	0	-0.0340597997536883	NA	NA
GSE103697_2	0	0.00254320927782389	NA	NA
GSE103697_3	-0.000141043633615588	0.00650728982131484	NA	NA
GSE104113_1	0.01316354816441	0.0514042290328213	NA	NA
GSE104113_2	-0.0302728245415277	-0.0804843628021488	NA	NA
GSE104113_3	0.01316354816441	0.0514042290328213	NA	NA
GSE10575_1	-0.0100710848682969	-0.0137085345050644	NA	NA
GSE10575_2	0.0092854809557012	0.0271588067276927	NA	NA
GSE10575_3	0.0762966415377609	0.130982506429094	NA	NA
GSE13604_1	-0.00534616073241185	-0.0139725761952982	NA	NA
GSE13837_1	-0.00113731776022926	-0.0167390808529067	NA	NA
GSE13837_2	0.000500718580160033	0.0151399887690636	NA	NA
GSE13837_3	0.00200366438060462	0.0149909612690212	NA	NA
GSE13837_4	0.00835167772971383	0.0352370329981826	NA	NA
GSE13837_5	-0.00175888537197952	-0.0146711827340396	NA	NA
GSE13837_6	-0.00276261172069448	-0.0158245048980168	NA	NA
GSE13837_7	-0.00247544860241124	-0.00772039354770377	NA	NA
GSE13837_8	0.00585172798488639	0.0400342559328739	NA	NA
GSE13837_9	0.00117508769980678	-0.00177759986838058	NA	NA
GSE13837_10	0.00433671017737365	0.0170213273951014	NA	NA
GSE13837_11	0.00636150283827743	0.0163876516899424	NA	NA
GSE13837_12	-0.0012178102058068	-0.00787471624049832	NA	NA
GSE13837_13	-0.00244573516059724	-0.0112743099753499	NA	NA
GSE13837_14	-0.00293747394734283	-0.00806689131092224	NA	NA
GSE13837_15	-0.00258065575775825	0.00211579024751293	NA	NA
GSE13837_16	0.0071269711243096	0.0357725506505893	NA	NA
GSE13837_17	-0.00186650190048648	-0.00161633052139065	NA	NA
GSE13837_18	-0.000664693213851091	-0.000956577158631565	NA	NA
GSE13837_19	-0.00413302635437756	-0.0205423061833701	NA	NA
GSE13837_20	0.00719052895262984	0.036748919741448	NA	NA
GSE13837_21	0.00282031282137852	0.00708620465100578	NA	NA
GSE13837_22	0.00106976178757752	0.00729360040694192	NA	NA
GSE13837_23	0.00546812772663014	0.0370802262940947	NA	NA
GSE13837_24	0.00628795463465532	0.021239336838947	NA	NA
GSE16464_1	0.0276125202617573	0.0814773860957511	NA	NA
GSE16464_2	-0.0788851272451127	-0.140246294531265	NA	NA
GSE19060_1	-0.00666715942711503	-0.026907295879794	NA	NA
GSE27372_1	0.00443900406966361	0.0564474575259165	NA	NA
GSE27390_1	0.00465447021376772	0.0137555204502276	NA	NA
GSE29106_1	0.126182584700853	0.215933502106067	NA	NA
GSE29107_1	-0.0259475690323517	-0.0583021878596351	NA	NA
GSE29107_2	-0.0807604484982869	-0.113607319696226	NA	NA
GSE29745_1	0.0658481841563362	0.115006220765636	NA	NA
GSE29745_2	-0.0327024810939952	-0.0403109897854826	NA	NA
GSE29745_3	0.159787705750321	0.223040888209612	NA	NA
GSE35546_1	-0.00091571876728284	-0.0119685770606276	NA	NA
GSE35546_2	0.00255255764050705	-0.00269334817319908	NA	NA
GSE35546_3	0.000890067483432446	-0.00479389903950204	NA	NA
GSE35546_4	0.0114617611113978	0.046258522383716	NA	NA
GSE35546_5	0.00733936916152993	0.0329173781013168	NA	NA
GSE35546_6	0.00136794029114225	0.0240954579071324	NA	NA
GSE35955_1	0.0071707643917456	0.0045691437309618	NA	NA
GSE35956_1	-0.0162673571753567	-0.0223217936525664	NA	NA
GSE35957_1	-0.0471584175200757	-0.108276860558377	NA	NA
GSE35958_1	-0.0114872607632812	-0.0180675768699265	NA	NA
GSE39340_1	-0.00432735898976092	-0.0444743358090601	NA	NA
GSE39340_2	-0.00823318749352527	-0.0733143367787006	NA	NA
GSE39340_3	0.00334466797937796	0.0359091830504788	NA	NA
GSE39795_1	-0.00219035230833577	-0.00505368982203663	NA	NA
GSE39795_2	-0.00510304890069941	-0.0316422793871879	NA	NA
GSE39795_3	-0.00450218989763432	-0.0375021640767297	NA	NA
GSE41038_1	-2.67230002187653e-05	0.000523944410572401	NA	NA
GSE41038_2	0.00293731888213588	0.0144712717610366	NA	NA
GSE41038_3	0.0025577815436767	0.0210827178029082	NA	NA
GSE41992_1	0.0177175780402957	0.0185912238288816	NA	NA
GSE42235_1	-0.00812420166078204	-0.0527631784104553	NA	NA
GSE42235_2	-0.01351175481717	-0.0711116964085114	NA	NA
GSE42235_3	-0.0150584547857792	-0.0671572763898783	NA	NA
GSE42235_4	-0.0125258397360308	-0.0540249849764328	NA	NA
GSE45233_1	0.00961949211971572	0.0323902509282797	NA	NA
GSE45233_2	-0.00504338703031424	-0.0393202756689386	NA	NA
GSE45233_3	-0.0010858776116922	-0.0186796140941302	NA	NA
GSE45233_4	0.0148442379015127	0.0518013852396465	NA	NA
GSE46053_1	0.00552421804881931	0.0265518158377528	NA	NA
GSE46053_2	0.00414079690423837	0.0301968072220386	NA	NA
GSE46750_1	-0.00355945208259232	-0.0159391889183016	NA	NA
GSE51588_1	-0.0237247639048243	-0.0375985182726324	NA	NA
GSE52817_1	0.025327380809111	0.0787375736570446	NA	NA
GSE52817_2	-0.0287888627436868	-0.0603151178665407	NA	NA
GSE52817_3	-0.0618563904799116	-0.110074482849776	NA	NA
GSE52817_4	0.0537626798380749	0.0995116365218478	NA	NA
GSE55235_1	0.0119592121267433	0.0838849811832726	NA	NA
GSE55235_2	0.0150537657081169	0.0644813826257288	NA	NA
GSE55235_3	0.00442286137123203	0.00976795317706334	NA	NA
GSE55457_1	0.00494118017064693	0.0591055252414275	NA	NA
GSE55457_2	0.00652396770011386	0.0156444807788845	NA	NA
GSE55584_1	0.00461689590733584	0.0598521716865958	NA	NA
GSE57218_1	-0.000564450769121049	-0.00548011874230638	NA	NA
GSE57218_2	-0.00265884720952013	-0.00515974368693739	NA	NA
GSE57218_3	-0.00223340534171629	-0.00325637979555527	NA	NA
GSE60762_1	0.000973783073832805	0.0450348651116705	NA	NA
GSE62914_1	-0.0206652810347481	-0.0524904797776477	NA	NA
GSE62914_2	-0.0552464127591592	-0.0885091303712882	NA	NA
GSE62914_3	-0.0610584960555619	-0.0841337428150709	NA	NA
GSE62914_4	0.0404576387430622	0.0753271487454996	NA	NA
GSE64394_1	0.0224389193209232	0.0866234960413247	NA	NA
GSE66635_1	-9.08235125112496e-05	0.00576614294990103	NA	NA
GSE68038_1	-0.0055192383334274	-0.0215681911136228	NA	NA
GSE68428_1	0.014729532424699	0.0459641396073651	NA	NA
GSE68428_2	0.00870836913475194	0.0291424005153005	NA	NA
GSE68428_3	0.0179644180591137	0.0462604755160034	NA	NA
GSE69459_1	0.010459094985424	0.0416171994823802	NA	NA
GSE69459_2	0.0126722237765815	0.0454715766693262	NA	NA
GSE69459_3	-0.00219452959310809	-0.0081657718178443	NA	NA
GSE69459_4	0.0162567887274549	0.0270977689017541	NA	NA
GSE69992_1	-0.0127594880721031	-0.0271060741547359	NA	NA
GSE70719_1	0.00604963182527792	0.0571318956415958	NA	NA
GSE7116_1	0.00557461421028604	0.0428129106646092	NA	NA
GSE7116_2	0.00524824659055419	0.0531848861376722	NA	NA
GSE7116_3	-0.000418018971997905	0.00065192034376844	NA	NA
GSE72575_1	0.00445222478280412	0.0420995301228774	NA	NA
GSE72575_2	0.00530057328514007	0.0293704258350684	NA	NA
GSE72575_3	0.00738816944772952	0.0279937122374992	NA	NA
GSE72575_4	-0.000191031138605298	0.0554369113907914	NA	NA
GSE75181_1	0.00885843534965541	0.0530160894827469	NA	NA
GSE75181_2	0.00989355077944247	0.0350492738964821	NA	NA
GSE75181_3	0.0146096859076191	0.0603264014854557	NA	NA
GSE75230_1	0.000866696503189133	0.0189806571911906	NA	NA
GSE7669_1	-0.00526988679127992	-0.0453136020541534	NA	NA
GSE77916_1	-0.000564174894217207	0.00731621407111592	NA	NA
GSE80614_1	-0.00169687519236239	-0.0108358120584468	NA	NA
GSE80614_2	-0.00457229237285377	-0.0437042336329627	NA	NA
GSE80614_3	-0.000894826796957129	-0.0462103340956585	NA	NA
GSE80614_4	-0.0068641253564675	-0.0387778591619843	NA	NA
GSE80614_5	-0.00768828911951655	-0.0542360131164554	NA	NA
GSE80614_6	-0.00507659361382654	-0.0359846320440279	NA	NA
GSE80614_7	-0.00374863146934832	-0.0208301778999226	NA	NA
GSE80614_8	0.006538634755588	0.00560770959924568	NA	NA
GSE80614_9	-0.00206929383459332	-0.0210054276592325	NA	NA
GSE80614_10	-0.00495482637578359	-0.0582100355600456	NA	NA
GSE80614_11	-0.00095573652957601	-0.0408936582665011	NA	NA
GSE80614_12	-0.00790816328117678	-0.0785580911730519	NA	NA
GSE80614_13	-0.0104673251628461	-0.0936023997527831	NA	NA
GSE80614_14	-0.0183261500074908	-0.130288006836575	NA	NA
GSE80614_15	-0.0218056908647358	-0.130668216805405	NA	NA
GSE80614_16	-0.0246709637299862	-0.115919745128744	NA	NA
GSE85254_1	0.0100365547733402	0.0512321208662098	NA	NA
GSE86578_1	-0.000998551342023453	0.00822349507540198	NA	NA
GSE86578_2	-0.00021666791135881	0.00625918173934847	NA	NA
GSE86578_3	0.00700450590056147	0.0311760238037907	NA	NA
GSE9329_1	0.000393033750259646	-0.0265001255049006	NA	NA
GSE93698_1	0.0138291117809308	0.0237626228490504	NA	NA
GSE93698_2	0.00378107856641843	0.0112387382541249	NA	NA
GSE93698_3	-0.0123206858456386	-0.0302749976519572	NA	NA
GSE93698_4	-0.000893266990459121	-0.00119649436147325	NA	NA
GSE93698_5	-0.00958847780942665	-0.0216020869105068	NA	NA
GSE93698_6	-0.0106947176307527	-0.0385795908148449	NA	NA
GSE93698_7	-0.0264383687124309	-0.0950831911210928	NA	NA
GSE93698_8	-0.00810334812931392	-0.071047186997939	NA	NA
GSE93698_9	-0.0250365804447893	-0.0870703075392439	NA	NA
GSE93698_10	-0.0166704272986929	-0.0742359869928213	NA	NA
GSE93698_11	-0.00215873383281829	-0.0279988467050359	NA	NA
GSE93698_12	-0.0137410102334402	-0.0570997244867736	NA	NA
GSE93698_13	0.00994846075016302	0.0549410045940299	NA	NA
GSE93698_14	0.00191251049859394	0.010327212116346	NA	NA
GSE93698_15	-0.0127581687813919	-0.0382478669558366	NA	NA
GSE93720_1	0.00638690106352214	0.0378359978267551	NA	NA
GSE93720_2	0.0109778305200201	0.0318672530606612	NA	NA
GSE93720_3	0.0115153897461587	0.0507319338405559	NA	NA
GSE93720_4	0.0143167981700034	0.0264811753726269	NA	NA
E-MTAB-5564_1	0.0103070140977982	0.0532846135126049	NA	NA
GSE77753_1	0.00375893193822774	0.0697753603935306	NA	NA
GSE43861_1	-3.81060131260449e-05	0.017557890099277	NA	NA
GSE112809_1	0.000201632732119654	-0.00582602872039733	NA	NA
GSE111946_1	0.0375788470081687	0.0805770055278908	NA	NA
GSE111946_2	0.00126042585212067	0.0847914173572882	NA	NA
E-MTAB-3201_1	-0.00336214072701045	-0.0144049114571315	NA	NA
GSE57740_1	-4.99101767246271e-05	-0.0229067917734746	NA	NA
GSE52992_1	-0.000483086724652866	-0.011326913050686	NA	NA
GSE17160_1	-0.000114085465734103	0.0217095267695165	NA	NA
GSE17160_2	0.00099904110760531	0.0699297150539921	NA	NA
GSE17160_3	-0.000369663492022334	-0.00695129064359687	NA	NA
GSE17160_4	0.00449255744462924	0.072088978379472	NA	NA
GSE17160_5	0.00341758235216944	0.058689383747774	NA	NA
GSE17160_6	0.00225307815089133	0.0501075224070599	NA	NA
GSE17160_7	-0.00157152069984513	0.0256865968846314	NA	NA
GSE17160_8	0.00655445827731463	0.0706081575723816	NA	NA
GSE17160_9	-0.0278986509689492	-0.0605851764209178	NA	NA
GSE17160_10	-0.0313639396565021	-0.0774745384505781	NA	NA
GSE17160_11	-0.0235773201394208	-0.0602909284492196	NA	NA
GSE17160_12	-0.0290479124594456	-0.062377089625997	NA	NA
GSE22971_1	-0.000167751277923887	-0.0514331908268712	NA	NA
GSE22971_2	0.000624437515923989	0.0453297216187094	NA	NA
GSE22971_3	-0.00230965641510153	-0.0223921354568042	NA	NA
GSE22971_4	0.00933109978416045	0.0100230124932101	NA	NA
GSE13590_1	-0.00316180866867504	-0.0293990872331895	NA	NA
GSE13590_2	-0.000393103284471888	0.0239108479540376	NA	NA
GSE99731_1	-9.02461890929813e-05	0.00168760904936772	NA	NA
GSE99731_2	-0.000208045713363385	0.00443073919143552	NA	NA
GSE99731_3	0.00227784388759695	0.00807675007306388	NA	NA
GSE27492_1	-6.08947274525824e-05	0.0308319462991148	NA	NA
GSE27492_2	0.00507125397157393	0.0820361465395038	NA	NA
GSE27492_3	0.0138017772081307	0.0704544941956875	NA	NA
GSE27492_4	0.00509684449110477	0.0358182264594825	NA	NA
GSE27492_5	0.00421968676728899	0.0366904355029298	NA	NA
GSE27492_6	-0.00262087591583185	-0.000863061516737974	NA	NA
GSE27492_7	-0.0030296285083453	-0.00846706476890118	NA	NA
GSE27492_8	-0.00340611259317966	-0.0164648556458014	NA	NA
E-GEOD-15069_1	-0.00469683853484607	-0.0768245545416298	NA	NA
E-GEOD-15069_2	0.00260224629537014	-0.0182330966983391	NA	NA
E-GEOD-15069_3	-0.0148835405475402	-0.026512242207094	NA	NA
E-GEOD-15069_4	-0.00191428125736301	-0.0631394882695398	NA	NA
E-GEOD-15118_1	0.00499140239635248	0.0148333056632002	NA	NA
E-GEOD-15118_2	-7.96631967502537e-08	0.0109687655101853	NA	NA
E-GEOD-15118_3	-0.00356113956823653	0.00121841680777476	NA	NA
E-GEOD-15118_4	0.00104803122613162	0.00560566482548939	NA	NA
E-GEOD-16007_1	-0.00551324502902243	-0.0153150265707317	NA	NA
E-GEOD-17473_1	0.00357420696270199	-0.00774717478173299	NA	NA
E-GEOD-18647_1	0.00267202041348676	0.0325023064127349	NA	NA
E-GEOD-18647_2	0.00641707575182335	0.044695080932051	NA	NA
E-GEOD-18647_3	-0.0049605049055078	-0.026749055810766	NA	NA
E-GEOD-18647_4	-0.00448849223758499	-0.0122200570835916	NA	NA
E-GEOD-18648_1	-0.00305579358441538	-0.00535471056539508	NA	NA
E-GEOD-18648_2	0.00155420606738015	0.00308911731888781	NA	NA
E-GEOD-2154_1	0.00149230019803188	0.0165681312337248	NA	NA
E-GEOD-2154_2	0.0008220784784675	-0.0245480288547001	NA	NA
E-GEOD-2154_3	-0.0027159143008475	-0.0704925353034186	NA	NA
E-GEOD-2154_4	-0.0106483220119263	-0.0742669800914478	NA	NA
E-GEOD-26475_1	0.00464251536746344	0.00912138823836414	NA	NA
E-GEOD-26475_2	0.00211510938450068	0.0365044560975458	NA	NA
E-GEOD-26475_3	0.00400750255612471	0.0190773786737696	NA	NA
E-GEOD-33567_1	-0.0616276867274754	-0.113263157912361	NA	NA
E-GEOD-33567_2	0.000514797578444113	0.00144580698917443	NA	NA
E-GEOD-37287_1	0.00188418924790094	-0.00100957177907221	NA	NA
E-GEOD-37287_2	-0.019078260284863	-0.0354512742734245	NA	NA
E-GEOD-37287_3	0.0105321165928014	0.019401515024024	NA	NA
E-GEOD-51994_1	-0.0254653922263533	-0.085703411767092	NA	NA
E-GEOD-51994_2	-0.0384239170110059	-0.0907272179168489	NA	NA
E-GEOD-51994_3	-0.0142442229591094	-0.0521709149558206	NA	NA
E-GEOD-65077_1	-0.000492167447518656	-0.0426192529737895	NA	NA
E-MEXP-1244_1	-0.00234941990645594	-0.0146257257201078	NA	NA
E-MTAB-1123_1	0.011631449213789	0.0546869496097561	NA	NA
E-MTAB-1123_2	0.0110921336479151	0.0751688064741664	NA	NA
E-MTAB-1123_3	0.00207579767065593	0.0657237191616371	NA	NA
E-MTAB-1123_4	0.000221333463467288	0.0703064246746008	NA	NA
E-MTAB-1391_1	-0.00981565249205252	-0.0415804512874374	NA	NA
E-MTAB-1391_2	-0.0411377557064066	-0.0725606144571082	NA	NA
E-MTAB-1391_3	-0.0361232524838953	-0.069187827250325	NA	NA
E-MTAB-2450_1	-0.00168013458474851	-0.0331659082515767	NA	NA
E-MTAB-2450_2	-0.000132286669947785	0.0031635437399378	NA	NA
E-MTAB-2450_3	0.0135017663063335	0.0540772521940634	NA	NA
E-MTAB-2450_4	0.0111116339986875	0.0314314236501658	NA	NA
E-MTAB-5023_1	0.0115648480228226	0.0372084785648224	NA	NA
E-MTAB-5326_1	-0.00229684249771406	0.00415609402468769	NA	NA
E-MTAB-5326_2	-0.00871698241077649	-0.0097050285463874	NA	NA
E-MTAB-5326_3	0.00422824673920823	0.00494441713770532	NA	NA
GSE102588_1	-0.00367259235791412	-0.0559524223152297	NA	NA
GSE104793_1	-0.0351349698706711	-0.0821318017828542	NA	NA
GSE104794_1	0.00106575097818333	-0.0170538319310266	NA	NA
GSE104795_1	0.0072296403848157	0.0114891138177106	NA	NA
GSE105139_1	0.000453970722183681	0.00558871625103589	NA	NA
GSE105139_2	0.00488663177976316	0.0580112064710029	NA	NA
GSE105139_3	0.00253333749608576	0.0576539668473834	NA	NA
GSE10555_1	-0.00661877415556952	-0.00520698386301828	NA	NA
GSE10556_1	0.00183443684995366	-0.00083265862696234	NA	NA
GSE106631_1	-0.00335362117906627	0.0170557386040457	NA	NA
GSE13104_1	0.0154625460681389	0.0317897155761542	NA	NA
GSE13104_2	-0.000878476783824605	0.00508939249839281	NA	NA
GSE13104_3	0.00471787649341833	0.0189330546848534	NA	NA
GSE16749_1	-0.0382514271987909	-0.0748000419285622	NA	NA
GSE16749_2	0.00892741016125858	0.0757149013810348	NA	NA
GSE16749_3	-0.00454995910873272	-0.0266060822233169	NA	NA
GSE17348_1	0.00587707146066203	0.0181039756848799	NA	NA
GSE17563_1	0.0281373148857641	0.0633185502307941	NA	NA
GSE17563_2	-0.0456660869961957	-0.117353540859317	NA	NA
GSE17569_1	-0.0338296907615194	-0.063363946682829	NA	NA
GSE17569_2	-0.0439744461416388	-0.0716572460115017	NA	NA
GSE17570_1	-0.0282416882613144	-0.0482250495256009	NA	NA
GSE17570_2	-0.021913504749448	-0.0393316481643988	NA	NA
GSE18991_1	-0.000141163184641446	-0.0331484259762949	NA	NA
GSE18992_1	0	-0.00122697384306526	NA	NA
GSE19299_1	-0.0129941083829846	-0.0310971104877363	NA	NA
GSE20850_1	0.0100962208792841	0.0222138132985548	NA	NA
GSE21093_1	-0.0346351014809785	-0.109732204602505	NA	NA
GSE21523_1	-0.000688911768426862	-0.00682038795737802	NA	NA
GSE21639_1	-9.19332734610303e-05	-0.037986692852995	NA	NA
GSE21639_2	0.00075635556093379	0.0362537856878578	NA	NA
GSE21639_3	-0.00222450770094223	-0.032552605218858	NA	NA
GSE21639_4	0.000625208512292119	0.0170517571931161	NA	NA
GSE21710_1	-0.0293523484538169	-0.0989539829570333	NA	NA
GSE21710_2	-0.0356123608863594	-0.105013552497124	NA	NA
GSE21710_3	-0.0311795092873305	-0.0973914464904872	NA	NA
GSE22925_1	0.00332785464280792	0.00153309201166399	NA	NA
GSE22925_2	-0.00383544528554269	-0.0149863722408497	NA	NA
GSE26499_1	-0.0174581031579788	-0.0417316032483481	NA	NA
GSE30160_1	-0.0158682423509337	-0.0555438635191669	NA	NA
GSE30628_1	-0.0146303361502979	-0.0348683788351678	NA	NA
GSE30628_2	-0.00559156286672715	0.00431913533508804	NA	NA
GSE32163_1	-0.000472098389298551	0.0110510895033201	NA	NA
GSE33656_1	-0.0435477240516221	-0.0969253258159751	NA	NA
GSE33754_1	0.000923345513024865	-0.0495142644164315	NA	NA
GSE33754_2	-0.00519373274195101	-0.0339636600991961	NA	NA
GSE33754_3	-0.00666810353760555	-0.057261424005856	NA	NA
GSE34570_1	-0.0104656601005147	-0.0416562182270337	NA	NA
GSE35003_1	0.00223735678245246	0.0282228724271142	NA	NA
GSE35466_1	0.00675383334351339	0.0801602589094712	NA	NA
GSE35466_2	0.00222700925320756	0.00423341325795617	NA	NA
GSE35466_3	0.00911298593905872	0.08628036478242	NA	NA
GSE35466_4	0.00708259433062949	0.0262363358615887	NA	NA
GSE35466_5	0.00775493847302969	0.00869020234859156	NA	NA
GSE36925_1	-0.00068441717709724	-0.0401083432172323	NA	NA
GSE36925_2	0.00430235434613185	0.0111291134993382	NA	NA
GSE36925_3	0.00177063917248754	0.00619014891437174	NA	NA
GSE37219_1	0.0201103280307922	0.0442652127625061	NA	NA
GSE37676_1	-0.00205331621195909	-0.0257389777636514	NA	NA
GSE41342_1	-0.00701052442300233	-0.0648043348888095	NA	NA
GSE41342_2	-0.00439281140111251	-0.0367994673401992	NA	NA
GSE41342_3	-0.000623898799313714	0.00188667636153015	NA	NA
GSE41342_4	-0.00258417803721209	-0.0821101287629728	NA	NA
GSE41997_1	9.32529570644653e-05	-0.00103495239347055	NA	NA
GSE43242_1	-0.00174860913558053	-0.0420761856192685	NA	NA
GSE43242_2	-0.00231615252686869	-0.0221284612984136	NA	NA
GSE43663_1	-0.000623924553203099	0.00701473268337471	NA	NA
GSE43854_1	0.0189103053657425	0.025828056790058	NA	NA
GSE45656_1	0.00509304682955144	0.00507517701624739	NA	NA
GSE45656_2	-0.059039506282405	-0.123366139663453	NA	NA
GSE45656_3	-0.0551238343966745	-0.113945130582074	NA	NA
GSE45793_1	-0.0131252014925093	-0.0553413644452195	NA	NA
GSE45793_2	-0.00278255357020735	-0.0277228566402553	NA	NA
GSE45793_3	-0.0264695884264048	-0.0757425601014652	NA	NA
GSE45793_4	-0.030951246887605	-0.0827151833844961	NA	NA
GSE45793_5	-0.0320565334356366	-0.0932889932390042	NA	NA
GSE46390_1	0.00177857274245845	0.0318215590418438	NA	NA
GSE48438_1	-0.0047625848256629	-0.0233145158019793	NA	NA
GSE50549_1	-0.00330186812062148	-0.0185761524728687	NA	NA
GSE50549_2	-0.00195291012543698	-0.00559606947019742	NA	NA
GSE51098_1	-0.00877266625850898	-0.0507425375402753	NA	NA
GSE53857_1	0.00022445614803439	-0.02560011212374	NA	NA
GSE53857_2	-0.000453632170529675	0.0110277318428557	NA	NA
GSE53857_3	-0.000110153565438965	-0.0136586823901802	NA	NA
GSE53982_1	-0.00133789201128617	-0.0153239344057396	NA	NA
GSE53982_2	0.00261975283209226	0.0385296117355986	NA	NA
GSE54779_1	0.0216442771226291	0.0567362313979096	NA	NA
GSE55900_1	-0.000282246683601468	-0.0211628560826369	NA	NA
GSE57104_1	-0.000902197549703319	0.0151707057711944	NA	NA
GSE59387_1	0.0083474731680401	0.025450255319042	NA	NA
GSE60401_1	0.0339712047932923	0.11741950417433	NA	NA
GSE60401_2	-0.0145583713630844	-0.0825038336241874	NA	NA
GSE60651_1	-0.00752603936248748	-0.0573281126952637	NA	NA
GSE60737_1	-0.00360092416650573	0.0451441374015823	NA	NA
GSE60761_1	0.000401989430167057	0.00683510411321787	NA	NA
GSE60761_2	0	-0.0359638828672564	NA	NA
GSE60761_3	0.00134892460945054	0.0232785176383795	NA	NA
GSE60761_4	0.00376090323740757	0.0449599016629765	NA	NA
GSE63017_1	0.00017164435290079	0.00439311185440948	NA	NA
GSE63017_2	-0.00042307007672611	0.00707254030190842	NA	NA
GSE63017_3	-0.000534095257142969	-0.00444993340323118	NA	NA
GSE63017_4	0.000140798245122015	-0.000788590953023783	NA	NA
GSE63939_1	-0.0291293263977345	-0.0512741259242143	NA	NA
GSE63939_2	-0.0259138594430651	-0.0361482357579015	NA	NA
GSE64141_1	-0.0185532199530775	-0.0690179086728139	NA	NA
GSE64965_1	0.0244578694975939	0.0605498356232296	NA	NA
GSE65745_1	0.000282406099971759	0.0232134364340551	NA	NA
GSE65745_2	0.000988142292490119	0.0373268235280903	NA	NA
GSE65745_3	0.001190146644211	0.0416234620171533	NA	NA
GSE66416_1	-0.00615671737699434	-0.00286151446020456	NA	NA
GSE66862_1	-0.00540736186493857	-0.0338386495104092	NA	NA
GSE69108_1	-0.00126552190666169	0.00909546093616999	NA	NA
GSE71565_1	-0.00349497531918487	0.00425153169527599	NA	NA
GSE72261_1	-0.00403421575425466	-0.0342418271118747	NA	NA
GSE72261_2	-0.00036967474917584	-0.00365666139071252	NA	NA
GSE72261_3	0.000815290662629135	-0.00152862136923708	NA	NA
GSE7683_1	-0.000582402212365498	0.0184405462216269	NA	NA
GSE7683_2	-0.00254145869197948	-0.0679849232996857	NA	NA
GSE78980_1	0.00727871649597387	0.0366335771696161	NA	NA
GSE78980_2	0.000705716108588553	0.0224761215136673	NA	NA
GSE78980_3	0.00486638145120414	0.0738622506934624	NA	NA
GSE78980_4	0.00250096130299596	0.0372785066002273	NA	NA
GSE78980_5	0.000543470076697925	-0.0387452589923364	NA	NA
GSE78980_6	0.000262122169195168	0.0356015061905624	NA	NA
GSE78980_7	-0.0172989753746115	-0.0461127581369495	NA	NA
GSE78980_8	-0.0127254892892077	-0.0575228707907279	NA	NA
GSE78980_9	-0.0223721588625269	-0.0607947988848801	NA	NA
GSE78980_10	-0.0162502848290792	-0.0707409662602387	NA	NA
GSE81399_1	0.00464047403314205	0.0340593996995592	NA	NA
GSE84609_1	-0.00571761763450521	0.00797975877063767	NA	NA
GSE84907_1	-0.0123988578308397	-0.0273972807631898	NA	NA
GSE84907_2	-0.00872426148258388	-0.0192869919493545	NA	NA
GSE84907_3	0.00243347936358146	0.0103462964586088	NA	NA
GSE90127_1	-0.00356250756678488	-0.00654189904153085	NA	NA
GSE90127_2	-0.0265058460057263	-0.0706969210375717	NA	NA
GSE90127_3	0.0100229852852631	0.0326591045143794	NA	NA
GSE9247_1	-0.00418952945594149	-0.0361664823162715	NA	NA
GSE9247_2	-0.0413002583166444	-0.0830151122475093	NA	NA
GSE9247_3	-0.00182242979288426	-0.0384550116810973	NA	NA
GSE99306_1	-0.00444922323426038	0.0039507960857692	NA	NA
GSE99306_2	-0.0102717378495124	-0.0064847792726333	NA	NA
GSE99306_3	0.00544403768523003	0.0149693972274278	NA	NA
GSE99306_4	-0.0062830353482367	-0.00267693486428887	NA	NA
GSE99306_5	-0.000389302351707432	0.0136564725667277	NA	NA
GSE99306_6	-0.00917898196776669	-0.00400032360599806	NA	NA
GSE99306_7	0.00277427567306708	0.0348065599666078	NA	NA
GSE99306_8	-0.0134291876877651	-0.00686082936845742	NA	NA
GSE99306_9	-0.0168037516422843	-0.0189978746777803	NA	NA
GSE99306_10	0.00628017524553545	0.0337319859648836	NA	NA
GSE99306_11	0.000994033752240379	0.0113590616083274	NA	NA
GSE99306_12	-0.0157492316709457	-0.0127037261233751	NA	NA
GSE99306_13	0.00684325307974509	0.0358289582939803	NA	NA
GSE99414_1	0.000130446659194101	-0.0212931670952574	NA	NA
GSE110581_1	0.00515766820902935	0.0392683895989944	NA	NA
GSE110581_2	-0.000251478078185156	0.0175324945645806	NA	NA
GSE47799_1	-0.00203392924617371	-0.0347078407352167	NA	NA
GSE47799_2	-0.00216576725787946	-0.0304408775302585	NA	NA
GSE47799_3	-0.000736457988743798	0.00353433435204447	NA	NA
GSE111628_1	0.00176061762161992	0.0738333783604919	NA	NA
GSE111628_2	5.01009519757854e-05	0.0998622561724557	NA	NA
GSE111628_3	0.00430651195591595	0.114085721980298	NA	NA
GSE5657_1	-0.00101680784528592	0.00395338900377334	NA	NA
GSE5657_2	-0.00018127444176304	0.000974019557746092	NA	NA
GSE13782_1	0.00810758808228415	0.0212872530989988	NA	NA
GSE41039_1	0.0012264590228108	-0.0198588008064751	NA	NA
GSE84198_1	-0.0016089869656531	0.00207107406377044	NA	NA
GSE84198_2	0.00180656361367186	0.0165202398048469	NA	NA
GSE84198_3	0.0417642206597831	0.0816953498675977	NA	NA
E-GEOD-54216_1	-0.00958597563110325	-0.0432410965879316	NA	NA
E-GEOD-54216_2	-0.0149723305693716	-0.0518507717160467	NA	NA
E-GEOD-54216_3	-0.00876636069658783	-0.0312387837459789	NA	NA
E-GEOD-6119_1	0.0107386249413758	0.0260061655604105	NA	NA
E-GEOD-6119_2	0.00896959040475583	0.0217023303427058	NA	NA
E-GEOD-6119_3	0.00905839610528771	0.0230638494576421	NA	NA
E-GEOD-8077_1	-8.00920214308705e-05	0.0127082647160487	NA	NA
E-GEOD-8077_2	0.000119781580852912	0.022541131416995	NA	NA
E-GEOD-8077_3	0.00113844899914624	0.0034751959961051	NA	NA
GSE103416_1	0.0175380594386458	0.0462177744853693	NA	NA
GSE103416_2	-0.00545005951792376	-0.0187364353611331	NA	NA
GSE103416_3	-0.0106813842908627	-0.0524743787695053	NA	NA
GSE19950_1	0.0152744237810495	0.103548814840099	NA	NA
GSE30322_1	-0.0118379195447035	-0.0778661805146504	NA	NA
GSE30322_2	-0.00712568991734152	-0.0559826688701816	NA	NA
GSE30322_3	0.000827126569943167	-0.0326085098593015	NA	NA
GSE42295_1	0.000573503391002241	0.0339766452437734	NA	NA
GSE42295_2	-0.00394464979260794	-0.0426462329661382	NA	NA
GSE42295_3	-0.00511773554902551	-0.0579302358076606	NA	NA
GSE66554_1	-0.0416445383568006	-0.0740775825147847	NA	NA
GSE66554_2	-0.0171561090781247	-0.0664950130839674	NA	NA
GSE66554_3	-0.00223644876081564	-0.006197226832131	NA	NA
GSE66554_4	0.0564245439617135	0.120719773511506	NA	NA
GSE74898_1	-0.0124491060729005	-0.0543259934451922	NA	NA
GSE74898_2	-0.015303757626301	-0.0347912629864402	NA	NA
GSE74898_3	-0.0245531155633163	-0.0838951451632552	NA	NA
GSE79176_1	0.000311591186165801	-0.0079043371543334	NA	NA
GSE79176_2	-0.000623121387277955	-0.0195339885513472	NA	NA
GSE79176_3	-0.000484111924864386	-0.0136890747071127	NA	NA
GSE85785_1	0.00378074135891695	0.0371572514267069	NA	NA
GSE23492_1	-0.00398096075161719	-0.0277046312699336	NA	NA
GSE23492_2	0.0173022674735398	0.049211018883767	NA	NA
GSE23492_3	-0.01352255774253	-0.0409274531929499	NA	NA
GSE23492_4	0.00101160496452241	0.00167027230254259	NA	NA
GSE23492_5	0.0165098912054556	0.0311779362738967	NA	NA
GSE44991_1	-0.00314689477590277	-0.0183807909633869	NA	NA
GSE44991_2	-0.000491523659310589	0.000889493650259111	NA	NA
GSE39796_1	0.00294712485364434	0.0224685868880012	NA	NA
GSE39796_2	-0.000429838713763852	0.0212952531088132	NA	NA
GSE39796_3	-0.00241326006609976	0.00759976835435283	NA	NA
GSE18394_1	0.0111124338712841	0.0214490755135883	NA	NA
GSE18394_2	0.00798774274016993	0.0168291272793991	NA	NA
GSE18394_3	-0.00254613147630717	0.0109619288904072	NA	NA
GSE29233_1	0.00319932380566432	0.0471706299003772	NA	NA
E-MEXP-2291_1	-0.00836595230550075	-0.0420184511645914	NA	NA
E-MEXP-2291_2	0.0091144677887998	0.038622223826521	NA	NA
E-MEXP-2291_3	-0.0229801178906481	-0.0734598789354924	NA	NA
GSE107363_1	-0.00377752402973944	-0.0160505168234714	NA	NA
GSE85761_1	0.0766253306707554	0.113864790456058	NA	NA
GSE89179_1	-0.0292116000843813	-0.0469781294100992	NA	NA
GSE89179_2	0.00404643161192155	0.0102967471283008	NA	NA
GSE89179_3	-0.00962901008779889	-0.0324984206393214	NA	NA
GSE89179_4	-0.0179538258421157	-0.0506613040967421	NA	NA
GSE89179_5	-0.0112359112950414	-0.0180539048094987	NA	NA
GSE89179_6	-0.00809133493836508	-0.0463013660564744	NA	NA
GSE89179_7	0.00145882237688352	0.000312870702043558	NA	NA
E-GEOD-57723_1	-0.00141644149777828	-0.0102425764004765	NA	NA
E-GEOD-57723_2	-0.00867913569879142	-0.0654235171647422	NA	NA
E-GEOD-57723_3	-0.0154356237019011	-0.0295490117700948	NA	NA
E-GEOD-83930_1	-0.00223092478448345	-0.0405723423201711	NA	NA
GSE100268_1	0.00566516665234135	0.0345181814469919	NA	NA
E-GEOD-55769_1	-0.000627440257813432	-0.00391134986009509	NA	NA
E-GEOD-55769_2	-0.000332011928745243	-0.00962155374248272	NA	NA
E-GEOD-55769_3	0.000166153236956864	0.0317496142427853	NA	NA
E-GEOD-69110_1	-0.00165495333760166	-0.0239096931180254	NA	NA
E-MTAB-4304_1	-0.00379089868332309	-0.0232683628990438	NA	NA
E-MTAB-4879_1	0.0114292987970686	0.0197675075982888	NA	NA
E-MTAB-4879_2	0.0267558324378734	0.0486847938957773	NA	NA
E-MTAB-4879_3	-0.00982880294631772	-0.0323691349544569	NA	NA
E-MTAB-4879_4	-0.00951354776334002	-0.0368884550964035	NA	NA
Cytokine_Explant_1	-0.01201907860153	-0.0350664960432303	NA	NA
Cytokine_Explant_2	0.00456658852741359	0.0280579841452209	NA	NA
Cytokine_Explant_3	-0.00496954795227247	0.00885836554197129	NA	NA
Cytokine_Explant_4	0.00160706589345208	0.0320157644307216	NA	NA
Cytokine_Explant_5	-0.0108093180801309	-0.0259889794377247	NA	NA
FN1_Explant_1	0.000362556395661896	0.0461873872435913	NA	NA
E-MTAB-6266_1	-0.0198388306830295	-0.0312590266873373	NA	NA
E-MTAB-6266_B_1	-0.0251661495469517	-0.032373908174254	NA	NA
E-MTAB-6266_B_2	-0.0158956381375579	-0.0254058197394194	NA	NA
E-MTAB-6266_B_3	0.00673957309803592	0.00913445780145534	NA	NA
GSE70667_1	0.000453161266901221	0.0181005224997521	NA	NA
GSE87608_1	0.000519263549246436	-0.0122830104297755	NA	NA
GSE87608_2	-0.00319013482944189	-0.0150763459692549	NA	NA
GSE87608_3	0.00711808730669154	0.0345916291499218	NA	NA
GSE87608_4	0.00266824948511336	0.0424691258107641	NA	NA
GSE90890_1	-0.00126904395715798	0.0342069748390095	NA	NA
GSE97118_1	-0.000878293707552002	-0.00799932305808549	NA	NA
GSE97118_2	-0.0075004505103787	-0.059829132743129	NA	NA
GSE97118_3	-0.00356420869100443	-0.00960815154836744	NA	NA
GSE97118_4	-0.013116690827104	-0.0404288222168993	NA	NA
GSE97118_5	-0.000621844928861066	-0.0199938547235378	NA	NA
GSE97118_6	-0.00862220629536458	-0.00601908559475626	NA	NA
GSE97118_7	0.000177818647108077	-0.0217128992206647	NA	NA
GSE107592_1	-0.0179842842132273	-0.0271871025670364	NA	NA
GSE92641_1	-0.0179673874798707	-0.0627248926503987	NA	NA
GSE107849_1	0.000171703296703297	0.00417790211199447	NA	NA
E-ERAD-89_1	-0.000592035367713342	-0.00249726518402944	NA	NA
E-ERAD-89_2	-0.000503812895157032	0.0112800205270499	NA	NA
E-ERAD-89_3	-0.00115297485762667	-0.00507442478573176	NA	NA
E-ERAD-89_4	-0.000594395507359763	0.00441188029275631	NA	NA
E-GEOD-45893_1	0	-0.041405962361612	NA	NA
E-GEOD-53105_1	0.00124048255748651	0.0276449336187025	NA	NA
E-GEOD-53105_2	-0.0067342075173373	-0.063568228890677	NA	NA
E-GEOD-54461_1	0.00495278161525075	0.0259160312644889	NA	NA
E-GEOD-54461_2	0.00527343946952686	0.020319857440252	NA	NA
E-GEOD-54461_3	0.014272037867403	0.0395763740918866	NA	NA
E-GEOD-54461_4	0.0301477704412293	0.0497299297841611	NA	NA
E-GEOD-54461_5	0.0496632061705983	0.0659502321215283	NA	NA
E-GEOD-54461_6	0.0509648722145139	0.0583258708981492	NA	NA
E-GEOD-54461_7	0.0406411303512705	0.0409560055807478	NA	NA
E-GEOD-54461_8	0.0336991899267283	0.0370151616695386	NA	NA
E-GEOD-73372_1	-0.00843190491843997	-0.0177408461744233	NA	NA
E-GEOD-73372_2	-0.00818667100885135	-0.0200242277810482	NA	NA
E-GEOD-73372_3	-0.000701516407609662	0.00310189626942764	NA	NA
E-GEOD-75549_1	-0.00092472198257505	0.0198050038452136	NA	NA
E-GEOD-76988_1	-0.00145980165536474	-0.0469377258056011	NA	NA
E-MTAB-2923_1	-0.0310022171663316	-0.0825125933653808	NA	NA
E-MTAB-2923_2	0.0663669374651317	0.111960911001366	NA	NA
E-MTAB-2923_3	0.0642695851490616	0.0894919026342549	NA	NA
E-MTAB-2923_4	0.039538325188459	0.071174579146615	NA	NA
E-MTAB-3428_1	0.0697043823701113	0.104593253587962	NA	NA
E-MTAB-3428_2	-0.00275428768917328	-0.0525385266888213	NA	NA
E-MTAB-3428_3	0.00620529512330502	0.0513480498029834	NA	NA
E-MTAB-3428_4	0.0674022500839608	0.105126452998337	NA	NA
GSE102856_1	-0.000223456094085212	-0.00273833080454585	NA	NA
GSE103492_1	-0.0083181068386381	-0.0238183226428506	NA	NA
GSE103492_2	-0.00328929310988988	-0.00496894804870605	NA	NA
GSE103492_3	-0.00529534557243544	-0.0102130140566782	NA	NA
GSE103492_4	-0.00775384287132799	-0.00768196002681065	NA	NA
GSE103492_5	0.00203445098617584	-0.00813547072760584	NA	NA
GSE103492_6	-0.00461480814568583	-0.0219456309277963	NA	NA
GSE103492_7	-0.00628319403945773	-0.0163273020581387	NA	NA
GSE103492_8	0.00805803599573302	0.0025152847270152	NA	NA
GSE103492_9	0.00376826105150831	-0.00398376276609965	NA	NA
GSE103492_10	-0.00411064458088198	-0.00871971532975253	NA	NA
GSE106259_1	-0.00588609325680372	-0.0160727651495059	NA	NA
GSE110303_1	0.000437253182912574	-0.011298820867252	NA	NA
GSE110303_2	0.00354141172611185	0.0600530429709019	NA	NA
GSE110303_3	0.00451493067080572	0.0215600644459536	NA	NA
GSE110300_1	-0.000532105558186411	-0.000483029452029576	NA	NA
GSE110300_2	-0.000200788095031361	-0.0516992555640821	NA	NA
GSE110300_3	0.00396725098894833	0.0303396117190565	NA	NA
GSE110281_1	-0.00213381658325604	0.0042064109357997	NA	NA
GSE110281_2	0.00386268370525057	0.0608810505257223	NA	NA
GSE110281_3	0.00566209932479592	0.0668641003953288	NA	NA
GSE104459_1	0.000574998290877191	0.0228346790207699	NA	NA
GSE104459_2	0.00601083255047425	0.0401737915284227	NA	NA
GSE104459_3	-0.00211179843081281	0.00712637280372117	NA	NA
GSE110051_1	-0.0447239684405667	-0.0631801921142151	NA	NA
GSE110051_2	-0.0128247299535869	-0.0120705877263838	NA	NA
GSE110051_3	-0.0432791351908171	-0.0574987737662262	NA	NA
GSE112694_1	0.00915304824942244	0.00209228783389021	NA	NA
GSE112694_2	-0.0102409341109369	-0.0117531659710981	NA	NA
GSE112694_3	-0.0231282328977389	-0.031885966053832	NA	NA
GSE112694_4	-0.0326580402036478	-0.0419336812965987	NA	NA
E-MTAB-5879_1	0.0129332533453176	0.0118540191717883	NA	NA
E-MTAB-5879_2	0.0144405899855501	0.0229200432471107	NA	NA
E-MTAB-5879_3	-0.00170276626816741	-0.00752629652961027	NA	NA
E-MTAB-5879_4	0.00128385230145962	0.0160902813032347	NA	NA
E-MTAB-5879_5	-0.00628135713613916	-0.0156029799728974	NA	NA
E-MTAB-5879_6	0.00443189205841443	0.0195830759848833	NA	NA
E-MTAB-5879_7	-0.00398310727398375	-0.000205408976240142	NA	NA
E-MTAB-5879_8	-0.00269618832905331	-0.0107090708568815	NA	NA
E-MTAB-5879_9	-0.00966012354454912	-0.0536297661507584	NA	NA
E-MTAB-5879_10	-0.00870940583701307	-0.0309663403278897	NA	NA
E-MTAB-4294_1	0.0187294377042816	0.0242902270167493	NA	NA
E-MTAB-4294_2	0.00792509201259172	0.00615349556653374	NA	NA
E-MTAB-4294_3	-0.00406299880736983	-0.0227834755710408	NA	NA
E-MTAB-3186_1	0.0396141432571831	0.0778484898553866	NA	NA
E-MTAB-3186_2	0.0239251893374221	0.0512017293094064	NA	NA
E-MTAB-3186_3	0.00874754417594497	0.0396340235961785	NA	NA
E-MTAB-3186_4	0.0113668470852193	0.0391285376235058	NA	NA
