comparisonID	jaccard	cosine	sigjaccard	chrDir
22659600_1	-0.0152362747655228	-0.0411487100323059	0.000560035842293907	0.00697851745583182
24361742_1	0.0442380056523058	0.118843394465682	0.016304347826087	-0.0294729812458484
GSE72258_1	0	-0.0306045146314942	0	-0.00732943269495615
GSE72258_2	-0.000494559841740851	0.0444107354643884	NA	-0.0173766392311856
GSE69531_1	-0.00990875980059324	0.0133968274432048	NA	NA
GSE69531_2	0.0142622559099581	0.0556551307422413	NA	NA
GSE69531_3	0.0336057663990178	0.0590495336873394	NA	NA
GSE69531_4	-0.00990875980059324	0.0133968274432048	NA	NA
GSE58203_1	0.0173317129465789	0.0245462595319099	0	-0.00152042625969544
GSE58203_2	0.0060545477831177	0.0246578773481974	0.00132275132275132	0.00769860884703956
GSE58203_3	0.0183552419044685	0.0509450434083606	0.00195822454308094	-0.00035326219952988
GSE58203_4	0.0199272801878696	0.0558541155102064	0.00209497206703911	-0.00975861146601621
GSE58203_5	0.0345953111452011	0.0689157729387818	0	-0.0113877086811137
GSE58203_6	0.0223179795094351	0.102363671099669	0	-0.00502268076971363
GSE58203_7	0.0210804569761789	0.0805377790194811	-0.000707213578500707	-0.00480474228159209
GSE58203_8	0.0109746343252065	0.0364431636502634	-3.61052780106407e-05	0.0065684401203511
GSE59642_1	0.000901529630930833	0.0205291588075553	NA	NA
GSE59642_2	0.00341049382992314	0.0196279255285016	NA	NA
GSE59642_3	-0.00122648326056312	-0.00291171607922874	NA	NA
GSE64922_1	0.0222457301071498	0.0699486829498331	-0.000669565491382298	-0.0132832625513336
GSE60162_1	0.00594181987939875	0.135164430993239	NA	NA
GSE31685_1	-0.0120480778368093	-0.0556708791410191	-0.00348432055749129	0.00762610394080602
E-MEXP-3890_1	0.0303698866721851	0.0631037213610665	0.00107142857142857	0.00594385676256704
GSE31980_1	0.0216110343110882	0.0799459181352705	-6.65888089823181e-05	-0.00838198919639363
GSE15615_1	0.00810378760363099	0.0349461442713056	0.00127729685814739	0
GSE15083_1	-0.0026870476642472	-0.0355867970529733	NA	-0.00838971064090093
GSE108035_1	0.00709450714833771	0.0301514189159472	1.25031674690925e-06	-0.00652269189304518
GSE108035_2	-0.0110939225130221	-0.0326775479697112	-0.000624739691795085	-0.0333016821896908
GSE108035_3	-0.0090349324012346	-0.0243531573355732	-0.000590086546026751	-0.01822268658946
GSE21959_1	0.000490668266444345	0.00754655894544257	0	0.0069619598277932
GSE21959_2	0.00218799126085109	0.00457593596773532	-0.00301204819277108	0.000740880626838376
GSE24742_1	0.0205697870198484	0.113254610953607	NA	0.00988171255198178
GSE24742_2	-0.00451879745114886	-0.0130748906298017	NA	-0.00146989167761818
GSE24742_3	-0.0015567203932691	0.0196515331346489	NA	-0.000768177173464758
GSE74668_1	0.00851562483822428	0.0535572027838593	NA	NA
E-GEOD-10024_1	0.027974080687503	0.0970462966757725	NA	NA
E-GEOD-10024_2	0.0391303602420154	0.0394775065758586	NA	NA
E-GEOD-12860_1	0.0172351702928019	-0.0637104144544295	NA	NA
E-GEOD-12860_2	-0.0271252382732658	-0.153550538910676	NA	NA
E-GEOD-12860_3	-0.0228101837205922	-0.14119308738337	NA	NA
E-GEOD-12860_4	-0.0249542931819021	-0.145374729601472	NA	NA
E-GEOD-12860_5	-0.0344931992253447	-0.169841820198701	NA	NA
E-GEOD-12860_6	-0.0275181472434804	-0.138895338852125	NA	NA
E-GEOD-12860_7	-0.0279547308946035	-0.150863403881363	NA	NA
E-GEOD-12860_8	-0.00711733768293095	-0.125799893121116	NA	NA
E-GEOD-14359_1	-0.022483767956368	-0.0564501657797543	-0.00155971834728311	-0.0548120845888082
E-GEOD-14359_2	-0.00820481700435251	-0.0260193710237524	0.00198019801980198	0.0311170244021849
E-GEOD-1919_1	0.010665465348372	0.0975243809600326	NA	NA
E-GEOD-1919_2	-0.00621959117913636	0.0836753502135374	NA	NA
E-GEOD-1919_3	-0.0203388256731892	0.0438640418386795	NA	NA
E-GEOD-1919_4	-0.00767644445502483	0.0128331758384592	NA	NA
E-GEOD-1919_5	-0.0129856755293028	0.0391771929698183	NA	NA
E-GEOD-1919_6	-0.0153049879770167	-0.061890183840999	NA	NA
E-GEOD-1919_7	-0.0177473490699934	-0.0295827592153947	NA	NA
E-GEOD-1919_8	-0.0169202009266978	-0.0346366154679436	NA	NA
E-GEOD-1919_9	0.00420520341723133	0.018576622803991	NA	NA
E-GEOD-19664_1	0.00488815053498696	-0.0114683067591128	NA	NA
E-GEOD-19664_2	0.00235368791733218	-0.0522780969222026	NA	NA
E-GEOD-19664_3	-0.0265131730206773	-0.0958832518422066	NA	NA
E-GEOD-19664_4	0.0100785106088683	-0.0152460307690488	NA	NA
E-GEOD-19664_5	-0.00123970998202034	-0.0504108495601715	NA	NA
E-GEOD-19664_6	-0.0300824463926736	-0.112460105782549	NA	NA
E-GEOD-43923_1	-0.0433847897064873	-0.0878416572642099	0	0.00545296850991731
E-GEOD-51812_1	-0.0349720558559443	-0.137326806701333	-0.000593879705814444	-0.00276376536443294
E-GEOD-51812_2	-0.0418231844530201	-0.159971437101434	-0.000603721467618655	-0.00645736497778028
E-GEOD-68760_1	0.029895373834039	0.0526689583474004	0.000746239822879237	-0.00145063996024569
E-GEOD-82107_1	0.0213950826683965	0.0339995172470733	0	0.00269043835186296
E-GEOD-9451_1	-0.00107155648335864	-0.0249315566146388	0.000172069308849374	-0.00494752272610188
E-GEOD-9451_2	-0.0106766828658939	-0.0326757883818488	-0.00140015263880109	0.00132468588144944
E-GEOD-9451_3	-0.0138819722757882	-0.0420113495900523	-4.47469197469197e-05	-0.0135210640969831
E-GEOD-9451_4	-0.0273312330363156	-0.0998195766791482	-0.00181082358501713	0.00291278808977924
E-MEXP-2019_1	0.00167360703739524	-0.0296798803435059	NA	-0.00670034531329668
E-MEXP-2019_2	0.012463099535418	0.00426335795638661	0	-0.00322080712391681
E-MEXP-2019_3	-0.00628250829032105	-0.0314405255451642	NA	-0.0101795017561705
E-MEXP-2019_4	7.04409828213761e-05	-0.00971617212960309	0	-0.00820098879264406
E-MEXP-2276_1	0.00612022908146266	0.0438319657225612	NA	-0.00887793271566453
E-MEXP-2488_1	-0.00119013384754861	0.033241429153176	-0.000777604976671851	-0.00582960448774481
E-MEXP-3129_1	0.00655508757755302	0.0344314120608781	0	-0.0153912839044842
E-MEXP-3474_1	-0.00944941297147422	-0.0101771502120908	NA	-0.00687424874977225
E-MTAB-3010_1	-0.012767846142228	-0.049779046589442	NA	NA
E-MTAB-3010_2	-0.0140249750316261	-0.0384291380198483	NA	NA
E-MTAB-3010_3	-0.0144594827084817	-0.000987648676132118	NA	NA
E-MTAB-3010_4	-0.00174246031090949	0.0168319394476172	NA	NA
E-MTAB-4152_1	-0.00473519625965215	-0.00623206249053756	0.00279189033742331	0.00536745080728267
E-MTAB-4152_2	0.00451445833782897	0.0814766094944712	0	-0.00837112054317817
E-MTAB-4152_3	-0.00146935952392661	0.0524633803207684	0.00455887781469177	0.00418834354583506
GSE100609_1	-0.00191785998830206	0.0203170115330732	NA	-0.0193445825533482
GSE100786_1	-0.00151037672634147	0.0799410595736257	0	-0.00847148548656418
GSE100786_2	-0.00218421527175659	0.000369612508849601	NA	0.00476444828480578
GSE103697_1	0.000497017892644135	0.0643707744439938	NA	NA
GSE103697_2	0	-0.0137921947860864	NA	NA
GSE103697_3	0	0.00510217796462068	NA	NA
GSE104113_1	0.00760698052001074	0.0106764459367127	NA	NA
GSE104113_2	-0.0102771570515904	-0.0246345784042921	NA	NA
GSE104113_3	0.00760698052001074	0.0106764459367127	NA	NA
GSE10575_1	-0.0244483355626742	-0.0581315591443807	0	-0.0232656007505281
GSE10575_2	-0.0255258198759547	-0.0178496032484374	0	-0.00762332631763633
GSE10575_3	-0.00571448191407924	-0.00281720232212186	-0.000359693106186721	0.0151242361172631
GSE13604_1	-0.0124292176707258	0.00194988662319726	-0.000338376758350655	-0.00482475227387607
GSE13837_1	0.0105776234205584	0.00661170110649871	0	-0.00789812291067152
GSE13837_2	0.000905850227773661	0.0303131002043443	0	-0.00583803255783802
GSE13837_3	0.0124233723334698	0.0453154008837091	0.00204081632653061	-0.0010786747669249
GSE13837_4	0.0232708475692538	0.0828171675831659	0.00157232704402516	-0.00394023339384723
GSE13837_5	0.00785998189572607	0.0261029638819649	0	0.0210686303486848
GSE13837_6	0.0126263795980083	0.0743527986291665	0.00303030303030303	0.00659043476580977
GSE13837_7	0.0156531284858187	0.0803839530145597	0.00396825396825397	0.00596501689466737
GSE13837_8	0.0293311309231718	0.0895547485072964	0.00104166666666667	-0.00328806009773694
GSE13837_9	-0.006790307161341	-0.00599415741311062	-0.00320037230885448	-0.000689819778919852
GSE13837_10	-0.00983056778008038	-0.0222875907436899	-0.00200435334663523	-0.00705416641062713
GSE13837_11	-0.015019078151459	-0.0232960137987653	-0.00303520972299276	-0.00220570738629403
GSE13837_12	-0.014620570673398	-0.0137563868002569	-0.00151972850003729	0.0044585068303017
GSE13837_13	0.0207519254547281	0.0407878794228107	0	0.00200688089642595
GSE13837_14	0.00839660474971006	0.0383410492645202	0.0037593984962406	0.00878833321021736
GSE13837_15	0.0161530618328857	0.0475741968495281	0.000385517061734827	0.0152090453330191
GSE13837_16	0.0278595345023399	0.0937726653782585	0.000794563392590208	-0.00942165008587603
GSE13837_17	0.0173632968231986	0.0461709743665231	0	0.00288321388825711
GSE13837_18	0.0117307488493432	0.0494251889545578	0.00199203187250996	0.00299927796816538
GSE13837_19	0.00948028818201047	0.0469858911054065	-0.000727441878878453	0.00775001815718138
GSE13837_20	0.0125391876907326	0.0816331361698816	-0.000245617865385815	-0.0115166302287167
GSE13837_21	-0.00429080718800498	-0.000885448860509297	-0.0017465165107845	0.00674690969009745
GSE13837_22	-0.000661371558222008	-0.00640399408925476	-0.00126542495120257	0.00138781200182953
GSE13837_23	0.00220681372564126	0.0028960812292062	0.000275203732912723	0.0118234094966626
GSE13837_24	0.014442119542136	0.0339921134652278	0.00227272727272727	0.00972065160063521
GSE16464_1	-0.00204170059406805	0.0511499436195728	NA	NA
GSE16464_2	0.0156192505842072	0.0801878098422697	NA	NA
GSE19060_1	0.00664295754994008	0.0564417384052706	NA	-0.00544489752930131
GSE27372_1	0.00540610629627415	-0.0405403265244943	0	0.00841124038856813
GSE27390_1	0.0160674385903742	-0.00205468155025199	0	-0.00180513584212955
GSE29106_1	-0.020223371410096	-0.0753884857658187	NA	NA
GSE29107_1	-0.0185797694515693	-0.0303968241640173	NA	NA
GSE29107_2	0.0125294693309527	0.0578749237152663	NA	NA
GSE29745_1	0.00625164091635876	0.0444420592721165	NA	NA
GSE29745_2	0.0459870254983649	0.14810095127618	NA	NA
GSE29745_3	-0.00882613303514383	-0.0375231624542155	NA	NA
GSE35546_1	0.0119530785198419	0.00649155372711079	NA	NA
GSE35546_2	0.0167225744659838	-0.004532843012609	NA	NA
GSE35546_3	0.0205696460732581	0.0201367547042735	NA	NA
GSE35546_4	0.00377387270436154	-0.0458019652245498	NA	NA
GSE35546_5	0.00954501978754758	-0.0228952110388673	NA	NA
GSE35546_6	0.0124406765522874	-0.0189671090128725	NA	NA
GSE35955_1	-0.00939789804718123	-0.012114727339412	0	-0.00883550390050187
GSE35956_1	-0.0168123880257472	-0.0916298488173988	0	0.00480305475171252
GSE35957_1	-0.00298245238895497	-0.0375716108086704	0.00331282937657804	-0.00233884680048394
GSE35958_1	-0.00244778952283422	-0.0629402422481617	0	0.0246818833881791
GSE39340_1	-0.00883361894062746	-0.0566686769327876	0	-0.00691992066101892
GSE39340_2	0.0023418129007525	-0.0124628803093035	0	0.0159330302403093
GSE39340_3	-0.00938079309286763	-0.0433389640353288	0	-0.00757695040447135
GSE39795_1	0.00260086742565956	-0.0136120741910424	NA	0.000734248975017096
GSE39795_2	0.0100659361274125	0.0233963203159859	0.00141629685582098	0.00664227062939207
GSE39795_3	0.00971320692177185	0.043472841098751	0.0333333333333333	0.0230493016540641
GSE41038_1	0.0058522733695105	0.00968913280802014	NA	0.00429058385714733
GSE41038_2	-0.00252636386651987	-0.0285681498904645	NA	0.0123847000528306
GSE41038_3	-0.00232101029890157	-0.00812639332384282	NA	0.00367620637747109
GSE41992_1	0.00414980281462974	0.0014119000932481	NA	NA
GSE42235_1	-0.00833657974683905	-0.0188696192284143	-0.00485436893203883	0.0579301378425862
GSE42235_2	-0.00867639900959145	0.0115244602839665	0	0.0351833020333866
GSE42235_3	-0.0118355158357832	-0.00198757983808453	0	0.0440018218594529
GSE42235_4	-0.0186159089547974	-0.0291794840826826	0	0.0571851904603649
GSE45233_1	-0.0116635839458063	-0.00271379953706707	NA	-0.00168270313466494
GSE45233_2	-0.00782520946181442	-0.00883881934145892	0	0.0149118817071666
GSE45233_3	-0.00843606883920596	-0.0185301803599369	NA	-0.00125491219833342
GSE45233_4	0.00464554602504654	-0.00818149640527378	0	-0.0278778949691501
GSE46053_1	0.00189760002972774	-0.00731371040482774	-0.00010613007301749	0.00528427128880401
GSE46053_2	0.00435634829471244	0.000312140288711327	0.00287944229749185	-0.00781659753422837
GSE46750_1	-0.00835766142359507	-0.0450269398500281	0	-0.0120546229637062
GSE51588_1	0.00538443673457983	0.00287028007243218	0.00162441508687109	0.0201819823661838
GSE51588_2	-0.0142513557811973	-0.0313449035347861	0.000682041632211898	-0.00839126252670314
GSE51588_3	0.0200470247958943	0.0524265789058922	0.00211864406779661	0.00608322191113743
GSE52817_1	-0.00831869111681187	-0.0374538499428842	NA	NA
GSE52817_2	0.00531380372154198	0.0934971213105859	NA	NA
GSE52817_3	-0.000199839759056152	0.0379770647959128	NA	NA
GSE52817_4	-0.0164148390193348	-0.101660961375472	NA	NA
GSE55235_1	-0.0131541903611887	-0.00345183660825613	-0.00512820512820513	-0.0158169861136427
GSE55235_2	-0.0369038637551899	-0.0862086190520818	-0.00108695652173913	0.000557170651555604
GSE55235_3	-0.0312875124369992	-0.0964007198236432	0.000130581423113658	0.00275337927966368
GSE55457_1	0.00400204420454629	0.0465179661327385	-0.0099009900990099	-0.025652458939356
GSE55457_2	-0.000171355685920303	-0.0130666592316879	-0.00595238095238095	-0.0261547106919947
GSE55584_1	-0.00890245151644728	-0.0394692440168851	-0.015625	-0.0056793703464474
GSE57218_1	0.0107448912392946	0.0989326237038057	0.0128205128205128	0.0191986583834318
GSE60762_1	0.0110424340635552	-0.0107864533754225	NA	-0.00562579018097332
GSE62914_1	-0.000884501741893896	0.0176507688688083	NA	-0.00965909316968414
GSE62914_2	0.0152858343317547	0.0579553878926115	NA	0.0065280202372905
GSE62914_3	0.0203934520461519	0.0743340727129292	0	-0.0167428259617831
GSE62914_4	-0.0275418197391887	-0.10438345742514	0	-0.00165461959974515
GSE64394_1	0.0188318010678337	0.0469828218660363	NA	-0.0148410873924206
GSE66635_1	0.000252426633880076	0.00113574780793759	NA	0.0132599047328415
GSE68038_1	0.00242144890495898	0.0127700949804381	0	-0.0138701043290896
GSE68428_1	0.0154473451633954	0.0259144379665047	-6.35965383107267e-06	-0.00295234958626528
GSE68428_2	0.0211965287643635	0.035648253112299	0.0023951154777426	-0.0102052125691733
GSE68428_3	0.0234631479832925	0.0448907329063277	0.00287907869481766	-0.00885377743109717
GSE69459_1	0.0215014505024814	0.0790435559257373	NA	NA
GSE69459_2	0.0277248073011905	0.0531975587890954	NA	NA
GSE69459_3	0.01117941177094	0.0757470885530985	NA	NA
GSE69459_4	0.0260160747385742	0.102418499067273	NA	NA
GSE69992_1	0.00822164925787369	0.0387533111289205	0.000200885723416884	-0.00126954360015458
GSE70719_1	-0.00708283221134627	-0.190261777023375	0	0.00543485522641333
GSE7116_1	0.00347359260061987	0.0185028891241499	0	-0.0108281614809178
GSE7116_2	0.0273076716252327	0.0879931803458455	NA	-0.0184001761214535
GSE7116_3	0.0198679958958817	0.0540274868236607	0	-0.0212505243388152
GSE72575_1	0.00407136711208929	-0.0633653011407258	0	0.00339218888501269
GSE72575_2	-0.00219251382002301	-0.0450308710305389	0	-0.0100462862011063
GSE72575_3	-0.00284598814572593	-0.0272876620816652	-0.00165562913907285	0.0058885826359227
GSE72575_4	-0.000492125984251968	-0.0263250806978547	0	-0.00551908263305322
GSE75181_1	0.00151868546815328	0.0107530394962325	-0.00122850122850123	0.00562330212731214
GSE75181_2	0.0318041967079064	0.0664936570375245	0.00246305418719212	-0.0269160529515681
GSE75181_3	0.00542870848068492	0.0162881465800992	0.00354916950661631	0.0135113327187041
GSE75230_1	-0.00345439913575678	-0.018261730856222	0.000337126000842815	-0.0107637534706756
GSE7669_1	-0.00749869205283819	0.0356247580303863	0	0.0338829618695807
GSE77916_1	-0.000989119683481701	-0.0356046540585419	0	0.00519004681008402
GSE80614_1	0.00688169442993122	0.00877572275717483	0	-0.0016789610595752
GSE80614_2	0.00407538738969771	0.0150366418325813	0	0.0024369970756898
GSE80614_3	0.00365000788684007	0.0148078693393595	0	0.00680927912906804
GSE80614_4	-0.00189991997354677	0.0329151457531184	-0.00675675675675676	0.00258660315176406
GSE80614_5	0.00859590993909844	0.0508780441997331	-0.00383124627310674	-0.0243844531546977
GSE80614_6	0.0116768800399869	0.0350087806937754	1.64207657003044e-05	-0.0238987969803178
GSE80614_7	-0.00220908580102316	0.0247056990140691	0.00125	-0.0117557897403394
GSE80614_8	-0.00633659264971585	0.00124310247237129	2.17853058112304e-05	-0.00717375780227704
GSE80614_9	0.0117370892018779	0.054053398680061	0	-0.00559260498909389
GSE80614_10	0.0097389977354765	0.0483323466908049	0	-0.00199887085074895
GSE80614_11	0.00368550368550369	0.0713045803857654	NA	-0.00914760810168644
GSE80614_12	-0.00622723546902364	0.0272145467209817	-0.0133333333333333	-0.0090285944947224
GSE80614_13	-0.0136908964084637	0.0166500383492076	-0.0123456790123457	-0.00789569903047607
GSE80614_14	-0.0121226125913419	0.0249869013276657	-0.0072992700729927	-0.0154807115876439
GSE80614_15	-0.00463788415185262	0.00934790935634728	-0.00238095238095238	-0.0157306322189152
GSE80614_16	-0.00510775508058193	0.0032906572572411	0.00138504155124654	0.00423386696688303
GSE85254_1	0.0233766479832108	0.062095220596488	-0.00746268656716418	-0.0133079978105488
GSE86578_1	0.0212530537661461	0.0788234084281715	0.00364963503649635	-0.00253738824349842
GSE86578_2	0.0209612845827115	0.0566564521057613	0.00423728813559322	0.00766610920478679
GSE86578_3	0.0199180876553056	0.0559219334648646	0.00170685369995313	-0.0127209822787925
GSE9329_1	-0.00353904443658163	0.0169000844062081	NA	NA
GSE93698_1	0.0103672961551904	0.0635970681098198	0.000373692077727952	-0.00798980781365344
GSE93698_2	0.00796234045334877	0.0581311847819784	-0.000448430493273543	-0.00882331817792026
GSE93698_3	0.0232214298536999	0.0903435750683031	0.00121436242099065	0.0119658024134383
GSE93698_4	0.0159435233300141	0.0776740776226213	0.000391236306729264	-0.0176918906150812
GSE93698_5	0.0131261818263598	0.0789232727989164	0.000734214390602056	0.00226848054168093
GSE93698_6	-0.0101689042102617	-0.036815325268492	0	0.00754966174603296
GSE93698_7	0.0270041073552327	0.0352087361786641	0.0011500115928588	0.000800640402232232
GSE93698_8	0.00477392626158791	0.0141558795590019	0	-0.00485553792821984
GSE93698_9	0.0222176142730196	0.0400822690888206	0.00253164556962025	0.0266521027353918
GSE93698_10	0.0373063402559269	0.0644596842191388	0.00386100386100386	0.00675368584414145
GSE93698_11	0.00301942525062502	0.0477965510898818	0	-0.0187545108059505
GSE93698_12	0.0334325129498443	0.060657971110535	0.00543478260869565	0.0119982270040202
GSE93698_13	-0.0347898675464396	-0.029098695578359	-0.00221238938053097	-0.00645775589752167
GSE93698_14	-0.00919126526808951	0.00623413963924809	0	0.0036554273868255
GSE93698_15	0.0166404294987101	0.0287280904761637	0.00122249388753056	0.0159158230261459
GSE93720_1	0.0101704696893713	0.0583478992690135	NA	NA
GSE93720_2	0.0146369754925268	0.0529833658995446	NA	NA
GSE93720_3	0.0214744142925832	0.0546252620785425	NA	NA
GSE93720_4	0.0249651693728936	0.0566014674117116	NA	NA
E-MTAB-5564_1	0.00438013449087262	0.0471166390793326	-0.00120192307692308	-0.0128175453355137
GSE77753_1	-0.00724541068612668	0.00485998809720434	NA	0.00351808017234726
GSE43861_1	0.0108262870603193	0.058568479505347	NA	NA
GSE112809_1	-0.000984251968503937	-0.0495020095931428	NA	NA
GSE111946_1	0.000824508242273939	-0.0062555382199824	NA	NA
GSE111946_2	0.00172908782753292	0.0320898668567957	NA	NA
E-MTAB-3201_1	0.0301780288768341	0.0450309587707925	0.00284629981024668	0.00589752420202341
E-MTAB-6700_1	0.0195522917118682	0.0605281118116979	-0.000855483401318724	0
GSE54749_1	0.0012531328320802	-0.00426349763364108	NA	0.00400999992729902
GSE57218_B_1	0.00708423682893321	0.00160793250061303	0.00714285714285714	-0.0131423494407713
GSE57218_B_2	-0.000710177605549884	-0.0201249901109576	0	-0.0268482024158319
GSE57740_1	0.00167695013168279	-0.00755757826495941	NA	NA
GSE52992_1	0.0187991440670053	0.0898385281276213	0.00739919464548076	0.013684933756672
GSE17160_1	0.0173249120899477	0.0216754288960053	NA	NA
GSE17160_2	-0.00371199747543756	-0.0616513636817971	NA	NA
GSE17160_3	0.00354692222511574	0.0336863267684981	NA	NA
GSE17160_4	0.0167246994015773	0.0276950110818246	NA	NA
GSE17160_5	0.00213485404879441	0.00737124052683673	NA	NA
GSE17160_6	0.00726522646658789	0.00836549216289723	NA	NA
GSE17160_7	0.00836903182576712	0.076250724543414	NA	NA
GSE17160_8	0.0245352600910199	0.0277162129530256	NA	NA
GSE17160_9	-0.00549058548911798	-0.00482182941241167	NA	NA
GSE17160_10	0.00268634803668349	0.0202327072098385	NA	NA
GSE17160_11	-0.000870556635924113	0.0205031863222765	NA	NA
GSE17160_12	0.00607342530317606	0.00384803316236336	NA	NA
GSE22971_1	0.00049331241025508	-0.00798274458793502	NA	0.00700610164446759
GSE22971_2	-0.00243480236092012	0.0261573187695578	NA	-0.0117528729377514
GSE22971_3	0.043026827552515	0.0814936651167348	0.00180402703338483	0.0068481128898505
GSE22971_4	0.0393434373910765	0.0991535605472807	0.00259749737928106	0.00957273203568874
GSE13590_1	-0.00949076807655588	-0.0267883103951909	-0.00150602409638554	0.00492236916615868
GSE13590_2	0.000752322951276606	0.00791853468808806	0	-0.00836676143370851
GSE99731_1	0.00737326287366976	0.0596727759061136	NA	-0.00891191247283156
GSE99731_2	0.000888860778100646	-0.00268654277862179	NA	-0.00612227978587317
GSE99731_3	-0.0322391347163323	-0.0718150799602139	-2.44374854857161e-05	-0.00762239999874824
GSE27492_1	-0.000718435913214198	0.0454870206235921	0	-0.0101674002315325
GSE27492_2	-0.00381874943088759	0.0242196957741223	0.00746268656716418	-0.00723216366907202
GSE27492_3	0.00546561875434211	0.0358359189189513	0.00208270601224531	-0.00329975994155099
GSE27492_4	0.01280873933661	0.0375984893715896	0.00467289719626168	0.00580361188890245
GSE27492_5	0.00716022114557915	0.0211500861328131	0.00588235294117647	0.00773690029385237
GSE27492_6	0.00863363784575579	0.0319374542683506	0.0027027027027027	0.0171613792390212
GSE27492_7	0.0125604317577386	0.0274079039681003	0.00271739130434783	0.00636206664520731
GSE27492_8	0.00634272392943498	0.0207925374221296	0.00240384615384615	0.0108336293464484
E-GEOD-15069_1	-0.00205691901970725	0.0125185555837193	0	-0.0071600918337698
E-GEOD-15069_2	-0.00606623583174989	-0.0610020036096071	-0.00617283950617284	0.00316474143949739
E-GEOD-15069_3	-0.0190727127766142	-0.0508434974292018	-0.00161890961510307	-0.00759906664561671
E-GEOD-15069_4	0.00363742616639087	-0.0270108699617775	0	-0.00611888325849289
E-GEOD-15118_1	-0.00753632466737182	-0.143287066023705	NA	NA
E-GEOD-15118_2	0	0.0504339817199934	NA	NA
E-GEOD-15118_3	0.0195423917349269	0.125443173588441	NA	NA
E-GEOD-15118_4	0.0159528495822492	0.00334156349560098	NA	NA
E-GEOD-16007_1	-0.0243477705805401	-0.0536452610631188	NA	NA
E-GEOD-17473_1	0.00777159122830249	0.0572671695482714	NA	0.0284508533899678
E-GEOD-18647_1	0.0217929259810671	0.0668244047765373	NA	-0.00782006689145509
E-GEOD-18647_2	0.0108988008311845	0.0367542554244956	NA	-0.00221221765174777
E-GEOD-18647_3	0.0103646181239317	0.0310817128535083	NA	0.0156620066779166
E-GEOD-18647_4	-0.000597529190139223	0.00221122035282602	0	-0.0040254870294396
E-GEOD-18648_1	0.0133688911773549	0.055244992506373	-0.00252525252525253	0.00850889026527894
E-GEOD-18648_2	0.00628914541819372	0.0777768080726784	0.000790985202492212	0.00124063201264288
E-GEOD-2154_1	-0.00751213715133633	-0.0850029167674196	0	0.00442092474029545
E-GEOD-2154_2	-0.0140809647336314	-0.033927668162956	0	-0.000269935733490724
E-GEOD-2154_3	-0.00959062834588486	-0.0557889632851507	-0.0104166666666667	0.00145955426892094
E-GEOD-2154_4	0.00404155278105281	-0.0105196034584842	-0.000765541413023427	-0.00276001903020603
E-GEOD-26475_1	0.0229339146646154	-0.00263322546385912	0.008	0.0228164173318912
E-GEOD-26475_2	0.0129526672778186	0.0993652019361399	0.0454545454545455	0.00724085805298048
E-GEOD-26475_3	0.00743816183363895	0.0993567785480382	0.0178571428571429	0.00241530483706162
E-GEOD-33567_1	-0.014516532893241	-0.061590072636778	NA	NA
E-GEOD-33567_2	0.000354101686734394	0.0302462142627511	NA	NA
E-GEOD-37287_1	0.0128727054992545	0.00841315800380463	NA	NA
E-GEOD-37287_2	0.0115868610387723	0.0348597004012778	NA	NA
E-GEOD-37287_3	-0.0116867089477233	-0.0418525213124598	NA	NA
E-GEOD-51994_1	0.0127829093178142	0.0603189359130061	0.00545454545454545	0.0147282411376718
E-GEOD-51994_2	0.0244326011598345	0.0948311292984943	0.00296442687747036	0.0182863719694433
E-GEOD-51994_3	0.0295694246573446	0.083940435470802	0	0.0158619987135903
E-GEOD-65077_1	0.000104828930518252	-0.0107034430639569	NA	NA
E-MEXP-1244_1	0.000890422546852156	-0.0856099638930628	NA	NA
E-MTAB-1123_1	0.00631266283322177	0.0590096903348426	0	-0.0111745590082748
E-MTAB-1123_2	0.00236999408982509	0.0295030202192557	0	-0.0169217785733623
E-MTAB-1123_3	-0.00558288611837159	-0.00431494900443335	0	-0.0037004082985041
E-MTAB-1123_4	0.000520142779463279	0.0647406981332781	0	-0.0128166302455794
E-MTAB-1391_1	-0.0280580800295747	-0.10836410372422	-1.59280476991935e-05	-0.0116126872731784
E-MTAB-1391_2	-0.0430643175030006	-0.150198736194076	-0.000343907106043441	-0.00667276767961434
E-MTAB-1391_3	-0.0439372768782875	-0.131780746137	-0.000425216039655134	-0.0109739635914303
E-MTAB-2450_1	0.0138828259344277	0.0605830553153402	0.00174216027874564	0.00113828624843635
E-MTAB-2450_2	0.0200881755765159	0.117591516355122	0.00280898876404494	0.00285766232227262
E-MTAB-2450_3	0.00939031800854036	0.0183191619362226	0.000931098696461825	0.00954737952310144
E-MTAB-2450_4	0.00109821818783989	-0.0218021333473279	0	0.0192604460229754
E-MTAB-5023_1	-0.0185031323143416	-0.065704892072571	NA	0.00241406768187191
E-MTAB-5326_1	0.0140194787664033	0.0298298811545046	NA	NA
E-MTAB-5326_2	0.0217663055962121	0.070637091479665	NA	NA
E-MTAB-5326_3	0.0102128844538922	0.0146042156235592	NA	NA
GSE102588_1	0.017164872560604	0.0665319710391432	0.0116279069767442	-0.00109219375360146
GSE104793_1	-0.00177935648746297	-0.0118531606327498	0.000533346837709938	0.0213436263490432
GSE104794_1	0.0194757342694229	0.0292859019988667	0.00148809523809524	0.00757531247733072
GSE104795_1	0.00944623280014859	0.00608410151592378	0.00106837606837607	0.00343019991298204
GSE105139_1	-4.93562951980235e-07	-0.0279180135633182	NA	-0.0186829686211949
GSE105139_2	0.0176921979247603	-0.0079949978377466	NA	-0.0136320725313415
GSE105139_3	0.0205207189862401	0.00726800342639558	0	-0.00717927070019715
GSE10555_1	-0.000347729449655998	0.0271924097437412	NA	NA
GSE10556_1	0.00611646119332915	0.0119756064965774	0.00320512820512821	-0.00714412245347967
GSE106631_1	0.0221946098008146	8.15834204976324e-05	0	-0.0121059665789703
GSE13104_1	-0.0408262578409647	-0.126218189279291	NA	NA
GSE13104_2	-0.0276976930665255	-0.101424101108332	NA	NA
GSE13104_3	-0.0196489708042676	-0.076575246958227	NA	NA
GSE16749_1	-0.00251535950718563	-0.0434863354903938	NA	NA
GSE16749_2	0.00216538674077193	-0.0451151559991726	NA	NA
GSE16749_3	0.000485950968142792	0.0210540762623445	NA	NA
GSE17348_1	-0.0231777718397437	-0.0372218576859593	NA	NA
GSE17563_1	0.0194317615866485	0.0537279157492018	NA	NA
GSE17563_2	0.0108773867886849	0.00535322490716815	NA	NA
GSE17569_1	-0.00908722462468343	-0.0418248344248616	NA	NA
GSE17569_2	-0.0138855975454274	-0.0724711721109955	NA	NA
GSE17570_1	-0.026252411529932	-0.0914121678864585	NA	NA
GSE17570_2	-0.0180132091725134	-0.0604307288327583	NA	NA
GSE18991_1	0	0.0933736314442447	NA	-0.0084198867285328
GSE18992_1	0	0.0189772893682861	NA	-0.00156639958487873
GSE19299_1	0.0145814983381677	0.0657252484015033	-0.000102767170924517	0.00124543557642149
GSE20850_1	0.0112308076461163	-0.0129756684700997	NA	NA
GSE21093_1	-0.026612606121845	-0.0519555476408266	NA	NA
GSE21523_1	-0.000574163193755348	-0.00169336334801917	NA	NA
GSE21639_1	-0.00505768705386227	-0.0198233368844186	NA	NA
GSE21639_2	-0.0034574650357421	-0.0570754224946964	NA	NA
GSE21639_3	0.000506320230527523	0.0354405844135068	NA	NA
GSE21639_4	0.00096961082462153	-0.0126332099633501	NA	NA
GSE21710_1	-0.0231907726864784	-0.0591526346072203	NA	NA
GSE21710_2	-0.0251686159253032	-0.0671774487553353	NA	NA
GSE21710_3	-0.0169756820121609	-0.0498653666565873	NA	NA
GSE22925_1	0.00705254751209763	0.0134608707343306	0.000446428571428571	0.0136112992349736
GSE22925_2	-0.000897554882278764	-0.0270955153755375	0.00148367952522255	-0.00248905631869125
GSE26499_1	0.00560894543812274	0.0415998348846859	NA	NA
GSE30160_1	-0.0228071441102819	-0.0472963059672666	0	0.0050988870529744
GSE30628_1	0.031445970096204	0.130740537965337	0.000419815281276238	0.00214141873391042
GSE30628_2	0.0130663532768144	0.0845034125537817	0.00148367952522255	-0.00923126709927524
GSE32163_1	-0.0122299206773095	-0.00819264538772575	NA	-0.0328194452151122
GSE33656_1	0.0103846944584833	-0.0129630979725689	NA	NA
GSE33754_1	0.0213377373671099	0.0437734980486072	0	-0.00757346352558258
GSE33754_2	0.0233306376339385	0.0678090960239659	0	0.0139920253141815
GSE33754_3	0.0231357956453612	0.0947058781647285	0.00337837837837838	0.0160975699918358
GSE34570_1	-0.0163048511395255	-0.0525683655081755	NA	NA
GSE35003_1	0.00061689810256243	0.0419671850167098	NA	NA
GSE35466_1	0.0298587210870119	0.0197023951571804	NA	NA
GSE35466_2	0.0252103656798423	0.0646468518563833	NA	NA
GSE35466_3	0.0216976540895082	0.00618921949454333	NA	NA
GSE35466_4	0.0348394140572609	0.0739166695734081	NA	NA
GSE35466_5	0.0181607024138296	0.0783204274506412	NA	NA
GSE36925_1	0.000502321088479883	0.046834415054056	NA	NA
GSE36925_2	0.00254262838777274	0.0455060917725779	NA	NA
GSE36925_3	0.0131240790334264	0.0504876524951028	NA	NA
GSE37219_1	0.00674789840076176	0.0674358045951443	NA	NA
GSE37676_1	-0.00809974303539948	-0.0412986583885533	0.00177935943060498	-0.0176279101936257
GSE41342_1	0.0251748732222368	0.116452367601812	0	0.00151669486546101
GSE41342_2	0.00598897682134191	0.0923119111862471	NA	-0.0096350513892908
GSE41342_3	-0.00245086902314866	0.0197858706873438	NA	-0.00847880515080071
GSE41342_4	0.0106328367327955	0.00664931946415697	0	0.020157522100985
GSE41997_1	-0.0023752357176405	0.0320929851708268	0	-0.00652563216933226
GSE43242_1	0.000530503269056338	-0.0305542614962373	0.0133333333333333	-0.0110104979268568
GSE43242_2	0.00516377306366461	0.0165124466084385	0	-0.00672158673851557
GSE43663_1	-0.00122947320264125	-0.0481098974391945	NA	0.00719838426848408
GSE43854_1	-0.00351908579091961	-0.042084486295587	NA	NA
GSE45656_1	0.00329182094577761	-0.0126294399787916	NA	NA
GSE45656_2	-0.0209920400146001	-0.0676001190122599	NA	NA
GSE45656_3	-0.00222193384498618	-0.013870980730297	NA	NA
GSE45793_1	0.0143314831959406	0.079950278560231	0.00142045454545455	-0.000367099149042994
GSE45793_2	0.038700078471165	0.11469631106661	0.00325732899022801	0.00324171926754072
GSE45793_3	0.0350377333311262	0.134654977909306	0.00147637795275591	-0.00289120054107987
GSE45793_4	0.0368832386980958	0.139290759285837	0.00161420500403551	0.0118174178267654
GSE45793_5	0.0529044182023206	0.169634247203997	0.00168918918918919	-0.00324955298774131
GSE46390_1	-0.00181047623715605	-0.0712493445328526	NA	NA
GSE48438_1	0.00975515340423374	0.0368787981503421	NA	-0.000633585562579787
GSE50549_1	0.00403472839132688	0.0137977610958789	-0.00381679389312977	-0.00540673993703786
GSE50549_2	-0.00368800040542893	-0.00659413827521015	-0.00145560407569141	0.00365543372524088
GSE51098_1	-0.0555625834912567	-0.142464610083997	0	0.0120356569484699
GSE53857_1	-0.00559465791358741	-0.0608898336294034	0	0.0369637817658798
GSE53857_2	0.00120820584055025	-0.0757710199408989	0	0.00597934135460037
GSE53857_3	0.00336083007857605	-0.0221390219502741	0	0.0162250235606379
GSE53982_1	-0.0131442318976176	-0.0661259883049383	-0.00020162824317127	0.000187225937844097
GSE53982_2	0.0184396763607271	0.0365137200342055	0	-0.0122261419787392
GSE54779_1	0.0374238937798394	0.0755724645351712	0.00180722891566265	-0.00402963730840218
GSE55900_1	0	0.0377982454645298	NA	-0.0166529388338965
GSE57104_1	0.0172450826086329	0.0413192274862717	NA	0.00403043374595382
GSE59387_1	-0.00102923354614846	-0.0347248171576752	NA	NA
GSE60401_1	-0.00726222005162845	-0.117695674579051	NA	NA
GSE60401_2	-0.0120192739546367	0.00387708693782575	NA	NA
GSE60651_1	-0.0200285014407395	-0.0423027604913205	NA	NA
GSE60737_1	0.0134656158686485	0.0489796084149641	NA	NA
GSE60761_1	-0.00103927851197056	0.0247834251947647	0	-0.00290758724857039
GSE60761_2	0.000496031746031746	0.0345266711556232	NA	-0.00557767587647115
GSE60761_3	0.0056117271941767	-0.0130217769180025	0	0.00455147998743042
GSE60761_4	0.00563855253033587	-0.0137088884451782	0	0.00400386085768437
GSE63017_1	0	-0.0309074287329377	NA	0.0105737232635388
GSE63017_2	0.000734333918199373	-0.0155249356826425	NA	0.00392342920962224
GSE63017_3	7.37916694290401e-05	-0.0203994954757668	0	-0.00681955302406403
GSE63017_4	-0.000276546046396728	-0.0187361712186588	NA	-0.00314862714878246
GSE63939_1	-0.00605616519538769	-0.0240973385175322	0.00122699386503067	-0.00408475841746884
GSE63939_2	-0.0084071881774029	-0.0427970741817178	-0.000366891603759151	-0.0047497274148506
GSE64141_1	-0.0167207728826103	-0.0501024262725908	NA	NA
GSE64965_1	-0.0112341410341298	-0.0925909556452183	0.00144441462008042	-0.00702124853690566
GSE65745_1	-0.00126262626262626	-0.039746422222788	NA	0.00740204859130363
GSE65745_2	-0.00249376558603491	-0.0420658607637318	NA	0.0123900960762792
GSE65745_3	-0.00249376558603491	-0.0630047993996507	0	-0.00129681610659872
GSE66416_1	-0.0067237898958532	-0.0276974740851181	NA	NA
GSE66862_1	6.12851347700162e-05	-0.0946516303390796	0.00119617224880383	-0.00211561255458792
GSE69108_1	0.0023639731548407	0.0334929830316804	0.000824371472857083	-0.01135397955613
GSE71565_1	-0.0170134540711973	-0.0559535578033302	NA	NA
GSE72261_1	0.00980184324738876	0.0803809015761792	0.00819672131147541	0.02977416897369
GSE72261_2	0.0182562392644195	0.0563447217083996	-0.00108695652173913	0.015438911569099
GSE72261_3	0.018841977596216	0.0540838631566082	0.00138504155124654	0.0214796731959414
GSE7683_1	-0.00859706798834422	-0.0259627212177101	-0.0185185185185185	-0.0156576988619609
GSE7683_2	0.0046195622997497	-0.0119447693599979	-0.0104166666666667	-0.00943629119148667
GSE78980_1	-0.00990737934711425	-0.0254794713846402	NA	NA
GSE78980_2	-0.00148391412759229	0.00976995194284019	NA	NA
GSE78980_3	-0.00632702001333805	-0.0679351322006793	NA	NA
GSE78980_4	0.00242895662994772	0.00819825154619094	NA	NA
GSE78980_5	0.000709347874236017	-0.0175904564582067	NA	NA
GSE78980_6	0.00121908915135307	-0.044093618740373	NA	NA
GSE78980_7	0.0153093072881249	0.0577234394042074	NA	NA
GSE78980_8	0.01915665276883	0.0629472459950766	NA	NA
GSE78980_9	0.0155845963559049	0.0528471860251451	NA	NA
GSE78980_10	0.0200935255762848	0.0709180749765693	NA	NA
GSE81399_1	-0.00126624033584736	-0.036945774779733	NA	-0.00300692949700615
GSE84609_1	-0.00080595465110073	0.0205934197608091	0.00159235668789809	0.00301829151749613
GSE84907_1	0.0209181119544702	0.0696150806753959	0	0.0203067939148488
GSE84907_2	0.0139025848717702	0.0621067974179602	0.000175272608464816	0.0275325248820711
GSE84907_3	0.00248798624356047	-0.00618873847590843	0.00193050193050193	0.01155865056379
GSE90127_1	-0.0344199150456472	-0.111494278377992	NA	NA
GSE90127_2	-0.00250185199856981	-0.0058797513995614	NA	NA
GSE90127_3	-0.0316864115128131	-0.0962073475747355	NA	NA
GSE9247_1	-0.000587218982952922	-0.01062582420876	0	0.00118869204030884
GSE9247_2	-0.0120200312792531	-0.0385986151079852	-0.000472589792060492	-0.00129794382534625
GSE9247_3	-0.00285861079215564	-0.039781146717428	0	0.00668464872337828
GSE99306_1	0.0337277712993485	0.143156888694457	0.000813008130081301	-0.0125988724874179
GSE99306_2	0.0183312356125302	0.113425177672884	0.000672947510094213	-0.0282652874757151
GSE99306_3	0.0171639385882149	0.0254471689869631	0.00114678899082569	0.023746661811849
GSE99306_4	0.0151013200355358	0.113962133306606	0.000540540540540541	-0.0320017768179533
GSE99306_5	0.0111767311216038	0.0728372032022524	0.00140449438202247	-0.0217104414556601
GSE99306_6	0.00568738584966705	0.0592323210565745	0.000103840963459791	-0.0236427106182468
GSE99306_7	0.013260477481442	0.00402842995443154	0	0.0234931699872724
GSE99306_8	0.0218638519705901	0.11426232500843	0.000751620836127878	-0.0150542500126466
GSE99306_9	0.0153879611096179	0.0857190293157026	0.000513725905239077	-0.0219926885879576
GSE99306_10	0.0130191556345458	0.0339152015001332	0	0.0154915703741466
GSE99306_11	0.0238433047594246	0.131396260346397	0.000736377025036819	-0.0121949161134612
GSE99306_12	0.0106412015807318	0.090071475043631	0.000928462179963807	-0.0255820726439629
GSE99306_13	0.0244832352472468	0.0509904664207312	0.003125	0.00279750176348425
GSE99414_1	-0.01847052853633	0.00832425359963561	0	-0.000572523344698962
GSE110581_1	0.00164877994299308	-0.0510204251959084	0.0043408929836995	0.00291680452484556
GSE110581_2	0.000248374607348966	-0.0129930600246321	0	0.00900638281814656
GSE47799_1	-0.00498399009768655	-0.0600757290180731	0	-0.0160064369972668
GSE47799_2	0.00408764068860386	0.0201346360799234	0.00671140939597315	0.00140450121906895
GSE47799_3	-0.00739366306133159	-0.0591414859911974	-0.00574712643678161	-0.0199542950721486
GSE111628_1	0.000763118589983785	-0.0269477250656062	NA	NA
GSE111628_2	0.00196463654223969	-0.0769797044266353	NA	NA
GSE111628_3	-0.0017269977949574	-0.0713213810038521	NA	NA
GSE5657_1	-0.00825715423524311	-0.0590743441015858	0	0.0309494536346475
GSE5657_2	7.13219514556756e-05	-0.0181282226305197	0	0.00380884142936811
GSE13782_1	-0.0133108785813225	-0.0069713730399573	-0.00308641975308642	-0.00544227076424418
GSE41039_1	-0.0022265057561738	0.0317692816480815	0	-0.00344635329550369
GSE84198_1	0.00219298245614035	-0.0277364905134785	0	0.00200460989995759
GSE84198_2	-0.00793956142240771	-0.0351497689733999	0.00625	0.00962907062933752
GSE84198_3	-0.00148502660027392	0.0059401003355302	-0.000924214417744917	-0.0175731598063126
GSE114469_1	-0.00265421367077965	0.00273012820888289	NA	NA
GSE108036_1	-0.00348935948314181	-0.101924697715947	0	0.00676309617386632
GSE60451_1	0.02697625825406	0.0614639253315238	0.00285014801143833	-0.00737392486176066
GSE47902_1	-0.00124475199898732	0.0655305805870354	NA	NA
GSE44325_1	0.00435810654418608	0.0187593851874328	NA	NA
GSE4481_1	0.00261666433243814	0.122311476308933	NA	-0.000275639330500527
GSE4481_2	0.0179624051681039	0.0793357418438692	0.00694444444444444	0.0123343374171448
GSE4481_3	-0.000499465243787074	0.0377512598232536	NA	0.000894073825553812
GSE102292_1	0.0187874578140378	-0.00149465812312269	NA	NA
GSE102292_2	-0.0318196972844418	-0.112090515507306	NA	NA
GSE102292_3	-0.00189621948903506	0.0086474384031736	NA	NA
GSE102292_4	-0.0157700464256819	-0.0106020107440847	NA	NA
GSE41898_1	0.00812520977419507	0.0146114833512234	0.00287538045628867	-0.025609667668242
GSE87605_1	-0.00806771241502891	-0.0300938584474193	0.00214592274678112	0.00446083991648936
GSE87605_2	-0.0454851948490772	-0.129461470700626	-0.0020007908264136	-0.0185831658900588
GSE87605_3	-0.0401847648687825	-0.119924498076217	-0.00137361855523407	-0.0163225598066515
E-GEOD-54216_1	-0.0378110930043683	-0.104031864854409	0.00134448567480127	0.0289884196510765
E-GEOD-54216_2	-0.0372104374961649	-0.0857906264918268	0.00126404334351215	0.0209744175433716
E-GEOD-54216_3	0.00611430932457924	0.00555459297731219	-3.29406804226947e-05	0.00787557881944409
E-GEOD-6119_1	0.0234055600892577	0.020071309931583	0.00254147966110329	-0.00938224324920359
E-GEOD-6119_2	0.0190597574150471	0.0187708469855655	0.00313300633032402	-0.00644844800937069
E-GEOD-6119_3	0.0182973403222513	0.0188379132263979	0.00253913067283541	-0.00661146733270154
E-GEOD-8077_1	-0.0087561928184722	-0.0542135242750294	-0.00629241308333065	-0.0211204687254422
E-GEOD-8077_2	-0.00282899947731264	0.0125347570891692	0	-0.0227723381577163
E-GEOD-8077_3	0.0111469473558498	0.0545766694916093	0.000283607487237663	-0.00392272582166726
GSE103416_1	-0.0111874858393422	-0.0451802279598586	-0.000617391389113724	-0.000252356862977845
GSE103416_2	0.0194719708173442	0.0353103137760055	0.00298346871154995	-0.00312245945224566
GSE103416_3	0.0227520960943766	0.0812336038931832	0.00151981599241734	-0.0134538264973048
GSE19950_1	-0.00463479070616659	-0.0138217656448646	-0.0012531328320802	0.000326884906573402
GSE30322_1	0.00420693277711035	0.0383911430036553	0.00591715976331361	-0.0104727858184549
GSE30322_2	0.0117242656423254	0.0192430492357877	0.00210970464135021	-0.0136510138199875
GSE30322_3	-0.00223337178359467	-0.0100167640314937	0.00335570469798658	-0.00247074697415149
GSE42295_1	0.000951300932150278	-0.00138219277413309	NA	0.00785727629217474
GSE42295_2	0.0183208740537044	0.110429569072234	0.00769230769230769	0.00644984918895624
GSE42295_3	0.028097561728808	0.120692089886105	0.00684931506849315	0.0104570332623483
GSE66554_1	0.0227427097476602	0.0640235992385945	0.000273668554154053	-0.00109771870657412
GSE66554_2	0.00786518013465014	-0.00959460183133243	-0.00197428037094877	-0.00875783560508144
GSE66554_3	-0.00136885816220604	-0.0121731157041749	0	0.0196135872146182
GSE66554_4	-0.00487249013546206	-0.0304054428881552	-0.000436173306193661	0.00420166421034834
GSE74898_1	0.0615309290596179	0.164463611640588	0.00226757369614512	-0.000363417030686292
GSE74898_2	0.0591272490993199	0.151130476023626	0.00231481481481481	0.0021772956452842
GSE74898_3	0.0510121875441461	0.138785998047475	0.00289855072463768	0.0237863240350609
GSE79176_1	0.000494559841740851	0.00432846578661139	NA	NA
GSE79176_2	0.00243291008298561	0.060723907640811	NA	NA
GSE79176_3	0.000729316116690579	0.0610013897657814	NA	NA
GSE85785_1	-0.0417019873044828	-0.134445546763995	0	-0.00517597247407789
GSE16981_1	-0.00169863909531994	-0.014971704382761	0.000858369098712446	-0.00587495343228145
GSE16981_2	-0.0152395500641114	-0.0415788847610273	0	-0.0252527797664904
GSE16981_3	0.00736787925109865	0.0106982829178282	0.000739644970414201	0.00266580507571374
GSE16981_4	0.00736787925109865	0.0106982829178282	0.000739644970414201	0.00266580507571374
GSE16981_5	0.00673230337928064	0.0304779144439206	0.00595238095238095	0.0240709024431065
GSE16981_6	0.000575699138035523	0.0698023838158298	0.0147058823529412	0.00784124759611307
GSE16981_7	0.00217802068425403	-0.032036509515503	0	0.0040279686129937
GSE29859_1	0.0152007244693262	0.0263322706481562	-0.000665483584738244	0.00812907063107529
GSE29859_2	0.0141532595086485	0.0272119653018859	0	0.0188091245090289
GSE23492_1	-0.0295878487780219	-0.121255931035467	NA	NA
GSE23492_2	-0.0201543223785638	-0.0698274927662084	NA	NA
GSE23492_3	-0.0347515254844198	-0.0911782285161772	NA	NA
GSE23492_4	-0.0242373122117682	-0.0409632099233816	NA	NA
GSE23492_5	0.0186825126662146	0.00383803821710912	NA	NA
GSE44991_1	-0.00180557614183283	0.0253320620726328	0	0.0036113771611772
GSE44991_2	-0.021296329717428	-0.164781836744011	NA	0.00180167604799356
GSE39796_1	0.0176767309992315	0.0513344948840576	NA	NA
GSE39796_2	0.0266248788429658	0.0812859066213948	NA	NA
GSE39796_3	-0.00151828707817658	-0.0211356060742848	NA	NA
GSE18394_1	0.0262546202691056	0.0848752608894384	0.000798052468990887	-0.00126064547821583
GSE18394_2	0.00745948179512247	0.00330371711797101	0.000618811881188119	-0.000800044698675492
GSE18394_3	0.0221647165600656	0.0884849635251929	0.000439599914463123	-0.00842854565317185
GSE29233_1	0.0215951556838172	0.0596284208351847	NA	NA
E-MEXP-2291_1	-0.00478768654113331	-0.0204090441602232	NA	NA
E-MEXP-2291_2	-0.0151985673611477	-0.0945140939892588	NA	NA
E-MEXP-2291_3	0.0226191874756992	0.0661361497809539	NA	NA
GSE18738_1	-0.022714239207369	-0.10380910754629	0	-0.00140722881546103
GSE107363_1	0.00872893359967012	0.0181035453086854	NA	NA
GSE85761_1	-0.0464935300590987	-0.134421419090528	NA	NA
GSE89179_1	-0.0304679269012869	-0.0771337513085194	NA	NA
GSE89179_2	0.0208227169193574	0.0268226700183072	NA	NA
GSE89179_3	-0.0162588066130201	-0.0451835373130429	NA	NA
GSE89179_4	-0.0144658143865178	-0.0277348556229009	NA	NA
GSE89179_5	0.00115118272552379	-0.0259852727700414	NA	NA
GSE89179_6	-0.00520354222958882	-0.0432762140870663	NA	NA
GSE89179_7	0.00345782360226344	-0.0143349464098418	NA	NA
E-GEOD-57723_1	0.0204705974615477	0.0487120870543952	NA	NA
E-GEOD-57723_2	0.00292972058079417	0.0145155194103171	NA	NA
E-GEOD-57723_3	0.00737460866560663	0.0219122008388219	NA	NA
E-GEOD-83930_1	0.00274962205917616	0.0177623251956848	NA	NA
GSE100268_1	-0.000427026666653237	-0.0210800840097691	NA	NA
E-GEOD-55769_1	0.00667598701330272	-0.0467529236722739	0	0.00449503736548246
E-GEOD-55769_2	0.000236152855302705	-0.0380277554318566	NA	0.00434425030863937
E-GEOD-55769_3	-0.000949022913650759	-0.0697705223422862	0	-0.0068409231817746
E-GEOD-69110_1	0.00537925795660934	0.0125172520349769	0	-0.00650575671156038
E-MTAB-4304_1	0.0293292027258693	0.056088738399013	0.00384615384615385	-0.0422908632141753
E-MTAB-4879_1	0.0163166296512064	0.0370149371423669	0	-0.00868367294003877
E-MTAB-4879_2	-0.0165618027792826	-0.053935842966024	0	0.00266830375526027
E-MTAB-4879_3	0.00929858108334454	0.000637711183221575	0	-0.00351650995005663
E-MTAB-4879_4	-0.00846172366367882	-0.0176120186027245	0	-0.0223174048209933
Cytokine_Explant_1	0.0279295187770139	0.0755350073189713	0.00561797752808989	0.0174417089788469
Cytokine_Explant_2	0.0358316213140745	0.0877632542702636	0.000810623336495772	0.00999174348061397
Cytokine_Explant_3	0.0326362193826279	0.0970945896405292	6.70773589765597e-06	-0.0124783934496523
Cytokine_Explant_4	-0.00312688776169189	-0.00316369578770665	0	0.0170103529465999
Cytokine_Explant_5	0.0142027138045076	0.0352898909833098	-0.000990735522051571	0.015358170236745
FN1_Explant_1	-0.00773797419746008	-0.15003977102521	0.00515463917525773	-0.0125977744561956
E-MTAB-6266_1	0.024189324164912	0.0833297677457971	0.00116084114805342	0.0066899937637521
E-MTAB-6266_B_1	0.0507821802973275	0.143285747288305	0.00154574285388669	0.00549104024514904
E-MTAB-6266_B_2	-0.00444381539010463	0.0207896130421487	0.00126032628669127	-0.00362558820896298
E-MTAB-6266_B_3	-0.0451223784929585	-0.143980678409234	0.00446779813420254	-0.00868574303200401
GSE74220_1	0.00879682096019023	0.0292006876744343	0.000113559174214673	-0.0240244337989376
GSE114007_1	-0.0210190464417833	-0.0632551180472672	0.000557605608008323	0.0194844763080338
GSE109503_1	0.0156735408229122	0.0544057770395038	6.14009234698885e-06	-0.0316551320347959
GSE109503_2	0.0181411278162884	0.0671169679544302	0	-0.021439232468888
GSE109503_3	0.00847843655305472	0.00916102432367554	-0.00173010380622837	0.00299956058637482
GSE109503_4	0.000569130193777159	-0.0116748043025173	0.0012628289184794	0.00128279893153222
GSE109503_5	-0.0220291803193109	-0.0637521357195542	-0.000860585197934596	-0.0190993416894144
GSE109503_6	0.000626221843867177	0.00612875131207398	-0.000109049977970018	-0.000350609756097565
GSE109108_1	0.0204474719238738	0.0598317411863354	0	-0.0192436874813924
GSE109108_2	0.00687709889840897	0.00797843788485915	0	-0.0339645386669853
GSE109108_3	-0.000432001958270581	0.0249596234344564	NA	-0.030837673467816
GSE109108_4	-0.00158787833438775	-0.0159146344759817	0	0.0148325732381182
GSE70667_1	0.000744527115433437	0.0580428969976155	0	-0.0084431851673231
GSE87608_1	0.00345358966001523	0.0957914099843243	NA	0.0113002926529653
GSE87608_2	0.005357313714561	0.0542572197088914	0	0.00833279833635177
GSE87608_3	-0.00593570344460637	-0.0327011459175077	-0.015625	-0.00090329669225534
GSE87608_4	-0.00415331991167645	-0.0303682970642411	0	-0.0130694971977762
GSE90890_1	-0.00788155183161517	-0.0512100098631101	-0.00471698113207547	0.00417352662269066
GSE97118_1	-0.0388453144519455	-0.12451276017945	NA	NA
GSE97118_2	-0.0169138908666816	-0.0451292017455471	NA	NA
GSE97118_3	-0.0542812269479162	-0.134819528454995	NA	NA
GSE97118_4	-0.0147759401325751	-0.0646570427894753	NA	NA
GSE97118_5	-0.0211007918744749	-0.0416957764006202	NA	NA
GSE97118_6	-0.029720518664612	-0.0775345832677623	NA	NA
GSE97118_7	-0.0142456439738224	-0.0408258454932327	NA	NA
GSE107592_1	-0.00163417257728499	-0.00183977553742876	-0.00120033985433941	-0.0262828796478152
GSE92641_1	-0.000798667456902977	-0.0373612197805145	0.00396825396825397	-0.0102970136825303
GSE107849_1	-0.00617490069203867	0.0039839036560918	0.00213879664546631	-0.0196163874872315
E-ERAD-89_1	-0.000973616719727238	-0.0128296389427386	NA	NA
E-ERAD-89_2	-0.000472538010243845	0.00318791432325222	NA	NA
E-ERAD-89_3	0.00132461548149773	0.00972851162727604	NA	NA
E-ERAD-89_4	0.00194626893228842	0.0191432172445181	NA	NA
E-GEOD-45893_1	0	-0.031095285608361	NA	NA
E-GEOD-53105_1	-0.0054038294647016	-0.0478673481837105	0	0.0457066128957176
E-GEOD-53105_2	-0.00707085787145464	-0.00634548871055731	0.00247524752475248	0.0207796637403648
E-GEOD-54461_1	0.0191372188386703	0.0465024828059613	-0.000878734622144112	-6.15799011941115e-05
E-GEOD-54461_2	0.0189973239166795	0.0781015315982007	-0.000739644970414201	0.00210777806205371
E-GEOD-54461_3	0.0299001267248386	0.092321166109097	-0.000548245614035088	0.00501670761625247
E-GEOD-54461_4	0.0412302550647595	0.13405685559508	0.000235843746482044	-0.00428227013620682
E-GEOD-54461_5	0.0490535305227512	0.157168462850881	0.000417806492572848	-0.00891675197344923
E-GEOD-54461_6	0.0472447903925401	0.153864765107696	0.000592190357691248	-0.000228172057807592
E-GEOD-54461_7	0.0418417022701528	0.154729839934057	0.000335959855841768	-0.00334778533462357
E-GEOD-54461_8	0.0427788766745119	0.159914448066056	0.000632989860962322	0.00291530263660245
E-GEOD-73372_1	0.0364839459559161	0.108026664537472	NA	NA
E-GEOD-73372_2	0.0201415379378835	0.120186218773753	NA	NA
E-GEOD-73372_3	-0.0177619979912006	-0.0204814862259961	NA	NA
E-GEOD-75549_1	0.0199165592991162	0.0125152145389437	NA	NA
E-GEOD-76988_1	-0.0157909055688578	-0.0778133995433671	NA	NA
E-MTAB-2923_1	0.0210404385155907	0.054767432873845	NA	NA
E-MTAB-2923_2	-0.0122802449431409	-0.0103130851977402	NA	NA
E-MTAB-2923_3	0.0156599274374587	0.0661249356631094	NA	NA
E-MTAB-2923_4	-0.0160980645320203	-0.0341679718014617	NA	NA
E-MTAB-3428_1	-0.0528265628109027	-0.192303743647138	NA	NA
E-MTAB-3428_2	0.00392199646268794	0.00607116428296921	NA	NA
E-MTAB-3428_3	0.00173630512429101	-0.0460016543600395	NA	NA
E-MTAB-3428_4	-0.0551533171135498	-0.185316520290248	NA	NA
GSE102856_1	0.00284482546729296	0.0792234492590358	NA	NA
GSE103492_1	0.0241976696868775	0.0715124795627244	0.00625	0.0328182883786783
GSE103492_2	4.52455045719252e-05	0.00197093006633365	0.00280898876404494	-0.00103850371224701
GSE103492_3	0.0158621897401132	0.0530575290689224	0.00436681222707424	0.016301445369582
GSE103492_4	0.0101455282783732	0.0603406932715686	0.00943396226415094	0.0291568684416143
GSE103492_5	0.0130404107168101	-0.00495710421421154	0.00757575757575758	0.0114418297706303
GSE103492_6	0.0240709732761977	0.0559933844942809	0.00520833333333333	0.0207902103572732
GSE103492_7	0.00371341409051431	0.0706034156084588	0	0.00465514215514215
GSE103492_8	0.0173285750331031	0.0577463760053795	0.00757575757575758	-0.0282882235198503
GSE103492_9	0.0136951240556142	0.0708376596189506	0.00769230769230769	-0.000835721142512302
GSE103492_10	-0.00507804688636539	0.0164231687230723	0	0.024487642378052
GSE106259_1	-0.0278259812632888	-0.0692752823938938	0	0.00506966542969324
GSE110303_1	-0.00324429983458259	0.0441404040096989	NA	NA
GSE110303_2	-0.0118707640895221	-0.0653406427944242	NA	NA
GSE110303_3	-0.000907667192504517	0.0159693803101092	NA	NA
GSE110300_1	-0.00490798845476704	-0.0368646959283164	NA	NA
GSE110300_2	0.00098676454430941	0.0631067497244693	NA	NA
GSE110300_3	-0.00390905165817043	0.0156471865791564	NA	NA
GSE110281_1	0.0351606808534796	0.154376179647863	NA	NA
GSE110281_2	0.0127908406104326	0.0925540571434185	NA	NA
GSE110281_3	-0.00983141216093468	-0.0628092585090582	NA	NA
GSE104459_1	0.00985432295278782	0.0545345001368301	0	0.0041210293748481
GSE104459_2	0.013426184047695	0.089741607875386	4.38629470887535e-05	0.00321392439482649
GSE104459_3	0.00731588149575047	-0.0383836165050969	0	-0.00224993827405438
GSE110051_1	-0.0254931050967495	-0.118231102952711	-0.00293255131964809	0.00319932154441351
GSE110051_2	-0.0167414784348431	-0.0302142430103308	0	-0.00318180806494337
GSE110051_3	-0.0264644148061919	-0.112559406369498	-0.00087463556851312	-0.0153884661467832
GSE112694_1	0.0323457552641985	0.106801983579317	0.00113471187721214	-0.00250336746353846
GSE112694_2	0.0312317029524406	0.0822081825418874	0.000619628197712767	0.00343453025471392
GSE112694_3	-0.00115518403524936	-0.0388089791108428	-9.71384953534462e-05	0.00850796759861594
GSE112694_4	-0.00526155595175143	-0.0489098383671636	-0.00150118774628625	-0.00349507797830038
GSE97232_1	0.00926924264374095	0.0698654540792257	0	-0.0124914966128651
GSE114079_1	-0.000482550698909407	-0.0867292508625641	NA	NA
GSE114079_2	0.000995787443234123	0.0150731467523133	NA	NA
GSE114079_3	7.80455161520899e-05	-0.0320567527270366	NA	NA
GSE114079_4	-0.00451661363264797	-0.0953985806047847	NA	NA
GSE104828_1	0.0207351580857776	0.0433449555184197	NA	NA
GSE114521_1	-0.00288330583329153	-0.0835360654074453	0	0.00308289867285916
GSE114521_2	-0.0095609735120593	-0.00219733207738171	0	-0.00868182365987315
GSE112413_1	0.0108051364881154	0.0109976038476595	0	0.00237216239672605
GSE112413_2	0.00023960121595637	-0.0669960463615795	-0.000289445626159209	0.0191950421346522
GSE101909_1	0.0220148257398214	0.0491581164650191	0.00393700787401575	-0.0163900037490489
GSE101909_2	-0.010304790810122	-0.00480040931294993	0.00042871709306637	0.0108799587229351
GSE114919_1	0.0260208374631454	0.109015102262839	-0.000170208423540678	-0.00546476664161548
GSE114919_2	0.021086385986247	0.0313877159599328	-0.00273224043715847	-0.00587162468599828
GSE114919_3	0.030084235371235	0.104282961487267	-0.000647388864911524	0.0108556150328084
GSE114919_4	0.0214133285047406	0.0651517901232717	-0.000323415265200517	-0.0099996362922944
GSE114919_5	-0.0211514272379078	-0.054830178309475	0	0.00357297826126913
E-MTAB-5879_1	-0.128598922529769	-0.379410202018049	-0.00379698362201013	-0.00789977810593708
E-MTAB-5879_2	0.00254501794176698	0.0218599773717996	0.001	0.0128670934890326
E-MTAB-5879_3	0.0770003145071691	0.24572330006071	0.00249376558603491	0.00879728661446335
E-MTAB-5879_4	0.0513761948533706	0.181150672899995	0.000924214417744917	0.00388893296691958
E-MTAB-5879_5	-0.0355384535141128	-0.100560954655246	-0.000486769098409834	0.0026568231143123
E-MTAB-5879_6	0.0353204279889868	0.146336633935912	0.00140056022408964	0.39410672945473
E-MTAB-5879_7	0.0591453514957013	0.241412100362537	0	0.229688391694602
E-MTAB-5879_8	0.0718409880665666	0.283891634310818	0	0.326150883300618
E-MTAB-5879_9	0.143347622433383	0.495884740011135	0	0.24789004238848
E-MTAB-4294_1	0.0119414822284592	0.0302279108525168	0.000534076372515623	0.248394025608831
E-MTAB-4294_2	0.0125015602947625	-0.0251328367733129	0.000536205299580344	0.0426458809808589
E-MTAB-4294_3	0.00789870070319746	-0.0809684094298046	0.00214592274678112	0.0476055524514717
E-MTAB-3186_1	0.0419393081049827	0.139370788870836	0.000256765244102441	0.112694145155735
E-MTAB-3186_2	-0.00323066427949278	-0.0140475040214025	0.00105007114955979	0.0299710970476632
E-MTAB-3186_3	0.0240965311462353	0.0408858314947678	0.000692524195141221	0.0122506519953933
E-MTAB-3186_4	0.0264062162030195	0.11447126975242	0.0004337400924777	-0.0148829144333027
GSE114919_Rat_1	0.0194717861762726	0.108974817588221	6.14547210394627e-05	-0.036148376155631
GSE114919_Rat_2	-0.00766879252336311	-0.0445957672363406	-0.000696378830083565	0.00670551398817909
GSE114919_Rat_3	0.034489107222789	0.114754840603563	-0.00133689839572193	0.0073900410147165
GSE114919_Rat_4	0.025176536656798	0.103337423776866	-0.000548851699101538	-0.00459741595685021
GSE114919_Rat_5	-0.00588017830876672	-0.0163701747998974	-0.00172711571675302	-0.0179953845002423
