comparisonID	jaccard	cosine	sigjaccard	chrDir
22659600_1	0.0758880338018357	0.324216316377418	0.133416352271196	0.0927493075236464
24361742_1	0.00905019794540447	0.0561962476244125	0.0211265452753966	0.0638347593703201
GSE72258_1	0.000273224043715847	0.0404877427221471	0	-0.000127739290342897
GSE72258_2	0.000818330605564648	0.0263768033796928	0.0144927536231884	0.000966921119592875
GSE69531_1	0.0230563595415671	0.0740022348053378	NA	NA
GSE69531_2	0.0567967369443289	0.123727834359214	NA	NA
GSE69531_3	0.012979406418301	0.0319138158711338	NA	NA
GSE69531_4	0.0230563595415671	0.0740022348053378	NA	NA
GSE58203_1	-0.00863050300891309	-0.0488813724944377	-0.0142171614389244	-0.0154654112135059
GSE58203_2	-0.00145060178810272	-0.0227515342534373	-0.00311350352423694	-0.00796570494366768
GSE58203_3	0.0146518480808316	0.0347777513205641	0.0180408435664716	0.00900703383868051
GSE58203_4	0.00311392739207614	0.0131535713727874	0.00572099100862314	-0.00474810144364154
GSE58203_5	-0.0126203545842956	-0.0527163250176896	-0.0172082513146794	-0.0245052946436147
GSE58203_6	-0.00644000940907941	-0.000677207865910286	-0.00737084191692316	0.000832990481804385
GSE58203_7	0.0229433106482917	0.0576978055594744	0.0278175137146544	0.00907848014839016
GSE58203_8	0.0245508911982874	0.0670481383851811	0.0300423946558571	0.00535158021569185
GSE59642_1	-0.00142542215201334	0.000371155130196863	NA	NA
GSE59642_2	0.00774189034615941	-0.00126816227514421	NA	NA
GSE59642_3	0.00993393098463417	-0.00191135649065705	NA	NA
GSE64922_1	-0.0121457471874111	-0.047624749161487	-0.0127789689291695	-0.0089454094292804
GSE60162_1	0.0017702206331022	0.0126510154331986	NA	NA
GSE31685_1	-0.0250108733270652	-0.0888722303748688	-0.035415258166268	-0.0263958296496893
E-MEXP-3890_1	0.0317782219893413	0.0800483817396487	0.0374362109047901	0.00846913631435398
GSE31980_1	-0.0218885610674604	-0.0583921607511369	-0.0253522045702157	-0.0202109473720438
GSE15615_1	0.00029585770362929	-0.0148549813978605	-0.00185532738241048	0
GSE15083_1	-0.000270242975654058	-0.0162798381995946	NA	-0.00301812740242544
GSE108035_1	-0.0308295700756691	-0.0633928099427142	-0.0330045300690263	-0.0251296728059738
GSE108035_2	-0.0417919650216862	-0.110737456866348	-0.0473861054902872	-0.0264895469943719
GSE108035_3	-0.048293898442785	-0.127000576696729	-0.0561310088700086	-0.0262775205977804
GSE21959_1	0.00804399433159793	0.0297575247788752	0.00716283267503265	-0.00244817490326472
GSE21959_2	0.00795143112337955	0.0218631079312098	0.00166120016471956	0.00199353017622906
GSE24742_1	0.0132092716899646	0.112982786590258	NA	0.0246564641578857
GSE24742_2	-0.00219716642361766	0.0303924398752595	NA	0.00888328395590984
GSE24742_3	0.00289745429299414	0.0141131077444059	NA	0.00353313723952479
GSE74668_1	-0.0124032185655611	-0.0400306101482358	NA	NA
E-GEOD-10024_1	-0.0221209962704587	-0.0670614083454743	NA	NA
E-GEOD-10024_2	-0.0258912632752726	-0.0607624434889757	NA	NA
E-GEOD-12860_1	-0.00858193834675021	-0.0178775787306819	NA	NA
E-GEOD-12860_2	-0.0151343076698901	-0.0577866251590499	NA	NA
E-GEOD-12860_3	0.00969447534946126	0.0285806980163906	NA	NA
E-GEOD-12860_4	0.00495162120543537	0.0167876220187488	NA	NA
E-GEOD-12860_5	-0.00106862341040423	-0.003244980152673	NA	NA
E-GEOD-12860_6	-0.0179185919005649	-0.0591552110015356	NA	NA
E-GEOD-12860_7	0.000770680141238884	0.01353386178347	NA	NA
E-GEOD-12860_8	0.00550176298342588	0.0241707464447881	NA	NA
E-GEOD-14359_1	0.0182977113889349	0.0624694235334217	0.0227678011705953	0.0209751929265316
E-GEOD-14359_2	-0.00351541866300662	-0.0212323850587892	-0.00258538430879663	0.000319858137224262
E-GEOD-1919_1	-0.00224763395932294	0.020120669790831	NA	NA
E-GEOD-1919_2	-0.00597858584103828	0.0189005210587781	NA	NA
E-GEOD-1919_3	0.00224172422996976	0.0111683990849594	NA	NA
E-GEOD-1919_4	0.0367158172338231	0.146600528636239	NA	NA
E-GEOD-1919_5	0.0317646332954933	0.110283203979436	NA	NA
E-GEOD-1919_6	0.0365133360885357	0.163519583556817	NA	NA
E-GEOD-1919_7	0.0350674448349265	0.201358537895924	NA	NA
E-GEOD-1919_8	0.0380733467204354	0.189804385970555	NA	NA
E-GEOD-1919_9	-0.000154273205888873	-0.0442674918518762	NA	NA
E-GEOD-19664_1	-0.0700839283549748	-0.183128579431731	NA	NA
E-GEOD-19664_2	0.0413945682572695	0.123496366581548	NA	NA
E-GEOD-19664_3	0.0358661921218812	0.0868097579654219	NA	NA
E-GEOD-19664_4	-0.0352580325553095	-0.094203752189405	NA	NA
E-GEOD-19664_5	0.0134662474269404	0.0603176228311962	NA	NA
E-GEOD-19664_6	0.0300866438389483	0.0737901202217315	NA	NA
E-GEOD-43923_1	0.0514065259801328	0.138268106770395	0.0366233537836205	-0.0190826948639964
E-GEOD-51812_1	0.0275955889008785	0.0937684616656275	0.0236677073408814	0.0225252929592497
E-GEOD-51812_2	0.0295828436034077	0.104850745049302	0.0270228812664405	0.0243008620518561
E-GEOD-68760_1	-0.0145181238012334	-0.0367303972266902	-0.015056073278126	-0.0155055166516275
E-GEOD-82107_1	0.0167819540178902	0.0591277417142511	0.011658567383414	0.0183619902877236
E-GEOD-9451_1	0.048998112501896	0.126015938985811	0.058708822787874	0.0418079286613769
E-GEOD-9451_2	0.00289738375803892	0.0264763315826636	0.00389445376450486	0.00347164881793754
E-GEOD-9451_3	-0.022612482293293	-0.0520606564547523	-0.0294778246927088	0.0037659495039531
E-GEOD-9451_4	-0.0351832588568802	-0.0820248864081961	-0.039142894110813	-0.0247647035304466
E-MEXP-2019_1	0.00880072385641014	0.023697205368703	0.000442477876106195	-0.00210374743713281
E-MEXP-2019_2	-0.000146252277651578	-0.0019966037842492	0.0151949837844473	0.00558477259906609
E-MEXP-2019_3	-0.00206593420733188	0.00964870383246572	NA	-0.00338819228160319
E-MEXP-2019_4	0.0115751419393731	0.0271951787253009	0.000798742867899853	0.00239892754238571
E-MEXP-2276_1	-0.017169270888223	-0.0353556397441068	NA	-0.0233736062756165
E-MEXP-2488_1	0.0300429087113394	0.0750042605763735	0.0313797246484148	0.0400977467552117
E-MEXP-3129_1	0.00667624841788309	0.0219969603567762	0.0160924553132693	0.0158674139903023
E-MEXP-3474_1	0.0627539260805408	0.183825099161602	NA	0.0234147327828746
E-MTAB-3010_1	-0.00330737657358331	-0.00706468507708347	NA	NA
E-MTAB-3010_2	-0.014907500892006	-0.0254058197394194	NA	NA
E-MTAB-3010_3	0.00156347935184395	0.0159575352495243	NA	NA
E-MTAB-3010_4	-0.00423050117957576	-0.0170266188196537	NA	NA
E-MTAB-4152_1	0.0136734179242824	0.0289855791742967	0.0155000095617418	0.00645370112118781
E-MTAB-4152_2	0.00251149692438777	0.0710573891971253	0.00599641245565027	-0.000657260498566492
E-MTAB-4152_3	0.0191575149297802	0.0815299859626329	0.0252433795999973	0.0124547143237111
GSE100609_1	0.00326575066689248	-0.00065855466412661	NA	0.00416780896755866
GSE100786_1	-0.00147362033491568	0.01723446016471	0.00101317122593718	0.00503129012784493
GSE100786_2	-0.000396974088150881	0.0119385138310306	NA	-0.00516396950532589
GSE103697_1	0.000832653010156365	0.0360552249070664	NA	NA
GSE103697_2	0	-0.00259301556552028	NA	NA
GSE103697_3	0.000819224467504096	0.00768751686076857	NA	NA
GSE104113_1	-0.0051049579917657	-0.0323891510281524	NA	NA
GSE104113_2	0.0273987565146673	0.0688876765753697	NA	NA
GSE104113_3	-0.0051049579917657	-0.0323891510281524	NA	NA
GSE10575_1	0.00446694561939194	0.0339350124532308	-0.000821394131423061	0.0221420463509623
GSE10575_2	0.0298757015465543	0.0977638222484034	0.0260505912287339	0.0192905399409755
GSE10575_3	-0.0195730690495497	-0.0461175045006972	-0.0225551006911406	0.000557233947860614
GSE13604_1	0.00763961552001445	0.0483317208618128	0.0160752367460729	0.00737151170656979
GSE13837_1	-0.00200692976060813	-0.013350379754961	-0.00226294447910168	-0.00965119540151779
GSE13837_2	0.00530924056152835	0.0141924440908827	0.0042123793095309	0.00585986199516226
GSE13837_3	0.0163689022676619	0.0613394869930892	0.0280072464208085	0.0293262871846668
GSE13837_4	0.014794875973226	0.0540654684387618	0.0224388674267065	0.0221326166008572
GSE13837_5	-0.00394542400344826	-0.000284592753810111	-0.00190664732988953	-0.00396687879524163
GSE13837_6	-0.000555975096085596	0.0245827322643073	-0.000693639302420704	0.00582361261440087
GSE13837_7	0.0177670403993088	0.0783874299557082	0.0259912251350899	0.0193458335147658
GSE13837_8	0.0174349979233307	0.0612994237267248	0.0199235139334555	0.0209063107546616
GSE13837_9	-0.00354637279465492	-0.0158003241941874	-0.00217021030378483	-0.000161856754390011
GSE13837_10	-0.00633539534238464	-0.0150278314162735	-0.00833172239661284	0.00567846372747332
GSE13837_11	-0.00431455106655267	-0.0208352919869924	-0.00471472457303084	0.00444107568286398
GSE13837_12	-0.00291411485121763	-0.0223832384467692	-0.00773645504587804	-0.00101801128897458
GSE13837_13	-0.00960466493890749	-0.0463373493342757	-0.0141160486916488	-0.00910370867569666
GSE13837_14	-0.00611900112902822	-0.0024435125992739	-0.0134508177167355	-0.00484999962195843
GSE13837_15	0.00980222337914688	0.0306480975767485	0.00677573721049422	0.00881712047703818
GSE13837_16	0.0188569065637738	0.0534533755605383	0.0216988641472532	0.0199269995625784
GSE13837_17	-0.00730663159282022	-0.0186198328806722	-0.0107839117468073	-0.0128430676258492
GSE13837_18	-0.00402665288628915	-0.0162299596400145	-0.0121699252271007	0.00323329012896443
GSE13837_19	0.00555767867793301	0.0264262415343439	0.00614595662405007	0.00850515817865964
GSE13837_20	0.00671519248769866	0.0345776872603222	0.00356727768410798	0.00570270903802888
GSE13837_21	-0.0073369193069112	-0.0193967598197354	-0.00529015406651316	-0.00167917247993327
GSE13837_22	0.000365371281217226	0.0117043151010654	-0.000527286683624666	-0.00275509722925987
GSE13837_23	0.000198385790777727	0.00754625136958268	0.00252879181548901	0.000700173251765676
GSE13837_24	0.00985270072778192	0.0306672606988949	0.0115359276595525	0.0110229612435495
GSE16464_1	0.0225762773774934	0.0686670123412319	NA	NA
GSE16464_2	-0.0143489490073063	-0.0507564597875975	NA	NA
GSE19060_1	0.00799219706067765	0.0619955819089465	0.00036231884057971	0.0238184060066704
GSE27372_1	-0.00841311198356742	-0.0793710148571159	-0.0114407324537886	-0.0104176605067871
GSE27390_1	-0.00959117481075188	-0.0729683335436942	-0.0167656040160743	-0.0139078197121911
GSE29106_1	0.0160407841308301	0.0290516973890665	NA	NA
GSE29107_1	0.0171560638338519	0.0508807212118982	NA	NA
GSE29107_2	-0.0160427618875798	-0.047379294533851	NA	NA
GSE29745_1	-0.0228402056916989	-0.056157039187532	NA	NA
GSE29745_2	0.0219436931044655	0.0397256451920725	NA	NA
GSE29745_3	-0.0351625953553561	-0.0842088857191353	NA	NA
GSE35546_1	-0.00986252826000237	-0.0366673109605624	NA	NA
GSE35546_2	-0.0139639285940546	-0.0317143731088565	NA	NA
GSE35546_3	-0.0111227669498065	-0.0342867950073637	NA	NA
GSE35546_4	-0.0212599411467567	-0.075772176101648	NA	NA
GSE35546_5	-0.0233352613993932	-0.07717417743915	NA	NA
GSE35546_6	-0.0240460722274716	-0.0702409417418389	NA	NA
GSE35955_1	0.00505570729172392	0.0170831445076756	0.00422231887621131	0.00777221271191556
GSE35956_1	-0.0131541565112024	-0.0507952522584383	-0.0114285946542076	0.008026015146943
GSE35957_1	-0.00370393028965128	0.017006228686194	-0.00017889676363441	-0.00896088118370253
GSE35958_1	-0.0111540502965567	-0.0363914904583542	-0.0112461518154094	-0.000999974466078145
GSE39340_1	-0.00726323224285083	-0.0458083238002069	-0.000158039086433653	-0.0303680826851559
GSE39340_2	0.00998961137046664	0.0553412301965161	0.00171252854002355	-0.00726236460933308
GSE39340_3	-0.0248593230452082	-0.107027014531607	-0.000373412994772218	-0.0372564518434282
GSE39795_1	-0.0110806763347707	-0.0457487711383892	NA	-0.0113512612277977
GSE39795_2	0.00142174254197498	-0.00842851319834266	0.00489823656923527	-0.000254346702555291
GSE39795_3	0.00832115838290403	0.0303052246799268	0.00203171891638143	-0.00313110657505039
GSE41038_1	-0.00459472398800365	-0.0201282497774011	NA	-0.00416465793293505
GSE41038_2	0.00557421127729222	0.0187722998717422	NA	-0.00664527632951466
GSE41038_3	0.010143584747578	0.0681478079178607	NA	0.000326315968559968
GSE41992_1	0.00850849966721641	0.0225216036697492	NA	NA
GSE42235_1	0.00771558737930767	0.042716310135782	0.0157046111945492	-0.0128681914560609
GSE42235_2	0.00771095724803834	0.0428222600742916	0.011003010477521	-0.0164063331496117
GSE42235_3	0.0129364914652231	0.0536188360966242	0.0179924678062168	-0.0258594608196496
GSE42235_4	0.0188253236280042	0.0532872259140077	0.0426761340472715	-0.00367750017564373
GSE45233_1	0.0187986301564379	0.0695622719269776	NA	0.00868552311676251
GSE45233_2	0.0085084872881181	0.0552253811814854	-0.000373412994772218	0.00487813104404392
GSE45233_3	0.00269181711037005	0.00617578726947749	NA	-0.00255328392030784
GSE45233_4	0.00406042148732228	0.0267953955882904	0.000711237553342817	0.015701379517169
GSE46053_1	0.00651936954781826	0.0541603058122466	0.00756335545018639	-0.00269119119766121
GSE46053_2	0.00163809853416358	0.022934201363545	-0.00205310068316765	-0.00254050655869651
GSE46750_1	9.45673939750508e-05	-0.00816391953229036	0.00376675305428868	-0.00931300070896444
GSE51588_1	0.106609066117946	0.208626659390393	0.116865279903318	0.0417897290051703
GSE51588_2	0.0442923834189296	0.0838004707104428	0.0500993067688665	0.0302243778461893
GSE51588_3	0.0662282113944489	0.184885540825418	0.0802809541671649	0.000499729659052912
GSE52817_1	-0.0291038588315706	-0.0660471022272746	NA	NA
GSE52817_2	0.0182320957439287	0.0710453407823068	NA	NA
GSE52817_3	0.0257052172930572	0.0729922769836446	NA	NA
GSE52817_4	-0.0326804460766623	-0.10061677535851	NA	NA
GSE55235_1	-0.0114842707022474	-0.0329314459654423	-0.0167727839606011	-0.00583934486002462
GSE55235_2	0.0580393850596527	0.214495845602096	0.0872847710335306	0.0845830833669871
GSE55235_3	0.0715461879171467	0.27168906460615	0.118725170590086	0.0821740425112686
GSE55457_1	-0.0101263545185292	-0.029149273441827	-0.0166503398963221	-0.0355460169629035
GSE55457_2	0.0142083018045849	0.104092227252918	0.0201559443298047	0.00472977332207442
GSE55584_1	-0.0108036421651764	-0.0952424985826771	-0.0055915332803569	-0.0303827160998707
GSE57218_1	0.00570825401883429	0.122069094141212	0.0128295718177563	0.00512266412102779
GSE60762_1	0.000559769582061061	0.00956629263074205	NA	-0.028279552573623
GSE62914_1	-0.0141727836773818	-0.0304533943045125	NA	-0.00455699207190478
GSE62914_2	-0.0104048358754721	-0.0178286333580724	NA	-0.0176586481903345
GSE62914_3	-0.00413525209317989	-0.00321331930619544	-0.00109409190371991	-0.0187424480645886
GSE62914_4	0.015386058140877	0.0494267126840845	0	0.0188172627980853
GSE64394_1	-0.0106535945186407	-0.0603477435235942	NA	0.00225763095294837
GSE66635_1	0.0011544189961892	-0.0133949607069533	NA	0.00621179296469216
GSE68038_1	-0.0193347977153966	-0.0507131090842421	-0.00224246403347148	-0.00574109849831339
GSE68428_1	-0.014909548248625	-0.0499561787213451	-0.020527395909605	-0.0145323150201199
GSE68428_2	-0.016097171725242	-0.0571289150332725	-0.0242229066651389	-0.0108463647237758
GSE68428_3	-0.00567124751461401	-0.0196640302888607	-0.00581623409410283	-0.0077614719011983
GSE69459_1	0.0065651900109985	0.0183814351749323	NA	NA
GSE69459_2	-0.0043408992293266	-0.0014268553333545	NA	NA
GSE69459_3	-0.0105357765561566	-0.03017286266483	NA	NA
GSE69459_4	-0.00353570137683516	-0.00286436362178726	NA	NA
GSE69992_1	-0.0190273085949587	-0.0680776647784512	-0.0215636307571596	-0.00543140086895522
GSE70719_1	-0.00264834247193963	-0.0508493774244233	-0.00365839753555684	-0.00315535913362
GSE7116_1	0.00592913801835422	0.0548895179113258	0.00835092977579197	0.0136631676605053
GSE7116_2	-0.00108463970605503	0.0392480788763322	0.00972997589853537	-0.00821239078300576
GSE7116_3	-0.00774839703998952	-0.0223042424476496	-0.01096498440619	-0.0248949779721865
GSE72575_1	-0.0200406355033467	-0.14847453250992	-0.0325556593798474	-0.0247843906247096
GSE72575_2	-0.0118665216245375	-0.0951522838083796	-0.0201095575484285	-0.0160122826241379
GSE72575_3	-0.0213350262082892	-0.134982002934572	-0.0319655796922694	-0.0202346483568334
GSE72575_4	-0.000893565494629497	-0.0276988191653995	-0.000520224456394669	0.00108384562634388
GSE75181_1	-0.0333539867460597	-0.123022305187351	-0.0477489665480826	-0.0240314960846181
GSE75181_2	-0.0178871219084034	-0.0650037906524054	-0.0243084153228622	-0.0093680341403615
GSE75181_3	-0.0389525353912515	-0.131272766187653	-0.0525453039780362	-0.0323321240574762
GSE75230_1	-0.00221570938992307	-0.0341779412548818	-0.000782128874142708	-0.0156906338543314
GSE7669_1	0.00599739791458458	0.0559004825653166	0.00374681984229108	0.0107470861204329
GSE77916_1	0.000532375978301057	-0.0108399292997854	0.000586854460093897	-0.00715371876475505
GSE80614_1	-0.00512169637953896	-0.0646889801936772	-0.0110461073081573	-0.0463043229173552
GSE80614_2	-0.0104426622731357	-0.0465503871270449	-0.0217072022524143	-0.0427410434342315
GSE80614_3	-0.00229670054659454	-0.0194008417694506	-0.00261923239734726	-0.0231285026130981
GSE80614_4	-0.00206581963049927	-0.0179736563023751	-0.00301797675353344	-0.0438418647373871
GSE80614_5	-0.00676470810493369	-0.0257253380643372	-0.0119283480212468	-0.0344392663390049
GSE80614_6	0.00183414918200573	-0.0142822508039666	0.00459188838516632	-0.0133686515795559
GSE80614_7	0.00807023855769711	0.00587130368612107	0.0153193451438925	-0.017203623310037
GSE80614_8	0.00753326451926177	0.0111898127232517	0.0112905751011804	-0.00223528729031337
GSE80614_9	-0.00457621251408365	-0.0389480479981769	-0.0081675562024907	-0.0293609904651166
GSE80614_10	-0.00509781332245206	-0.040167004093557	-0.0109277532318831	-0.027092596896217
GSE80614_11	-0.00170648464163823	0.0111725996785453	NA	-0.0146707636127931
GSE80614_12	0.00195314292464969	0.00928784785487857	-0.000444775544348353	-0.0210041367847035
GSE80614_13	-0.00197404839933507	-0.00218592462780568	-0.00298975814887437	-0.0333179436962549
GSE80614_14	0.000458091055785797	0.0206621748140016	0.00106565960435787	-0.0303269055359356
GSE80614_15	-0.000314525966798648	0.00742630633484855	-0.000109176785147633	-0.0303594943183955
GSE80614_16	0.00600559466327161	0.0213505946794273	0.0116930957350509	-0.0211029771960935
GSE85254_1	-0.0159943717263301	-0.0365079387930673	-0.0146205819351643	-0.0300847444685621
GSE86578_1	-0.0148640362863861	-0.0709458053772387	-0.0271100705777808	-0.0315361504508576
GSE86578_2	-0.0126432201062202	-0.0790517854192243	-0.026360473334179	-0.0212802017900583
GSE86578_3	-0.0209406037574142	-0.0462593257784625	-0.0392299516444152	-0.0201088989021705
GSE9329_1	0.0151878620884903	0.0633509687357394	NA	NA
GSE93698_1	0.000838949779609063	0.00511624125802754	0.00240648447268951	0.00250983550802027
GSE93698_2	-0.0100499473928057	-0.0263951705924998	-0.013094291305012	-0.00854664343444236
GSE93698_3	0.01277732756621	0.0229909609046524	0.0117058133011592	0.0142935016672173
GSE93698_4	0.000558296004453777	0.0110424707764134	0.00143939933251555	0.000511149154234212
GSE93698_5	0.0120013218247371	0.0290958595276227	0.014217066506455	0.0153239084082198
GSE93698_6	-0.00933019016575415	-0.0765494864503053	-0.00212216344418466	-0.0229094807201185
GSE93698_7	0.023857151974599	0.0294107196524769	0.0263853046792724	0.0111103110102219
GSE93698_8	0.00560278826832833	0.0132484161529174	0.00275472826335026	0.00161271480870609
GSE93698_9	0.0262576849757953	0.0486574284011467	0.0274103336721348	0.0281981217642982
GSE93698_10	0.0362201840155185	0.0869776976329038	0.0313542925391982	0.0505012505917978
GSE93698_11	0.0143906295124932	0.0846660865428462	0.00645127528221157	0.0284090874054024
GSE93698_12	0.037213309386866	0.0936997891282224	0.0328629445251711	0.0457916883872067
GSE93698_13	-0.00965484392778756	-0.0232812774207254	-0.00912404316596116	-0.0208434503962129
GSE93698_14	0.00860718314510061	0.0246754389426488	-0.0115405933810639	0.0150433554541193
GSE93698_15	0.0206245160380294	0.0372337662592662	0.0156693020086527	0.0188894378804255
GSE93720_1	-0.0126060424804007	-0.0366648538399641	NA	NA
GSE93720_2	-0.0302107725877752	-0.0620486535163542	NA	NA
GSE93720_3	-0.00852249716124214	-0.026428480317316	NA	NA
GSE93720_4	-0.0203425372293781	-0.0457631073663301	NA	NA
E-MTAB-5564_1	0.0542627947240471	0.13975246537113	0.0480576357099978	0.0293683693813492
GSE77753_1	-0.00284258079177733	-0.00930812597962733	NA	0.00502789723225858
GSE43861_1	0.0202018358556859	0.0890214771687374	NA	NA
GSE112809_1	-2.55882207862674e-05	-0.0260641190427621	NA	NA
GSE111946_1	0.0104120682389488	0.0336285742194369	NA	NA
GSE111946_2	0.000616201579231064	0.00848921744496162	NA	NA
E-MTAB-3201_1	0.0199705505250451	0.0311532112359833	0.0271426257310372	0.00663515663197719
E-MTAB-6700_1	-0.016170884191965	-0.0354061076133159	-0.0199753248556431	0
GSE54749_1	-0.000285225328009127	-0.0161869049272828	NA	0.000431940882555965
GSE57218_B_1	0.0427939359956188	0.324109638852125	0.0759190306323347	0.0498419417302373
GSE57218_B_2	0.0384178926942377	0.315602777669302	0.0668018985688159	0.070200485534372
GSE57740_1	-0.0014237570362279	-0.0239867369102246	NA	NA
GSE52992_1	-0.00644152163757501	-0.0365722677223356	-0.00659399068829204	0.0137081713832403
GSE17160_1	-0.00922257079622762	-0.0546667917517801	NA	NA
GSE17160_2	-0.00482726310025852	-0.0583828318061963	NA	NA
GSE17160_3	-0.00367287282190325	-0.0130313879834535	NA	NA
GSE17160_4	-0.0107254107343487	-0.0495037129748127	NA	NA
GSE17160_5	-0.00276703556074238	-0.0145310190360249	NA	NA
GSE17160_6	-0.00118046841120114	-0.0160833666636834	NA	NA
GSE17160_7	0.00654449067427985	0.0494012404094875	NA	NA
GSE17160_8	-0.00958682313856971	-0.0308613320117088	NA	NA
GSE17160_9	-0.00398882061037719	-0.0142174194874502	NA	NA
GSE17160_10	-0.00280678862534176	-0.0167566346863686	NA	NA
GSE17160_11	0.000674380160521543	-0.00749526544686317	NA	NA
GSE17160_12	-0.00697960547410894	-0.0250354533250813	NA	NA
GSE22971_1	-0.00190683831830176	0.0458233425885216	NA	0.0146279121254544
GSE22971_2	-0.00105344110744005	0.010585070981544	NA	0.0124565955414424
GSE22971_3	0.00979308950949609	0.0118755763774096	0.0195669344784676	-0.000931301029572142
GSE22971_4	0.00438133745635627	-0.000396758197427759	0.00884587069370056	-1.73472347597681e-18
GSE13590_1	-0.00866725170232333	-0.0158614895137767	-0.0133995971397304	-0.00856106843038396
GSE13590_2	0.000272331154684096	-0.0226975910877896	0.000738552437223043	0.00164914979065197
GSE99731_1	0.00533920782142765	0.0499035013216421	NA	0.00702915971226369
GSE99731_2	-0.000595160192225502	-0.0173231953817978	NA	0.0103651182475208
GSE99731_3	-0.0180548698915864	-0.0243568501617735	-0.0268793510606713	0.0107668579099108
GSE27492_1	-0.00110075054578784	0.00252292318365685	0.000840336134453782	-0.0187374038668976
GSE27492_2	-0.00452268046294036	-0.0316944435489521	-0.00609821499387678	-0.0245156270253157
GSE27492_3	-0.000866815548639693	0.00600478966726069	-0.00155212023318124	-0.00883484231198658
GSE27492_4	0.00636996455944476	0.0208371272302418	0.0193548069248637	-0.00104776319794275
GSE27492_5	0.00403385731452975	0.025351851499339	0.0127719979892058	0.00414476221137968
GSE27492_6	0.0143429217240223	0.0649009961820406	0.0365424184851412	0.00852763209114806
GSE27492_7	0.0126525538231921	0.0690864195542631	0.0336182164904764	0.0187263438550915
GSE27492_8	0.0145764767518984	0.0678167091082999	0.0344534116841392	0.019362361501242
E-GEOD-15069_1	-0.00616242931157937	-0.0282719085023723	-0.0093722433323888	-0.00602937167843933
E-GEOD-15069_2	-0.0071720986980761	-0.106822837900471	-0.00982323087849919	-0.0316234184113268
E-GEOD-15069_3	-0.0245358833607805	-0.0558743776174235	-0.0270558466423546	-0.0206368902563556
E-GEOD-15069_4	0.00975324959295787	0.0547824553439082	0.0148251465118463	0.00884129845429969
E-GEOD-15118_1	-0.000398965057151106	-0.0452601811918606	NA	NA
E-GEOD-15118_2	-0.000273223880810591	-0.0306621472489046	NA	NA
E-GEOD-15118_3	0.00299234116280706	0.0407542474546813	NA	NA
E-GEOD-15118_4	-0.00220733657821317	0.0239780568149792	NA	NA
E-GEOD-16007_1	-0.00208994293729738	0.00805284530357553	NA	NA
E-GEOD-17473_1	-0.00320155771597308	-0.0329396633149242	NA	0.00474749361393274
E-GEOD-18647_1	0.00142649174461519	-5.49737415868018e-05	NA	0.0142797395198098
E-GEOD-18647_2	0.00732671961416225	0.0242098550903787	NA	0.0152724422959604
E-GEOD-18647_3	0.0142228601373818	0.0718757539295789	NA	0.0184485856079589
E-GEOD-18647_4	0.0197076917147816	0.0751150103356314	0.00408146162713915	0.0236328979484675
E-GEOD-18648_1	0.00911270485566443	0.0402819117171475	0.0142514427318408	0.0254816639299398
E-GEOD-18648_2	0.001126415001412	-0.00375184415171957	0.00185909781022551	0.00477375539028814
E-GEOD-2154_1	-0.00272402395540159	-0.0487970613487665	-0.000103621812621827	-0.018482873297618
E-GEOD-2154_2	0.00107523793928758	0.0171595994603624	0.0068830335632991	-0.0154850448949599
E-GEOD-2154_3	0.0036109682754679	0.0216998778859242	0.0056725231653283	-0.0109952480202776
E-GEOD-2154_4	0.0046710778671403	0.0274562102794033	0.0116360365705953	0.00342379403814893
E-GEOD-26475_1	-0.0118813884077939	-0.0704222416119377	-0.0162818128167413	-0.00407300005541364
E-GEOD-26475_2	-0.00442072619007712	-0.0365551681562581	-0.00493333295057433	-0.0185342730094807
E-GEOD-26475_3	-0.0149105744571652	-0.043880859050348	-0.0235846918705436	-0.0368665469853683
E-GEOD-33567_1	0.0168939237584566	0.0510050764094818	NA	NA
E-GEOD-33567_2	0.00253903297129846	0.0226175874150914	NA	NA
E-GEOD-37287_1	-0.0170834326902836	-0.0376818317360929	NA	NA
E-GEOD-37287_2	-0.0164978662486033	-0.0390653906400752	NA	NA
E-GEOD-37287_3	-0.00865693278004904	-0.0309086301404064	NA	NA
E-GEOD-51994_1	0.021988210990946	0.0677252072414037	0.027866874358829	0.0172432830647613
E-GEOD-51994_2	0.0190834471454915	0.0648305009609278	0.0278788140156726	0.0306127886420672
E-GEOD-51994_3	0.00920220595353568	0.0306522573657167	0.0245618960344222	0.0185675044551919
E-GEOD-65077_1	0.000283188999577672	0.0380866019278471	NA	NA
E-MEXP-1244_1	-0.000801764414086074	-0.0226908208041206	NA	NA
E-MTAB-1123_1	-0.0286907059615316	-0.0823755995054129	-0.0362187382007797	-0.016068490194979
E-MTAB-1123_2	-0.0219398564433493	-0.0626836131753134	-0.0348339807628285	-0.0229917725971697
E-MTAB-1123_3	-0.000861440928626092	0.00199260937140006	-0.00241325758004219	-0.00478716941387729
E-MTAB-1123_4	-0.00051599328720805	-0.049928925649839	0.000393700787401575	-0.00275878693941859
E-MTAB-1391_1	0.00509863258997476	0.0181222291396999	0.00522874904256945	-0.0117030197050961
E-MTAB-1391_2	0.0234911852517197	0.0565668162828568	0.0290001526312105	-0.00366804380776526
E-MTAB-1391_3	0.0227589376205786	0.0611011968040911	0.0285642903557866	-0.000139008641450352
E-MTAB-2450_1	0.0130786821363678	0.0754594827814109	0.0174779565757179	0.0248564976761035
E-MTAB-2450_2	0.00231254710339099	0.000333749854000743	0.00767012059612853	0.0185581187235463
E-MTAB-2450_3	-0.0129472451557059	-0.024773403857805	-0.0188366594650062	-0.0218707211959327
E-MTAB-2450_4	0.00673773012990884	0.0510526937797597	0.00970978811436131	-0.00474000674316764
E-MTAB-5023_1	-0.00166804850759233	-0.00350666872412486	NA	0.00278351080936237
E-MTAB-5326_1	-0.00952578126964432	-0.0154726291654241	NA	NA
E-MTAB-5326_2	-0.0148319789744128	-0.0151548788255135	NA	NA
E-MTAB-5326_3	-0.0196556530366828	-0.044422304400046	NA	NA
GSE102588_1	-0.00300109204074791	-0.0122052634272133	-0.00438796415975638	-0.00169640629256434
GSE104793_1	-0.0156159391160715	-0.037303929632085	-0.0220712760051579	-0.0301140443625692
GSE104794_1	-0.0208979512731567	-0.0536714098981342	-0.0282621339877359	-0.0174982179059126
GSE104795_1	-0.0223320813152124	-0.0774310565608125	-0.0372582595166128	-0.0191758342848923
GSE105139_1	0.000546746856205577	0.00633406355596779	NA	-0.0152350093380914
GSE105139_2	0.000657992116409117	-0.00520217809740801	NA	-0.0148431594860166
GSE105139_3	-0.000964669291050871	-0.00902482066747359	0.000431778929188256	0.000582452934833422
GSE10555_1	-0.00300314807184143	-0.000962737190597575	NA	NA
GSE10556_1	0.012243068773581	0.0438085170786561	0.019863498819763	0.0337503267837924
GSE106631_1	-0.0162708064104697	-0.0472348530151203	-0.0248097056579661	-0.0125504195947917
GSE13104_1	0.0169643903930521	0.0407057660652769	NA	NA
GSE13104_2	0.0228954765111633	0.061006104948935	NA	NA
GSE13104_3	0.000648516842025652	0.017820817998371	NA	NA
GSE16749_1	-0.00124675809179083	0.00598468143966206	NA	NA
GSE16749_2	-0.00162801037152113	-0.00877736580184296	NA	NA
GSE16749_3	0.00341293139797773	0.0371037577297783	NA	NA
GSE17348_1	0.0216692212884134	0.0744697663789832	NA	NA
GSE17563_1	0.0031191983660078	0.00614522517943287	NA	NA
GSE17563_2	0.0177785751363691	0.0535650645368259	NA	NA
GSE17569_1	0.000189131305116684	0.0180589812596839	NA	NA
GSE17569_2	0.00801945625727307	0.0100761517070505	NA	NA
GSE17570_1	0.00142431398032498	0.00446420161086544	NA	NA
GSE17570_2	-0.00338592428626595	0.0102751202962333	NA	NA
GSE18991_1	0	0.0226406188079842	NA	-0.00446109175784615
GSE18992_1	-0.000286368843069874	-0.0503736876060071	NA	-0.00552808155817166
GSE19299_1	0.00292883692966353	0.00313513301630231	0.00460653609386318	0.00261624567091661
GSE20850_1	-0.0120314357686124	-0.0154941236209614	NA	NA
GSE21093_1	0.0134065722493749	0.0506159851344969	NA	NA
GSE21523_1	-0.0210161870591365	-0.0608756353322413	NA	NA
GSE21639_1	0.000745708284592778	0.0368737066747234	NA	NA
GSE21639_2	-0.000423445168064713	-0.0181489454767173	NA	NA
GSE21639_3	0.00105811295999633	0.0467552511008019	NA	NA
GSE21639_4	0.00840797973705988	0.0308214719693001	NA	NA
GSE21710_1	0.0377824043138975	0.102271039986979	NA	NA
GSE21710_2	0.033801691755333	0.095235071000178	NA	NA
GSE21710_3	0.0341931171430235	0.0967934601432813	NA	NA
GSE22925_1	-0.0298534333615138	-0.108898808212316	-0.0340829448814103	-0.0216061901892996
GSE22925_2	0.0106154862753905	0.0228309454734952	0.0154877271167793	0.000728943310533064
GSE26499_1	0.00922883064496538	0.038948668201675	NA	NA
GSE30160_1	0.0147938317682058	0.0491668867998805	0.0170211890548824	0.00729811325980129
GSE30628_1	-0.0175620913346415	-0.0463230819380343	-0.0200152172129875	-0.015096626777187
GSE30628_2	-0.00886501428254065	-0.02146768365731	-0.0145267611035061	-0.00627979396985939
GSE32163_1	-0.0199732524233496	-0.0903315100335674	NA	-0.0530881409341015
GSE33656_1	0.0391456411160291	0.0710747044483425	NA	NA
GSE33754_1	0.00527358693758694	0.0382366575112808	-8.63198109993021e-05	-0.00199556262869302
GSE33754_2	0.00705725140572843	0.0743771875553493	0.00396328971407243	-0.00713917822332508
GSE33754_3	0.0141195601612159	0.0974193649618622	0.00890260917536503	0.0127303311126319
GSE34570_1	-0.00776287962440366	-0.0229418125559668	NA	NA
GSE35003_1	0.000634290127475134	0.018414437745763	NA	NA
GSE35466_1	-0.00383468186417152	0.00336299903558444	NA	NA
GSE35466_2	0.000682312552758127	0.0268698947329957	NA	NA
GSE35466_3	-0.000814982929393129	0.0153460436337723	NA	NA
GSE35466_4	-0.00643163168069507	-0.0265243464797475	NA	NA
GSE35466_5	0.00173867703275538	-0.0312569148819	NA	NA
GSE36925_1	0.00083956739724575	0.0127279664149305	NA	NA
GSE36925_2	-0.0159994734929803	-0.0302775392935566	NA	NA
GSE36925_3	-0.0136435613153733	-0.0287136307232639	NA	NA
GSE37219_1	-0.00345905128760413	-0.0204055701234176	NA	NA
GSE37676_1	0.0118095410347456	0.0583213003303767	0.0210089554891746	0.0148922239939241
GSE41342_1	0.0104776833842555	0.0701351677016557	0.0172241783453344	0.0309555995461262
GSE41342_2	0.0123606251757933	0.0840713987468532	NA	0.0259667926348188
GSE41342_3	0.00218403251754102	0.0289974762707068	NA	0.0143598391468166
GSE41342_4	0.0133622715848143	0.120237277989919	0.010868299261348	0.0500587062406233
GSE41997_1	0.000840502181777485	-0.0122495354820331	0.00184433812703787	0.00413632975290888
GSE43242_1	0.00017108187341416	0.00293711923977488	0.00414498445683743	-0.00675643654900179
GSE43242_2	-0.0004041733428609	0.0212603784452764	0.00111334588841617	0.00898388492234292
GSE43663_1	-0.00138116779422368	-0.002437263425724	-0.00300929839391378	0.0165697646641385
GSE43854_1	-0.0348031078761607	-0.0937445202254501	NA	NA
GSE45656_1	-0.00876190230193338	-0.0117905985051132	NA	NA
GSE45656_2	0.00793083871136404	0.0272137014644916	NA	NA
GSE45656_3	0.0102711487368366	0.0237636886561242	NA	NA
GSE45793_1	0.013482079357494	0.0653359455175449	0.00543282400257237	0.00995216933786636
GSE45793_2	0.00235030826923087	0.0251541642346456	0.0185917511015455	0.00257130685241448
GSE45793_3	0.0206538783518852	0.0710451248546442	0.0247777286942732	0.0207951309583474
GSE45793_4	0.0159324368505194	0.0573936076824246	0.0179128078527032	0.00954596572764194
GSE45793_5	0.0155910253363471	0.0551394234307751	0.0253841775152092	0.00840581150290329
GSE46390_1	0.00319722755964231	-0.0135385469152377	NA	NA
GSE48438_1	-0.0125263014443585	-0.0345275537475422	NA	-0.00675655761862658
GSE50549_1	-0.00504465513309534	-0.0193056579048454	-0.00924090698669328	-0.00717819590920691
GSE50549_2	-0.0120433031816796	-0.0422855933820371	-0.0178337255895176	-0.00238089892491689
GSE51098_1	0.00929637540049598	0.0446363953435472	0.00143432372899527	-0.0173008833846197
GSE53857_1	0.00354843746779842	0.0329081698038247	-0.00264362723379117	0.00397215980256819
GSE53857_2	0.000516605939981384	0.0247920879700637	2.09680145412893e-05	0.0015259811421106
GSE53857_3	0.00111209422134153	0.0151466978388675	0.00296792328042328	-0.00296611950822449
GSE53982_1	0.00405264412748111	0.0363430827950883	0.00583846293251244	0.00145958272507057
GSE53982_2	-0.000812581051637055	-0.000994614799519979	-0.00101014058961513	0.00439173014505618
GSE54779_1	-0.00451125384295886	-0.00385910202511955	-0.00840418455047673	-0.0116900939683866
GSE55900_1	0	0.0258112995596974	0	0.00896526492597361
GSE57104_1	-0.00963649670530446	-0.0303721320071069	NA	-0.00615018000010206
GSE59387_1	-0.0114908873256889	-0.0333271685023905	NA	NA
GSE60401_1	0.00373124021834725	0.00422149373399882	NA	NA
GSE60401_2	0.00139618435326467	-0.0259844307404605	NA	NA
GSE60651_1	0.0218369215231187	0.0892773576985618	NA	NA
GSE60737_1	-0.0100468991190081	-0.0185916651414327	NA	NA
GSE60761_1	0.000515378360731725	0.010787450951029	-0.000136730051283677	0.000758894993000238
GSE60761_2	-0.000559294607262014	0.024447314776716	NA	-5.76678509694897e-05
GSE60761_3	-0.000249329428761002	0.0224154384437508	0.00167122222057083	0.00793937610460324
GSE60761_4	-0.00168783114972955	0.0150626385240834	0.00103222391286598	0.00811033490576045
GSE63017_1	0.000273224043715847	-0.00912850716920548	NA	0.00951239175422578
GSE63017_2	0.000271591366340227	-0.00954496474617927	NA	-0.00166572265902249
GSE63017_3	0.00435670888656781	0.0077345171738699	-0.00352555332449236	0.00709306126793222
GSE63017_4	0.00133358777889708	0.00561433007950976	NA	-0.00704881227714713
GSE63939_1	0.00867675780108777	0.0292259987613946	0.00677995446840358	0.00746830293242431
GSE63939_2	-0.0132727153988165	-0.0252258449498716	-0.0181079821821598	0.00172671245448642
GSE64141_1	0.0247299164392315	0.0741060545429546	NA	NA
GSE64965_1	0.0150746868283928	0.0346679884017824	0.0182394056832806	-0.0030848898929482
GSE65745_1	0	-0.0168186626206119	NA	-0.0048378823779677
GSE65745_2	0.000570125427594071	-0.0273664443586885	0.00260416666666667	-0.00458393770929194
GSE65745_3	0.000558124328616132	-0.0294762082044371	0.00262636846724864	-0.00201555293051378
GSE66416_1	0.0155659282962833	0.0631433055369624	NA	NA
GSE66862_1	0.00739768753916679	0.054232841911617	0.00684513910777032	0.00751183231913455
GSE69108_1	-0.000865880981341414	0.00631148678316082	-0.00281831495696123	-0.00905017408729347
GSE71565_1	0.00227748618984091	0.0202402110247941	NA	NA
GSE72261_1	0.00836477851184071	0.0320327191414324	0.0182599617072743	0.00216160642696223
GSE72261_2	-0.0142566635444171	-0.0535435968248765	-0.0251620645989301	-0.0104382098232709
GSE72261_3	-0.0172618966786254	-0.0657532675936961	-0.0341682507333239	-0.00242996300701551
GSE7683_1	-0.00605887472515417	-0.0271256890206278	-0.00991517866793375	-0.031451330491289
GSE7683_2	0.00201349425617667	-0.0180110101914235	-0.00423329229381218	-0.0288902189532064
GSE78980_1	0.00554428218707463	0.0220773611305008	NA	NA
GSE78980_2	1.52015092164227e-05	-0.00716410232526851	NA	NA
GSE78980_3	0.00125624234513969	0.00936941579720087	NA	NA
GSE78980_4	-0.00263047318523304	-0.0202898492451139	NA	NA
GSE78980_5	0.0016284598267541	0.0484383919712533	NA	NA
GSE78980_6	0.000816689256734397	0.015645152128977	NA	NA
GSE78980_7	-0.00266719412320955	-0.0159756614015163	NA	NA
GSE78980_8	0.00128600099707673	0.00164975099478137	NA	NA
GSE78980_9	0.00231576929773747	-0.00334889833163998	NA	NA
GSE78980_10	0.00142576850105127	0.00256950491728571	NA	NA
GSE81399_1	0.00395861477150547	0.0120814203794165	NA	0.00517501464440397
GSE84609_1	0.0153512815193941	0.0435520822524193	0.0248944178510628	0.0151400365655121
GSE84907_1	-0.0141308241154672	-0.0255755906542635	-0.019703158124793	-0.00748241965191118
GSE84907_2	-0.0102155516164702	-0.033225293124443	-0.0121805066608047	-0.0153288526596822
GSE84907_3	0.00548832361564814	-0.0137163189953424	0.00940443645033702	-0.00177320266522437
GSE90127_1	0.0336426581390881	0.0876572869437659	NA	NA
GSE90127_2	0.00253296260749682	0.0233956251312966	NA	NA
GSE90127_3	0.0232597217328521	0.0654251289695826	NA	NA
GSE9247_1	-0.0021940840361921	-0.00337135930415341	-0.0031957928088562	-0.00412535486459238
GSE9247_2	-0.0104869816059335	-0.030862892734473	-0.0143519065150944	-0.00815290805989534
GSE9247_3	-0.000194793869037136	-0.00239267351489488	-0.000378805134885188	0.000339098171629127
GSE99306_1	-0.007722336246187	0.00322947265864847	-0.00655483884105566	-0.00868156909584354
GSE99306_2	0.0174646839811001	0.0512706002876318	0.015643491824071	0.00207244284883379
GSE99306_3	-0.0182694760451446	-0.071766297037761	-0.0222836776492761	-0.00982907027696658
GSE99306_4	0.0145096719109118	0.0525570281811227	0.0160351560277165	-0.00406471931491458
GSE99306_5	0.00757360782476403	0.0177086985191941	0.00677194140687142	-0.0049306554214164
GSE99306_6	0.019320354041484	0.0536312984716835	0.0221317803244318	0.0104808182371828
GSE99306_7	-0.0102318662331688	-0.0873495454658856	-0.0098536251295416	-0.0124177353943004
GSE99306_8	0.0212975749065401	0.0592058518369606	0.0180766769470459	0.00568643336807308
GSE99306_9	0.0276662066088521	0.0738020211909655	0.0257795403472448	0.00396604938271605
GSE99306_10	-0.00705259651809097	-0.058276713499165	-0.00660984605244587	-0.00778025112832354
GSE99306_11	0.00192101776038429	0.0129075953105865	0.00514765176078759	-0.00580335581694249
GSE99306_12	0.0290888975810466	0.0763924523953402	0.0280299120709896	0.0029192494993177
GSE99306_13	-0.0323450128878526	-0.098641497875371	-0.032364205475906	-0.0272760706752215
GSE99414_1	-0.00210375063519799	0.00852737593203973	-0.00126061243396123	0.0185601725381363
GSE110581_1	-0.000848487257078856	-0.0455496514026152	-0.00383397532870813	-0.0059866931608687
GSE110581_2	-0.000309564188595685	-0.034926615221909	0	0.0027436019269195
GSE47799_1	0.00316479987174112	0.0427659989654581	0.0147122912508144	-8.47478832825925e-05
GSE47799_2	0.00131057233139065	-0.0070991186799473	0.0027668754473587	0.00344498741384582
GSE47799_3	0.00518058346403821	0.0356164061135368	0.0119134274333692	0.00268662533239417
GSE111628_1	0.00112170224053428	-0.0101785387049394	NA	NA
GSE111628_2	-0.00158296135539717	-0.0358007441510143	NA	NA
GSE111628_3	-0.00195959221685214	-0.0318601149700163	NA	NA
GSE5657_1	-0.00373823200644282	-0.0380468263778025	-0.00358782730568944	-0.00797097277413419
GSE5657_2	-0.00295176422954821	-0.0234916163106407	-0.00542886630371442	-0.00571428954273877
GSE13782_1	-0.00206495245876312	0.00627548486846096	-0.0132472092925444	-0.00981715217861216
GSE41039_1	-3.9526982037067e-05	0.0330385537357185	0.00147910607303552	-0.0133488696024858
GSE84198_1	-0.000678948824125943	0.0184007022218785	0.000578444431104994	0.00233350313950255
GSE84198_2	-0.00303467311930158	-0.012258714775817	-0.00628614255108295	-0.00775555244684456
GSE84198_3	0.00820193085624639	0.00792089129725908	0.0123077592699963	0.0124998352278054
GSE114469_1	0.0121972085500895	0.0288746873878133	NA	NA
GSE108036_1	0.0019871635413062	-0.0326938815220668	6.63265306122448e-05	-0.00213824444052409
GSE60451_1	0.00222896946360335	0.0206088863726985	-0.000736750570907229	-0.00454125299873543
GSE47902_1	0.00104600270654539	0.0665275528316423	NA	NA
GSE44325_1	-0.0125704415927817	-0.0410833934287815	NA	NA
GSE4481_1	-0.00110304085034528	0.0225142691841857	NA	0.0140784159294125
GSE4481_2	-0.00687771992461321	-0.0294497061847598	-0.00245367407623911	-0.0043103800076232
GSE4481_3	-0.000271955936482009	-0.00941705538325834	NA	0.0115174635107806
GSE102292_1	-0.00167335972478606	-0.0177214390114615	NA	NA
GSE102292_2	0.00203315581513684	0.0154074407775402	NA	NA
GSE102292_3	0.00499881779842651	0.0326452022068387	NA	NA
GSE102292_4	0.0198097635342542	0.0461304321021454	NA	NA
GSE41898_1	0.0155534388678217	0.0256629903109112	0.0272075837961061	0.00358584043496601
GSE87605_1	0.00211008405072965	0.0274124157750732	-0.00404235250227936	-0.022371830393584
GSE87605_2	-0.0100897344153411	-0.0300203119853477	-0.0222560217957113	-0.0258220014985222
GSE87605_3	-0.00153695177789139	-0.00624436638338582	-0.00875742481471704	-0.0412325502110457
E-GEOD-54216_1	0.0191809269286186	0.0807184060128862	0.0236757366675634	0.0126693776569157
E-GEOD-54216_2	0.0232402218081679	0.0915078550150436	0.0311988417150024	0.0202100795463627
E-GEOD-54216_3	0.0122076395766216	0.0465325021914264	0.0199385733126534	0.00382714355301771
E-GEOD-6119_1	-0.0297027315263838	-0.0790284954575194	-0.0422465746874879	-0.0116943378297414
E-GEOD-6119_2	-0.0286830997320356	-0.0816927570242857	-0.0466651877164373	-0.00910183402015622
E-GEOD-6119_3	-0.0284394050621064	-0.0816341336297424	-0.0447721305660795	-0.00602773700587499
E-GEOD-8077_1	-0.00877469097884941	-0.0810767840015374	-0.0168817252596399	-0.00277565648616985
E-GEOD-8077_2	-0.0019759449289154	0.00917479174968119	-0.00228198950628562	-0.00434491469289712
E-GEOD-8077_3	0.00943477526655703	0.0755196139443526	0.0134601355479524	-0.00183704914802171
GSE103416_1	-0.0374753154621119	-0.101022269078341	-0.0472956263262054	-0.0286178055403143
GSE103416_2	0.00843592654018148	0.0123733390140984	0.0142075026080267	-0.00416684982976378
GSE103416_3	0.020405951345047	0.0513888671774912	0.0259159673453289	-0.00829967684424545
GSE19950_1	-0.0240778140718274	-0.104024072878091	-0.0330993811565331	-0.00124954757721757
GSE30322_1	0.0292559856041662	0.118648835452163	0.035469871542163	0.0112243188552187
GSE30322_2	0.0193291587939144	0.0794296662374146	0.0316964826261399	-0.00847109761583446
GSE30322_3	0.008684067573937	0.0317455293018309	0.010186139276002	-0.00987548097575444
GSE42295_1	-3.05648811851334e-05	-0.0224972683075111	NA	-0.0169526323744927
GSE42295_2	-0.011508426218994	-0.0269636316944004	-0.0127515619600163	0.0219904500576103
GSE42295_3	-0.0104281351070248	-0.014827591409069	-0.0114732407066128	0.0143839086274911
GSE66554_1	0.0307948456863224	0.054073229455876	0.0420242068479776	0.0182128417461767
GSE66554_2	0.0321879677368785	0.0738261598738803	0.0409130531870189	0.0112284712076501
GSE66554_3	-0.003261932101671	-0.0133326301203995	-0.000820344544708778	0.0139915697973582
GSE66554_4	-0.00345145230576054	-0.029356352672089	3.35375557168026e-05	0.00239319504025386
GSE74898_1	-0.0203527778880019	-0.0503849266362628	-0.0230771677882973	0.00807419396129456
GSE74898_2	-0.0227258562666288	-0.0688374913137252	-0.0272855582759957	0.00462187917518471
GSE74898_3	-0.0117066787597282	-0.0428792219861998	-0.0119533790717503	0.0211443629745184
GSE79176_1	0.000258071507410102	-0.0102948371663372	NA	NA
GSE79176_2	-0.000308826556003001	-0.00410802958010727	NA	NA
GSE79176_3	-1.0675961100695e-06	0.00481257185137779	NA	NA
GSE85785_1	0.0125051671109057	0.03529465143018	0.00445633076301172	0.00200800519377516
GSE16981_1	0.00741291385844118	0.0232057163592505	0.0119278828445744	-0.0125191878954389
GSE16981_2	0.00363254924429324	0.0204844046564271	0.0103245343857944	-0.00433398344142156
GSE16981_3	-0.000384908759680117	0.00938901815742221	-0.000447519180628266	-0.00908445629422275
GSE16981_4	-0.000384908759680117	0.00938901815742221	-0.000447519180628266	-0.00908445629422275
GSE16981_5	-0.000788226979996723	-0.0120435218821056	-0.00210231742554536	-0.00958623153052372
GSE16981_6	0.00216090869894611	0.048813012371789	0.0027951523647836	0.00151587007141315
GSE16981_7	0.000433642202022837	0.00649207501040759	-0.00140190205289229	0.00774561752424821
GSE29859_1	0.0026218013153693	0.0599690839986634	0.00459967361257731	0.0170154365458765
GSE29859_2	0.0102516563387097	0.107174633831387	0.0274170507047719	0.0174010878052908
GSE23492_1	0.00379092519556929	0.0347877392534395	NA	NA
GSE23492_2	0.00886142968632365	0.0279025376949366	NA	NA
GSE23492_3	0.0240230304693807	0.0756677850462232	NA	NA
GSE23492_4	0.0273445225829021	0.0817538266123991	NA	NA
GSE23492_5	-0.0323845946139623	-0.0823242301207048	NA	NA
GSE44991_1	0.00836010738074001	0.0563338656923757	0.014739333465692	0.00887097502898244
GSE44991_2	-0.00220596726112578	-0.0512280555937681	NA	-0.0428413515912548
GSE39796_1	-0.0116105175575249	-0.0270946596453161	NA	NA
GSE39796_2	-0.0103510777246158	-0.0457140179429388	NA	NA
GSE39796_3	0.00450722257917789	0.0144847900953429	NA	NA
GSE18394_1	0.0156094760715261	0.041379270446605	0.0225234100019744	0.0204409622126246
GSE18394_2	0.0246478917327423	0.0739648957909253	0.0419172293096783	0.0171731067191416
GSE18394_3	-0.000401090663145805	-0.00842565612402131	0.00196089623672396	0.00775445832809942
GSE29233_1	0.00480140931827451	0.0311687759495634	NA	NA
E-MEXP-2291_1	-0.0171283131062075	-0.0530657290266976	NA	NA
E-MEXP-2291_2	0.0143030860687788	0.0209739015355386	NA	NA
E-MEXP-2291_3	-0.0260261247794655	-0.0675959395760319	NA	NA
GSE18738_1	-0.0102237954769658	-0.0259772696355564	-0.0154979641010017	-0.0179982891201561
GSE107363_1	-0.00226066487987441	-0.0420535730697504	NA	NA
GSE85761_1	-0.00110486307091655	0.00343256544841023	NA	NA
GSE89179_1	-0.00838729313299984	-0.0188577370217948	NA	NA
GSE89179_2	-0.012540314152859	-0.0482274341474374	NA	NA
GSE89179_3	-0.0243196516558812	-0.0653811788552397	NA	NA
GSE89179_4	-0.0250153511123223	-0.0626780772389958	NA	NA
GSE89179_5	-0.0154894067386632	-0.0494826669983375	NA	NA
GSE89179_6	-0.0227457107924208	-0.0440242382366816	NA	NA
GSE89179_7	-0.00253638431836183	-0.00956333038866681	NA	NA
E-GEOD-57723_1	-0.0142405855766029	-0.046567783857619	NA	NA
E-GEOD-57723_2	-0.00569193533982361	-0.0100388832636956	NA	NA
E-GEOD-57723_3	-0.00124130348035344	-0.0122594963126502	NA	NA
E-GEOD-83930_1	-0.0028851600192679	-0.0125661864311765	NA	NA
GSE100268_1	-0.0208489100498621	-0.0587608289886293	NA	NA
E-GEOD-55769_1	-0.00402512339194423	-0.0544612297948893	-0.00606528010447196	-0.00610130332059159
E-GEOD-55769_2	-0.0014745670995671	-0.0288252348868016	-0.00195136410231076	-0.0200291175161516
E-GEOD-55769_3	-0.00767003896341463	-0.0518169767234779	-0.00935802791320822	-0.00880852288653561
E-GEOD-69110_1	0.00504892508780842	0.0373501749384789	0.00892471098480001	-0.00498786860031854
E-MTAB-4304_1	0.0470293826248169	0.178682384912813	0.0533499301910807	0.00779248518085307
E-MTAB-4879_1	-0.00749456729571936	-0.00158991078858341	-0.00427479758440517	0.00373301335721954
E-MTAB-4879_2	0.036407348786011	0.104049433994135	0.0247934700598249	0.0169790412945807
E-MTAB-4879_3	-0.00039660061605698	0.0117570492289363	-0.000773332599241739	-0.00152071405757627
E-MTAB-4879_4	-0.00572692752614275	-0.0231963645168479	-0.00216761835389436	-0.00762874084187014
Cytokine_Explant_1	0.0874411534415546	0.221423339034542	0.0427212825205983	0.0458169742269859
Cytokine_Explant_2	-0.0270586772274017	-0.094346528365392	-0.0315102727692502	-0.0616542902965463
Cytokine_Explant_3	-0.0187315045620286	-0.0469847841919515	-0.0193196811068154	-0.0560474777708947
Cytokine_Explant_4	-0.0385504920769677	-0.0820492842564995	-0.0130559078154789	-0.0264869981316678
Cytokine_Explant_5	-0.0571974375068647	-0.129116950052045	-0.0579262811512214	-0.0699385594572942
FN1_Explant_1	0.000298861617853033	-0.0868006811980739	0.00346892253969522	-0.0212323720320564
E-MTAB-6266_1	0.590233551139646	0.900244836594938	0.638427088380835	0.443937847488227
E-MTAB-6266_B_1	0.340370422591146	0.621923088395145	0.408774762004127	0.35422759421796
E-MTAB-6266_B_3	0.147491733736949	0.402905671771246	0.117283036208902	0.0301874552800584
GSE74220_1	-0.00189394879234001	-0.0284709702513294	-0.00787955174313102	-0.00529599879201787
GSE114007_1	0.193855833520529	0.446812144563564	0.219029311592804	0.086724821602766
GSE109503_1	0.0086004012156179	0.0162460376868585	0.00141037627327933	0.00257775571679841
GSE109503_2	-0.0125271115815207	-0.0693050171730597	-0.0273770691626785	-0.0120538566835491
GSE109503_3	0.0284186855221992	0.0844888831560092	0.0246465433876624	0.043318274399813
GSE109503_4	0.0642450605584592	0.160623306548477	0.0750025361425529	0.0407028238417872
GSE109503_5	-0.025573904925097	-0.0718618977835179	-0.0242455715639508	-0.0279635287873704
GSE109503_6	-0.0153767653190748	-0.0324158957252915	-0.0123604527150651	-0.0203670931436107
GSE109108_1	-0.00284844405388912	-0.0193040764139015	-0.000311657716248319	-0.00257243429618029
GSE109108_2	-0.00476245525852585	-0.00456576828947392	-0.0035654070047882	-0.0169231221666649
GSE109108_3	-0.00247330973687244	0.00622729106093165	NA	-0.0160893141859974
GSE109108_4	-0.00153482760037564	-0.0370592833254408	-0.00039032006245121	0.0208735007261562
GSE70667_1	0.000569447492808026	0.0526309052060191	0.000624998054177914	0.0148809859095921
GSE87608_1	0.00217399549617007	0.0600072381654151	NA	-0.0024127426426277
GSE87608_2	0.00149943834070587	0.00515438188778559	-0.00203394112030349	-0.00287616310771829
GSE87608_3	-0.00632711653733235	-0.02056291800418	0.00253384227714175	0.00367672310222009
GSE87608_4	-0.0033718089566069	0.0112225318593176	0.00203179446732558	0.00722271654442276
GSE90890_1	-0.0132085564003	-0.089144936830009	-0.0094511357254663	0.00226356441510073
GSE97118_1	0.0400497874737674	0.105916986928463	NA	NA
GSE97118_2	0.00695713287041176	0.0628784407462105	NA	NA
GSE97118_3	0.0222419719997076	0.0895112582460634	NA	NA
GSE97118_4	0.00822550434397291	0.0480830198233106	NA	NA
GSE97118_5	-0.00012543951982143	-0.0159659558917554	NA	NA
GSE97118_6	0.00287130551931641	-0.0183659623744445	NA	NA
GSE97118_7	0.00530390382601159	0.0340873795687258	NA	NA
GSE107592_1	-0.0205849062941306	-0.0787130391289622	-0.0306795756301521	-0.034248126616475
GSE92641_1	0.00555944359051677	0.0270313960003088	0.0129839395561411	0.00250564509047116
GSE107849_1	-0.0206069035726631	-0.0733484317257612	-0.0342317425489159	-0.0124515177354261
E-ERAD-89_1	-0.000549345562704622	-0.00275589279547311	NA	NA
E-ERAD-89_2	4.66796101762494e-07	0.00651015229288648	NA	NA
E-ERAD-89_3	0.000241623113819473	0.00916387710401375	NA	NA
E-ERAD-89_4	0.000542384813678632	0.0124858514346498	NA	NA
E-GEOD-45893_1	0	-0.00343429759148819	NA	NA
E-GEOD-53105_1	-0.000576963046776943	-0.0552530392429351	0.00208954860154684	0.00547482198672177
E-GEOD-53105_2	0.0264007512913083	0.0749941399122376	0.0209678634253472	0.00372595297397769
E-GEOD-54461_1	-0.0124532136746409	-0.0344852217371054	-0.017174120904961	0.000528370074504028
E-GEOD-54461_2	-0.0100524900765403	-0.0341013224649386	-0.00715848372667853	0.00338501514328068
E-GEOD-54461_3	-0.0169314254953477	-0.0535085298794626	-0.0206777053977738	-0.00391817045976255
E-GEOD-54461_4	-0.01576819917142	-0.048054384938367	-0.0243035479495458	0.00565650836212379
E-GEOD-54461_5	-0.0191933018334305	-0.0537212481838759	-0.0245854211237183	-0.00677081931623472
E-GEOD-54461_6	-0.0293647417548955	-0.0746904791355293	-0.0336869469260266	0.00240420167645377
E-GEOD-54461_7	-0.0276800234128482	-0.0734090834188436	-0.0320981251170954	0.00437825118238577
E-GEOD-54461_8	-0.0294231864685237	-0.0710670991567472	-0.0311612631031746	0.00868622323837707
E-GEOD-73372_1	-0.00157646690967536	0.00755384351191518	NA	NA
E-GEOD-73372_2	0.0118836657138352	0.0559969671156858	NA	NA
E-GEOD-73372_3	0.0212758794909869	0.0443543118643213	NA	NA
E-GEOD-75549_1	-0.0139598638732922	-0.0915604798155236	NA	NA
E-GEOD-76988_1	-0.00409250934534184	0.00679960208997355	NA	NA
E-MTAB-2923_1	0.0425691664865919	0.118422037418356	NA	NA
E-MTAB-2923_2	-0.0459578407221011	-0.133446611953245	NA	NA
E-MTAB-2923_3	-0.0364064614894107	-0.0747839260636935	NA	NA
E-MTAB-2923_4	-0.0196172113347989	-0.0486812564348099	NA	NA
E-MTAB-3428_1	-0.0288700420948797	-0.0636576181420309	NA	NA
E-MTAB-3428_2	0.00750141657737305	0.103740390711015	NA	NA
E-MTAB-3428_3	-0.00754573580327147	-0.0463162197623551	NA	NA
E-MTAB-3428_4	-0.0379659706634542	-0.0824672083291326	NA	NA
GSE102856_1	-0.00590518723323592	0.0224518138669656	NA	NA
GSE103492_1	-0.00118881157200596	-0.00647580203034723	0.00388696279370648	-0.00822135937678259
GSE103492_2	0.00453104373944455	0.018834668119005	0.00307544775328935	-0.00829200723343858
GSE103492_3	0.00600837934997452	0.00303924420843357	-0.000235725552436332	-0.0104407152748558
GSE103492_4	0.00220054226790511	-0.0124941297136446	0.006450487666286	-0.0171728700206992
GSE103492_5	0.00538061580902174	0.0104011811428774	0.00306914443476222	-0.00389259274875478
GSE103492_6	0.00200535400198826	0.0143098462492971	0.00536237155197134	0.00603251755735245
GSE103492_7	-0.00360427568318673	0.00494582923317901	0.00295742763831711	0.00479205779168444
GSE103492_8	0.00199029121310934	0.0441993859677269	-0.000495298522858297	0.00420722412904759
GSE103492_9	0.00400299782959236	0.0468046171834859	0.00102056560008858	0.0045724146566634
GSE103492_10	-0.00134520473670588	0.00268265259278636	0.00149812734082397	-0.0048530275802826
GSE106259_1	-0.00224006924508671	-0.0261397943316212	-0.00337905679428267	-0.0114309938574229
GSE110303_1	-0.000679653395533714	0.0559193117091044	NA	NA
GSE110303_2	-0.00099919100143819	-0.0249137047786369	NA	NA
GSE110303_3	-0.00125538147360292	0.0212513359243728	NA	NA
GSE110300_1	0.00510696135541959	0.0188173748607457	NA	NA
GSE110300_2	-0.00249903675958859	0.0187605813732877	NA	NA
GSE110300_3	-0.000335611172671549	0.021858393999866	NA	NA
GSE110281_1	-0.00503420224339376	-0.00809830358921984	NA	NA
GSE110281_2	-0.0149043650728471	-0.0378127098753286	NA	NA
GSE110281_3	-0.0140926618086142	-0.0355487590161431	NA	NA
GSE104459_1	-0.0148970348605123	-0.0689374212263838	-0.00167204462841261	-0.0218823242615627
GSE104459_2	-0.0212464916604641	-0.0600891995647553	-0.0130934409968994	-0.0167952142813314
GSE104459_3	0.00402965938609192	-0.00120370430703701	0.000738000192615886	0.0169871051345725
GSE110051_1	0.0267797752888282	0.0977461799682909	0.0268738337737338	-0.0196697519129319
GSE110051_2	-0.0202120812890361	-0.0606724252126007	-0.0367089776426428	-0.0208459643804471
GSE110051_3	0.00645255122432379	0.0364947855182817	-0.00707654589504043	-0.0213864301681925
GSE112694_1	0.00141621447395652	0.00927083719472388	0.00269546661963548	0.0103757604152634
GSE112694_2	-0.00675251356146973	-0.0022472839748665	-0.00746565888930139	0.00406442431028089
GSE112694_3	0.0224900140176823	0.0466348806666149	0.0319540661570609	0.00510945631116013
GSE112694_4	-0.00563525312210142	0.0165359592272744	-0.00325393210472605	-0.00622076892988448
GSE97232_1	-0.00146938271876424	-0.0132772079737897	-0.00180589775840383	-0.0171638266336544
GSE114079_1	-4.2739921871349e-05	-0.051015649958809	NA	NA
GSE114079_2	-0.00161762757666065	-0.0164865418698323	NA	NA
GSE114079_3	-0.00293584917993948	-0.0659072112795392	NA	NA
GSE114079_4	-0.010012076095381	-0.131939337085584	NA	NA
GSE104828_1	-0.0129505526669245	-0.0310122351517599	NA	NA
GSE114521_1	-0.00494875898153316	-0.0154789684560057	-0.0033944754248887	-0.00428968294868577
GSE114521_2	-0.00943603566305373	-0.0645929036711819	-0.00792233646958436	-0.00951735109077122
GSE112413_1	-0.0044527597913143	-0.0304690519591116	0.00417933257529399	0.0148615389808133
GSE112413_2	-0.00403851076600818	-0.00708206007201799	-0.00835255648755998	0.0024147924958122
GSE101909_1	-0.00874673786572853	-0.0494057500512491	-0.0141018073346313	-0.00744651009021817
GSE101909_2	0.0240091970351381	0.0464337719309617	0.0218263364307701	0.0167387831843104
GSE114919_1	-0.0044153804967224	-0.0213184178774305	0.00168775850717897	0.0132636181023278
GSE114919_2	-0.0258590154628955	-0.0581988358819621	-0.0261999304804431	0.00457632085181988
GSE114919_3	-0.0115707932634819	-0.0466488373946625	-0.00480434247281968	0.0218313137107793
GSE114919_4	-0.00124539936100295	-0.00183130610501168	0.0119810480367287	-0.00212675407955168
GSE114919_5	0.00669050449885433	0.0245433721174985	0.00222735127500102	-0.0225477022805322
E-MTAB-5879_1	0.0218867299186575	0.094149652694825	0.0200346478403401	0.00187296929043077
E-MTAB-5879_2	0.00697775014082367	0.0409506080952378	0.00957546247528167	0.00432438183644764
E-MTAB-5879_3	0.0409738872903548	0.112010701029759	0.0263478742668775	0.00372289656386351
E-MTAB-5879_4	0.0159946860846744	0.0487326033601907	0.00282466872886017	0.0101069915546284
E-MTAB-5879_5	0.0386632810031079	0.123252505249914	0.0371499127919282	0.00310767939283038
E-MTAB-5879_6	0.0183215682015199	0.049893768349041	0.00450257061076832	-0.00644783949813228
E-MTAB-5879_7	-0.00287742567063214	0.0278283317006127	-0.00100620669601227	-0.008548166556803
E-MTAB-5879_8	-0.00794586915497657	0.0164374527046065	0	-0.000254787640985108
E-MTAB-5879_9	0.00878420251553627	0.0736782563071744	0	-0.00142951337203887
E-MTAB-5879_10	-0.00397314539042427	0.0207896130421487	0.00126032628669127	-0.00363265061362223
E-MTAB-4294_1	0.00630748014412082	0.0238702781620042	0.00538936053296177	-0.0250656528963545
E-MTAB-4294_2	-0.0209420727431896	-0.0537126566841294	-0.0275942362105004	-0.0336285372627751
E-MTAB-4294_3	-0.0342916357708224	-0.118342943061127	-0.0335504594146468	0.00803634489263232
E-MTAB-3186_1	-0.0164984750854062	-0.030342559641135	-0.0186364811212228	0.0121968586789381
E-MTAB-3186_2	0.0060183721174363	0.00363050446039794	0.00760972680250104	0.0403957207500776
E-MTAB-3186_3	0.0129657551714114	0.0300750804020306	0.0102921615840036	0.02188795826556
E-MTAB-3186_4	0.0258371728857997	0.0689036277071781	0.0400841517974133	0.000442980220201956
GSE114919_Rat_1	-0.00288985445147778	-0.0271431087614414	0.0130191597083043	-0.0171327123280601
GSE114919_Rat_2	0.00638239626541612	0.0281913663201214	-0.00446197369473754	-0.000795668147641829
GSE114919_Rat_3	-0.0173539637919571	-0.0803429844487025	-0.0117952027658366	0.00362641563065413
GSE114919_Rat_4	-0.0129266411054826	-0.0535697886372582	-0.0118379915269549	0.00738248134883053
GSE114919_Rat_5	0.0176737114837396	0.0402329172640372	0.0103654927574342	0.0194067385439511
