comparisonID	jaccard	cosine	sigjaccard	chrDir
22659600_1	0.00349394250540619	-0.0276171845670345	0.016210334718057	0.00959103584761215
24361742_1	0.0217228074370932	0.0527367969541666	0.0152315998863313	0
GSE72258_1	0	-0.0389966555250848	0	0
GSE72258_2	0	0.00522999229361247	NA	0
GSE69531_1	-0.00561857444718869	-0.0125615095140501	NA	NA
GSE69531_2	0.00379052094393574	0.028932661326312	NA	NA
GSE69531_3	0.0178653563892406	0.0582596678276497	NA	NA
GSE69531_4	-0.00561857444718869	-0.0125615095140501	NA	NA
GSE58203_1	0.0172735313665701	0.055687590783851	0.00437432978896965	-0.00168814110130697
GSE58203_2	0.0269455351263231	0.0773834514603179	0.0224276368161728	0.00185373557451222
GSE58203_3	0.0158958427807107	0.0877273954171938	0.013379406747795	0.0205712205275253
GSE58203_4	0.0136758395652566	0.0860353665741554	0.00385627737184312	0.0172120512157693
GSE58203_5	0.0232177856784721	0.0749409413997395	0.001364522417154	-0.00306445521488058
GSE58203_6	0.0384168239879001	0.141426186524585	0.0335844333974728	0.0228673378444043
GSE58203_7	0.0201538472087105	0.132480897021341	0.0149444761751145	0.0176206960463094
GSE58203_8	0.0125710613695677	0.102671179658186	0.00286105406799374	-0.0141341991341991
GSE59642_1	-0.00411943918071287	-0.0249961538159791	NA	NA
GSE59642_2	0.0016986532820248	0.0182323091307185	NA	NA
GSE59642_3	0.00599633757381034	0.0517945710758969	NA	NA
GSE64922_1	0.00687282452655596	0.0541826007711772	0.00828227683520925	0.00467335215912066
GSE60162_1	0.000914786635473503	0.0689120066842032	NA	NA
GSE31685_1	-0.00107837001789231	-0.044132684815436	-0.00274143307307748	0
E-MEXP-3890_1	0.00546929853223056	0.037387927051574	0.00760752319842684	0.00572716203733327
GSE31980_1	0.0137530234052254	0.0958418211988495	0.0111196161536403	0
GSE15615_1	0.00566040138162631	0.0181513602905966	0.00573408886738639	0
GSE15083_1	-0.00329918630283229	-0.0160196924421207	NA	0.00139542436125761
GSE108035_1	0.00105411418801406	0.0136213507478128	0.000519749866501018	0.00749760120306805
GSE108035_2	-0.000294635145940131	0.0170059907184664	-0.00211485928876165	-0.00840730221495719
GSE108035_3	-0.00249951978406925	0.0217101988688983	-0.00440457163297897	-0.0129655592685676
GSE21959_1	0.00777221007857624	-0.0542874461913853	0.00443333318833462	0.00229141880485862
GSE21959_2	0.00381002963433423	-0.0475556048308879	0.00687366676091383	0.00355527065058257
GSE24742_1	0.00382157504535058	0.0129991782867592	NA	0.000492766411612054
GSE24742_2	-1.11513959005164e-06	-0.0198854693361555	NA	-0.000687232887492098
GSE24742_3	-0.0114760089641105	0.0141439423945153	NA	-0.00704729874660839
GSE74668_1	0.00616369038872865	0.0593415414325998	NA	NA
E-GEOD-10024_1	0.0115589573092625	0.0626276092068535	NA	NA
E-GEOD-10024_2	0.0107876588296556	0.0254339472347403	NA	NA
E-GEOD-12860_1	0.00381642795461124	-0.0389403837464097	NA	NA
E-GEOD-12860_2	-0.00797787298215766	-0.0891992494946823	NA	NA
E-GEOD-12860_3	-0.00849896871980974	-0.0824030278865509	NA	NA
E-GEOD-12860_4	-0.00402311870656866	-0.0795297684309743	NA	NA
E-GEOD-12860_5	-0.00500347841058361	-0.0841619277121472	NA	NA
E-GEOD-12860_6	-0.00877050391388473	-0.0836508653735519	NA	NA
E-GEOD-12860_7	-0.00465671616356674	-0.0900721106449735	NA	NA
E-GEOD-12860_8	0.000978585705404862	-0.0699136582887214	NA	NA
E-GEOD-14359_1	0.00148629398197612	0.0342703393441265	-0.001333946596416	-0.000164160815184902
E-GEOD-14359_2	-0.00570923114037348	-0.0423172462039368	-0.000626786873120255	0.00157302622169665
E-GEOD-1919_1	0.00376413871528814	0.0675208278842472	NA	NA
E-GEOD-1919_2	-0.00251492876921131	0.0554747320293749	NA	NA
E-GEOD-1919_3	-0.00821890177061365	0.0271885530441423	NA	NA
E-GEOD-1919_4	0.00168717376359011	0.0197878126928967	NA	NA
E-GEOD-1919_5	-0.00123326567614844	0.0325647447228153	NA	NA
E-GEOD-1919_6	0.00210832571901042	-0.0294977206698007	NA	NA
E-GEOD-1919_7	-0.00116168859880583	-0.0312777806576498	NA	NA
E-GEOD-1919_8	-0.00135691938488663	-0.0297168842128509	NA	NA
E-GEOD-1919_9	0.0049804799172451	0.00729442269913881	NA	NA
E-GEOD-19664_1	0.00512355287005154	0.0202576221416873	NA	NA
E-GEOD-19664_2	-0.00587418499554444	-0.0397666982308725	NA	NA
E-GEOD-19664_3	-0.0205034596093523	-0.108574830615175	NA	NA
E-GEOD-19664_4	0.0142504558994355	0.0239100058407868	NA	NA
E-GEOD-19664_5	-0.0117066886060768	-0.0334301904021273	NA	NA
E-GEOD-19664_6	-0.0116862021190111	-0.091922374963066	NA	NA
E-GEOD-43923_1	-0.00531846238841339	-0.00503526303336648	-0.00358982021489503	-0.00481949251875196
E-GEOD-51812_1	-0.00723661685075981	-0.0753999286950158	-0.00332587158877058	-0.00898528448534699
E-GEOD-51812_2	-0.00944047021510562	-0.0846764155820564	-0.00573098679601826	-0.021387366374239
E-GEOD-68760_1	0.0205889748172705	0.0962295013157383	0.0133317744911433	0.0182504543011861
E-GEOD-82107_1	0.0143657556932624	0.0167695024625804	0	0.00710498204043931
E-GEOD-9451_1	-0.00757412159280768	-0.0508499236786374	0.00298207747249674	0.0114267704484806
E-GEOD-9451_2	0.000243515556742856	-0.0606043306301439	0.00312553274605532	-0.00115427339769978
E-GEOD-9451_3	-0.0171441892024593	-0.0514553802723805	-0.0128176491212421	-0.00960962967058168
E-GEOD-9451_4	-0.0114448673026261	-0.0714464961160827	-0.0139230125941742	-0.0197730487543625
E-MEXP-2019_1	-0.00129385721839789	-0.0311579446653875	0	-0.00179955188428925
E-MEXP-2019_2	-0.00494861906447929	-0.0192243525340338	-0.00948945205778386	-0.00993594607143159
E-MEXP-2019_3	-0.00142249702872567	-0.0482553517912627	NA	-0.00394838934814014
E-MEXP-2019_4	-0.00536461588057333	-0.0507409534170279	0.00117235705471	-0.00498122136467384
E-MEXP-2276_1	0.0257504841868311	0.0840877531772581	NA	0.00305870135376444
E-MEXP-2488_1	0.00105621491072343	-0.00764953204161861	0.00435046994874439	-0.00306013653713835
E-MEXP-3129_1	0.00121634288656025	0.030751113251728	0.000465008708139853	0.00162166945602983
E-MEXP-3474_1	0.00143796657744409	-0.0120593783724552	NA	0
E-MTAB-3010_1	0.00249453743366341	0.0269131735968079	NA	NA
E-MTAB-3010_2	-0.000152800776478928	0.0031635437399378	NA	NA
E-MTAB-3010_3	-0.00690102549561507	-0.019131817436355	NA	NA
E-MTAB-3010_4	0.00537737493522873	-0.00969220959153375	NA	NA
E-MTAB-4152_1	0.0068263430390684	0.0136476701775738	0.00958551011981321	0.0114915391146761
E-MTAB-4152_2	0.0219493617440936	0.091950146563756	0.00386675491753136	0.00752981257848297
E-MTAB-4152_3	0.0150633279751496	0.0807022874678372	0.00829001114141383	0.0151213074498061
GSE100609_1	-0.00532863799938568	0.0183721724404581	NA	5.69527197242679e-06
GSE100786_1	0.00190046324066943	0.0266127084543062	NA	0.00587092780002563
GSE100786_2	-0.0049471945751794	-0.0291511362377683	NA	-0.00767556511536336
GSE103697_1	0	0.00760758483980941	NA	NA
GSE103697_2	0	0.00268446296088706	NA	NA
GSE103697_3	0	0.00262786639218916	NA	NA
GSE104113_1	0.0168093009811077	0.039075622169085	NA	NA
GSE104113_2	0.0200134779960583	0.0406061275968903	NA	NA
GSE104113_3	0.0168093009811077	0.039075622169085	NA	NA
GSE10575_1	-0.00840027256756818	-0.00880666143164925	-0.00227272727272727	0.00339017236746489
GSE10575_2	0.00144311552412027	0.00946543516893589	-0.00698125166530027	-0.0101640407107399
GSE10575_3	0.00254582416426757	0.0815859371984501	-0.00279394314172662	-0.00458905617506631
GSE13604_1	0.0568036861375577	0.167366006079657	0.0541118548176214	0.0567078914917118
GSE13837_1	0.0304580081753995	0.0654549803268286	0.0196506550218341	0.0231422652682274
GSE13837_2	0.036747587570732	0.095629859574789	0.0512360037935416	0.0414634771739691
GSE13837_3	0.0183351649955226	0.0644512568147822	0.0258546811968743	0.0332226688549875
GSE13837_4	0.0253274327090962	0.0813485186572707	0.0147367352615831	0.0213487725764226
GSE13837_5	0.0203996619599953	0.0567143459939373	0.0220264317180617	0.0216511155444087
GSE13837_6	0.0361628469542574	0.108074945610638	0.0400803181300071	0.0470880892243659
GSE13837_7	0.0207561887911179	0.069780073723716	0.0283729815478798	0.0286678180664307
GSE13837_8	0.0293955636715876	0.0914597751990889	0.0177744077862766	0.0211474027190633
GSE13837_9	-0.00461011697807754	-0.00938973445624953	-0.00664402169537929	-0.0115303292396522
GSE13837_10	-0.000707528606190725	-0.0209592258036945	-0.00637644762151173	-0.0136394293867549
GSE13837_11	-0.00146182783645816	-0.0195092829151466	-0.00811301966959437	-0.00826130331958543
GSE13837_12	-0.00801792099851563	-0.0347817796558089	-0.00953713254815937	-0.0154795800660114
GSE13837_13	0.0208848493408422	0.0641153810715046	0.0112213703416149	0.0169685617353555
GSE13837_14	0.0263182366264935	0.0456950050511252	0.0242667873414816	0.0192341242588493
GSE13837_15	0.017224065282241	0.0622502634044424	0.0178298720292628	0.0229207010292121
GSE13837_16	0.0289349626800325	0.108314167908207	0.0170285439858788	0.0134242298432356
GSE13837_17	0.0194958798313789	0.0618039016709868	0.0118194608035597	0.00817828425114973
GSE13837_18	0.0222404253715664	0.0588330713859344	0.0181015359386575	0.0175544262500784
GSE13837_19	0.0133543944034029	0.0606371963448488	0.0121110531396528	0.0180708096304518
GSE13837_20	0.0150038550597034	0.0774789673172224	0.00921411483104968	0.010547842026284
GSE13837_21	-0.000633811234779704	-0.0121136959620595	-0.00562857874889908	-0.00802172985960452
GSE13837_22	0.000484010816424098	-0.024954558091284	-0.00887324882392389	-0.014081657174822
GSE13837_23	0.00411213273026893	-0.0127846440842069	-0.00595826326793706	-0.0049084290084676
GSE13837_24	0.008753356883171	0.0370921093365644	-0.000810602982456316	0.00775904088448426
GSE16464_1	0.00101066791460893	0.0728053238761042	NA	NA
GSE16464_2	0.00676101499889874	-0.00362475764259146	NA	NA
GSE19060_1	-0.0068776222151509	-0.0178335745020818	0	-0.00185196659308885
GSE27372_1	0.0157118994759427	0.0444748510162015	0.0135063763738569	0.00874655223096033
GSE27390_1	0.00055471111291283	-0.00367890687341704	0.00460793186931899	-0.000404272150508934
GSE29106_1	-0.00515005754468242	-0.0566314738499602	NA	NA
GSE29107_1	-0.00807261590074171	-0.0370507232679747	NA	NA
GSE29107_2	0.00747579347788386	0.0472026257979973	NA	NA
GSE29745_1	0.000917861627031988	0.0836298369472531	NA	NA
GSE29745_2	0.0120404631685335	0.0751735884743092	NA	NA
GSE29745_3	0.00386205264875491	0.0541710785062084	NA	NA
GSE35546_1	0.00367190005693258	-0.00346082277929956	NA	NA
GSE35546_2	0.00964842745669393	-0.00674478259063777	NA	NA
GSE35546_3	0.0185876981504739	0.00237363423738336	NA	NA
GSE35546_4	0.0044472789604545	-0.0394354591104287	NA	NA
GSE35546_5	0.00876021621086045	-0.0272752647211115	NA	NA
GSE35546_6	0.00499207272707345	-0.0398889347625988	NA	NA
GSE35955_1	0.0149597276347126	0.0123613156758686	0.00360785696372448	0.00256043229277173
GSE35956_1	0.0130372143554033	-0.0337681746384508	0.0116132048368722	0.00779307556628423
GSE35957_1	-0.00159384358379029	-0.0308539074809275	-0.00458480269831862	-0.000529300870740513
GSE35958_1	-0.0010607035935869	-0.0401757046208615	0.00125422153373765	0.00130953962753509
GSE39340_1	-0.00738588396999067	-0.0329063680428047	NA	-0.000485134530414298
GSE39340_2	-0.00349703480143206	-0.0516648340911111	0	-0.000988567524782175
GSE39340_3	-0.00129739922396454	0.0237294669276246	0	-0.00363968756035323
GSE39795_1	-0.00400929514757934	-0.0252554949864964	NA	-0.000408083599042501
GSE39795_2	0.000127267423007448	-0.0175187473163895	0.00167694189793094	-0.0034779204513285
GSE39795_3	-0.00795803904885589	-0.000383255334630373	0.0034965034965035	-0.00168158960864487
GSE41038_1	-0.00158683745970352	-0.00180076695588405	NA	-0.0151466712926789
GSE41038_2	-3.36010386049043e-05	-0.00912017666782282	NA	-0.000166889782263228
GSE41038_3	0.00465781030097406	0.00883291320052746	NA	0.00449853375778213
GSE41992_1	-0.00564028408070457	0.00380791515722989	NA	NA
GSE42235_1	-0.00402417839048278	0.00366272779022713	-0.00837638383021898	0.00255372575184555
GSE42235_2	0.00346829543299835	0.0454731281714181	0.00166344541893304	-0.000257662852348302
GSE42235_3	0.0063432963708699	0.0359528214165396	-0.000574950515935015	0.000297648356455683
GSE42235_4	-0.00314527339571838	0.0197365822587833	0.00317606654045723	-0.00146426935947768
GSE45233_1	-0.00227739746019638	0.00830233864158541	NA	-0.00869197137490777
GSE45233_2	-0.0138642482663928	-0.0369712207853208	0	-0.00818127050885371
GSE45233_3	0.00253470918216898	-0.0148065323272853	NA	-0.00154994641602916
GSE45233_4	0.0124909636484488	0.0287703934129469	0	-0.0015557299693345
GSE46053_1	0.0130699265901028	0.0386402333070097	0.00894819114599266	0.0110836665603907
GSE46053_2	0.0154712314216607	0.0600095116972726	0.0238022584073646	0.0150108738722183
GSE46750_1	-0.00190762976389304	-0.0449688239340979	NA	0
GSE51588_1	-0.00646751632929931	-0.0513570765932774	0.00224685696201517	0.00734687814181647
GSE52817_1	0.0130989781463617	0.0326950552504377	NA	NA
GSE52817_2	-0.00593403953315711	0.057429617177867	NA	NA
GSE52817_3	-0.00160200581132374	-0.00294315480337445	NA	NA
GSE52817_4	0.0145097364046337	-0.0278149638118083	NA	NA
GSE55235_1	0.00410667458812443	0.0451824480755704	-0.00668738742130814	0.00157209747829747
GSE55235_2	-0.00609722049394135	-0.0456179296552734	-0.00580109640965691	-0.00166553748870822
GSE55235_3	-0.0133078085259523	-0.0870539532789198	-0.00391596567735324	-0.00371029698301967
GSE55457_1	0.0101550287524024	0.0577149111873753	-0.00133810398672192	-0.00694052364259853
GSE55457_2	0.00129841390593162	-0.0103020806228737	-0.00244752076488416	-0.0119701503858057
GSE55584_1	0.00856910386096221	0.033244758769915	-0.00492610837438424	-0.00462433183010088
GSE57218_1	0.00943591242834097	0.0479520383809312	0.00814898609016256	0.0152125351778377
GSE57218_2	0.027445065697968	0.0227458070417883	0.0335309263348976	0.0208668391566358
GSE57218_3	0.0258854677769977	0.00420032373403234	0.0261050497725625	0.016574873512007
GSE60762_1	0.0180308253348766	-0.00159001945425286	NA	0.00410562551153361
GSE62914_1	-0.00816602471673037	-0.0297684995521427	NA	-0.0106554392893721
GSE62914_2	0.00256462005817798	0.0110592756451133	NA	-0.00969247921994783
GSE62914_3	-0.00120974491212118	-0.00237878400861801	-0.0045045045045045	-0.00470390104111213
GSE62914_4	-0.00886355124932428	-0.0703210845933041	0	-0.0113473733162323
GSE64394_1	0.00206253069417153	0.0178120529417697	NA	0.00296101047028898
GSE66635_1	0.00380228136882129	-0.0111849998182944	NA	0.00456328590264967
GSE68038_1	-0.0081510223935045	-0.0265086306386695	0	-0.00587962801635075
GSE68428_1	0.00608746336612014	0.0352210824949752	0.00963371036244686	0.0111196811323674
GSE68428_2	0.00988854314012476	0.0282313754587751	0.0161321010812705	0.001126887141443
GSE68428_3	0.0123509145594778	0.0346394637210619	0.0119688219839442	0.00887610119758147
GSE69459_1	0.03143657154695	0.0673087183258358	NA	NA
GSE69459_2	0.041974251171149	0.0834449824274457	NA	NA
GSE69459_3	0.0379338359414041	0.0986518045507794	NA	NA
GSE69459_4	0.0343730733554296	0.106280671381715	NA	NA
GSE69992_1	0.00331177800242776	0.0217533230965814	-0.00323802115793545	-0.00587173581664569
GSE70719_1	0.00334260599373304	-0.11964669748685	0.00132398643699412	0.000636719725761642
GSE7116_1	-0.0137444082874429	-0.0103971089710931	-0.00396825396825397	-0.00574910520087161
GSE7116_2	0.0056954535303623	0.0251557808876045	NA	-0.00333191774330682
GSE7116_3	0.00621638419783692	0.0309415085792586	0	0.00697327475911868
GSE72575_1	0.00247874007036392	0.0146846622322667	0.00259369810669522	0.00143050049295821
GSE72575_2	-0.00682633576469193	-0.0508169244209033	-0.00693903539680773	-0.00393781942868739
GSE72575_3	-0.00198201412114456	0.00637011640101044	-0.00515664511801263	-0.000372190931094621
GSE72575_4	-0.00193050193050193	-0.0222838523992214	0	0.00205903351228363
GSE75181_1	0.00833930229200165	0.0642594308264217	0.00581264524960706	0.00280288017992936
GSE75181_2	0.0203289582080346	0.0625969267136961	0.0137828087362249	0.0174291687728003
GSE75181_3	0.0131031467501309	0.0710509889943005	0.00826191154989473	0.0114054077640738
GSE75230_1	-0.0111823382081406	-0.0220111758452902	-0.0134623571197374	-0.000620299089641441
GSE7669_1	0.00145680629715492	0.0310759680620023	0.00305782060785767	0.00693544133165155
GSE77916_1	0	0.00143861502315273	0	0
GSE80614_1	0.0202119519608922	0.0451766650205946	0.0153042521994135	0.0201114101918112
GSE80614_2	0.0218498377871691	0.0410134942086347	0.0258854422213742	0.0269361626690658
GSE80614_3	0.00919117647058824	0.0253456720324789	0.00462962962962963	0.00774683219795962
GSE80614_4	0.0028486064867592	0.0273287000481218	0.00159533033582775	0.00451638348770169
GSE80614_5	0.000734858008052914	0.0296245948579147	0.00296757044821368	0.00651371763658735
GSE80614_6	0.0120070660111807	0.0505160825614306	0.0131872330723647	0.0119654633442544
GSE80614_7	0.0102383272830728	0.0569163781509221	0.0130909979147677	0.0243454804202143
GSE80614_8	0.00798850219043934	0.0400126915061107	0.00151004596041215	0.0126850150625852
GSE80614_9	0.0136226207654779	0.051376372299907	0.00529777128242601	0.00248324122754763
GSE80614_10	0.0168639107205039	0.0584245290699024	0.00885632480304458	0.00839410922099876
GSE80614_11	0.0056390977443609	0.0485761138885388	NA	0.00221903840809579
GSE80614_12	-0.00130046326306098	0.00999354738888924	-0.00356076502368235	0.00634220147929194
GSE80614_13	-0.00733287935188895	-0.00299137153479542	-0.00643209540322392	-0.000614673951598269
GSE80614_14	0.00118267960663589	-0.0016968665191282	0.00207513185663766	-0.00908040846970897
GSE80614_15	0.000756559804680966	-0.00526755652034868	0.0033061071649066	0.00191997857354002
GSE80614_16	0.000728011322434266	-0.00699206960101953	-0.000909122157625088	0.0041682668864673
GSE85254_1	0.0171589296113238	0.082208088786508	0.0127823284321958	0.00443693090452439
GSE86578_1	0.0133795700448476	0.0694924014158107	0.0199335548172757	0.0176931872615824
GSE86578_2	0.022753317355504	0.0624352561512782	0.018480440363223	0.00814090055401807
GSE86578_3	0.0228649723997609	0.0722651117105864	0.014082047800407	0.00948194591928635
GSE9329_1	-0.00340796162589859	-0.0128456803924707	NA	NA
GSE93698_1	-5.44096187987328e-06	0.0429335352812169	0.00311342204141872	0.00226291155425047
GSE93698_2	-0.00239773918292197	0.0347747514966277	-0.00120019096427094	0.00526890635440922
GSE93698_3	-0.0024014241606302	0.0302486972659644	-0.00157737876181174	0.0108403156113447
GSE93698_4	-0.000530722012268293	0.0413202171686429	-0.00137367834505762	0.00646260359713737
GSE93698_5	-0.0014169620431342	0.0245396890815778	0.00227517070860595	0.00848156087538579
GSE93698_6	-0.0110247172167172	-0.0354371855191445	0.00193798449612403	-0.00902101454318929
GSE93698_7	-0.00382057087572624	-0.0281958322834551	0.00830243754851103	0.000784508284508285
GSE93698_8	-0.000955952534747182	-0.0185251711996958	0.00481334509112287	-0.000656242698663051
GSE93698_9	-0.00512608502046526	-0.0303453799512858	0.00182132328092651	0.00771362025228661
GSE93698_10	0.000987580052354822	-0.00465263558586782	0.0109265929312222	0.0129528227026907
GSE93698_11	0.00517881624340611	0.0167745893144589	-0.000655226838091288	0.00885123567938589
GSE93698_12	0.00407257204748757	-0.00604944771898502	0.00670827427616516	0.0185066647068813
GSE93698_13	-0.00414279556583085	0.0181240900237276	-0.00846776978097561	-0.00300884680513725
GSE93698_14	-0.00457831894438049	-0.00274326641303342	0.00224495019516669	0.0047505111291041
GSE93698_15	0.00110016210848033	-0.0170684251198585	0.00631447922862281	0.00833161807127151
GSE93720_1	0.00568970702898681	0.0399088948921676	NA	NA
GSE93720_2	0.00207457034618607	0.035029803884312	NA	NA
GSE93720_3	0.00810299220906297	0.0509836920361549	NA	NA
GSE93720_4	0.00494396758888856	0.0470918238413945	NA	NA
E-MTAB-5564_1	0.00197678541516431	0.00849323626153639	0.0113260850382147	0.00770039071740888
GSE77753_1	0.00556731344950625	0.0345291005507118	NA	-2.17819288027994e-05
GSE43861_1	-0.00691583430045922	-0.0065747806280446	NA	NA
GSE112809_1	0.00188679245283019	-0.0120413994014092	NA	NA
GSE111946_1	0.0133862324795543	0.0667354916668734	NA	NA
GSE111946_2	-0.00123029134070804	0.0297321609386964	NA	NA
E-MTAB-3201_1	-0.00539067669551969	0.0191132060438547	-0.00533450761923571	-0.00187655444830325
GSE57740_1	-0.00352085832624037	-0.0204722990618155	NA	NA
GSE52992_1	0.0438649872811016	0.14557527731087	0.0209016013261451	0.0144735457784559
GSE17160_1	0.0190056538124899	0.0309554750945186	NA	NA
GSE17160_2	0.00559565031648993	-0.0479628507114759	NA	NA
GSE17160_3	0.0323348332510316	0.11228487562102	NA	NA
GSE17160_4	0.0174268104537969	0.0697602374290191	NA	NA
GSE17160_5	0.0171202362395718	0.04353540054905	NA	NA
GSE17160_6	0.00700534037305229	0.0149203968847044	NA	NA
GSE17160_7	0.0439234906292919	0.151048319982897	NA	NA
GSE17160_8	0.0253681874634614	0.0841280690745406	NA	NA
GSE17160_9	-0.0223830209455918	-0.122125201030039	NA	NA
GSE17160_10	-0.0203265122968539	-0.106861990121225	NA	NA
GSE17160_11	-0.0207327804069137	-0.102804243033992	NA	NA
GSE17160_12	-0.0201697342322954	-0.108375866194049	NA	NA
GSE22971_1	-0.0105690379557005	-0.0279056248213121	NA	0.00409791777445569
GSE22971_2	-0.00173010380622837	0.051054110334988	NA	-0.00464322021926548
GSE22971_3	0.0107522301252033	0.0775271257820404	0.00883829234086778	0.010339405277385
GSE22971_4	0.0152370319688827	0.110445980181284	0.00654123558811778	0.0102878288202655
GSE13590_1	0.000927623530411589	-0.0095305200241242	-0.00159568369360765	-0.00385390078343852
GSE13590_2	0	0.0310349107992166	0	-0.000582385636850943
GSE99731_1	-3.48144647284356e-05	0.0367708620990563	NA	0.000940100944657227
GSE99731_2	0.00332279242339375	-0.0180976348221066	NA	-0.00011485356393011
GSE99731_3	-0.00927548344582997	-0.0572359806061114	-0.00764998524927741	-0.000625675550225407
GSE27492_1	0.00545822102425876	0.0330105408595713	0	-0.00795576761999924
GSE27492_2	0.00881867805923205	0.0608336418880787	0.00393700787401575	-0.00248042385495716
GSE27492_3	0.0185436638486557	0.086018856584544	0.00949831921376016	0.00480135815582836
GSE27492_4	0.00732891212256291	0.0616521631522049	0.00943720695567392	0.00996810776251523
GSE27492_5	0.0169147842915334	0.0494206544156816	0.00881221333105971	0.00752821350837015
GSE27492_6	-0.00632568720330833	-0.0296181391355874	0.00321008209971791	0.00836161955491807
GSE27492_7	-0.000530074909056461	-0.015081464176942	0.012219449043357	0.0169828026127781
GSE27492_8	-0.00174144641476698	-0.0366390880782993	0.0117459001226334	0.00981904857941587
E-GEOD-15069_1	0.00263146088633176	-0.0351679280685778	0.00300660113094759	0.0104861151007706
E-GEOD-15069_2	-0.00996657071524768	-0.105787208449793	-0.00423303165848718	-0.0205081486026891
E-GEOD-15069_3	0.00220499287772851	-0.0118757061077513	-0.0019652088882996	-0.0113634197626213
E-GEOD-15069_4	-0.0353579503604603	-0.137618245389285	-0.00735773258249484	0.0052159727628884
E-GEOD-15118_1	0.00594432298522114	-0.0440842925843114	NA	NA
E-GEOD-15118_2	0	0.0359108304377677	NA	NA
E-GEOD-15118_3	0.0472399042762818	0.172080030890124	NA	NA
E-GEOD-15118_4	0.056969458933331	0.118577834628322	NA	NA
E-GEOD-16007_1	-0.0268058712697262	-0.0652122385456898	NA	NA
E-GEOD-17473_1	0.00786986444032073	0.0506736235520075	NA	-0.00260055613048352
E-GEOD-18647_1	0.0040764105941051	0.0113131971223433	NA	-0.00302811855744434
E-GEOD-18647_2	-0.0101552912341242	0.000667559977700615	NA	-0.00360339910443763
E-GEOD-18647_3	-0.00258082673085117	-0.0153962994500177	NA	-0.0136105504897335
E-GEOD-18647_4	-0.00512146798233229	-0.0201624291768696	-0.00666666666666667	-0.00665548726291369
E-GEOD-18648_1	0.0452568739740642	0.104541197737847	0.0324400810978184	0.0258104801664959
E-GEOD-18648_2	0.113772326674501	0.335143158253264	0.107363753383946	0.0972216705201596
E-GEOD-2154_1	-0.0052327354200639	-0.0731795953174862	-0.000376071804643233	-0.0216093743641924
E-GEOD-2154_2	0.00637457935779432	-0.0102474581922028	0.00358985361544834	0.00880723519106018
E-GEOD-2154_3	-0.0188012034286135	-0.112980084732732	-0.0145264208159372	-0.00596426391360913
E-GEOD-2154_4	-0.0408513640212597	-0.161980610801601	-0.0217939787216603	-0.0233340710285298
E-GEOD-26475_1	0.0376234543331843	0.109247769551755	0.015038139283462	0.00525119631437677
E-GEOD-26475_2	0.015016009368944	0.107628801252682	0	0.00561196109828714
E-GEOD-26475_3	0.0316065754692046	0.129403015281221	0.0124877171177736	0.00307637116509866
E-GEOD-33567_1	-0.0165897066924544	-0.168878093786536	NA	NA
E-GEOD-33567_2	0.0306261843196817	0.0800304509436566	NA	NA
E-GEOD-37287_1	0.00527293361309938	0.0288593472576939	NA	NA
E-GEOD-37287_2	-0.00148672344342938	0.0469465978511693	NA	NA
E-GEOD-37287_3	-0.00453601672251684	-0.0135114219644426	NA	NA
E-GEOD-51994_1	0.00298990545311893	0.030880121205105	-0.00874026893135173	-0.00801733801865415
E-GEOD-51994_2	-0.000608023669005024	0.0331277771161633	-0.0066405290320905	-0.00226001821694118
E-GEOD-51994_3	0.00244340405975539	0.0194655161172898	-0.0035783529192324	0.00048968203810712
E-GEOD-65077_1	0.00192307692307692	-0.00379310239770005	NA	NA
E-MEXP-1244_1	0.00451790116572809	-0.0703966378440029	NA	NA
E-MTAB-1123_1	0.0140919868371904	0.0677777125635312	-0.00421557282195404	-0.00639709244583164
E-MTAB-1123_2	0.00515569639137822	0.0398851804920434	-0.00356040172166428	-0.00632911392405063
E-MTAB-1123_3	0.0107683555254645	-0.000225979498365546	0.00275872321511834	0.00172900556362719
E-MTAB-1123_4	0.00568990042674253	0.0693538405820517	0.00229357798165138	0.00129177254001306
E-MTAB-1391_1	0.00254191404430426	-0.061022412416122	0.00180829971819113	0.00293959440496834
E-MTAB-1391_2	-0.0285378812935811	-0.201589252128223	-0.0135890202541299	-3.1882794791013e-05
E-MTAB-1391_3	-0.0358684412092434	-0.219703955002619	-0.017250600093647	-0.00447364974758086
E-MTAB-2450_1	0.271656255597364	0.490814245205952	0.334438153652591	0.459411931948563
E-MTAB-2450_3	0.0383304880429012	0.208404441015745	-0.0087144511684826	-0.0176116193138211
E-MTAB-2450_4	-0.0327619167841685	-0.143539278199971	-0.0108969006246296	-0.00934623857059285
E-MTAB-5023_1	0.000372788551456244	-0.0243370076814557	NA	-0.00690648654981684
E-MTAB-5326_1	0.00564063919759457	0.00297576003125507	NA	NA
E-MTAB-5326_2	0.00747612558961904	0.0167077618441744	NA	NA
E-MTAB-5326_3	0.00296395257514056	0.0362346340871104	NA	NA
GSE102588_1	0.0122698015319427	0.0268255292728102	0.00342319212665811	0.00262978700811373
GSE104793_1	0.00190343655314772	-0.0259008503037978	-0.00346860198868173	-0.0126717377347679
GSE104794_1	0.00509599671477317	0.0279186620523358	-0.00402192514645658	-0.010751632793398
GSE104795_1	0.000611367898818214	0.0113804933951777	-0.00871958442224881	-0.00883363757248603
GSE105139_1	0	0.0179067486773846	NA	-0.00244916097118973
GSE105139_2	0.00995997130017749	0.0167094659248858	NA	0.00401693894340953
GSE105139_3	0.00675675675675676	0.00756806558351115	0	0.00826004249084034
GSE10555_1	-0.0138905046351477	-0.0667884071012591	NA	NA
GSE10556_1	0.012011904197275	0.0774560929961254	0.0264764981711934	0.0387787977158337
GSE106631_1	0.0127480578378098	-0.024181286762999	-0.00386397569785445	0.00339070250889558
GSE13104_1	0.00125336683863122	-0.0561138791870466	NA	NA
GSE13104_2	0.00257581297081268	-0.0266214532590429	NA	NA
GSE13104_3	-0.00240627254246753	-0.0150983804715662	NA	NA
GSE16749_1	0.00156939377446416	-0.0472624696255513	NA	NA
GSE16749_2	-0.00190335024198592	-0.0121811312093661	NA	NA
GSE16749_3	-0.00266763027483984	0.00873916738558852	NA	NA
GSE17348_1	-0.0222144134117285	-0.0572885581549565	NA	NA
GSE17563_1	0.0107871700486116	0.123821393069711	NA	NA
GSE17563_2	0.00311936624274257	-0.0579331416751683	NA	NA
GSE17569_1	-0.00493340968398972	-0.0522188343236132	NA	NA
GSE17569_2	-0.018914112494505	-0.116746015024378	NA	NA
GSE17570_1	-0.0193347918555179	-0.124141663753885	NA	NA
GSE17570_2	-0.0103795358701236	-0.0705852006607568	NA	NA
GSE18991_1	0	0.102548207160224	NA	0.0127914712679893
GSE18992_1	0	0.0340223730767456	NA	0.00367195613122442
GSE19299_1	0.00909671491905557	0.0627253832457464	0.000470960868907898	-0.0107029788579811
GSE20850_1	-0.00596143277814199	-0.0213095856627572	NA	NA
GSE21093_1	0.00175569586187566	-0.00960702428160676	NA	NA
GSE21523_1	0.00997036430521507	0.0329326262910083	NA	NA
GSE21639_1	0.00896057347670251	-0.00554897228523114	NA	NA
GSE21639_2	-0.00570613555265791	-0.0184228932628165	NA	NA
GSE21639_3	0.00684038433614443	0.0575473768536225	NA	NA
GSE21639_4	0.00133498906643646	0.022604271617227	NA	NA
GSE21710_1	8.57242969320932e-05	-0.0520726746434017	NA	NA
GSE21710_2	-0.000534981599211798	-0.060543059657278	NA	NA
GSE21710_3	0.00205148469780024	-0.0336145772557889	NA	NA
GSE22925_1	0.0208555887761913	0.0589842527780312	0.0100558286400339	0.00144149624210776
GSE22925_2	0.000794893786455813	0.00225071509673658	-0.000119213449193327	0.0157706678454474
GSE26499_1	0.00432465642004496	0.00662531504993273	NA	NA
GSE30160_1	-0.00276927154681288	-0.0772527160161035	-0.00321543907420436	0.00454374686725056
GSE30628_1	0.0101967248381584	0.0642879289322002	0.00288369719708213	-0.000744168466079915
GSE30628_2	0.00883100733273401	0.0425560487006445	0.00681461231350238	0.0016952718732562
GSE32163_1	0.00215235765846303	-0.0178343048431195	NA	-0.00285656198709218
GSE33656_1	-0.0202142352846348	-0.101652023995434	NA	NA
GSE33754_1	0.0040667379165481	-0.0329542869681854	0.00158824169866603	0.00741857933852802
GSE33754_2	0.0151869484956592	0.01435985732846	0.0141242549602795	0.0106339603776883
GSE33754_3	0.00994283041771134	0.034104589728535	0.0118143576865408	0.0183012696769813
GSE34570_1	-0.0506318936047489	-0.191539250582127	NA	NA
GSE35003_1	0.00317163660348635	0.0448511328657064	NA	NA
GSE35466_1	0.00878553214883304	0.018162467226807	NA	NA
GSE35466_2	0.00711695437917586	0.0740429979705647	NA	NA
GSE35466_3	0.00928944922001081	-0.00333482706089567	NA	NA
GSE35466_4	0.0122040458409127	0.0345677241469992	NA	NA
GSE35466_5	0.00394942176091122	0.0545947618351888	NA	NA
GSE36925_1	-0.00190114068441065	0.0792926770283729	NA	NA
GSE36925_2	0.104583557249997	0.288287107342051	NA	NA
GSE36925_3	0.107051311358658	0.295138810698052	NA	NA
GSE37219_1	0.00500460840059678	0.106079429065647	NA	NA
GSE37676_1	-0.0123228807558173	-0.0584460989236479	-0.00818006911430262	-0.00835617933499021
GSE41342_1	-0.0105731466640622	-0.00761915284963732	-0.00303710329503073	0.00368339424019094
GSE41342_2	-0.00578107659570696	0.00548351876452177	NA	0.00848366545349659
GSE41342_3	-0.00379924051241378	0.0185599564018116	NA	0.00816041693514792
GSE41342_4	-0.0139016594421822	-0.0688539634914165	0	0.0114284962781767
GSE41997_1	0.00241480108430304	0.0103667665286123	0.00207191303539905	0.00853301734358824
GSE43242_1	0.018862568878458	0.0269229001570905	0.0161850198771489	0.0185188433230965
GSE43242_2	0.00466293585606908	0.00568371295692666	0.00216450216450216	0.0116571797608484
GSE43663_1	-0.00563205767227056	-0.0885770969940912	NA	-0.00566825425787908
GSE43854_1	0.011802899386841	0.0771103965304608	NA	NA
GSE45656_1	0.00558380192366448	0.0121293058969622	NA	NA
GSE45656_2	-0.00411852507867334	-0.127867781646086	NA	NA
GSE45656_3	-0.000701912177287841	-0.082889629739546	NA	NA
GSE45793_1	0.00155998375177508	0.0694394843407541	0.000225394945770649	0
GSE45793_2	0.0344013954939095	0.16399966668012	0.0211819175039878	0
GSE45793_3	0.0112733846543665	0.119963381377967	0.0077692452181236	0
GSE45793_4	0.0211761270152986	0.155447214250114	0.0163454535891257	0
GSE45793_5	0.0149908404485753	0.140493912816061	0.0185698234986618	0
GSE46390_1	-0.011347682852247	-0.0362107957332916	NA	NA
GSE48438_1	0.0128601960275856	0.0561661145302605	NA	0.000645216723760517
GSE50549_1	0.00349856635465219	0.0186674470716606	0.00402620403952651	-0.00860143662984834
GSE50549_2	0.00749990168315455	0.014592708673946	0.00419578088751519	-0.00759934500394484
GSE51098_1	-0.0141452826699288	-0.0473156182448762	-0.0153043679975856	-0.00682501753749218
GSE53857_1	-0.00994653321526829	-0.0453544855308351	-0.00255102040816327	0.0124142788042675
GSE53857_2	-0.00564863703932508	-0.0338377589097004	0	0.00918006264486417
GSE53857_3	0.00541323626136853	0.000498654419923173	0	0.00645558638007087
GSE53982_1	-0.0726931325380333	-0.219047134187949	-0.0481214311898754	-0.0281678204630391
GSE53982_2	0.00040782800248409	0.00146264303183323	0.0016549713660511	0.0114384897484525
GSE54779_1	0.00743334869788164	0.116855808451023	0.00453002688149708	0.00437236111959495
GSE55900_1	0.00202429149797571	-0.0156847020103472	0	-0.0026628969643491
GSE57104_1	-0.00312327136023444	0.0389541956015527	NA	-0.00250711696503347
GSE59387_1	-0.000913108736850087	-0.0622389892790097	NA	NA
GSE60401_1	-0.0110703392426181	-0.0791851453281548	NA	NA
GSE60401_2	-0.00618867685915792	0.0244080075836307	NA	NA
GSE60651_1	-0.00501247657715297	-0.0467018404157907	NA	NA
GSE60737_1	0.00555962139473367	0.0384685249989658	NA	NA
GSE60761_1	-0.00747111216425296	-0.00149139033569219	-0.00337837837837838	-0.00992011162289111
GSE60761_2	0	0.0115613305672797	NA	-0.00272702208186079
GSE60761_3	0.00950047674834767	0.00950734326258208	0.0031055900621118	0.00950456562714728
GSE60761_4	0.0138915976927541	0.00172145122516826	0	0.00418092564696756
GSE63017_1	0	-0.0215684937024423	NA	0.000118410570490848
GSE63017_2	0.00191598371836704	-0.022209532874021	NA	0.00436542379232954
GSE63017_3	-0.00282533152930581	-0.00659556386330952	-0.0085725677830941	-0.00612804644494785
GSE63017_4	-3.51466611267365e-05	0.00040405413112147	NA	0.000762898847401269
GSE63939_1	-0.00987860375502989	-0.0477219410976991	-0.00300142797926338	-0.0127644872303798
GSE63939_2	-0.00278111089725262	-0.0444520993271326	-0.00533451840039376	-0.010655704903867
GSE64141_1	-0.0378727995553989	-0.200026732601868	NA	NA
GSE64965_1	-0.0103823527488136	-0.113652811538286	-0.00580443887066815	-0.00792447626125698
GSE65745_1	0	0.0104845748325429	NA	0.00929745345607605
GSE65745_2	-0.00192307692307692	0.0160346159161549	-0.00267379679144385	0.0154130023469314
GSE65745_3	0.00198412698412698	-0.000522869269368432	0.00280898876404494	-0.00382688968534367
GSE66416_1	-0.00109290563676304	-0.00544771759490977	NA	NA
GSE66862_1	0.00892159713393921	-0.0464509227220651	0.0103388674817246	0.00773576671503986
GSE69108_1	-0.0039158421566702	-0.00879965247964621	8.19160220731519e-05	0.00894527473474842
GSE71565_1	0.00430310151240338	-0.0287689860424271	NA	NA
GSE72261_1	0.0100487890298232	0.0289502908445183	0.00678733031674208	-0.00108832189170864
GSE72261_2	0.00223287923762953	0.0127931945277151	-0.0011388629654044	0.00416447762005051
GSE72261_3	0.00927430643961433	0.0216446336452507	0.00674202207372545	0.00650324538473169
GSE7683_1	-0.023922401250952	-0.0966298118977658	-0.0165105071178111	-0.0180462919633195
GSE7683_2	-0.0294777233683459	-0.0508375449553817	-0.0239203134867435	-0.00098131697235097
GSE78980_1	-0.0456346114708957	-0.150901810168452	NA	NA
GSE78980_2	-0.00197928522054468	0.0439295541885168	NA	NA
GSE78980_3	-0.0344887836136071	-0.116071655316668	NA	NA
GSE78980_4	0.0350904265671462	0.151187207184609	NA	NA
GSE78980_5	0.00359965549341028	0.00766159580003292	NA	NA
GSE78980_6	-0.00781838563756191	-0.0425154289085338	NA	NA
GSE78980_7	0.0370457173920456	0.105959241963553	NA	NA
GSE78980_8	-0.00262463234988407	-0.0212052612446546	NA	NA
GSE78980_9	0.0365183377816802	0.101410389459134	NA	NA
GSE78980_10	0.0148840301149456	0.0130321831829631	NA	NA
GSE81399_1	0.0075510457454422	0.00301125859288882	NA	0.00261138976740898
GSE84609_1	0.0267541276988311	0.122273098501166	0.025529352879941	0.0164446501134048
GSE84907_1	0.0220420165644826	0.106445919079927	0.00248703650768319	-0.0135254162260499
GSE84907_2	0.0223215674139889	0.0830568744785631	0.00263349598177885	-0.00853992723444396
GSE84907_3	0.00284059524850562	-0.0276919947358904	0.00888869634413553	0.01021030979447
GSE90127_1	-0.0298987233823751	-0.198319382203859	NA	NA
GSE90127_2	-0.00560354595067468	-0.0220077554839462	NA	NA
GSE90127_3	-0.0246043785072866	-0.165029605014519	NA	NA
GSE9247_1	-0.0079234302733549	-0.0394043054990959	-0.00991809560031189	-0.00638591158181155
GSE9247_2	-0.00282065227065782	-0.0389393774011051	-0.00547908743686407	-0.0111416278473564
GSE9247_3	-0.00513884638722213	-0.050961688317342	-0.00397240289713272	-0.00293763309958373
GSE99306_1	0.000371887713022582	0.0634242561624633	-0.00154888298889017	0.00370031202577706
GSE99306_2	0.00166741695430954	0.0612522230881401	0.00222111090521753	-0.0022577766017449
GSE99306_3	0.00302361509633286	-0.00510003167671514	0.00615577948969132	0.00408208395496531
GSE99306_4	-0.000861146086350023	0.0463905274892444	-0.00034428013312195	0.00014810328255739
GSE99306_5	-0.00842644002691595	0.0337118045692228	-0.00463086647207078	0.00434471679383484
GSE99306_6	-0.00733088986399821	0.0166409935032214	-0.00153933152104455	0.00172042880509398
GSE99306_7	0.0138383486864918	0.0261713207548602	0.00457157906875992	0.0204087033768285
GSE99306_8	0.00510654832588024	0.0631345810764366	0.00191482704184972	0.00247958975231703
GSE99306_9	-0.00254056957644263	0.0326344046283746	-0.00125072397925188	-0.00364084589004936
GSE99306_10	0.0110025181212987	0.0568113640569021	0.0109296511076492	0.00410388104281423
GSE99306_11	0.000459814749708874	0.0605038394349405	-0.000500707003613313	-0.00035887156035587
GSE99306_12	-0.00100041339412722	0.0337330717843476	-3.51108951452362e-05	-0.0017365747839137
GSE99306_13	0.00897561879832359	0.0353551029715032	0.000498127529572578	-0.000134729740004747
GSE99414_1	0.0146237134694387	0.0747726012269792	0.0130529239974357	0.0246118445497229
GSE110581_1	-0.00723377039431642	0.00207765313312251	-0.00205104330690035	-0.0126584066324654
GSE110581_2	0	0.0430461666671999	0	-0.00239204760756485
GSE47799_1	-0.0163560467702673	-0.0411416576457758	-0.00984664741031464	-0.0104203715687416
GSE47799_2	-0.00320769240129264	0.0241585400258262	-0.00141677170250585	-0.00684767730015822
GSE47799_3	-0.00870811370858449	-0.0496872595200608	-0.00980948507985962	-0.00484907423309702
GSE111628_1	-0.00368265289954814	-0.0666495936745496	NA	NA
GSE111628_2	0.00180427940643043	-0.0953867921458303	NA	NA
GSE111628_3	-0.00794198421170113	-0.106814267750797	NA	NA
GSE5657_1	0.00160951472471029	-0.01396444601544	0	-7.11208190716604e-06
GSE5657_2	0.00350897094551623	0.00545222872824272	0	0.00839287545720895
GSE13782_1	0.00284502777450182	0.0476754299530839	-0.00396837706064073	-0.00366845885540682
GSE41039_1	0.00543448799262753	0.0200844451283276	0	-0.00460177920986271
GSE84198_1	0.00883489132573723	-0.0195064169729631	0.00551470588235294	0.00930888150254628
GSE84198_2	-0.000711318977051114	-0.0192932689437791	-0.00381092699559116	0.0109939866871921
GSE84198_3	-0.00502560457713208	-0.0143849141767893	-0.00327250090420598	-0.00440475453034363
E-GEOD-54216_1	-0.0165359710169886	-0.0523417701360963	-0.0089315217327692	-0.00290542541157631
E-GEOD-54216_2	-0.0196477781054905	-0.0670841096825738	-0.0107685227651408	0.00178855998634033
E-GEOD-54216_3	-0.0108158520755888	-0.0466013935705993	-0.00294993936940087	-0.00548247057673507
E-GEOD-6119_1	0.0341736282627202	0.112519546279854	0.0175994071893087	0.00873282358960549
E-GEOD-6119_2	0.0309390203159988	0.107069729734928	0.0129745933975259	0.0111623822927975
E-GEOD-6119_3	0.0273551249711932	0.107784175426015	0.0156153012013726	0.00292972994340204
E-GEOD-8077_1	-0.0113306489371664	-0.0471303588780369	-0.0138497209515773	-0.0249054245474005
E-GEOD-8077_2	-0.00169315627400272	0.0361203553848194	0.00411349411156471	0.00308477567819497
E-GEOD-8077_3	0.0128427173397256	0.0636668463416198	0.014441906596224	0.0232716954895868
GSE103416_1	-0.00233840248734777	0.0457224904451534	-0.00874798826306546	-0.0217157100287437
GSE103416_2	0.0083710978332709	0.0394976121926716	0.0135201307006143	-0.00324802784069951
GSE103416_3	0.0113636069328712	0.0379865660849111	0.0183071333607524	0.00192435827344703
GSE19950_1	0.00463519879150143	0.0369251201766999	-0.00308588371025568	-0.00105829667865071
GSE30322_1	-0.0153064684850159	-0.0240518506994413	-0.00199453919864283	0.00644730411319608
GSE30322_2	-0.0110120126477295	-0.00854334109664004	-0.000771642644979267	-0.00849126675713463
GSE30322_3	-0.0130995527563923	0.00309919504415733	-0.0060359673601204	-0.00335604828046639
GSE42295_1	-0.00376809537326143	0.0244711343585935	0	-0.00796359446540935
GSE42295_2	0.0146702462477294	0.0290935179395262	-0.000253605205904692	0.00497351839887291
GSE42295_3	0.0150261310885062	0.0259950796467307	0.00675359270942867	0.00327099932978611
GSE66554_1	-0.00571008772501229	-0.020751518082055	0.00145031648688995	0.00568240097204549
GSE66554_2	-0.0141131131290394	-0.0506262347353664	0.00409476604901785	0.00128825839952738
GSE66554_3	0.00263033516815214	5.00327126101301e-05	0.00373134328358209	0.00343159145208284
GSE66554_4	-0.00119857679437448	-0.0531641013543373	-0.00146626553310195	0.00129533678756477
GSE74898_1	0.00562317887906107	0.0559606118146062	0.00303988954795033	0.00911425093937978
GSE74898_2	0.00580886011087724	0.0523636632042172	0.00370298625270225	0.00510592960525672
GSE74898_3	-0.000321703148889657	0.0165589965641725	0.00349061224759823	0.0112591638673525
GSE79176_1	0	-0.0117870328285997	NA	NA
GSE79176_2	0	-0.000471251908101989	NA	NA
GSE79176_3	0	0.0100672721901642	NA	NA
GSE85785_1	-0.00249973969981767	-0.032816099255929	-0.0006389917151419	-0.00384078089300824
GSE23492_1	-0.00545005259480903	-0.0396896504359178	NA	NA
GSE23492_2	-0.00555282546682801	0.0251120859660809	NA	NA
GSE23492_3	-0.0184033764287704	-0.0745297961459873	NA	NA
GSE23492_4	-0.0162516550376215	-0.01975861719338	NA	NA
GSE23492_5	0.00899796594756685	0.0344145768495048	NA	NA
GSE44991_1	0.00674691833590139	0.0406922791374441	0.00911694628594003	-0.00131612373566
GSE44991_2	-0.0199354158428892	-0.0444859087729903	NA	0.00324710871585872
GSE39796_1	-0.010767467530625	-0.014680821845114	NA	NA
GSE39796_2	-0.00913159472905923	-0.0111871991603204	NA	NA
GSE39796_3	-0.00474138766537389	-0.00819813624945312	NA	NA
GSE18394_1	0.00388907945863326	0.0183224146945432	0.00597287737747901	0
GSE18394_2	-0.00138958825122423	-0.0168178603804082	0.00383062998245326	0
GSE18394_3	0.00553026211712258	0.0316004171142682	0.00593153104919337	0
GSE29233_1	0.0262898725957877	0.119238009633365	NA	NA
E-MEXP-2291_1	0.00920977702601456	0.0205451370580883	NA	NA
E-MEXP-2291_2	-0.0123404525326505	-0.0350993466921666	NA	NA
E-MEXP-2291_3	0.0124414464535318	0.0505034110121621	NA	NA
GSE107363_1	-0.00799054760849273	-0.0153373551162496	NA	NA
GSE85761_1	-0.00176223315964105	-0.0525306458632014	NA	NA
GSE89179_1	-0.0126251416841747	-0.125439385998948	NA	NA
GSE89179_2	-0.000367909782625029	0.0153393139202145	NA	NA
GSE89179_3	-0.00235376073940141	-0.00362590428535354	NA	NA
GSE89179_4	-0.01004520918327	-0.0417222573993851	NA	NA
GSE89179_5	-0.0007658200395843	-0.00234511576217645	NA	NA
GSE89179_6	-0.00571910816154762	-0.0315406785781802	NA	NA
GSE89179_7	0.00102163227599855	0.0173656216477714	NA	NA
E-GEOD-57723_1	0.0101847731684765	0.0448834648399502	NA	NA
E-GEOD-57723_2	-0.0117491440125267	-0.0290154957591547	NA	NA
E-GEOD-57723_3	0.00470501248037199	0.0293436918589202	NA	NA
E-GEOD-83930_1	0.00180662354540282	0.0107023005881088	NA	NA
GSE100268_1	0.00623933252282359	0.0105081463292858	NA	NA
E-GEOD-55769_1	0.00491894959751645	-0.00489323588373298	0.0088385068294478	0.0195398695384445
E-GEOD-55769_2	-0.00391611566730043	-0.0160030175754199	-0.00993408662900188	0.0155576247161461
E-GEOD-55769_3	0.0216787931953766	0.0012427364994298	0.028283779157905	0.0225830997271937
E-GEOD-69110_1	0.00322767439014698	-0.00627870506899616	0.000366208407005978	0.00224843226179653
E-MTAB-4304_1	0.000375098285215687	0.045873476850437	0.0012571858295161	0.00988099519832944
E-MTAB-4879_1	-0.00158789286005759	0.0338181105593261	0.0152218951889342	0.0119344233393878
E-MTAB-4879_2	-0.000986612183146171	-0.0214229882870898	-0.00691838026440621	0.00277338705286303
E-MTAB-4879_3	-0.000191787606144066	-0.00417820246103312	2.70474954019262e-05	0.01192535673469
E-MTAB-4879_4	-0.0101815609890899	-0.0538652334519489	-0.00193716441106718	-0.00137336970774357
Cytokine_Explant_1	0.00390181619548897	0.0436697187571173	0.00356889221642325	0.010545955819282
Cytokine_Explant_2	0.00239988060472133	0.0812227383919352	-0.00325868985725127	-0.00980424619990162
Cytokine_Explant_3	0.00505729222088669	0.0670387601153251	-0.00656614772187416	-0.00832111275320545
Cytokine_Explant_4	0.00200127271779659	0.0310477511611771	0.00282182678696181	-0.01233421951589
Cytokine_Explant_5	0.0019179619422553	0.0324986052893743	-0.0013731362925575	-0.00602829001349811
FN1_Explant_1	0.00753617390513987	-0.00765746011865052	0.00938035505351325	-0.00226870602796613
E-MTAB-6266_1	0.00745893920001148	0.0131532525298916	0.0119646707769029	0.00775983146276144
E-MTAB-6266_B_1	0.00987337509764324	0.0249110064839033	0.0111895259003384	0.00987232561341916
E-MTAB-6266_B_2	0.00226881209495687	-0.00033749509326154	0.00685429283253812	0.0145121541892024
E-MTAB-6266_B_3	-0.00520036516601067	-0.0294966336600206	0.00189875665511335	0.00214631088850501
GSE70667_1	0.00194552529182879	0.0875606697563242	0	0.0202487756885572
GSE87608_1	-0.00316731484367343	0.000564408319957969	NA	-0.00412010865418393
GSE87608_2	-0.00714236203909619	0.0124879333794535	-0.00196078431372549	-0.00374537477514453
GSE87608_3	-0.00938299357689568	-0.0524514317244272	-0.00665768407703891	-0.000643916543277984
GSE87608_4	-0.0107906713025258	-0.0646429093162098	-0.00347818100664443	-0.0134712050485059
GSE90890_1	-0.0124391291661392	-0.0637089721064202	-0.0139318885448916	-0.0115327168937455
GSE97118_1	-0.0220827470252848	-0.0945738798378916	NA	NA
GSE97118_2	0.00076038016193257	-0.00993433657291309	NA	NA
GSE97118_3	-0.0310623533677923	-0.123854856403094	NA	NA
GSE97118_4	0.00869594174351195	-0.00227852101969786	NA	NA
GSE97118_5	-0.019171779843956	-0.0586184063412958	NA	NA
GSE97118_6	-0.0145973007802851	-0.0438913574550779	NA	NA
GSE97118_7	0.00485666063376887	-0.0106450920951978	NA	NA
GSE107592_1	0.00345847396992949	0.0138969826711817	0.00272604042818458	-0.00811801698192312
GSE92641_1	0.000915992360604792	-0.0200417319041383	0.00436470592994163	0.0097978370853381
GSE107849_1	0	-0.00547611684406437	NA	NA
E-ERAD-89_1	-0.00348432055749129	-0.0188900996971096	NA	NA
E-ERAD-89_2	-0.00348518107814945	-0.00340838170150246	NA	NA
E-ERAD-89_3	-0.00172800267648043	0.0161516387666312	NA	NA
E-ERAD-89_4	-0.00381679389312977	-0.00287989387551947	NA	NA
E-GEOD-45893_1	0	-0.0509489807932227	NA	NA
E-GEOD-53105_1	0.0167257611558395	0.0387933000306602	-0.00324675324675325	0.00765044947934476
E-GEOD-53105_2	0.0168404286035373	0.00587780187195226	0.0191489056699718	0.00464789152113146
E-GEOD-54461_1	-0.00161676068757797	0.0225259945824487	-0.000706661954422492	-0.00412666067704387
E-GEOD-54461_2	0.00376796536336353	0.0408669658418303	0.0070171975531506	0.00745889069935093
E-GEOD-54461_3	0.00841800072324593	0.0631464022375606	0.0073959782323527	0.0115343078486214
E-GEOD-54461_4	0.0107104444755569	0.0960523293449424	0.00543994613926147	0.00713499750633306
E-GEOD-54461_5	0.0185204768517368	0.158872183169297	0.00855677292709454	0.0028897789739662
E-GEOD-54461_6	0.0188919623587651	0.195636807513532	0.00949873043271525	0.00754728443908984
E-GEOD-54461_7	0.02068967313931	0.234181649472684	0.0129096678247812	0.0113541748882124
E-GEOD-54461_8	0.0274693955693252	0.295772366871827	0.0206920439777644	0.0291042790062621
E-GEOD-73372_1	0.00324388406580926	0.012212259625132	NA	NA
E-GEOD-73372_2	0.00435416495170405	0.0447835890855605	NA	NA
E-GEOD-73372_3	0.000389308871263924	0.0277297277833955	NA	NA
E-GEOD-75549_1	0.021253061860286	0.0621940037492112	NA	NA
E-GEOD-76988_1	0.00742525980010538	-0.0514428532373035	NA	NA
E-MTAB-2923_1	0.000927598762197535	-0.0161640223704134	NA	NA
E-MTAB-2923_2	0.000144086891163187	0.0582798421423612	NA	NA
E-MTAB-2923_3	0.0115381653371812	0.0891350709253821	NA	NA
E-MTAB-2923_4	-0.00733499613370798	-0.000968082704683148	NA	NA
E-MTAB-3428_1	-0.00566909770513171	-0.0206744643996964	NA	NA
E-MTAB-3428_2	0.00773371626910505	0.0123891638028185	NA	NA
E-MTAB-3428_3	-0.00572633119440855	-0.0144729735115673	NA	NA
E-MTAB-3428_4	-0.00827931250854445	-0.0295062698843648	NA	NA
GSE102856_1	0.039411038927088	0.170058459566119	NA	NA
GSE103492_1	0.0131662455341265	0.0890534916522713	0.00868780228406472	0.000979977917875529
GSE103492_2	0.00227488331874959	-0.0110654253235337	0.00145239426023402	0.00334148766862897
GSE103492_3	0.0156391712086797	0.0964135866687447	0.0121014707375479	-0.00416735140220678
GSE103492_4	0.0140906095370262	0.121917214706412	0.0106610644824743	-0.0104124774442668
GSE103492_5	-0.010161859560251	-0.0683656438874353	0.00553405540276715	0.0164359246411568
GSE103492_6	0.00210117460992466	0.0385915219485129	0.00738926823584061	0.0142076527069093
GSE103492_7	0.0232745652118831	0.120871472733119	0.0221099711781133	-0.00437424320093069
GSE103492_8	0.014661542432349	0.0556911359960898	0.0114656856091792	0.00579999675004412
GSE103492_9	0.0279386779395355	0.1139656431654	0.0164379962018504	0.0135783217542961
GSE103492_10	0.00286602463767302	0.0765150245055572	0	-0.0014096100242133
GSE106259_1	-0.0204274042793842	-0.081689985469369	-0.0164150416733487	-0.0097941924717373
GSE110303_1	-0.000440288492416276	-0.00405614174056954	NA	NA
GSE110303_2	0.0027039117247809	0.0261036440083686	NA	NA
GSE110303_3	-5.65776870681371e-05	0.0202369492563145	NA	NA
GSE110300_1	-0.0131708137625461	-0.0217259848720908	NA	NA
GSE110300_2	-3.46807979357989e-05	-0.0027020632567177	NA	NA
GSE110300_3	-0.00293300394478247	0.0184522610504302	NA	NA
GSE110281_1	0.0290768116382691	0.137442752382246	NA	NA
GSE110281_2	0.0185862459768505	0.106916870013229	NA	NA
GSE110281_3	-0.00854257995312879	-0.0270556131621299	NA	NA
GSE104459_1	0.00865823701641769	0.0602624158148604	0.00149028374218091	-0.00290455146183958
GSE104459_2	0.00559266731013158	0.0864626470258404	0.00370862563444926	-0.00269036975601549
GSE104459_3	0.00651355751960458	-0.0273392180261384	-0.000985579416951966	0.00350295699905449
GSE110051_1	-0.00518108352068457	-0.0433496612629988	-0.00762794529890578	-0.00869537624205403
GSE110051_2	-0.00239930924349815	-0.0161776793750106	-0.00882183866524541	-0.00153294371560482
GSE110051_3	-0.0056702756407382	-0.0446699239965682	-0.00353304222145012	-0.00511089829275434
GSE112694_1	0.00246375654396687	0.0765734701549992	0.00241183435852674	-0.00783753610045533
GSE112694_2	0.0050956836454495	0.05159632467014	0.0042936430291261	0.00160999512683702
GSE112694_3	-0.0322622962850983	-0.157981157486973	-0.0201265470081301	-0.0131823704540507
GSE112694_4	-0.0146326257097988	-0.135249978311503	-0.00834030941430953	0.00290057984166718
E-MTAB-5879_1	-0.00387119787805248	-0.0380354125591939	0.00388976879396681	0.00918904991607904
E-MTAB-5879_2	-0.00209364467548045	0.00633877216047587	0.00913257118455623	-0.0064723248912601
E-MTAB-5879_3	0.00422174517253279	0.0288247797253532	0.00888500890222728	-0.0113328098470995
E-MTAB-5879_4	0.00735967678724063	0.0506145918367621	0.0120865341108405	0.00554954895933727
E-MTAB-5879_5	-0.0034629579847406	-0.0156683955718952	-0.00119185771603167	0.00565316282104458
E-MTAB-5879_6	0.010135709709642	0.0480944845192497	0.0103228546097552	0.010186492600423
E-MTAB-5879_7	0.00951908107196676	0.081809486830759	0	0.0244561542725384
E-MTAB-5879_8	0.0147245653531697	0.0803607366194564	0	0.0181501786606145
E-MTAB-5879_9	-0.00190948327347561	0.0391634376258656	0	-0.00612941384249842
E-MTAB-5879_10	0.0172978984160184	0.106613058028412	0.00335570469798658	0.00577461237331877
E-MTAB-4294_1	0.0117934211330227	0.0548603443020465	0.00971649501506072	0.009462932100776
E-MTAB-4294_2	0.00641799426483111	0.0334404152771697	0.00813379632926614	0.0108391074340835
E-MTAB-4294_3	0.000233183038450876	-0.0201745608672383	0.00541346207596022	0.00116276683087028
E-MTAB-3186_1	0.0126854722715623	0.112785397753099	0.00644622283654509	0.0154659154579519
E-MTAB-3186_2	0.0104492436927756	0.0355486535551951	0.00949643028295111	0.0123032021293427
E-MTAB-3186_3	0.00153710816561511	0.022288452195799	0.00430638748546155	0.00952228191080048
E-MTAB-3186_4	0.00741271334902925	0.043280453267839	0.00717659719999111	0.0128132437167206
