comparisonID	jaccard	cosine	sigjaccard	chrDir
22659600_1	0.0201425204427818	0.10175398322803	0.0404503692553774	0.00843048490107313
24361742_1	0.0121660211071116	0.0922751197808938	0.00593367868829743	-0.00854637153058961
GSE72258_1	0	0.00512814358566241	0	-5.36810441315585e-05
GSE72258_2	0.000316639264095835	0.0175376454038498	0.00517974487823734	-0.00735294117647059
GSE69531_1	0.0229401625093263	0.0613937617188423	NA	NA
GSE69531_2	0.0687381239618036	0.113977827237853	NA	NA
GSE69531_3	0.0386576156520314	0.0945440983015667	NA	NA
GSE69531_4	0.0229401625093263	0.0613937617188423	NA	NA
GSE58203_1	-0.00805740204109581	-0.0574289542340431	-0.00624131901107487	-0.00410229110530308
GSE58203_2	-0.00955536875972314	-0.0483159819835194	-0.0102878505060611	-0.00696544053333701
GSE58203_3	-0.0118214289984328	-0.036261295767496	-0.0131152939375891	0.00622504611292198
GSE58203_4	0.0120922215904128	0.0122152709677821	0.0176294155777516	-0.00459268198777459
GSE58203_5	-0.00719293033752711	-0.0606787451455604	-0.0103006205947382	-0.00552951339097559
GSE58203_6	-0.012288723445749	-0.0624921269386305	-0.0197743995398412	-0.00209817901896517
GSE58203_7	0.00589306111146299	-0.00750568082012522	0.0059545592010259	0.00698141623642469
GSE58203_8	0.0329451066491695	0.0556618103750248	0.0336375110680995	-0.00359845743584345
GSE59642_1	-0.0132700253596036	-0.0174616531318999	NA	NA
GSE59642_2	0.032604586015132	0.0602999065497826	NA	NA
GSE59642_3	0.0517961999291537	0.0906526192691479	NA	NA
GSE64922_1	-0.0235740886893866	-0.108580445861776	-0.0329699777281106	-0.0152802636384941
GSE60162_1	-0.0012093818223697	0.00611198273933308	NA	NA
GSE31685_1	-0.0141003546788949	-0.0461520349596757	-0.0145530027604191	-0.0119474502383544
E-MEXP-3890_1	-0.0159980501976975	-0.0460318576020954	-0.0225660821526454	-0.00426329007335408
GSE31980_1	-0.0414109657611595	-0.0751722463566855	-0.0420071072129445	-0.00924680295012666
GSE15615_1	-0.0476741659810276	-0.0809169579791991	-0.0411740469702561	0
GSE15083_1	-0.000914609654168338	0.00987963877483426	NA	0.0015422372700822
GSE108035_1	0.00370656723491064	0.0108455092213563	0.00356018237150937	-0.00314305420065056
GSE108035_2	0.043615496506332	0.0607780392720311	0.0503885478686345	0.00878371930271027
GSE108035_3	0.0440124599960342	0.0571143864254558	0.0491439512994106	0.0114405852464655
GSE21959_1	-0.00769449669359365	-0.0232182941539899	-0.00640274830670997	-0.0107508944836644
GSE21959_2	-0.00632846458924906	-0.0517634532674748	-0.00430325911194474	-0.00713553206118983
GSE24742_1	0.00301256246590875	0.0262899499257735	NA	-0.00146674883114126
GSE24742_2	0.00112563660388199	0.00539691418857862	NA	0.0165938300837012
GSE24742_3	0.0015465266477673	-0.0305317746081941	NA	-0.00109370764272971
GSE74668_1	-0.00263672943835335	-0.0251630373747794	NA	NA
E-GEOD-10024_1	-0.00773038070825022	-0.0516391653918502	NA	NA
E-GEOD-10024_2	-0.01511804652461	-0.0558389794708132	NA	NA
E-GEOD-12860_1	-0.00431926542135023	-0.0151080931526179	NA	NA
E-GEOD-12860_2	0.0128114931301297	0.0527133510714408	NA	NA
E-GEOD-12860_3	0.0101685271857526	0.0399742101591755	NA	NA
E-GEOD-12860_4	0.00755949570713833	0.0352119607039239	NA	NA
E-GEOD-12860_5	0.0137982107468028	0.034113091584694	NA	NA
E-GEOD-12860_6	0.0130156311475547	0.0540749465289423	NA	NA
E-GEOD-12860_7	0.0140874405605705	0.0429761629844302	NA	NA
E-GEOD-12860_8	0.00332186803101643	0.0154327934738856	NA	NA
E-GEOD-14359_1	0.0035293406231075	-0.00518879300668162	0.0105198815877796	0.00799239098249159
E-GEOD-14359_2	-0.0225893773383754	-0.0655189300201688	-0.0318421745613005	-0.00449015175924351
E-GEOD-1919_1	-0.0121516632643559	-0.0672138827355229	NA	NA
E-GEOD-1919_2	-0.0247548431988651	-0.0695766462571466	NA	NA
E-GEOD-1919_3	-0.0179359054128606	-0.0456409995680768	NA	NA
E-GEOD-1919_4	-0.0146521028845475	-0.0465411485795546	NA	NA
E-GEOD-1919_5	-0.0286997424212671	-0.0639901665983956	NA	NA
E-GEOD-1919_6	0.000220033108376246	-0.003509363590357	NA	NA
E-GEOD-1919_7	0.00014874347007442	0.00492473423432035	NA	NA
E-GEOD-1919_8	-0.00408184130680835	-0.00747965805997688	NA	NA
E-GEOD-1919_9	0.00130025980242088	0.0205940304700764	NA	NA
E-GEOD-19664_1	-0.00788267113420341	-0.0149252732737436	NA	NA
E-GEOD-19664_2	0.0098180408022558	0.0204436194187997	NA	NA
E-GEOD-19664_3	0.0140268356262645	0.0456048716898535	NA	NA
E-GEOD-19664_4	-0.0123349480485213	-0.0287229698146972	NA	NA
E-GEOD-19664_5	0.0132080732762401	0.0286953495513521	NA	NA
E-GEOD-19664_6	0.0336264402406585	0.0879146943555518	NA	NA
E-GEOD-43923_1	-0.0609125810667398	-0.150726966136043	-0.0311853826157888	-0.00407696371394649
E-GEOD-51812_1	0.0188466777953604	0.0414252866977279	0.0149559263316668	0.0077051375354433
E-GEOD-51812_2	0.00249947452549443	0.00755459333787625	0.00279403150508077	7.96042101050944e-05
E-GEOD-68760_1	-0.0243749249107939	-0.0677307969422126	-0.0236069897563172	-0.00220354589313009
E-GEOD-82107_1	-0.000948416588260915	0.0126203052082025	0.00198156874446217	-0.00120066786958743
E-GEOD-9451_1	0.0150370449596601	0.0438637527851521	0.0165243009923595	0.0132020995250978
E-GEOD-9451_2	-0.010459875179797	-0.00955244968914107	-0.00416200391459785	0.00972998075935314
E-GEOD-9451_3	-0.00569026944673656	0.00562546829026335	-0.000571985842144126	0.0217653299099016
E-GEOD-9451_4	-0.0097010169483672	-0.0154542350222254	-0.00882818371015588	0.013935684073188
E-MEXP-2019_1	-0.0238014811731641	-0.0258796660092878	0	-0.00620626236537508
E-MEXP-2019_2	0.0174222549422724	0.0306610411766778	-0.00203954715543051	0.000978932150997826
E-MEXP-2019_3	-0.0124555445267945	-0.00493333094742922	NA	-0.00418758342423717
E-MEXP-2019_4	-0.00649812837226964	-0.0211499832454111	-0.000117477370784504	-0.000696408520667425
E-MEXP-2276_1	-0.00209136711973383	-0.00525340921128603	NA	0.0047691443244322
E-MEXP-2488_1	-0.00506428571038488	0.00628631461203364	-0.00692736325455347	0.00115023406232599
E-MEXP-3129_1	-0.00107408357064918	-0.0196835543334715	-0.00691184880835059	-0.00659762257414174
E-MEXP-3474_1	-0.00425761821844006	-0.00950423302048644	NA	-0.0200304578160549
E-MTAB-3010_1	0.041091470830265	0.0614186974712311	NA	NA
E-MTAB-3010_2	0.0361456713954263	0.052575022751108	NA	NA
E-MTAB-3010_3	-0.00344452701486721	-0.00919511995781568	NA	NA
E-MTAB-3010_4	-0.00896362043291643	-0.0155365651207776	NA	NA
E-MTAB-4152_1	0.0034268722260542	0.0205293594209001	0.00411996813199654	0.00774348988707332
E-MTAB-4152_2	-0.00148517249046891	-0.00637757676069095	-0.0060777710061548	-0.00393995242579382
E-MTAB-4152_3	0.00172345089758004	0.0167238896973284	0.00241219648587022	-0.00180157097481152
GSE100609_1	0.000941695733733837	0.0400213241073988	NA	0.00861977086203478
GSE100786_1	-0.00125793746084312	-0.023703219936639	0	-0.00465451700067337
GSE100786_2	-0.000948357307438008	-0.0151013911610467	NA	-0.00568452034482025
GSE103697_1	0.00013290802764487	-0.00380933517082804	NA	NA
GSE103697_2	0	-0.000623994853629693	NA	NA
GSE103697_3	-0.00013290802764487	-0.00419350913160062	NA	NA
GSE104113_1	-0.00680220830638944	-0.032638958989266	NA	NA
GSE104113_2	-0.0326275673414088	-0.0730165477816061	NA	NA
GSE104113_3	-0.00680220830638944	-0.032638958989266	NA	NA
GSE10575_1	-0.0102877839906367	-0.0416309831844064	-0.000583820030870836	0.00525403038689821
GSE10575_2	-0.0199052943820786	-0.0688628068884883	-0.0135296285570197	-0.00209031194695376
GSE10575_3	0.0213655118814527	0.0248506468355123	0.0169974903107917	0.0057514652454188
GSE13604_1	-0.0016398510648786	0.00167067025331722	-0.00376072208831107	-0.0015636690273546
GSE13837_1	-0.00116604051364929	-0.0198171302094198	-0.00232678386763185	0.00314968447994352
GSE13837_2	-0.0021693790059105	-0.0250767696954854	-0.0048964508933102	0.00943869221708436
GSE13837_3	-0.00167461837103274	-0.0189753029942381	-0.00232171297592625	0.0042140454305325
GSE13837_4	0.00433636901473497	0.00603904069508914	0.00518119736190143	0.00846887592333959
GSE13837_5	-0.00173032222451384	-0.0172384410977311	-0.0026567481402763	-0.0028748803522286
GSE13837_6	-0.00540952428070605	-0.043239341993841	-0.0100375494627714	0.00949795036310969
GSE13837_7	-0.00396933603502903	-0.0308718129319843	-0.00951134683864465	0.00763952558582568
GSE13837_8	-0.00573456003230028	-0.0156793553479226	-0.0104148939410156	0.00852132130743106
GSE13837_9	0.00556070746713863	0.0220598715247495	0.00574548978531094	0.00433698287615482
GSE13837_10	0.00961041496997548	0.0326314059094387	0.0146139360231097	-0.00121437896027031
GSE13837_11	0.0087787347088263	0.0320512162101391	0.00943696216445577	-0.000700624486699831
GSE13837_12	0.0115544954178125	0.0463856107213748	0.00880297491426737	0.0053134327088776
GSE13837_13	-0.00767207199371244	-0.0512290812687766	-0.00796589675045294	-0.00466640966894606
GSE13837_14	-0.0165273834160585	-0.0601410683733172	-0.0170292582402845	0.000903005719745149
GSE13837_15	-0.0169448455451897	-0.0611106582414627	-0.0227543982748825	-0.00161062636040091
GSE13837_16	-0.0125834679464631	-0.0435909617783586	-0.0175179889288774	0.00492870930155071
GSE13837_17	-0.00642391533199173	-0.0412667264332829	-0.00538440261133932	-0.00124189805183398
GSE13837_18	-0.0107191758269064	-0.0571728676377955	-0.0143095642035191	0.00370056590138302
GSE13837_19	-0.00985654559845651	-0.0539388081299325	-0.0153780537185167	0.00791365104524508
GSE13837_20	-0.00473885026901165	-0.0178187255608821	-0.011273326329197	0.00217685842833171
GSE13837_21	0.00369973778726373	0.01961665100472	0.00539818097995674	0.00393797506113493
GSE13837_22	0.00583527706166734	0.0217692712233393	0.0101934093204452	-0.0020023233049225
GSE13837_23	0.00274464614967048	0.0181638868027503	0.00938287951130302	-0.00174138696912417
GSE13837_24	-0.000436075007874903	-0.00572040342355598	0.00278033274997021	-0.000964573346516433
GSE16464_1	0.0235011882435094	0.0696897313796297	NA	NA
GSE16464_2	-0.00868996901725217	-0.00631159343262647	NA	NA
GSE19060_1	-0.00166945905743931	-0.00985565949534868	0	-0.00308512496312025
GSE27372_1	-0.000262617917821408	-0.0151279998357392	0.000899137266769681	-0.000475899637061258
GSE27390_1	-0.00463186013599356	-0.0148618757592988	-0.00884610454303902	0.00412879130497673
GSE29106_1	0.0297429204423053	0.0489663639524933	NA	NA
GSE29107_1	0.0184642025415474	0.0340620043915862	NA	NA
GSE29107_2	-0.0438642114248746	-0.0619307875557875	NA	NA
GSE29745_1	0.0537289017463909	0.077032535726967	NA	NA
GSE29745_2	-0.00727973869286306	-0.00445143305113658	NA	NA
GSE29745_3	0.0763620758215222	0.104406010891776	NA	NA
GSE35546_1	-0.00700578914965149	-0.0481876134165036	NA	NA
GSE35546_2	-0.0102152149953903	-0.053417434680865	NA	NA
GSE35546_3	-0.00839240139823812	-0.0509743934582767	NA	NA
GSE35546_4	-0.0190691281973885	-0.0550239851434942	NA	NA
GSE35546_5	-0.0146979310450103	-0.0502271737577789	NA	NA
GSE35546_6	-0.0165381324091914	-0.0574357189882229	NA	NA
GSE35955_1	0.00713911793737053	0.0181523776367626	0.0125961891417356	0.0067848165355941
GSE35956_1	-0.0102242698656549	-0.0210838822064343	-0.00370610734222431	-0.00205204356255692
GSE35957_1	-0.0188402740348829	-0.0502450170549417	-0.0215868137877878	-0.00301612470040125
GSE35958_1	-0.00873951443492089	-0.03044636923307	-0.0077221190779599	-0.000715997010905144
GSE39340_1	0.000638590147106985	0.00385870063834163	-0.00179283301136257	-0.00485699098827843
GSE39340_2	0.00364532256052711	0.0267685433612482	0.00165990368806027	0.00145314490766092
GSE39340_3	3.21417583762302e-05	-0.0255753625755273	-0.000323206205559147	-0.004890007852187
GSE39795_1	0.00120299305146349	-0.00739989926033014	NA	0.00752598534856599
GSE39795_2	-0.0076140154414081	-0.0335667655883894	-0.00406397955727531	0.0161247721369215
GSE39795_3	-0.00839496741240017	-0.037932833120161	-0.000666226433474216	0.0111245696501636
GSE41038_1	0.0132116796533859	0.0423889024327339	NA	0.000777426654171919
GSE41038_2	0.000967188811800216	0.00356479386778709	NA	0.00108710977293244
GSE41038_3	0.00020853211925392	-0.00308146926713913	NA	-0.0079954919719554
GSE41992_1	0.012175439926183	0.00964799919244362	NA	NA
GSE42235_1	-0.00905717322122457	-0.0637100748335144	-0.0234101184509014	-0.00320206676793244
GSE42235_2	-0.012572038371058	-0.0581958228886046	-0.0238798714234454	-0.00960807076651784
GSE42235_3	-0.0167918281902382	-0.0746072017983581	-0.0282738763664299	-0.0113297328913076
GSE42235_4	-0.0154101078688216	-0.0781789365130962	-0.0344811840550518	-0.0125820752747013
GSE45233_1	-0.0113739566979639	-0.0574400018587301	NA	0.0102932355982956
GSE45233_2	-0.0116851095086523	-0.0848450930618218	0.000269541778975741	-0.00732729996273816
GSE45233_3	-0.00273445901976622	0.00216562660262309	NA	0.00644471930384665
GSE45233_4	0.00560707854856036	0.0157010959681455	0.000290013333491594	0.0183412562386142
GSE46053_1	-0.00397064930124088	-0.00174934206097003	-0.00135450412119285	0.00381032602002356
GSE46053_2	-0.0058591249202676	-0.0105300572644843	-0.00412120688377387	0.0112645744832894
GSE46750_1	-0.009363465410987	-0.0797114964416806	-0.00924557281314092	-0.0172804400551258
GSE51588_1	0.00542730058404114	0.0383057510982906	-0.00154283260765128	0.00410159223213131
GSE51588_2	-0.0103323360722882	0.00143511718596454	-0.0183897739809217	-0.0116349518817097
GSE51588_3	0.0285458106056307	0.0792837519428223	0.0241212632419733	0.0101397554490149
GSE52817_1	-0.0102907388810552	-0.020550767651142	NA	NA
GSE52817_2	-0.00189938889811525	-0.0179960478568907	NA	NA
GSE52817_3	-0.0182248048813113	-0.0366104904903504	NA	NA
GSE52817_4	-0.00789851723595258	0.00230910402996268	NA	NA
GSE55235_1	-0.0128567874263088	-0.0528519820574889	-0.016327126997487	0.00381005261003737
GSE55235_2	-0.0108624651893603	-0.0214783096264129	-0.00933615115247751	0.00900925720166622
GSE55235_3	0.00425377664962675	0.0158457388325316	0.0114505711308316	-0.000423036773342138
GSE55457_1	-0.00768520223941482	-0.056779339459498	-0.0113061376844735	-0.0047136317254785
GSE55457_2	-0.00417521043219178	-0.034600551480374	-0.0032595755548115	0.00586562408153471
GSE55584_1	-0.00743926787339623	-0.0573072021234689	-0.0033256262171727	0.00455533252007564
GSE57218_1	-0.00184169952588673	-0.0424946447168237	-0.00751017683111524	0.00190954272053818
GSE60762_1	0.00232061711525761	0.0202246685058368	NA	0.00663259707668884
GSE62914_1	-0.0116109009435701	-0.0343023874395222	NA	0.000345738899757345
GSE62914_2	-0.0250664208661116	-0.0439965595274137	NA	-0.00419108207834803
GSE62914_3	0.00218183581041655	0.0045940826919196	0.000216502075578437	-0.00805210995779152
GSE62914_4	0.031714037258864	0.0524743570116298	0	0.012961298174119
GSE64394_1	0.00339212078355582	0.00615431665112199	NA	-0.00160540577672113
GSE66635_1	0.000563436732192797	0.0192784905126611	NA	0.00669996044303797
GSE68038_1	2.65982049313974e-05	-0.00607026003033621	0.00177961855733835	-0.00280848641750898
GSE68428_1	-0.0156656596414923	-0.054639205578713	-0.0194456167117681	0.00029319483846818
GSE68428_2	-0.0174781001727944	-0.0634682692437313	-0.0220395283482462	0.0014750068334857
GSE68428_3	-0.00835882580381525	-0.0399331839351557	-0.012259741097906	-0.00172223706621572
GSE69459_1	0.0196860265501815	0.0850745216608245	NA	NA
GSE69459_2	0.0150869640161016	0.0595327896736187	NA	NA
GSE69459_3	0.00374765414306255	0.0365629168517274	NA	NA
GSE69459_4	0.0290163472779655	0.0851281482949627	NA	NA
GSE69992_1	0.000141822823188621	0.00458168981732062	-0.00035905370565345	0.00327580460562826
GSE70719_1	0.00128005298144895	-0.0136463436286045	0.00263326133670397	-0.00119363334162086
GSE7116_1	0.0173010322336676	0.0743931866148227	0.0214979423222763	0.00424586353069875
GSE7116_2	0.00061653705514964	-6.23768707628708e-05	-9.89093594629883e-05	-0.00202424773897229
GSE7116_3	-0.0121452116285032	-0.0740710185504366	-0.0110880907513443	-0.00354869886938038
GSE72575_1	-0.00351164164695221	-0.0145295104642483	-0.00808907193087682	-0.00449820627867785
GSE72575_2	0.00340383854242703	0.0205685446611306	0.00640073176565975	0.00735626223972506
GSE72575_3	0.0015150016864829	0.0148939469973384	0.00318947038008634	0.00246646538173031
GSE72575_4	-0.00051400512219969	0.0129221432278352	-0.000526592943654555	0.0051211546290857
GSE75181_1	-0.0107284981979217	-0.0451495970338077	-0.0148397691174676	0.00310916207906385
GSE75181_2	-0.0109512859205555	-0.051699482976565	-0.0132851027409842	0.00390086615468721
GSE75181_3	-0.00973077360181677	-0.0473172760998489	-0.0125694996000378	0.0012338147173794
GSE75230_1	0.00175440191512726	0.025501837235771	0.00375934305880203	-0.000265843876515601
GSE7669_1	0.00125261041145063	0.0365342855761086	0.00279692708749004	-0.00178276424845305
GSE77916_1	0.000316539907634728	-0.0251935655667332	0.000398406374501992	-0.000968512496346098
GSE80614_1	-0.0036179341478533	-0.0455675828528397	-0.00519930808986681	-0.0047404688711907
GSE80614_2	-0.00378620574417312	-0.0456681265560024	-0.00718764697636253	-0.00797536539265012
GSE80614_3	-0.00144051335417061	-0.0267474451527474	-0.00231839258114374	-0.00882634947346777
GSE80614_4	0.00174276976592651	-0.00166085389222905	0.00154052312297838	0.00852177729316931
GSE80614_5	-0.00112836519341594	-0.00282051833166985	-0.00771493194615644	0.00442097916362541
GSE80614_6	0.00125561301861138	0.00668692290965691	-0.00441629226171565	0.00611127708102642
GSE80614_7	-0.000712181609366567	0.0173135604655695	-0.00499850623535034	-0.000119896404393459
GSE80614_8	0.00260277620741767	0.0265589819040706	0.000525390121087493	0.00695309188263674
GSE80614_9	-0.00312237518345901	-0.0372482215284066	-0.00444279992282906	-0.00829901622779932
GSE80614_10	-0.00444905968910909	-0.0547527814021159	-0.00798931303232336	-0.0117314246190215
GSE80614_11	-0.00145966029723991	-0.0309670008269542	NA	-0.00816785869144049
GSE80614_12	-0.00293208660025363	-0.0308155472508487	-0.00566478858146216	-0.00114911972923283
GSE80614_13	-0.00130504148684137	-0.0240472026167302	-0.0016424335086978	0.00484294453904809
GSE80614_14	-0.00240374377877751	-0.0213905002565169	-0.00930111318810686	-0.000114202638940271
GSE80614_15	-0.000289761056426184	-0.0276207625134519	-0.0090583861017064	0.000602772106151471
GSE80614_16	0.00140307207289269	-0.0207324777062366	-0.00793258975095545	0.00516143940603508
GSE85254_1	-0.0209269634620149	-0.0545753948283915	-0.0143535421471866	-0.00409721673496329
GSE86578_1	-0.00786168397032579	-0.056320602325088	-0.0197277684710219	-0.00305819225201012
GSE86578_2	-0.00714579764390769	-0.060817350546937	-0.0171996745574116	-0.00549421088085537
GSE86578_3	-0.00347502398229742	-0.0285621968471529	-0.00565287288305268	0.0033149118221859
GSE9329_1	0.00365199612758707	0.0180027093164169	NA	NA
GSE93698_1	0.00563070116758118	0.00955686134450022	0.00419350448536492	0.00206228592651783
GSE93698_2	0.00631470818325099	0.0015188034794344	0.00244713061088963	-0.00145120363046766
GSE93698_3	0.02028141798551	0.0301417446513367	0.012272127601405	-0.00300055484143313
GSE93698_4	0.0119875331012605	0.021998781319884	0.0111208698799839	0.000946834452079067
GSE93698_5	0.0252143694488776	0.0466056347089632	0.0172809325354012	-0.00657837403967435
GSE93698_6	-0.00530921147984071	-0.0226237561140259	-0.00072039701726775	-0.0155183393296816
GSE93698_7	0.00747112009050715	0.0332934919700073	0.0107727139060521	-0.00407184524071205
GSE93698_8	0.00475089069321174	0.028213266476027	0.0037497478789147	0.00457227404424791
GSE93698_9	0.0248135657925077	0.0754223003324773	0.0163912787299559	-0.000201303593915197
GSE93698_10	0.0154468551315678	0.0521348546672097	0.0160502148983852	-0.000784976231447913
GSE93698_11	0.00985410699731712	0.047114812485686	0.00483754037665243	0.0162783434803937
GSE93698_12	0.0332736253780065	0.0847575626939529	0.0233945188966037	0.00454887280166435
GSE93698_13	-0.00681963515186524	-0.0168344697799595	-0.00147253897983465	0.00573932008715192
GSE93698_14	0.0123351682427312	0.0540273684300108	0.0121094182145032	0.00271657717468661
GSE93698_15	0.0252789321346804	0.0531122734780488	0.0162657421794164	-0.010353306832394
GSE93720_1	-0.0180340208545953	-0.0492058627657719	NA	NA
GSE93720_2	-0.0105412269831102	-0.0427588552423421	NA	NA
GSE93720_3	-0.015019324402468	-0.0429324345656785	NA	NA
GSE93720_4	-0.00530079430235549	-0.0323759368820229	NA	NA
E-MTAB-5564_1	0.0261565745446295	0.0744059576728924	0.0153963200123113	-0.00292949964390192
GSE77753_1	-0.000285027454988219	-0.017538807087822	NA	-0.00571874510436562
GSE43861_1	0.0128312320817249	0.0329738688550888	NA	NA
GSE112809_1	0.000333253729958175	-0.00867264745552655	NA	NA
GSE111946_1	0.0353461883989997	0.0708604089747505	NA	NA
GSE111946_2	-0.00014601739249351	0.0121011034959091	NA	NA
E-MTAB-3201_1	0.00806261927059252	0.00514556232277892	-0.00210152794481236	-0.00763313168722849
E-MTAB-6700_1	-0.0397772422747128	-0.0817451208116394	-0.0380515371571426	0
GSE54749_1	-0.000115833123980398	-0.00585412945123624	NA	-0.00272404330003395
GSE57218_B_1	0.00216652788237606	0.0165176239953982	0.00622173195309893	0.00497510897156182
GSE57218_B_2	0.00475647955244417	0.0304598508695563	0.00718568303057716	-0.0015788826931184
GSE57740_1	0.000730885283501013	-0.0330666108794668	NA	NA
GSE52992_1	0.00196974939543722	0.0205593869761745	-7.48896098330121e-05	-0.00619383350968563
GSE17160_1	-0.0052229101734472	-0.0175424938262106	NA	NA
GSE17160_2	-0.00137954714775724	0.0132610705909632	NA	NA
GSE17160_3	-0.00399595707777674	0.00160088401390023	NA	NA
GSE17160_4	0.00151912261139618	0.00789642848209126	NA	NA
GSE17160_5	-0.00146303122877973	-0.0374454931187019	NA	NA
GSE17160_6	-0.00231337071364989	-0.0414455699899353	NA	NA
GSE17160_7	-0.000292095801331369	0.0141480206654328	NA	NA
GSE17160_8	-0.0136971409250977	-0.0516072697004702	NA	NA
GSE17160_9	0.0445752095653853	0.139488110314223	NA	NA
GSE17160_10	0.0399490530995267	0.130723733252084	NA	NA
GSE17160_11	0.0514633570932489	0.154688192944193	NA	NA
GSE17160_12	0.0338396708315004	0.113511392964516	NA	NA
GSE22971_1	0.00522946858949424	0.0453862075183291	NA	-0.00136088451175115
GSE22971_2	-0.00267033276293903	-0.0362956638089679	NA	0.00319521731411049
GSE22971_3	0.0180037722682591	0.0421946971331737	0.0145993619070695	-0.0104927568713452
GSE22971_4	0.00996109132856398	0.0161792738284433	0.00719942163486672	-0.00494689949860107
GSE13590_1	-0.000460618905249555	-0.018187668691251	-0.000487277784795629	-0.00607826748040511
GSE13590_2	5.13752406498488e-08	0.0232912612258551	0.000415206307991745	-0.00467751845206036
GSE99731_1	-0.00178639563968385	0.0273993841348207	NA	-0.0073594542765569
GSE99731_2	0.00131996388818315	0.108487729622737	NA	-0.00293265079311077
GSE99731_3	-0.011165863684433	-0.0299391073975103	-0.0076473861737462	0.00354054907412685
GSE27492_1	0.000314035532918893	0.00298918281925266	0.000706214689265537	0.00979093977453993
GSE27492_2	-0.00180779480068853	-0.0100586305838397	0.00115142970676712	0.00714067373591444
GSE27492_3	0.00290948921564082	0.00521560337010907	0.00681368665442759	0.00789887462631126
GSE27492_4	-0.000830872625286437	-0.00671177770000669	0.00236529166349898	0.00324144689207797
GSE27492_5	-0.00434534429032439	-0.0191304919680326	-0.00446271197328598	0.00627266507721826
GSE27492_6	0.00575065287004824	0.0568526385129451	0.0123096753602953	0.00117642180999608
GSE27492_7	0.00279074442082481	0.0238383051582394	0.00770510891657617	0.00247356561506852
GSE27492_8	0.0050575365089478	0.0352150267716667	0.0086065924345171	0.00918449815270936
E-GEOD-15069_1	-0.000511218133863355	0.0185379140338011	-0.000328996972782426	0.00538155480998739
E-GEOD-15069_2	-0.00384461504041464	-0.0601873250936381	-0.00557469733303386	0.0109883681844235
E-GEOD-15069_3	-0.0621645567155394	-0.126935845921955	-0.0691922154290499	0.00110633641992107
E-GEOD-15069_4	0.00472530032966517	0.0554234930161533	0.0069562979634431	-0.00680594636250897
E-GEOD-15118_1	0.00306987240084243	0.0105626758305896	NA	NA
E-GEOD-15118_2	-0.000149835181300569	0.0319588900983462	NA	NA
E-GEOD-15118_3	-0.00988490236967095	-0.0634834776297873	NA	NA
E-GEOD-15118_4	-0.00724107477713115	-0.0686424762372428	NA	NA
E-GEOD-16007_1	-0.0104568366691777	-0.0850619327348061	NA	NA
E-GEOD-17473_1	0.0101052234907192	0.0698215538011073	NA	0.00414683679795922
E-GEOD-18647_1	0.0160075631833657	0.0931119240085614	NA	-0.000246613030182788
E-GEOD-18647_2	0.00668973908917686	0.0449095620213751	NA	0.00055212963016029
E-GEOD-18647_3	-0.00738724287855548	-0.0403398060404643	NA	-0.0015806835125938
E-GEOD-18647_4	-0.0157097619842573	-0.0680120155924689	5.61496238388052e-05	0.00402003392261104
E-GEOD-18648_1	0.0034640969838959	0.00196514547344029	0.00430056490571537	-0.00490471084891277
E-GEOD-18648_2	0.0124326921099835	0.0659823371707679	0.0147267075012528	-0.00184534955909139
E-GEOD-2154_1	-0.0051688385894792	-0.0850281308547212	-0.00791242339526062	0.00490217017600384
E-GEOD-2154_2	-0.0154832056691497	-0.138957136062848	-0.0154341484384209	-0.00225408080654161
E-GEOD-2154_3	-0.00791052330284823	-0.0842272858997397	-0.00915815900389259	-0.00244660759691863
E-GEOD-2154_4	0.00167706604652874	0.00945964641096557	0.000683484968306045	-0.00625010547131174
E-GEOD-26475_1	-0.00510138263716753	-0.0391077868954467	-0.0076500016628922	-0.011543309956833
E-GEOD-26475_2	-0.000939959195478574	0.0180865910262983	-0.00176732282056691	-0.00320255474347762
E-GEOD-26475_3	-0.00635076200102516	-0.0402125465784497	-0.00769938621852778	-0.00289898941273495
E-GEOD-33567_1	-0.0435825438651126	-0.0708243335557008	NA	NA
E-GEOD-33567_2	0.026692381255326	0.0571627596809785	NA	NA
E-GEOD-37287_1	0.00449662025720897	0.0191763867579782	NA	NA
E-GEOD-37287_2	-0.0127241291695207	-0.03568588477352	NA	NA
E-GEOD-37287_3	-0.0341743064423907	-0.0535135705876146	NA	NA
E-GEOD-51994_1	-0.0526396409846558	-0.15490779499339	-0.0298390883454719	-0.00761372567354428
E-GEOD-51994_2	-0.066837034616846	-0.133133715382153	-0.0490360583546761	-0.0114278364652628
E-GEOD-51994_3	-0.015834703538477	-0.0469708701315164	-0.00585073868868967	-0.00289744773868376
E-GEOD-65077_1	-0.000546090165875066	-0.0191928093977837	NA	NA
E-MEXP-1244_1	-0.00418452148473021	-0.0332345205568445	NA	NA
E-MTAB-1123_1	-0.00514627591759485	-0.0270547649593314	-0.00420222879346243	0.0053882959146117
E-MTAB-1123_2	0.00270748825097452	0.00200744833024794	0.00312869268638082	0.00149183061653327
E-MTAB-1123_3	0.0029566363765936	0.0436319873365922	-0.000960529652457493	-0.00301223635611154
E-MTAB-1123_4	8.11332649084225e-05	0.00487995183484952	0	0.00231815971739654
E-MTAB-1391_1	-0.0345417083469167	-0.145498387652352	-0.0286650204595568	-0.00158115666673117
E-MTAB-1391_2	-0.0596102134939711	-0.111255388179067	-0.0521657948279742	-0.00240384758865192
E-MTAB-1391_3	-0.0348583857451318	-0.0646343409783373	-0.0366317711261703	-0.00944869014951855
E-MTAB-2450_1	0.00901843823381838	0.0623541338130296	0.00713191260145708	-0.00649334597248546
E-MTAB-2450_2	-0.000637841336585674	0.00187655501654306	-0.00134663242813574	-0.0024378314014647
E-MTAB-2450_3	-8.77887466202189e-05	-0.0299529675906215	0.000629525800083793	0.00709569492852695
E-MTAB-2450_4	0.012155995591149	0.028134242475496	0.013363126720822	0.00312314082351839
E-MTAB-5023_1	-0.000285708337398858	-0.0109625026777281	NA	0.00941980698228791
E-MTAB-5326_1	-0.00951776014222361	-0.0511125787106886	NA	NA
E-MTAB-5326_2	-0.0437483149606286	-0.106472758897909	NA	NA
E-MTAB-5326_3	-0.0527519073961953	-0.110898052645108	NA	NA
GSE102588_1	0.00539080897292886	0.0234509697021406	-0.00196624775675932	-0.0050268146482484
GSE104793_1	-0.0658139358141903	-0.157657664723155	-0.0782958932145797	-0.00557249554508581
GSE104794_1	-0.0260625775942353	-0.133113330677524	-0.033686784620357	0.000924188801808386
GSE104795_1	-0.0153240902470076	-0.116005719353353	-0.021731739120721	0.00859877149027134
GSE105139_1	-0.000133049325238246	-0.123859819773585	NA	-0.00185905545645662
GSE105139_2	-0.00619010608325478	-0.106911860992226	NA	-0.000185028191568097
GSE105139_3	-0.00340044631476181	-0.0428599706931655	-0.000545851528384279	-0.000178549109932687
GSE10555_1	0.038752145390799	0.0937958186957359	NA	NA
GSE10556_1	0.0067451039338804	0.0977253534456965	0.011041293514458	0.0016546262813691
GSE106631_1	-0.0312566873696505	-0.122436824756548	-0.0401546746470016	-0.00383500755877386
GSE13104_1	-0.075308894157435	-0.147012390201583	NA	NA
GSE13104_2	-0.0939067539156753	-0.194472543714763	NA	NA
GSE13104_3	-0.0906395055680456	-0.170488717441405	NA	NA
GSE16749_1	-0.0737660133856836	-0.121931197800714	NA	NA
GSE16749_2	0.00944106175307687	0.0569985735833136	NA	NA
GSE16749_3	-0.0158618951087845	-0.0647998868170925	NA	NA
GSE17348_1	0.0222189665930605	0.100131383334969	NA	NA
GSE17563_1	0.053333645219668	0.120085204370944	NA	NA
GSE17563_2	-0.0430715758658384	-0.103684232801009	NA	NA
GSE17569_1	-0.0929514385397777	-0.195546561906896	NA	NA
GSE17569_2	-0.0748311119325266	-0.127544358200821	NA	NA
GSE17570_1	-0.0713161668896405	-0.138496583752651	NA	NA
GSE17570_2	-0.105507410756634	-0.316615081745383	NA	NA
GSE18991_1	0.00013294336612603	0.0190821581865781	NA	0.00261807570939941
GSE18992_1	0	0.0175514940827147	NA	0.00221245606881573
GSE19299_1	-0.0277116514145152	-0.0556148996571316	-0.0350767736422962	-0.00905090751770252
GSE20850_1	0.00458220793370889	0.00461279894330424	NA	NA
GSE21093_1	-0.0550518293817634	-0.135552668446598	NA	NA
GSE21523_1	-0.0150428872470543	-0.0224988737326038	NA	NA
GSE21639_1	-0.00130742492463161	-0.0386796683958025	NA	NA
GSE21639_2	0.0079269200267658	0.0463703925136717	NA	NA
GSE21639_3	-0.000528188672950821	-0.00422935496132949	NA	NA
GSE21639_4	0.0105076795017261	0.0334014117736223	NA	NA
GSE21710_1	-0.0302628804523722	-0.0476440670943372	NA	NA
GSE21710_2	-0.0274303196851279	-0.0435290171710903	NA	NA
GSE21710_3	-0.0224815302965381	-0.0425095775144176	NA	NA
GSE22925_1	-0.00758556452470357	-0.0504446175295086	-0.00511103414620348	0.00337848123701679
GSE22925_2	-0.018922985905488	-0.0943861289742776	-0.0134737483214955	-0.00561601568543436
GSE26499_1	-0.0126466842839248	-0.0119091446020452	NA	NA
GSE30160_1	-0.0361841223570746	-0.113873481591717	-0.0397293085049536	-0.00627585591348753
GSE30628_1	0.0531911096662515	0.135333157397635	0.0671619454961979	0.0277934422485546
GSE30628_2	0.0172953002649868	0.0711779952285248	0.0269720206063857	-0.00643941566152226
GSE32163_1	-0.00647934970100858	-0.0294671441040211	NA	-0.000546364727788643
GSE33656_1	0.00708549478478589	0.0384170616509298	NA	NA
GSE33754_1	-0.0019014586941355	-0.0477429057501511	-0.00192202813736938	0.00274128462329832
GSE33754_2	-0.00234342308691657	-0.0563130664042411	-0.00333888217951952	-0.00123446750160714
GSE33754_3	2.01353033520051e-05	-0.0348819276536607	-0.00143382065464387	0.00151376504993468
GSE34570_1	-0.00672826268724868	-0.0142055946595422	NA	NA
GSE35003_1	0.00156112706751294	-0.0172541897080168	NA	NA
GSE35466_1	-0.00720046472341168	-0.0154582554859345	NA	NA
GSE35466_2	-0.00366383790151996	-0.000764406310019959	NA	NA
GSE35466_3	-0.00297395567389423	-0.0199061511499672	NA	NA
GSE35466_4	0.00461214195985046	0.00410802838604724	NA	NA
GSE35466_5	-0.00707787406866188	-0.0479452876054118	NA	NA
GSE36925_1	-0.00129496482578808	-0.0160859353851637	NA	NA
GSE36925_2	-0.00632373093974234	-0.0227700857825927	NA	NA
GSE36925_3	-0.00702254427088327	-0.0181119901051534	NA	NA
GSE37219_1	0.0339396462364505	0.092139175433517	NA	NA
GSE37676_1	-0.00260820676699706	-0.0250919870608475	-0.00079350410376689	-0.00923982525113061
GSE41342_1	0.00698341527896687	0.069688779408922	0.00705306683025022	-0.000938341390602697
GSE41342_2	0.00316194633911695	0.0131462104141381	NA	0.0108624065885095
GSE41342_3	-0.000214294888082051	0.00709586579028342	NA	0.00689925347495744
GSE41342_4	0.00454920266525903	0.0293657278379901	0.00231045938295352	-0.00436485959455046
GSE41997_1	0.00661276486247501	0.0852364720759949	0.0031244891989739	-0.0025989174087655
GSE43242_1	0.0018294493961317	-0.0235076421332046	-0.00311394244398741	-0.00542474793279527
GSE43242_2	0.00455501359598241	0.0556158146993709	-0.000225771839880048	-0.00386967901914865
GSE43663_1	-0.000663669168532227	0.0111324391433438	0.00144092219020173	0.0239013868025029
GSE43854_1	-0.0549799864973546	-0.103447442812769	NA	NA
GSE45656_1	0.0188706048298639	0.0433284902796544	NA	NA
GSE45656_2	-0.076545237679546	-0.139543322922517	NA	NA
GSE45656_3	-0.0573700233126105	-0.099818309885107	NA	NA
GSE45793_1	-0.0276464817994294	-0.0868915393270187	-0.0163853558978971	-0.00753034173956953
GSE45793_2	-0.0334082195657436	-0.101552881668943	-0.0378087470769744	-0.0127714371474148
GSE45793_3	-0.0440456254305771	-0.0885205032474373	-0.0617404698329616	-0.00460340235385167
GSE45793_4	-0.0580949449224418	-0.130366795880022	-0.0644524960903483	-0.0102291793875736
GSE45793_5	-0.0183222633691857	-0.0581862843863952	-0.0271419832657371	-0.00813285913054543
GSE46390_1	0.00476093659715375	0.0493445556471255	NA	NA
GSE48438_1	0.00596614546756749	0.0143972383413656	NA	0.00353037408922978
GSE50549_1	-0.014666380749251	-0.0748353491460187	-0.0226891635091778	-0.0115925203610886
GSE50549_2	-0.0179865680979493	-0.0423484123488095	-0.0209979594885545	-0.0103302382666245
GSE51098_1	-0.0941007802009895	-0.266195319274349	-0.0675561162184639	-0.0109686742893996
GSE53857_1	0.000892691782414244	-0.0539882213200029	0.00270013152676561	0.0137796881408417
GSE53857_2	0.0013606557753424	-0.0458546361464107	0.00469699083926736	0.0123897638023662
GSE53857_3	-0.00062944564827193	-0.00159296047395502	0.000894344292451252	0.00040165290027612
GSE53982_1	0.0037284016090263	0.026886652344891	0.00647571938710355	0.00765430384146658
GSE53982_2	-0.000757279767980763	-0.0420734502050029	-0.00215492399258765	0.00662731470679356
GSE54779_1	0.0144936714636514	0.00562324776578837	0.0138178654149339	-0.00479139979227592
GSE55900_1	0.000133049325238246	0.00220700955907343	0.000586854460093897	0.0033943969849197
GSE57104_1	0.0103627424243486	0.0554651621497176	NA	0.000114602525307416
GSE59387_1	-0.000352151185850075	-0.0354201489428618	NA	NA
GSE60401_1	0.0121061465454255	0.0332091045195849	NA	NA
GSE60401_2	-0.00174121308715285	0.00478283436803808	NA	NA
GSE60651_1	0.0121727345255818	0.0485290921208574	NA	NA
GSE60737_1	-0.045398644617775	-0.114383405489787	NA	NA
GSE60761_1	-0.000460331996097942	-0.0116669314507791	-0.000835654596100279	-0.00482583406758535
GSE60761_2	0.000265745415891576	0.00255339741746702	NA	-0.00390136359011679
GSE60761_3	0.000181255163837476	-0.0699907936019472	0.000773841512469988	-0.00249743959372029
GSE60761_4	-0.00270851565160783	-0.0738703280824619	0.00114270658114477	0.00268553499893099
GSE63017_1	0	-0.000912611366450542	NA	-0.00619959677419355
GSE63017_2	-0.000149582229188225	0.0160818629232922	NA	-0.00674977538185085
GSE63017_3	0.00196767604930632	0.00974973208168287	-0.000474644687971645	-0.00681310067930918
GSE63017_4	0.000313690800555426	0.0193890636479984	NA	0.00269653768619906
GSE63939_1	-0.0314341201368219	-0.0698371169218591	-0.0360146854427033	-0.0137989711708037
GSE63939_2	-0.0386760269750054	-0.0739435404251853	-0.0319554492584538	-0.00447796060543737
GSE64141_1	-0.0272513825090527	-0.0487318451221671	NA	NA
GSE64965_1	-0.0139927630051066	-0.034367122718575	-0.00947021735271997	-0.00172990846105629
GSE65745_1	0.00013290802764487	-0.0188006258207979	NA	0.0075367908079784
GSE65745_2	0.000796812749003984	0.00805045499958475	0.00147492625368732	0.00240062482015867
GSE65745_3	0.000796812749003984	0.00991274695496831	0.00127551020408163	0.000379036759784658
GSE66416_1	0.00281624626607166	0.00162633130091844	NA	NA
GSE66862_1	-0.019507020092872	-0.126743406177146	-0.0256954080277605	-0.00489088827173152
GSE69108_1	-0.0179785946229989	-0.0376238023281099	-0.0262144307520781	0.00275178440246006
GSE71565_1	-0.030597397730376	-0.0863673999835709	NA	NA
GSE72261_1	-0.000469501876224038	-0.00620439860037069	-0.0057094769199719	-0.00418506329793111
GSE72261_2	0.0452606035953628	0.155437026984415	0.100784919380815	0.0216988808119557
GSE72261_3	0.0397874973985708	0.141603599487129	0.0813503417193352	0.02747342283669
GSE7683_1	-0.00228607627895009	0.00267959773889941	-0.00103600641083411	-0.000138244845928937
GSE7683_2	0.00102932415442173	0.0309716262060062	0.000449817904173845	-0.00671874345074761
GSE78980_1	-0.00568976169390371	-0.0110626536057325	NA	NA
GSE78980_2	0.000780047750438537	0.0398401605948317	NA	NA
GSE78980_3	0.00273849494692932	0.0207195895789262	NA	NA
GSE78980_4	-0.00176560672999468	-0.0198723247907845	NA	NA
GSE78980_5	0.000332728598039336	-0.00507003597452859	NA	NA
GSE78980_6	0.000350423299953046	0.0216701669630242	NA	NA
GSE78980_7	0.0119621183901213	0.0489672870964273	NA	NA
GSE78980_8	0.0143751042984576	0.0730259996406089	NA	NA
GSE78980_9	0.00659084510669578	0.040888025497174	NA	NA
GSE78980_10	0.0145529699058674	0.0653885138208122	NA	NA
GSE81399_1	-3.31274975007958e-05	0.0243985975579744	NA	0.00137986151642171
GSE84609_1	0.0151848291180561	0.0709816048365789	0.0170818271369319	-0.010074682317586
GSE84907_1	-0.0296403482566822	-0.0962452458967566	-0.0407347078884752	0.000294733803945698
GSE84907_2	-0.0178867368547795	-0.0658246333219748	-0.0212265525675215	0.000162126590481815
GSE84907_3	0.00657339388720402	0.03934373322496	0.011669365840363	0.0111692283609437
GSE90127_1	-0.0249976116659885	-0.0349544748753135	NA	NA
GSE90127_2	0.0107890808950622	0.0329398393601519	NA	NA
GSE90127_3	-0.0297965104347814	-0.0490858445950143	NA	NA
GSE9247_1	-0.00583887038871734	-0.0632478392967464	-0.00881868789449929	-0.00898572420713758
GSE9247_2	-0.053968070049601	-0.105712113459942	-0.0614058026012767	-0.0154893510953168
GSE9247_3	-0.00339902981435117	-0.0743105040348836	-0.00323552637492949	-0.00271232943621097
GSE99306_1	0.00611372367496454	0.00461116758351429	-0.00119051770000975	-0.00705758776609456
GSE99306_2	-0.0451308711977116	-0.108466829201741	-0.0451338736572595	0.000485401894210999
GSE99306_3	0.0372983124708536	0.167325871200672	0.0428908630832798	-0.00320641344085618
GSE99306_4	-0.035469491014424	-0.0807156596013014	-0.0396607726788597	0.00461000992103284
GSE99306_5	-0.0233701980824713	-0.0725589012416343	-0.0316047123983462	0.014151317224439
GSE99306_6	-0.0307470428860258	-0.0727587430136754	-0.0310416569583285	0.0139240707400201
GSE99306_7	0.00407459002734767	0.0269519290398433	-0.000785270321487695	-0.0070971669677219
GSE99306_8	-0.0551505163237886	-0.124979761197894	-0.0557068285945587	-0.0187138816580441
GSE99306_9	-0.077071383705268	-0.174229791663157	-0.0806624942981956	-0.0118398564515559
GSE99306_10	0.0206509543761674	0.170610962614601	0.0175135990995248	0.00137530771194364
GSE99306_11	-0.0172470803664472	-0.0442303071131494	-0.0177150725121947	0.0065741374556725
GSE99306_12	-0.0353682217158966	-0.0747114998051868	-0.0363679923540442	-0.00161885271520163
GSE99306_13	0.0134095446880171	0.0509574138264768	0.0168597315460101	0.00907289141280004
GSE99414_1	4.75305101507611e-05	-0.0422022470188694	-0.000960662010987395	0.0093268333494077
GSE110581_1	-0.00100075200307757	-0.0147086479034565	-0.00172909239759945	0.00641776230026841
GSE110581_2	-0.000630237862822782	-0.0210079151635572	-0.000259605399792316	-0.00375162570447194
GSE47799_1	-0.00602845032949762	-0.126887936668711	-0.0283942444362359	-0.0188684268371614
GSE47799_2	-0.0025809516629714	-0.0302062959830524	-0.0082362894873639	-0.00842597790433528
GSE47799_3	-0.00575388970245093	-0.0597175544716627	-0.0154405305187109	-0.00504559073432228
GSE111628_1	-0.00165967714844417	0.0230256740811335	NA	NA
GSE111628_2	0.0012934116355171	0.0941409589525714	NA	NA
GSE111628_3	0.0047580423082282	0.081699015468388	NA	NA
GSE5657_1	0.000606227476681039	-0.0416461554661745	-0.000776542801522978	-0.012800673143147
GSE5657_2	0.0007271275478464	-0.0453114151526296	8.70147800035401e-05	-0.0108218150698816
GSE13782_1	-0.0403896355660089	-0.190562942579365	-0.02697683491372	0.00193739842725671
GSE41039_1	-0.00129088152165755	-0.0453476592132498	-0.00390015600624025	-0.00750250029322581
GSE84198_1	-0.000305184503742517	0.0139384135150486	-0.000682351187808297	-0.00352454272562181
GSE84198_2	0.00441079767234543	0.0834786731764787	0.00761294806982617	0.0165304884622299
GSE84198_3	0.233051755315764	0.515374571704683	0.301613282319518	0.12648828439045
GSE114469_1	-0.00203507454435987	0.0244115664382306	NA	NA
GSE108036_1	0.000412322576074422	-0.00733454234311309	-8.11054675223293e-05	-9.46941135072637e-05
GSE60451_1	-0.0110755681685601	-0.0731977336689065	-0.012837211289302	0.00628075623977379
GSE47902_1	0.00034828540197275	0.0116811666297313	NA	NA
GSE44325_1	0.0211492142727806	0.0613078792355994	NA	NA
GSE4481_1	0.00146055176727977	0.0785130400087265	NA	0.0111901507843108
GSE4481_2	0.00131023927935351	-0.0109043020290066	-0.00258369328945381	-0.0101314895852627
GSE4481_3	-0.000316748458373364	0.0410800991271785	NA	0.000325803576924395
GSE102292_1	0.00542322111201691	0.0139416709061319	NA	NA
GSE102292_2	-0.00638571656602457	-0.0467561458313792	NA	NA
GSE102292_3	-0.0323582438968834	-0.0839313430934636	NA	NA
GSE102292_4	-0.0122609166840938	-0.00571084264397383	NA	NA
GSE41898_1	0.0154472585925453	0.0706074989949285	0.00494464532891931	0.0164545036419465
GSE87605_1	-0.0591755874539835	-0.272856693395587	-0.078168657994946	-0.0210660751020971
GSE87605_2	-0.0121990018386117	-0.0495373045563072	-0.0076237590815061	-0.00358318258522947
GSE87605_3	-0.0712281670611275	-0.209760202660209	-0.0770851207944079	-0.0139622305975536
E-GEOD-54216_1	-0.0855909438894557	-0.237136779969802	-0.107608352365079	0.0077450294177116
E-GEOD-54216_2	-0.082807142238659	-0.206461258249016	-0.102250277410639	-0.00567062368717731
E-GEOD-54216_3	-0.00326311788577392	-0.00956615025368387	-0.00910764243412351	0.00312512348880866
E-GEOD-6119_1	-0.0291572468139066	-0.0732332664977609	-0.0361078433451348	-0.00595779576337037
E-GEOD-6119_2	-0.0292765789724507	-0.0770793312240557	-0.0339883416403362	-0.00735119040373058
E-GEOD-6119_3	-0.0322243008695926	-0.076948110162594	-0.0336181835327034	-0.00432659661286582
E-GEOD-8077_1	0.00214031219706561	0.0651037448181186	0.00453592479312878	0.00637097108668492
E-GEOD-8077_2	-0.000944315556798233	0.0165925991143612	0.00202813226190175	-0.000834298804960221
E-GEOD-8077_3	-0.00434800821596783	-0.0453702060153579	-0.00344298480665259	0.0067795716191379
GSE103416_1	-0.00986091743606014	-0.0343852708963612	-0.0124427831684889	0.00427794834368761
GSE103416_2	-0.00481771740395084	0.0107100746277568	-0.00668702498174667	0.00737520236716271
GSE103416_3	0.000173883214440229	0.00845325326075985	-0.00253124341053261	0.00236866871924668
GSE19950_1	0.0116903371205958	0.0781418710722328	0.0167381667100494	0.0167830290010741
GSE30322_1	0.000134143815885647	-0.0220691810535485	0.000379631767689223	-0.00664065786776246
GSE30322_2	0.00722590510534179	-0.000637801914212303	0.00375559408194117	-0.000675135865719378
GSE30322_3	0.00997220811213789	0.0133725936761519	0.00700244093700345	0.00335700250109072
GSE42295_1	-0.000646940793254777	0.00642551036563433	NA	0.00733646908715015
GSE42295_2	0.00550328101806342	0.0235532538240329	0.00245820267587948	0.003813465657543
GSE42295_3	0.00145449748497431	0.0227765790550052	0.00250215274731603	-0.00507341333951276
GSE66554_1	0.0458872138111629	0.0954716468485711	0.032177927797514	-0.000541578481982057
GSE66554_2	0.0178632281396023	0.0213602039883574	0.0143836110235083	-0.00857349634748149
GSE66554_3	0.00960006427984219	0.0421164586511571	0.000279173646007817	0.00452815288233013
GSE66554_4	0.0313782609570579	0.0765264589927938	0.0289320224021391	0.00288563445418634
GSE74898_1	0.0389378456001549	0.134921297251525	0.041859011378853	0.00544503102713717
GSE74898_2	0.0413032654567656	0.127899169771299	0.0423166398794601	0.00168516873155208
GSE74898_3	0.0219040989997029	0.0739379364064955	0.0170439319704771	-0.000402869634806929
GSE79176_1	-0.000133254705995471	-0.0150186791687664	NA	NA
GSE79176_2	-0.000364257390067883	-0.0224395216569482	NA	NA
GSE79176_3	0.0013310142251451	-0.0105485808241551	NA	NA
GSE85785_1	-0.0197827216127169	-0.0871454101212448	-0.0128991702505342	0.00685345609723255
GSE16981_1	-0.132616846070793	-0.293083832842409	-0.171344118549101	-0.0505716000647159
GSE16981_2	-0.00861594076080066	-0.0173110102367364	-0.0117478004084529	0.0105183285435386
GSE16981_3	-0.121150913651032	-0.261194227833283	-0.146005910020063	-0.0547722894825776
GSE16981_4	-0.121150913651032	-0.261194227833283	-0.146005910020063	-0.0547722894825776
GSE16981_5	-0.002054018226974	0.00188402013416631	-0.00182816395222645	-0.00336492191012247
GSE16981_6	0.000726309751603964	0.0239791363366183	0.000974893710326993	-0.00232264096567228
GSE16981_7	-0.000116421428186067	-0.0368395192269189	-0.000705734174332011	-0.00871276542368653
GSE29859_1	-0.0028938610730149	-0.0664748499334475	-0.0052255688871146	-0.00548775278644912
GSE29859_2	0.00134505582101489	-0.0407348109628012	0.00640779882265574	0.0028036946499017
GSE23492_1	-0.0128447096984092	-0.0450691427962895	NA	NA
GSE23492_2	0.00728849782136076	0.00677118012269304	NA	NA
GSE23492_3	-0.00388434990973271	0.00262707677724255	NA	NA
GSE23492_4	0.0135336560785168	0.0452766031219028	NA	NA
GSE23492_5	-0.00134897535256466	-0.0111997314048894	NA	NA
GSE44991_1	-0.00330348387299529	-0.041794355207781	-0.00627530812212416	-0.0253114516529356
GSE44991_2	-0.000861854530347676	-0.0409318978852632	NA	-0.00478075614042927
GSE39796_1	0.0113709161978677	0.0527790174878019	NA	NA
GSE39796_2	0.0348710083249394	0.124877455689614	NA	NA
GSE39796_3	-0.0228100053314231	-0.0706532989704073	NA	NA
GSE18394_1	0.0574144046627596	0.0991089924052377	0.0784126529626642	0.0032956493919761
GSE18394_2	0.0125086555221393	0.0429746382869696	0.0148945307905555	0.0118175322568714
GSE18394_3	0.0382535955427469	0.075446579772054	0.0510460617034435	-0.00403674858547736
GSE29233_1	-0.00239322046843234	-0.0175677810047673	NA	NA
E-MEXP-2291_1	-0.0144938724284349	-0.0378137015232957	NA	NA
E-MEXP-2291_2	-0.0215015472324767	-0.0629269959084027	NA	NA
E-MEXP-2291_3	0.00238232038052745	0.0217741583938318	NA	NA
GSE18738_1	-0.014454472013979	-0.101572937063274	-0.031178580252608	-0.0089135755188872
GSE107363_1	0.00646226207872336	0.0411997770937579	NA	NA
GSE85761_1	0.0107924651714093	0.012079878400722	NA	NA
GSE89179_1	-0.0147205384744187	-0.0254154752492476	NA	NA
GSE89179_2	0.00597002635367513	0.0341386604544398	NA	NA
GSE89179_3	0.000582768242156785	-0.00403128713676104	NA	NA
GSE89179_4	0.00262332264330326	-0.00415378631251449	NA	NA
GSE89179_5	-0.015856316684704	-0.0146575341276085	NA	NA
GSE89179_6	-0.00860616512381002	-0.011394843809426	NA	NA
GSE89179_7	-0.00160478757252765	0.00870951351588436	NA	NA
E-GEOD-57723_1	-0.0104533111856059	-0.021422376869104	NA	NA
E-GEOD-57723_2	-0.00983214156080255	-0.0699079209552569	NA	NA
E-GEOD-57723_3	-0.0272310729594658	-0.0494862354278272	NA	NA
E-GEOD-83930_1	-0.0030582187720829	-0.0364619138449102	NA	NA
GSE100268_1	-0.0158682842435308	-0.0509862129373379	NA	NA
E-GEOD-55769_1	-0.00461078931760428	-0.0289221495834833	-0.00530353004251841	0.00379183144983452
E-GEOD-55769_2	-0.00144319201009379	-0.0509317476148524	-0.00297225891677675	-0.0045528504369397
E-GEOD-55769_3	-0.00437409637844981	-0.0463439599164785	-0.00479908658735107	0.00553618545591734
E-GEOD-69110_1	-0.0047780284254003	-0.0238500248444174	-0.00684173530417458	0.00646269404036937
E-MTAB-4304_1	-0.0161461656164846	-0.10119041284872	-0.0249249046438122	-0.0145235385402372
E-MTAB-4879_1	-0.00157431850633707	-0.0147277558458981	-0.00457215535885681	-0.00483981529857761
E-MTAB-4879_2	0.000967564108933033	-0.00766684777287353	0.00261912446207209	-0.00984614765064352
E-MTAB-4879_3	-0.0118048276394906	-0.0223507503320781	2.76680932420159e-07	-0.0149218010069346
E-MTAB-4879_4	-0.00734499377492293	-0.0139091862386543	0.000125709434081845	0.0062096642842295
Cytokine_Explant_1	-0.0225021355073097	-0.0694514218648397	-0.00970900722565539	0.00116458708243984
Cytokine_Explant_2	-0.0223188513498495	-0.0663010160644318	-0.0290266844693732	-0.0103883327815521
Cytokine_Explant_3	-0.0376362892235202	-0.0878678367298656	-0.0339162331673654	-0.00863629556988692
Cytokine_Explant_4	0.00264588313547263	0.0240044757834229	-0.00251026331985306	-0.000647881585415016
Cytokine_Explant_5	-0.0560087368627847	-0.107994075680897	-0.0524812405196047	-0.00157356850666383
FN1_Explant_1	-0.00751632483813742	-0.0850452091604645	-0.00600711232315042	-0.00946581645098322
E-MTAB-6266_1	0.0358308171063936	0.0842102640837204	0.0394662850564418	-0.00254082189975576
E-MTAB-6266_B_1	0.0664401708718868	0.159126624772973	0.057269690223694	-0.00728517828650016
E-MTAB-6266_B_2	-0.00106643708554956	-0.00183130610501168	0.0119810480367287	-0.00211996084305687
E-MTAB-6266_B_3	-0.0530073304191413	-0.188052041740029	-0.0455917172687567	0.00442020544638115
GSE74220_1	-0.0345937875301006	-0.0819428161066737	-0.0380920297700706	-0.00805046645112116
GSE114007_1	0.00203107819572884	0.0076229446995331	0.00632708799079394	0.00372475128175849
GSE109503_1	0.00927246397690291	0.0392239717120272	0.00528083025111804	0.00114457564092049
GSE109503_2	-0.00999206675863733	-0.025674440253647	-0.0135370619239889	-0.001076625773392
GSE109503_3	0.019630166406877	0.0743728017881685	0.0126246627085389	-0.0110929439773801
GSE109503_4	0.0193112436003491	0.0479618394567701	0.0281743670544357	-0.0022699356127325
GSE109503_5	0.027965881510935	0.0576251902212567	0.0361031466126473	-0.0114444273961723
GSE109503_6	0.00513867886593071	0.0130421107535288	0.0242085511691937	-0.00337669505989289
GSE109108_1	-0.00368014794948487	-0.020488187204949	-0.0027986742494399	0.00737521389303528
GSE109108_2	-0.0207952023008911	-0.0563910899625474	-0.0194280016934552	-0.0107537811503553
GSE109108_3	0.000561991991126747	-0.0108392879255798	NA	0.0123194931462723
GSE109108_4	0.00150515129261922	-0.00216382255575658	-0.000255885363357216	-0.00509143753592194
GSE70667_1	0.000548179812044476	-0.00283605978011839	-0.0003725782414307	0.006809212184868
GSE87608_1	0.000240727832955803	0.0302800406465132	NA	0.00366236753611338
GSE87608_2	-0.0124157716921225	0.0158829590359908	0.000173595424169887	0.00801611550948915
GSE87608_3	0.0149998057127421	0.0845637355773042	0.0104349311876471	0.0111637364268286
GSE87608_4	0.0119727046418015	0.0858305919660266	0.00678349428741849	0.0101447611603756
GSE90890_1	0.0260850870300797	0.117451338706338	0.00143386883430034	0.0203062143740565
GSE97118_1	-0.0589613664833536	-0.154453404580632	NA	NA
GSE97118_2	-0.0379994606049371	-0.224837665503217	NA	NA
GSE97118_3	-0.0682795264755367	-0.174215901972722	NA	NA
GSE97118_4	-0.0506809829827334	-0.187280994858538	NA	NA
GSE97118_5	-0.0131882762715745	-0.0920039184771008	NA	NA
GSE97118_6	-0.0215711911957419	-0.0890677003892775	NA	NA
GSE97118_7	-0.00489180506802464	-0.083111262982671	NA	NA
GSE107592_1	-0.0142432046811583	-0.0438783920533413	-0.0102869324661079	-0.00228051787388128
GSE92641_1	-0.0367682965529783	-0.133548678017198	-0.0376000698163948	-0.00646333074694391
GSE107849_1	0.0237487587190597	0.0720542758778455	0.038299059517516	-0.0100169448437456
E-ERAD-89_1	-0.00110804758693324	-0.0039362277501454	NA	NA
E-ERAD-89_2	0.000546138671897944	0.00339918588108802	NA	NA
E-ERAD-89_3	-0.000188170061080782	-0.0125484872067986	NA	NA
E-ERAD-89_4	0.00089776073824948	0.0418956037760252	NA	NA
E-GEOD-45893_1	0	0.0160191736656928	NA	NA
E-GEOD-53105_1	-0.00403954079974957	-0.0393140727186064	0.000665607553186529	-0.00593162257970128
E-GEOD-53105_2	-0.0174641335466458	-0.0552349633973486	-0.0122961887668921	-0.0319516297708511
E-GEOD-54461_1	0.0261326895104696	0.0634852052756032	0.0101788294588104	-0.00327018267494275
E-GEOD-54461_2	0.0294023655122159	0.0913798830739539	0.0194873745153127	0.0047333335004724
E-GEOD-54461_3	0.0370077146752572	0.097034481756024	0.030362823986227	0.0101908911207459
E-GEOD-54461_4	0.0452103039631261	0.10165176811473	0.0377652506141961	0.00471725347088919
E-GEOD-54461_5	0.041346448544741	0.0797339390268505	0.0339830084282635	0.00601149671418623
E-GEOD-54461_6	0.027149182905422	0.0533161747689658	0.019850214936906	0.00488197027908089
E-GEOD-54461_7	0.0206572583870998	0.0367866501176525	0.0161285182386392	0.00250069886987912
E-GEOD-54461_8	0.0159697126900833	0.0312018572676216	0.0119989338192867	-0.00301860156146065
E-GEOD-73372_1	0.0352479989610096	0.0912583216756357	NA	NA
E-GEOD-73372_2	0.00909415616771135	0.0592407578656531	NA	NA
E-GEOD-73372_3	-0.0230072677711877	-0.0579868448446047	NA	NA
E-GEOD-75549_1	-0.00844725571599867	-0.138933579639565	NA	NA
E-GEOD-76988_1	-0.0201483536609343	-0.140949532613396	NA	NA
E-MTAB-2923_1	0.0651584498734019	0.126093716117248	NA	NA
E-MTAB-2923_2	-0.0134747264159805	-0.0444332763525756	NA	NA
E-MTAB-2923_3	0.0774739137284596	0.111707921218858	NA	NA
E-MTAB-2923_4	-0.0149887859378072	-0.0321544139941026	NA	NA
E-MTAB-3428_1	-0.105782947107833	-0.211565573309775	NA	NA
E-MTAB-3428_2	-0.00432559217581809	-0.0642643116796653	NA	NA
E-MTAB-3428_3	-5.0883605255677e-05	-0.0045448237605132	NA	NA
E-MTAB-3428_4	-0.100182555297619	-0.194968052115615	NA	NA
GSE102856_1	-0.00352567846232475	-0.111596000211083	NA	NA
GSE103492_1	0.00057564633517642	-0.00918571559123416	-0.0104337856720846	-0.00269422174789828
GSE103492_2	-0.00579179893512295	-0.0459614703745167	-0.00323470627564125	0.00232819291799471
GSE103492_3	-0.0119152879329069	-0.0398952591714787	-0.0186263895802672	-0.00438473229478488
GSE103492_4	-0.00795716107180114	-0.00747603258290739	-0.00975705956947482	-0.00159700808911025
GSE103492_5	-0.00299711188901629	-0.0178868191390542	-0.00134884354917732	0.00494657505352608
GSE103492_6	-0.00396694139277655	-0.0285289341037666	0.000489460706386783	-0.003291494772225
GSE103492_7	-0.00176119182459124	-0.0130590441001264	-0.00394848526311624	-0.0110091951242544
GSE103492_8	-0.00500301132746224	-0.0537662222743119	-0.000651554345229551	0.000791364965896844
GSE103492_9	-0.00670624609678653	-0.0555628437689914	-0.00245361360766497	-0.0184098996060491
GSE103492_10	-0.00281757514562339	-0.00143307944199892	5.15344910041423e-07	-0.00251030461620894
GSE106259_1	0.00471317470263243	0.0137399638345136	0.00752102978777273	-0.00224110856241698
GSE110303_1	0.00441772373994276	0.075729965559629	NA	NA
GSE110303_2	-0.0157193073113874	-0.126313347152384	NA	NA
GSE110303_3	-0.000157046233029044	0.00404250765981332	NA	NA
GSE110300_1	-0.00396431835624688	0.0137866478020738	NA	NA
GSE110300_2	-0.000317131628145272	0.013900680593447	NA	NA
GSE110300_3	-0.0101065031921387	-0.0189062974032233	NA	NA
GSE110281_1	0.0191384131308047	0.0711137179588392	NA	NA
GSE110281_2	0.00865684287095393	0.0297977817962205	NA	NA
GSE110281_3	-0.00503568803169239	-0.0440634021675447	NA	NA
GSE104459_1	-0.00113467318541437	0.0264658881256962	0.0013632355428952	-0.0123400979677697
GSE104459_2	0.00207975403156792	0.0274301198443214	-4.84229414891325e-05	-0.00487610954100377
GSE104459_3	0.00218336859637206	0.0294106380566483	0.00100908173562059	0.0122135417360745
GSE110051_1	-0.189887723808698	-0.348118567884851	-0.162539191710634	-0.0257545853889911
GSE110051_2	-0.0580831320190526	-0.084442199693016	-0.0290302202122892	0.0235367843396245
GSE110051_3	-0.191746543900142	-0.328433750600009	-0.169903009257923	-0.00653999426856747
GSE112694_1	0.0167851944836501	0.0395256480207723	0.0123170757233273	-0.00149984686608901
GSE112694_2	0.00119265569474314	0.0143925231843461	-0.00108464611740977	0.00260441170171175
GSE112694_3	-0.0119411988632893	0.00396160225007777	-0.0169374333723837	-0.00687180210951054
GSE112694_4	-0.0130073003511796	-0.0289552618030226	-0.0142177580657874	-0.0159779087391601
GSE97232_1	-0.00165743388945144	-0.147929210907365	-0.00387135199523526	-0.00553263011090806
GSE114079_1	-6.50731943622303e-05	-0.0208968600694562	NA	NA
GSE114079_2	-0.00019986583547153	-0.0064351002050175	NA	NA
GSE114079_3	0.000793902936550265	-0.00259045993493833	NA	NA
GSE114079_4	-0.000661000691100458	0.00128559451772742	NA	NA
GSE104828_1	0.0256518196867936	0.0453183696374547	NA	NA
GSE114521_1	-0.00327226800141838	-0.0718144237734204	-0.00176136772429671	-0.00820885675393762
GSE114521_2	-0.0087966947152773	-0.0939175821459606	-0.008563297173391	-0.00695104406964533
GSE112413_1	0.0152634618386848	0.0614234219284765	0.00933885698743838	-0.00275951704978179
GSE112413_2	0.00587217238184976	-0.00704032164749373	0.00501746446970355	-0.0066659893258703
GSE101909_1	0.0130939449542887	0.0690752463929499	0.00523063148593228	0.0161188883497424
GSE101909_2	-0.00553880237261434	0.00690674608372758	-0.00431532567353423	-0.000220158230277365
GSE114919_1	0.251919985424349	0.438472928359716	0.260212278593687	0.00913939962510041
GSE114919_2	-0.063356567027839	-0.197106662563876	-0.0155878557744151	-0.0517010821094177
GSE114919_3	0.385154993304247	0.642223483659082	0.344567423204787	0.140899256031346
GSE114919_5	0.109682367272943	0.19826007983924	0.0417520113134	-0.0130304571753048
E-MTAB-5879_1	-0.0643304205640261	-0.169679160278455	-0.0597174272204024	0.0451874991303417
E-MTAB-5879_2	-0.0136338567664114	-0.0422516100036133	0.00157038936890926	-0.0199442764336918
E-MTAB-5879_3	-0.0539868315347332	-0.135861741186777	-0.0420617962566932	0.0579964785636127
E-MTAB-5879_4	-0.0110646704335665	-0.0255119359174417	0.008532316908283	0.0608695327179958
E-MTAB-5879_5	-0.0650344919898707	-0.172870629953962	-0.071094041798673	-0.00732486792280198
E-MTAB-5879_6	-0.0291377262309665	-0.0737627686134412	-0.00602989673373894	-0.0145186526197013
E-MTAB-5879_7	-0.00893427411267739	-0.0708883275810886	0.000324464633354964	-0.0150155379396529
E-MTAB-5879_8	0.00470773677244397	0.0269651708965007	0	-0.00294777695508532
E-MTAB-5879_9	-0.00666572146160811	-0.034201044607211	0	-0.0113554952893845
E-MTAB-5879_10	0.0172225536871621	0.0651517901232717	-0.000323415265200517	-0.0099996362922944
E-MTAB-4294_1	0.00517554033746958	-0.0048320588859851	0.0131970986261162	-0.0146646673793023
E-MTAB-4294_2	0.00319765686393002	-0.00698807830824506	0.010291275850857	-0.0115069355179738
E-MTAB-4294_3	-0.00383584285758424	-0.00473700998763299	-0.00417451360605829	-0.00564893668583829
E-MTAB-3186_1	0.0493240695687261	0.0677825825084787	0.0596498419654647	0.00398128559015846
E-MTAB-3186_2	0.00528498952823589	-0.00261049279639821	0.00646542609527062	0.00528295989139648
E-MTAB-3186_3	0.0107858198681895	0.0181106933109881	0.0140071991856337	0.00946699575956554
E-MTAB-3186_4	0.001640484543146	0.00499228290094604	0.0114383271964027	-0.00612367854302957
GSE114919_Rat_1	0.203216394186408	0.383135295230548	0.171120309754326	0.00976124290507161
GSE114919_Rat_2	-0.0778557994230676	-0.178488004452069	-0.0482872409877606	-0.000587888812046689
GSE114919_Rat_3	0.21727540479827	0.415750403914346	0.220642725617032	0.00249312416347027
GSE114919_Rat_4	0.255000217772231	0.438402636270507	0.243475511930114	0.0049038294011847
GSE114919_Rat_5	0.0164605653964634	0.0313754003540283	0.0358927070300695	0.0149672118027658
