comparisonID	jaccard	cosine	sigjaccard	chrDir
22659600_1	0.00553024858011755	0.00598068086147445	0.00403626000315848	-0.00772061383413851
24361742_1	0.00927813226296266	0.0169029027191074	0.00552884141761946	0
GSE72258_1	-0.000628140703517588	0.00204933935187799	0	0
GSE72258_2	0	0.00210699464894954	NA	0
GSE69531_1	-0.00636808363961508	-0.0161006093912602	NA	NA
GSE69531_2	0.00785325567138668	0.0383050817522051	NA	NA
GSE69531_3	0.0111582610384673	0.0449632140202907	NA	NA
GSE69531_4	-0.00636808363961508	-0.0161006093912602	NA	NA
GSE58203_1	-0.0023168756164524	0.0199224841425891	-0.00328230772263263	-0.0104577204521691
GSE58203_2	-0.0110414455723343	0.00271677184109391	-0.0108001434009391	-0.0149117949115118
GSE58203_3	0.00533215451245786	0.0200620558669329	-0.00320698949179936	-0.0173863257216462
GSE58203_4	0.0380908784852881	0.0696308913535254	0.0245452034213272	-0.00358224042972451
GSE58203_5	-0.00572475103458168	-0.00850021710057954	-0.00307309717663874	-0.00679219635795884
GSE58203_6	-0.0215323180112161	-0.0323561526112575	-0.016970141663515	-0.0157690077575058
GSE58203_7	-0.00781477477278236	-0.00157980405331185	-0.00914227811845165	-0.0181029073245172
GSE58203_8	0.0146045416505413	0.0395765051881046	0.0103703647628964	-0.0181715336033695
GSE59642_1	0.0133630903116736	0.0172553092753619	NA	NA
GSE59642_2	0.0118107106517543	0.0446369901560188	NA	NA
GSE59642_3	0.00498856604080473	0.0297781070668406	NA	NA
GSE64922_1	-0.00854183180687326	-0.000328510057220756	-0.0072392643201755	-0.0125482774842687
GSE60162_1	0.000891141975669039	-0.0088556448854386	NA	NA
GSE31685_1	-0.0186270090179468	-0.0325223768632594	-0.0108878510494255	0
E-MEXP-3890_1	-0.0168589062113267	-0.0505949075070771	-0.0189850991534324	-0.0282613815149149
GSE31980_1	-0.0223989016349227	-0.10748356874115	-0.0188195149143481	0
GSE15615_1	0.0113807865419093	0.0687612721985854	0.00854771443002243	0
GSE15083_1	-0.000416635162114426	0.00213547707888991	NA	-0.00303593195988469
GSE108035_1	-0.00190519705347915	-0.0108652474516973	-0.00540233744399256	0.00163315429380986
GSE108035_2	0.007129061635139	0.0188082485860194	0.00377838488314616	0.00445855636732465
GSE108035_3	0.0104327910876441	0.0420364344429374	0.00662899011348552	0.00979683548246869
GSE21959_1	-0.00167201129216587	0.0132599170777858	-0.00810466672075326	0.00124076876632319
GSE21959_2	0.00471864109861575	0.0035429842879853	-0.00367827981935131	0.00815208980672478
GSE24742_1	-0.0121329971907063	-0.0466756462357176	NA	-0.0149137339324015
GSE24742_2	0.00282754766242574	0.00140294416265522	NA	0.0101931823753639
GSE24742_3	0.00200289375288461	0.0132305016475505	NA	-0.00637842314642481
GSE74668_1	0.00209480413754955	0.00779569399466539	NA	NA
E-GEOD-10024_1	2.13394829961071e-05	0.0152824619245263	NA	NA
E-GEOD-10024_2	0.00798994742748196	0.0268148320358493	NA	NA
E-GEOD-12860_1	0.00601013358193055	0.0301354464040428	NA	NA
E-GEOD-12860_2	0.00519970744604048	0.0259207182846252	NA	NA
E-GEOD-12860_3	0.00496650094243177	0.034702593852241	NA	NA
E-GEOD-12860_4	0.01051384517814	0.0478065137664203	NA	NA
E-GEOD-12860_5	0.00589619281738024	0.0395035816676215	NA	NA
E-GEOD-12860_6	0.00819722656408151	0.0255122954928429	NA	NA
E-GEOD-12860_7	0.0110268272029976	0.0403284757574356	NA	NA
E-GEOD-12860_8	0.0164672719045784	0.0568143304664299	NA	NA
E-GEOD-14359_1	0.0153533542505465	0.0420688816130623	0.0113922663679942	0.00139325350858078
E-GEOD-14359_2	-0.00702943177878146	-0.0280284719548576	-0.00803293090560844	-0.00127776763357947
E-GEOD-1919_1	0.0164440703748991	0.0302998493417404	NA	NA
E-GEOD-1919_2	0.0236996267355108	0.0275440915270725	NA	NA
E-GEOD-1919_3	0.00861905473154428	0.0156301319478513	NA	NA
E-GEOD-1919_4	0.0295560641128481	0.0717546925325875	NA	NA
E-GEOD-1919_5	0.029734832624911	0.0609756365787942	NA	NA
E-GEOD-1919_6	0.024116111913962	0.0637612437337697	NA	NA
E-GEOD-1919_7	0.00819968691706516	0.0227868901407282	NA	NA
E-GEOD-1919_8	0.00794537423410012	0.0178309346273193	NA	NA
E-GEOD-1919_9	0.00326805347552761	0.00151469054525899	NA	NA
E-GEOD-19664_1	-0.0073635426196123	-0.0250299089868864	NA	NA
E-GEOD-19664_2	0.00389725106576592	0.00698521634008644	NA	NA
E-GEOD-19664_3	0.0152580649210837	0.0226069330294904	NA	NA
E-GEOD-19664_4	-0.00967211681701917	-0.0270015384124548	NA	NA
E-GEOD-19664_5	0.00425989618653044	0.00483049057635811	NA	NA
E-GEOD-19664_6	0.00271499489302756	0.0137511889877088	NA	NA
E-GEOD-43923_1	0.009541807569402	0.021479049188585	-0.00086528098672457	0.00183853150443172
E-GEOD-51812_1	0.00120939069253958	0.0297147902039724	0.00183396327989692	0.0291983910515954
E-GEOD-51812_2	0.00229703647391157	0.0375046346126254	0.00216746450631084	0.0292537764976186
E-GEOD-68760_1	0.00628926074215428	0.0197110507834781	0.00458585461441278	-0.00214304113856126
E-GEOD-82107_1	-0.00341480411821411	0.00313578479931952	-0.000797448165869219	-0.00870343278291853
E-GEOD-9451_1	-0.00439782107625727	0.000490692078927474	-0.00476027457620835	0.00938739917257583
E-GEOD-9451_2	0.0105813966650981	0.036425834232179	0.0062315107688707	0.014058309255184
E-GEOD-9451_3	0.0699846622930343	0.163003743876923	0.0643434892216156	0.0578196844030904
E-GEOD-9451_4	0.00213986223686907	0.00132945909837335	-0.00867639384091816	0.00583371034458042
E-MEXP-2019_1	-0.00901559853538692	-0.0432507794267341	0	-0.00543356486714506
E-MEXP-2019_2	-0.00441790950484034	-0.00596856335681403	-0.00413456996376377	-0.00347133249791812
E-MEXP-2019_3	-0.0056831857807384	-0.0488377480809131	NA	-0.00563684256682776
E-MEXP-2019_4	0.0021232436952017	-0.00799001039457083	0.000687422966456189	0.0103415907778057
E-MEXP-2276_1	-0.0140111572824443	-0.0568782566909174	NA	-0.0333200121034172
E-MEXP-2488_1	-0.00295515559104625	-0.0134608020212781	-0.00247327178245617	0.000465010744240348
E-MEXP-3129_1	0.00473976482472165	0.0123394311677357	0.00063288995448412	0.00537105681110806
E-MEXP-3474_1	0.01034366642429	0.0224442910485313	NA	0
E-MTAB-3010_1	0.00126503488779993	-0.0052207647483578	NA	NA
E-MTAB-3010_2	0.00435429475502363	0.0170213273951014	NA	NA
E-MTAB-3010_3	-0.000474061153833073	-0.0185551154555862	NA	NA
E-MTAB-3010_4	-0.0101694837087317	-0.0402853421034793	NA	NA
E-MTAB-4152_1	0.0224124406424375	0.105457853580368	0.0264895925891553	0.0173352463433284
E-MTAB-4152_2	-0.0135843153097754	-0.0276257308294149	-0.0169232445410943	-0.0144655119052527
E-MTAB-4152_3	0.015357025456056	0.0896244308777635	0.019004651040787	0.0146104463334872
GSE100609_1	-0.000652186348078542	0.00207099673504525	NA	-0.00267162135826167
GSE100786_1	0.00105097427878369	-0.0117418371824652	NA	0.00366625827922216
GSE100786_2	0.00398726852043441	0.00815661986370009	NA	0.00421284619085919
GSE103697_1	0	-0.012724768655036	NA	NA
GSE103697_2	0	-0.000992525676341483	NA	NA
GSE103697_3	-0.0006265664160401	-0.00371306553597274	NA	NA
GSE104113_1	0.00663735158201959	0.0422230290449142	NA	NA
GSE104113_2	0.0259254402787957	0.0838737105761348	NA	NA
GSE104113_3	0.00663735158201959	0.0422230290449142	NA	NA
GSE10575_1	-0.00240378642655836	-0.0206901815791025	-0.000801282051282051	-0.0134610798085267
GSE10575_2	0.0252996393513781	0.0563669088518692	0.014358736415821	0.00994227112405638
GSE10575_3	0.0108415962157499	0.0463763102861716	0.00886820014576975	0.0119240058262465
GSE13604_1	-0.0330600137417549	-0.0871584456737941	-0.0283818198854299	-0.0260765778151001
GSE13837_1	-0.000245546263721988	0.0203512120554137	0.00116756847147072	-0.00467683312321447
GSE13837_2	0.00210236773468323	0.137477064018621	-0.0011022248915519	-0.0038691916106448
GSE13837_3	-0.0125107441822697	-0.0673355500345086	-0.0293683255918568	-0.025704453365344
GSE13837_4	0.010882844050748	-0.0169426085200816	-0.00523980585470007	-0.00149320949719963
GSE13837_5	-0.010132813300438	-0.0515079000032602	-0.0031201248049922	-0.0178811234233713
GSE13837_6	-0.0373950373893199	-0.168600559555604	-0.0209132817918494	-0.033000563865841
GSE13837_7	-0.0424285767181469	-0.116813095813167	-0.0404860734462454	-0.0393746884411712
GSE13837_8	0.0269711424603247	0.0649304587032259	0.0104808034246795	0.019108550971534
GSE13837_9	0.627133099328839	0.890651100756632	0.613822115900823	0.628681775740599
GSE13837_11	0.606171195961677	0.884840263688436	0.589009443439823	0.613218839448348
GSE13837_12	0.470770377126976	0.77808311720559	0.406896842222617	0.454687010755964
GSE13837_13	-0.00313822640681213	-0.0286848710255387	-0.00121395779082943	-0.0192917849076273
GSE13837_14	1.20000246008195e-05	0.0135624788586692	-0.00743801033065923	-0.0303582942977817
GSE13837_15	0.000748862634119746	0.0147787654636531	-0.0141383494313064	-0.0225981572928427
GSE13837_16	-0.0135212802642947	-0.0358381966259284	-0.0301126979966632	-0.0213990489661403
GSE13837_17	0.00532739270094137	0.0225228811713535	0.000827339301876055	-0.0338546176490002
GSE13837_18	0.0147481533658161	0.0459824736724656	0.00276193491645635	-0.0220904434976085
GSE13837_19	0.0339250526478246	0.0840444947824155	0.0138404169399093	-0.00786388005270964
GSE13837_20	0.0435977290778086	0.092816236121814	0.0199201128856196	0.0288790386107174
GSE13837_21	0.571149058912647	0.858947328460945	0.542172203162915	0.617763664783567
GSE13837_22	0.581868513444806	0.857856829970984	0.544895943097998	0.624110772357723
GSE13837_23	0.519055239158992	0.822073069782495	0.491939409499358	0.51594470046083
GSE13837_24	0.339527887508713	0.691552504040136	0.315106134804031	0.326771344027287
GSE16464_1	0.0285691288071073	0.0832699522626367	NA	NA
GSE16464_2	-0.0186328604299238	-0.0691860384084896	NA	NA
GSE19060_1	0.0139160541808683	0.003698657728169	0.0010183299389002	0.00743679147941587
GSE27372_1	-0.0108799144359034	-0.0171383989587109	-0.00312948131218678	-0.0258209213779552
GSE27390_1	0.00728741221022632	0.0339964150958215	0.00545688320273847	0.00574253628619668
GSE29106_1	0.00420832737747102	0.0326210240431808	NA	NA
GSE29107_1	0.00473240731027812	0.00883253392453223	NA	NA
GSE29107_2	-0.00469326749081705	-0.0189646500146156	NA	NA
GSE29745_1	0.0142597656719764	0.0538856120309542	NA	NA
GSE29745_2	-0.00380685356321528	-0.0251781484637455	NA	NA
GSE29745_3	0.00184792341704943	-0.000496791984813391	NA	NA
GSE35546_1	-0.00722230918471079	-0.0310430258864262	NA	NA
GSE35546_2	-0.0131552476637533	-0.0356563450222855	NA	NA
GSE35546_3	-0.00949765282369174	-0.0313526115439872	NA	NA
GSE35546_4	-0.0130749339217956	-0.0230498783057744	NA	NA
GSE35546_5	-0.00821771676534351	-0.0216339921904627	NA	NA
GSE35546_6	-0.0140054309474221	-0.0284645680006853	NA	NA
GSE35955_1	-0.00132936061679502	0.0202210237165009	0.00459559496456133	0.00467761987410775
GSE35956_1	0.0048485259330191	0.0212102723836354	0.00209712130095833	-0.0113882561602884
GSE35957_1	0.00175727711725179	-0.0383279545411606	-0.00446216236513488	-0.00227792970306315
GSE35958_1	0.00771567628486987	-0.00576592971851556	0.00448300405761162	0.00192998820008975
GSE39340_1	-0.00570645573517862	-0.0361201910313199	NA	0.00397204138821165
GSE39340_2	-0.0203765299090366	-0.061432416617833	0.00116822429906542	0.0110955712588411
GSE39340_3	0.0050838586315402	0.031243534814975	-0.00116822429906542	-0.00853039042585711
GSE39795_1	0.00974385972798782	0.0202256554019856	NA	0.00248902585097174
GSE39795_2	0.00299894153709079	0.0150720370968109	0.012198993457204	0.00384142874848151
GSE39795_3	0.000288385407847884	0.00169330986896147	0.00111856823266219	0.000700599162802979
GSE41038_1	-0.00197177375724349	-0.012648274593601	NA	-0.00734358466411676
GSE41038_2	0.000361320030606871	-0.00928090774311949	NA	-0.00722894334903831
GSE41038_3	-0.000639514443659557	-0.000927738140433949	NA	-0.00419565663156026
GSE41992_1	-0.00870076423411086	-0.00537436148835367	NA	NA
GSE42235_1	-9.3789047280397e-05	-0.00396856436777886	-0.00108418057087817	-0.00499594558461899
GSE42235_2	-0.00806584555544072	-0.0358507064424865	-0.00488329072379952	-0.00852084899862888
GSE42235_3	-0.00142071223985144	-0.00128129152943045	-0.00399764725195939	-0.00988472312001723
GSE42235_4	0.0125509822464347	0.0271957316445155	0.00488113859236127	-0.000606003068971635
GSE45233_1	0.00391985852311267	0.000665640446821312	NA	0.00114570424205387
GSE45233_2	-0.00831848069628584	-0.0441667898473788	0	-0.00632470366472559
GSE45233_3	-0.00437434013213037	-0.0110171114577068	NA	0.0036537544816426
GSE45233_4	0.0157321644647241	0.0298815204872467	0	0.0112711131863929
GSE46053_1	0.00383906205105808	0.0330933589839978	0.00140714494272557	-0.000210726055121221
GSE46053_2	-0.00168149611059321	0.00769609407967141	-0.00513735075706766	-0.0136967724066743
GSE46750_1	-0.0142568798880125	-0.0339977929339482	NA	0
GSE51588_1	-0.00823464146938899	-0.0274669667908194	-0.00530748033923799	0.0092004287942507
GSE52817_1	-0.0122561487267317	-0.000299442086421407	NA	NA
GSE52817_2	0.0183647363385909	0.0501843956445389	NA	NA
GSE52817_3	0.00808402455692216	0.0209842058934667	NA	NA
GSE52817_4	-0.0192437609386439	-0.0422542428929365	NA	NA
GSE55235_1	0.0241311008727513	0.0961725069187807	0.0235806931023418	0.0181915337525158
GSE55235_2	0.0303697865301395	0.0752252301972605	0.022942301978729	0.0279522410937992
GSE55235_3	0.0113295190578898	0.0126907337947188	0.00847611992179609	0.0246804756629275
GSE55457_1	0.0145369892479152	0.074120353016016	0.00406424711346804	0.0283754321736098
GSE55457_2	0.0187328682643752	0.0585733933019493	0.0086021155951576	0.0280179462198543
GSE55584_1	0.0186698057483891	0.0786473411801976	0.00717875990687692	0.0169711925393897
GSE57218_1	-0.000298582174667406	-0.0232227744089237	-0.00589009278040857	-0.00591932669105878
GSE57218_2	-0.00398270713690037	0.00129578874711958	-0.00570880327941312	0.00472390591374583
GSE57218_3	-6.74746998629502e-05	0.0113162381804808	0.00123042119238901	0.0121280177539058
GSE60762_1	0.000675069559801924	0.00471854454801026	NA	-0.00832357204463437
GSE62914_1	-0.00516698167589398	-0.0137532035824072	NA	-0.00637352113751822
GSE62914_2	-0.0120603396233363	-0.0245546979996968	NA	0.000557288972206935
GSE62914_3	-0.00437040758605451	-0.0246937061914191	-0.000500009328532249	-0.011369100754883
GSE62914_4	0.00854951480818958	0.0332425795230656	0.00112866817155756	0.0210871248872272
GSE64394_1	0.0118136121477036	0.043389838306947	NA	-0.0071917475650019
GSE66635_1	-0.00156579129061894	0.0129672729259717	NA	-0.000269371481492693
GSE68038_1	-0.0392280195031327	-0.100003710798901	-0.00646828621177467	-0.0385736428892186
GSE68428_1	0.0118768992400121	0.0347052503795269	0.00527399752334114	-0.0113405754590541
GSE68428_2	0.00909579603553854	0.0261025023205445	0.0041686829066313	-0.00851302395133741
GSE68428_3	0.0176974236852087	0.0557593152463475	0.00994964681565729	-0.00488958067202249
GSE69459_1	-0.00636670351841338	-0.00601052506403339	NA	NA
GSE69459_2	-0.0145782142330132	-0.00390836804110967	NA	NA
GSE69459_3	-0.00229283230115939	0.00439210890552225	NA	NA
GSE69459_4	-0.00847978348023004	-0.00211976196213254	NA	NA
GSE69992_1	-0.00117200517705165	0.010919092063981	6.3225919479163e-05	0.00963556554507485
GSE70719_1	0.0027934787570922	0.00413288566559617	0.00517604855892188	-0.00146500260662671
GSE7116_1	0.0114025210949696	-0.00438069836861584	-0.00242477425259963	0.0106427838033514
GSE7116_2	-0.00127309250062184	-0.0272594080958222	NA	0.000270151246135374
GSE7116_3	-0.00220687998739113	-0.0178888121238938	0.00178966672990577	-0.00837698998987847
GSE72575_1	-0.00168379666388849	-0.00528582759656706	-0.00363772532499793	-0.0147585285397713
GSE72575_2	-0.00160390401372697	0.00734713510183142	-0.000469599736812149	-0.000625923762236132
GSE72575_3	-0.00233022989502285	-0.0042676665886185	-0.00529088137853046	-0.00722904647393622
GSE72575_4	0.00157173405032797	0.0256666963148984	0.00112107623318386	0.000163370571271314
GSE75181_1	-0.0187703673509346	-0.0353333208725539	-0.0185106930777436	0.00183279466225149
GSE75181_2	0.00345712015383151	0.0137295734134123	-0.00503037168387228	-0.000658393996011506
GSE75181_3	-0.0084345300666348	-0.020913553943144	-0.0104265244302247	-0.0021174635862923
GSE75230_1	0.00441563461781762	0.0183915141762717	-0.00494823704781634	-0.0097928499742618
GSE7669_1	0.019406725537226	0.14890593607027	0.0144072055916577	0.0674001243742303
GSE77916_1	-0.000402070940735845	-0.01018957871951	-0.000796178343949045	0
GSE80614_1	-0.00226542807083297	-0.024559264586654	0.000881016240393157	-0.0124113582088572
GSE80614_2	-0.0134846600331675	-0.0525470793964075	-0.0114442187750859	-0.0224703333104607
GSE80614_3	-0.00214239818327451	-0.00756881298448855	0.000236380748101293	-0.00852053407198746
GSE80614_4	-0.0129066112872246	-0.0360841897111144	-0.00782916935377956	-0.0211448215642058
GSE80614_5	-0.00340436835783606	-0.0100752621233053	-0.00414038554793008	-0.0141532126645457
GSE80614_6	0.00805778078060821	0.00176347188875765	0.00684054517036516	0.00536271530366065
GSE80614_7	0.00576957191148908	0.0046873920992286	0.00551693997036279	0.00241794694217274
GSE80614_8	0.00707460463039909	0.016364822409502	0.0104117502836691	0.00488199119513677
GSE80614_9	-0.00119807110552011	-0.0321495344172577	0.000431839355759657	-0.0150780757026626
GSE80614_10	-0.00443513270455498	-0.0459829330519349	-0.00254560360729658	-0.0106373097790246
GSE80614_11	-0.00164268059607122	-0.0289324155396584	NA	-0.0187507298872757
GSE80614_12	-0.00682360832790637	-0.0286043309255288	-0.00670672876660047	-0.0156369507686464
GSE80614_13	-0.00189390812139621	-0.0132727796220799	-0.000805344481521433	-0.0129643577352757
GSE80614_14	0.00672318611234332	0.0199476104627481	0.0094522392903132	0.00655206075705771
GSE80614_15	0.00748899817830301	0.0165567963537645	0.0109241632335378	0.00771759131631743
GSE80614_16	0.00141588572305561	0.0061317220204884	0.00302091377961918	0.00104722783703129
GSE85254_1	0.0198011772039632	0.0517628561452443	0.00115726477644837	0.00274429993924972
GSE86578_1	-0.00306197478991597	0.000960664757697554	-0.00267452283032796	-0.00921541164030565
GSE86578_2	0.00127633293325869	-0.000475635896479704	-0.00060403554071722	-0.0156364372436524
GSE86578_3	0.00436056729684199	0.0298462675597906	-0.00267953652651516	-0.0100766403255355
GSE9329_1	-0.00780458579939397	-0.00247572459639879	NA	NA
GSE93698_1	0.0263138614077108	0.100267652804898	0.0247107292677229	0.0332763402787249
GSE93698_2	0.0277351762433229	0.105237135111437	0.026243803690884	0.040384731853156
GSE93698_3	0.00672598045074756	0.0383779855444152	0.0114977202597563	0.01385503537757
GSE93698_4	0.0255856513893054	0.0844784020576307	0.0250574930733615	0.0364288384666762
GSE93698_5	0.00497601592841903	0.0465945913500044	0.0153951573784807	0.0303721302481179
GSE93698_6	-0.00799587548469308	-0.0258648584024345	-0.00206405250020248	-0.0238700505794177
GSE93698_7	-0.0408364368733845	-0.120390366040841	-0.0344813615230537	-0.0466047087587477
GSE93698_8	-0.0272149009539046	-0.0736316324373723	0.00235138078525102	-0.015963625022897
GSE93698_9	-0.0348307648890672	-0.0922721821809406	-0.0168436396788209	-0.0160407307132531
GSE93698_10	-0.0429891737289919	-0.110622211841775	-0.0313766204665147	-0.0329812457003284
GSE93698_11	-0.012530356392444	-0.042410791490297	0.00461962776786424	-0.000786363694189381
GSE93698_12	-0.0341314310253989	-0.0699706826090064	-0.0128512152332339	-0.0169858208817683
GSE93698_13	0.0398467107206783	0.0813244277555308	0.0204353604338502	0.0291513532552947
GSE93698_14	0.0124341627020855	0.0361317187934492	0.0098230131828988	0.0250006676620545
GSE93698_15	-0.0178158941818651	-0.0415281907626885	-0.012754412703045	0.00187089270433599
GSE93720_1	0.0506083998513903	0.149039416510031	NA	NA
GSE93720_2	0.0420037228292459	0.11339772609511	NA	NA
GSE93720_3	0.0537707627268725	0.144104631037032	NA	NA
GSE93720_4	0.0395819208955814	0.102771093653978	NA	NA
E-MTAB-5564_1	-0.00493265387863705	-0.00529104550983067	9.49722128768329e-07	0.00181007808592071
GSE77753_1	-0.00330014824326151	-0.0316941938433849	NA	-0.0167408122442086
GSE43861_1	-0.00519634482197691	-0.0227508433756209	NA	NA
GSE112809_1	-0.00061652281134402	0.0024911056470579	NA	NA
GSE111946_1	0.0209147366231137	0.0708917674150862	NA	NA
GSE111946_2	0.000443255534830445	0.0201214004524835	NA	NA
E-MTAB-3201_1	7.36011914985492e-05	-0.005550695966103	-0.0063351011702356	-0.0206635744249284
GSE57740_1	0.0011525142305038	-0.00329448436155591	NA	NA
GSE52992_1	0.00899830089473855	0.0180692258158984	0.0114735840659582	0.00549868968292092
GSE17160_1	0.00746546633941455	0.0362032852484922	NA	NA
GSE17160_2	0.00787629911503174	0.0377461131868631	NA	NA
GSE17160_3	0.00125793978378222	0.0147708672677485	NA	NA
GSE17160_4	0.0204769212882787	0.0634665555204825	NA	NA
GSE17160_5	0.0175549407692988	0.0520791145997528	NA	NA
GSE17160_6	0.00972578983446967	0.0618181329327447	NA	NA
GSE17160_7	0.00901768297904113	0.0341981833239506	NA	NA
GSE17160_8	0.0260400382379991	0.075560492415239	NA	NA
GSE17160_9	-0.00564221395570953	-0.017420728255329	NA	NA
GSE17160_10	-0.00891007823177262	-0.0152398269245702	NA	NA
GSE17160_11	-0.000994601399608608	-0.0112819063517419	NA	NA
GSE17160_12	-0.00225994162485483	-0.00583364187638656	NA	NA
GSE22971_1	0.00212432565979259	0.0053196221517934	NA	0.00143141014449098
GSE22971_2	-0.00283807996757631	-0.00642566592806891	NA	0.00356207962911224
GSE22971_3	0.00943338965888389	0.0228302693805416	0.0127471775809963	-0.00531410757447207
GSE22971_4	0.00633383134313708	0.0203422653180874	0.00016916549749656	-0.0128165974803753
GSE13590_1	-0.00511572226256776	-0.01775306169793	-0.00348795853031439	-0.00648051037868001
GSE13590_2	0.00011215925282155	0.00477652412295944	0.00121065375302663	-2.61973429682176e-05
GSE99731_1	-0.000753076701480821	0.0020948047293428	NA	-0.00746810192421038
GSE99731_2	-0.00124942000782789	-0.0213324757068536	NA	-0.00588979070996756
GSE99731_3	-0.0193945644468293	-0.0356991570242107	-0.0206984264212909	-0.0115590726226374
GSE27492_1	0.00122274345490733	0.0256556871281166	0	0.0149823922689776
GSE27492_2	0.00960313202192304	0.0305666861930213	0.00576624038229917	0.00503021558780821
GSE27492_3	0.0138373203876276	0.0356059947229495	0.026093948836607	0.00652454186278804
GSE27492_4	0.00731754903309378	0.032476525366749	0.0170637992868467	0.00846259296376299
GSE27492_5	0.00373762769574452	0.0194935767204851	0.0135752257767791	0.012782226214794
GSE27492_6	-0.00151137000538729	0.00292794128144642	0.000887984528263203	-0.00851829518840669
GSE27492_7	0.000257966914996919	-0.00530413130489385	0.0043349119836344	-0.0053049498641018
GSE27492_8	0.00191938797494269	-0.00251995775316765	0.00449440963099575	-0.00911587386463255
E-GEOD-15069_1	0.00709398730649288	-0.0026419648494476	0.010794279465728	0.00739562526850639
E-GEOD-15069_2	-0.00644812303986374	0.00453086681285085	-0.00416256441381526	-0.00103505738425024
E-GEOD-15069_3	-0.00568322473463313	-0.0212817840263128	-0.00539434393641111	0.0047822752856777
E-GEOD-15069_4	0.00982643317219586	0.0293345418144223	0.00937621503021156	0.0154455358332458
E-GEOD-15118_1	-0.00209514396575411	-0.00237497639303806	NA	NA
E-GEOD-15118_2	-0.000628140703517588	-0.00298154067171523	NA	NA
E-GEOD-15118_3	-0.00693248554398809	-0.024818086150038	NA	NA
E-GEOD-15118_4	-0.00696775973456702	-0.0237627038107285	NA	NA
E-GEOD-16007_1	0.000528932400086873	0.0137725265954239	NA	NA
E-GEOD-17473_1	-0.00574384626119651	0.0178043351820589	NA	-0.0015401804672458
E-GEOD-18647_1	-0.00570624040778886	-0.00933993564001231	NA	-0.00978494117114007
E-GEOD-18647_2	-0.000968183550436378	-0.0111909688748887	NA	-0.0101046357630072
E-GEOD-18647_3	-0.000529124398577274	-0.0255757383033678	NA	0.00149467059557825
E-GEOD-18647_4	0.00384642996980563	-0.0216742436576475	0	-0.00428729212186008
E-GEOD-18648_1	0.00199607282653796	-0.00676569267654458	0.00467517606143199	-0.0110508864892931
E-GEOD-18648_2	-0.0176111232860919	-0.0286697463449877	-0.0162199167850517	-0.0112536876719492
E-GEOD-2154_1	-0.000717663841000075	0.00177480355904633	0.00118936077810414	0.007959826345586
E-GEOD-2154_2	-0.00457672398626244	-0.0212405925350933	-0.00773176090972701	-0.0154855919588827
E-GEOD-2154_3	-2.27090014499089e-05	-0.00601381512115294	-0.00418374729797063	-0.0094490163019611
E-GEOD-2154_4	-0.00587070582121788	-0.00848609319068673	-0.0135942004926463	-0.0104982891572638
E-GEOD-26475_1	-0.00326042631341759	0.000577904835370345	-0.0040906445060593	0.00251326861079637
E-GEOD-26475_2	-0.00220293388563756	-0.00730665066923044	-0.00121065375302663	-0.00159698772097278
E-GEOD-26475_3	0.000120014971114819	-0.00408263310400821	0.000686841252426648	-0.00288107907146009
E-GEOD-33567_1	-0.00800821031950261	-0.0342373492740255	NA	NA
E-GEOD-33567_2	0.00491536258644278	0.0198336628708416	NA	NA
E-GEOD-37287_1	-0.00143265247069125	-0.00203818881830891	NA	NA
E-GEOD-37287_2	0.000507919058532837	0.00134427383278928	NA	NA
E-GEOD-37287_3	-0.00589926144097632	-0.0106693572763995	NA	NA
E-GEOD-51994_1	0.000285970152296708	-0.0256018392070094	-0.00176636633320219	-0.00909044017382936
E-GEOD-51994_2	-0.00300297388005765	-0.0261847233139935	-0.000622585592916545	0.0065711904297444
E-GEOD-51994_3	-0.00275627720228454	-0.014184207921041	0.00324683658737703	0.0117246378582356
E-GEOD-65077_1	-0.00138312586445367	-0.00608341236755018	NA	NA
E-MEXP-1244_1	-0.00899012753711159	-0.0244410423058364	NA	NA
E-MTAB-1123_1	0.00314350706414608	0.0098751474268879	-0.000212288484752163	-0.0049206054474435
E-MTAB-1123_2	0.00630161743177924	0.0154520922428416	0.00249980299138151	0.000250095455530049
E-MTAB-1123_3	0.00548505722372033	0.00891272198462822	0.00445125848099775	0.00282861532954397
E-MTAB-1123_4	-0.00105353227445318	0.00372286792981822	0	-0.00666449348168137
E-MTAB-1391_1	-0.00308436916391073	-0.00657507701337923	-0.00283762612888881	-0.00397958229031412
E-MTAB-1391_2	-0.00681866172554322	-0.0215693305336702	-0.0102709254450494	-0.00452359996463586
E-MTAB-1391_3	-0.00694526889887177	-0.0234843916194446	-0.00938865995282437	-0.00559790174454039
E-MTAB-2450_1	-0.00206493542329761	-0.0148770580604947	0.00130046962420562	-0.00310360942356259
E-MTAB-2450_2	-0.000691485670643952	-0.0209592258036945	-0.00637644762151173	-0.0136394293867549
E-MTAB-2450_3	0.00175460614760704	0.00764232824175771	-0.00283757621991762	0.00130217207270841
E-MTAB-2450_4	0.0026080795302882	0.0137765364798667	0.00379911930790241	-0.00229310521723545
E-MTAB-5023_1	-0.000542235292524288	0.0064024544441088	NA	-0.00220707465597752
E-MTAB-5326_1	-0.0102692940423343	-0.0180456421764419	NA	NA
E-MTAB-5326_2	-0.00350310631095808	-0.0241804561652124	NA	NA
E-MTAB-5326_3	0.0034728591630745	0.000345414619719463	NA	NA
GSE102588_1	-0.00177900966036314	-0.00332930584899275	0.000217229175008855	-0.00181104503325637
GSE104793_1	-0.00287693319635966	0.00182002659459523	-0.00196750602979948	-0.0058205717312084
GSE104794_1	0.00362864197216569	0.0100018991830788	-0.00552076285868473	-6.99584668092633e-05
GSE104795_1	0.0119424472791141	0.0264633085296464	0.00549468501005288	0.00141092696285106
GSE105139_1	0	0.00535532043722265	NA	-0.00134616313296011
GSE105139_2	0.005710311247304	0.0190521980289787	NA	-0.0051280614648816
GSE105139_3	0.00645527264859603	0.0169827164869829	0	0.00341495706010119
GSE10555_1	-0.00563302820088102	-0.0317186591811898	NA	NA
GSE10556_1	-0.00479735166370013	-0.0136584272271272	-0.00161944018263449	0.00269981261965027
GSE106631_1	0.00247170518523407	0.0356296211086932	0.00177994134030946	0.00215171036151198
GSE13104_1	-0.00541697481675335	0.000124791879650133	NA	NA
GSE13104_2	-0.00925403428349605	-0.0123226392344593	NA	NA
GSE13104_3	-0.00602616439050466	-0.0109611356271621	NA	NA
GSE16749_1	-0.00790112849249872	-0.0202854781757692	NA	NA
GSE16749_2	0.00251550768525072	0.0273456737655433	NA	NA
GSE16749_3	-0.00393076117205099	-0.0192726508354579	NA	NA
GSE17348_1	0.00103930980360889	-0.00682749521073259	NA	NA
GSE17563_1	-0.00103135776337094	0.00152498385326059	NA	NA
GSE17563_2	-0.00691799331570025	-0.00710245974544178	NA	NA
GSE17569_1	-0.00343393027268008	-0.00782215486691873	NA	NA
GSE17569_2	-0.00497462854352184	-0.0251822846647327	NA	NA
GSE17570_1	0.00232691898008207	-0.00640057893158816	NA	NA
GSE17570_2	0.00123949506537141	0.0038640868252115	NA	NA
GSE18991_1	-0.000742942050520059	-0.0199869809594822	NA	0.0104452130076058
GSE18992_1	0.000742942050520059	-0.00956394948772117	NA	-0.000327084081595411
GSE19299_1	0.000866947831133062	-0.00548120876240365	0.00330384711640905	-0.0157151606300921
GSE20850_1	0.00293527652051544	0.0182952729534238	NA	NA
GSE21093_1	-0.015678336277038	-0.0423233700251272	NA	NA
GSE21523_1	0.00234043232356778	0.00461834555967014	NA	NA
GSE21639_1	0.00246680232577759	-0.0174502893411153	NA	NA
GSE21639_2	-0.00423264332962376	0.00201324150604616	NA	NA
GSE21639_3	-0.00439720056491525	-0.0227670480637563	NA	NA
GSE21639_4	0.00345973123470435	-0.00219011394151692	NA	NA
GSE21710_1	-0.0108723564562834	-0.0196237061093001	NA	NA
GSE21710_2	-0.00965445238296699	-0.0169695169240555	NA	NA
GSE21710_3	-0.00985726274126666	-0.0122368051342068	NA	NA
GSE22925_1	-0.00217631599835568	-0.0128651269572356	-0.00822702715158987	-0.0103868427973746
GSE22925_2	-0.0151152601448328	-0.0200726559428662	-0.0110957820665356	0.00564953870277662
GSE26499_1	-0.00345472759605668	-2.03429183026006e-05	NA	NA
GSE30160_1	-0.00272325750979616	-0.00856167441083344	-0.00701421895575092	0.000566333319336535
GSE30628_1	0.00741656371686848	-0.00539257980542606	0.00157217468084099	5.98938384094704e-05
GSE30628_2	0.00150151327260234	0.00518752165645981	0.00661911357832619	-0.00621295633001084
GSE32163_1	-0.00633673537158317	-0.00837868481430297	NA	-0.00517813412202281
GSE33656_1	-0.0127229805787544	-0.032860732862136	NA	NA
GSE33754_1	0.000738330641567927	-0.000368601514150459	0.000659329124568186	0.0037770599066609
GSE33754_2	-0.00361959793695839	-0.0109733646341552	-0.0047133886293864	-0.00776149841457929
GSE33754_3	-0.000294092483771777	-0.0107391298556347	0.000577508752893391	0.0067733975308709
GSE34570_1	0.0108435780301866	0.00230707236621127	NA	NA
GSE35003_1	0.0011106261086197	-0.00119595602158808	NA	NA
GSE35466_1	0.0108952617578569	0.0290207143590772	NA	NA
GSE35466_2	0.0119713844424338	0.0310383580315265	NA	NA
GSE35466_3	0.011927579907342	0.0227099373358998	NA	NA
GSE35466_4	0.00920907395970019	0.0387239634782939	NA	NA
GSE35466_5	0.00391232260499219	0.0349583150640849	NA	NA
GSE36925_1	0.00123152709359606	-0.00870384840551204	NA	NA
GSE36925_2	-0.00576691898607673	-0.0310974292633867	NA	NA
GSE36925_3	-0.00934208655693268	-0.0385125060248142	NA	NA
GSE37219_1	-8.45302170890561e-05	0.000121632747066042	NA	NA
GSE37676_1	0.0103627089385413	0.0234329135958896	0.0138208679384494	0.00919948153713267
GSE41342_1	0.00334883124082611	-0.0221898991506307	0.00832507594746286	0.000185045812531773
GSE41342_2	0.00242916020596885	0.00471137992479178	NA	0.00799714648705332
GSE41342_3	0.00204970432067152	0.00958435668164728	NA	-0.00230391279932425
GSE41342_4	-0.00691701252066179	-0.0219191684858084	0.000231291004114311	0.00306298673241947
GSE41997_1	0.0113559644046105	0.0223523619238775	0.00377536154638809	0.00552584832156899
GSE43242_1	-0.0115998035726084	-0.0276060566601641	-0.0122644700213165	-0.0123464415410452
GSE43242_2	-0.00182641157840715	-0.0263538856204386	-0.000939510939510939	-0.00639044467773644
GSE43663_1	-0.0014419202748789	-0.000695905166673713	NA	-0.00148191469829777
GSE43854_1	-0.00193240466331102	-0.00416255800629914	NA	NA
GSE45656_1	-0.000272887184640767	-0.00536483746709388	NA	NA
GSE45656_2	-0.0117142306390398	-0.0351349471321774	NA	NA
GSE45656_3	-0.00965894371383451	-0.0311587206549421	NA	NA
GSE45793_1	-0.00644893562683163	-0.0160154875611352	-0.00390593807716294	0
GSE45793_2	-0.000853821317506592	-0.0164541068824278	0.00447952663221078	0
GSE45793_3	0.00566932753486048	-0.0115230302640468	0.00572564770903463	0
GSE45793_4	0.00532744180697775	-0.0157881624285094	0.000781240060469746	0
GSE45793_5	-0.00245486998635732	-0.0355729727185795	-0.00329264023495603	0
GSE46390_1	0.00112303992585822	0.0255191104474334	NA	NA
GSE48438_1	0.00112798493114838	-0.00118328665059387	NA	0.000336471152433035
GSE50549_1	-0.0058566192788928	-0.017175226898802	-0.00594838391422242	-0.00554335231754587
GSE50549_2	-0.00460747408808407	-0.0113480123944866	-0.00280672307387838	-0.000169877790644474
GSE51098_1	0.00125110917347082	0.00219743802334854	-0.00299160537571172	0.00374891346331423
GSE53857_1	0.00150025384581594	0.0115183449953109	0.00106157112526539	0.00615361451730743
GSE53857_2	0.00205846002508177	0.0315646667057288	0.00210526315789474	0.00613937428478134
GSE53857_3	0.000418237111206982	-0.0138214961773133	0	0.000345446467296608
GSE53982_1	0.00433821944795084	0.000930558764678941	0.00655430304764285	0.00900235020951861
GSE53982_2	0.00288127132988326	0.011802059761246	-0.000975579848172528	0.0113766662634143
GSE54779_1	0.00475438123108512	0.0273527974245586	0.00334041050133141	0.000983359761593848
GSE55900_1	0.00148148148148148	0.0273941797411014	0.00284090909090909	0.0113489038294264
GSE57104_1	-0.00127309757398332	0.00819332719152405	NA	-0.00660302590499558
GSE59387_1	-0.00283598037648878	-0.0119149178494675	NA	NA
GSE60401_1	-0.00284451512567538	0.00232811617458988	NA	NA
GSE60401_2	0.000795610021312969	-0.0161729874180381	NA	NA
GSE60651_1	-0.00970634349192579	-0.030859867254079	NA	NA
GSE60737_1	2.11918528494372e-05	0.021905751095651	NA	NA
GSE60761_1	0.00103267869756104	0.00913240252277855	0.00240384615384615	0.00314003256780772
GSE60761_2	0.00136872427830479	-0.00382451992616855	NA	0.00847732614235608
GSE60761_3	-6.57723288947035e-05	0.00440170023384314	-0.00257479425812093	0.00118991118770096
GSE60761_4	0.000430533896403172	0.0121145340011536	-0.000242478503348068	-0.00752753124232719
GSE63017_1	-0.000628140703517588	-0.0060413023308854	NA	-0.00667202362854537
GSE63017_2	-0.000109755066275867	0.00444381024350376	NA	0.00306191602193752
GSE63017_3	-0.00231849110571891	0.00193487834994165	-0.00337612344699974	-0.00148690547531994
GSE63017_4	-0.00160362835318833	0.00126527891612575	NA	-0.00137972375396688
GSE63939_1	-0.00279000990197642	-0.0226258915557767	-0.00375863457355253	0.000168709408287683
GSE63939_2	0.00343193047724504	-0.0004915732784869	0.00103155519488604	-0.000234033700852924
GSE64141_1	-0.00566243459647438	-0.00683736406487776	NA	NA
GSE64965_1	0.00712148906821997	0.0186132549495896	0.00446310215673723	0.00749150240053328
GSE65745_1	0.000628140703517588	0.000784217038283756	NA	0.00271958313105807
GSE65745_2	0.00187032418952618	0.015773294920309	0.00111856823266219	0.0107626150135361
GSE65745_3	0.0012453300124533	0.0106174402713467	0.00112107623318386	0.0082290565516234
GSE66416_1	-0.00416592381642708	-0.00539772227876294	NA	NA
GSE66862_1	0.00147112208300219	-0.0077024444491421	0.0023243860350072	-0.0104842525467769
GSE69108_1	0.011509620260658	0.0217342110142003	0.00811348454593166	0.0136679935520485
GSE71565_1	-0.00884078562975405	0.00239290711965985	NA	NA
GSE72261_1	0.000681270791526717	-0.0097836794696564	0.00047548975444708	-0.00261694189179852
GSE72261_2	0.00493219615932554	-0.00520347306086926	0.000721188593220692	-0.00807528262449026
GSE72261_3	0.00299946542613279	-0.00582867396687524	0.000819090387207452	-0.00461973490497162
GSE7683_1	-0.0082916152101052	0.00645863301592923	-0.00807172987196375	0.0147064193349467
GSE7683_2	-0.0112915499140871	-0.0218878321627373	-0.00674883088568458	0.00584780490576251
GSE78980_1	0.00457320246265743	0.0125566298618784	NA	NA
GSE78980_2	-7.77388565236111e-06	-0.0121442537117673	NA	NA
GSE78980_3	0.00354599712456574	0.0341222011304608	NA	NA
GSE78980_4	0.00174538667428516	-0.0149644644100352	NA	NA
GSE78980_5	0.000933198170311976	0.0103101799604444	NA	NA
GSE78980_6	-0.00374210028838919	-0.00900730301799397	NA	NA
GSE78980_7	-0.00146817534002912	-0.00636569468283012	NA	NA
GSE78980_8	0.00666661224561245	0.00644373867956444	NA	NA
GSE78980_9	5.64887797100816e-05	-0.00164945770576561	NA	NA
GSE78980_10	0.00349942209511622	-0.0100744431022909	NA	NA
GSE81399_1	-0.0026233484628478	0.0150256669763208	NA	0.00473243488913286
GSE84609_1	-0.00824616779735291	-0.0159211125205267	-0.00340294724974966	-0.00886709820583484
GSE84907_1	-0.0157346235085673	-0.0245121032666419	-0.00964041542245423	-0.0129182795678456
GSE84907_2	-0.0110625358999726	-0.0235568342829631	-0.0123836772754792	-0.0115822252220986
GSE84907_3	-0.00357325243471735	-0.000445817456946319	-0.00699150373236221	-0.00314653709522295
GSE90127_1	-0.0109245169935774	-0.024835908367706	NA	NA
GSE90127_2	0.00555707021641744	-0.00719577882881378	NA	NA
GSE90127_3	-0.00907398848979365	-0.0182493124106676	NA	NA
GSE9247_1	-0.00523629747616796	-0.0176297139884808	-0.00521948962980591	-0.00329697641689796
GSE9247_2	-0.0159144264088736	-0.0324417964480764	-0.0130625392060821	-0.00232383794535928
GSE9247_3	-0.00155546186159207	-0.0178444355529058	-0.00188351585326646	-0.00275502023765352
GSE99306_1	-0.00643612878092504	-0.0232575187309134	-0.00270362400013782	-0.0075521229522148
GSE99306_2	-0.00546371637301063	-0.000241868279169538	-0.0019827045468453	0.000977438316807393
GSE99306_3	-0.00887556381575598	-0.0311062662348873	-0.0053325125685982	-0.00340183340811693
GSE99306_4	-0.00589232642121834	0.00185567230768303	-0.000730277507079925	-0.00507806971086567
GSE99306_5	-0.00173962811920038	-0.0031784876751339	0.00338982222073283	-0.00375105769934336
GSE99306_6	-0.000794242550873611	0.00508773008906709	0.000472417026322842	0.00358235587162526
GSE99306_7	0.000339361309840884	-0.0174676480869045	-0.00095373191484661	-0.00366559982632049
GSE99306_8	0.00221458340798529	0.0025249197003222	0.000193896621847598	-0.00249865790919921
GSE99306_9	0.000188391128776395	0.0143763641380354	0.00283325664388982	0.00539386269546562
GSE99306_10	-0.0118488161548584	-0.0314862530965099	-0.00163844191931153	-0.0233247478902559
GSE99306_11	-0.000790761889606351	-0.00247918411997146	-0.00248810388777173	0.00067723065993236
GSE99306_12	-0.00391355221038904	0.00705212492813637	0.00103072846189861	-0.00361911167501294
GSE99306_13	0.00451172026837573	-0.0143820787327051	0.00563754044467208	0.000302390448400434
GSE99414_1	0.00490420188514155	-0.00255930025558094	0.00371458948125036	-0.000802784388028602
GSE110581_1	0.00222167135959231	-0.0140427262113327	0.000465283695822083	-0.00406792995835005
GSE110581_2	0.000110348320806085	-0.00716836646999253	0	-0.00127415564066852
GSE47799_1	-0.00338898496890299	-0.00144718292557821	-0.00404813148332062	-0.00144636993264765
GSE47799_2	-0.00518157134392556	0.00243752843493402	-0.00757828413671094	-0.00977026040643423
GSE47799_3	0.00385877751657994	-0.00316774823929247	0.00245379823575226	0.00623231012871488
GSE111628_1	-0.00227025045005918	0.0276160123598328	NA	NA
GSE111628_2	0.000507468947521845	0.0221778185871283	NA	NA
GSE111628_3	0.00284574309870338	0.0315862445274621	NA	NA
GSE5657_1	-0.00725671445540035	-0.00741925348680236	-0.00527362126928743	-0.0125131767854579
GSE5657_2	0.000515540750078677	-0.0104407763423351	0.000487967914438503	-0.00558018617902339
GSE13782_1	-0.00301998180335743	0.0147969939919092	-0.0065178457795328	-0.0075236900872091
GSE41039_1	0.00220302737740912	0.00344592499921812	0.00140845070422535	0.00166260893440545
GSE84198_1	0.00545737912714802	-0.00320901756317875	0.00413341678401919	0.0062914529300417
GSE84198_2	0.000446353270307363	-0.01310247740422	-0.000420734365006649	0.000850855597097976
GSE84198_3	0.0140488215590095	0.0310476794691224	0.0112936096675334	-0.00148371580523602
E-GEOD-54216_1	-0.0103676232649959	-0.0136191522846585	-0.0121604451650855	0.00321139955725539
E-GEOD-54216_2	-0.0062331259885238	-0.017445733433919	-0.00559601939787569	0.00264381268107454
E-GEOD-54216_3	0.00107651759032289	-0.0121065571007845	-0.00181494291848608	0.000315468107978251
E-GEOD-6119_1	-0.00453704304506818	0.0097075187723933	-0.0116391940914368	-0.0195108680553067
E-GEOD-6119_2	-0.00450820894291918	0.0115093492469513	-0.00699123971869412	-0.00142333484548637
E-GEOD-6119_3	-0.0015624053780109	0.0151666536005024	-0.00667541674549646	-0.00842256754763386
E-GEOD-8077_1	0.0046724306532416	0.0100067961224624	0.00583543945527558	-0.000196903502019579
E-GEOD-8077_2	0.000433585524081244	-0.00108603306035514	0.00378787878787879	-0.00249027010981397
E-GEOD-8077_3	-0.00210184354454657	-0.00930818293588576	-0.00430656856790002	-0.00458385786877548
GSE103416_1	0.0108188198942296	0.0354848978375764	0.01228478802835	-0.000558709541614365
GSE103416_2	0.00161987050145448	0.0184824528140346	0.00151725507836272	-0.000564171374463743
GSE103416_3	-0.0053174635404679	0.00113774524430079	-0.00520843314271081	0.00518674245282129
GSE19950_1	-3.07635900642644e-07	-0.00423716871221177	-0.00593639748193962	0.00130602310679494
GSE30322_1	0.00360793183388183	-0.0177060567399165	0.0124773678318299	0.00379845508885267
GSE30322_2	-0.000501851840337048	-0.00877845006135008	-0.00144298668473215	0.00587480909985247
GSE30322_3	-0.00396375546360426	-0.0134124147403576	-0.00528693076767073	-0.00486414569245417
GSE42295_1	0.00127687959169076	0.000914399973047592	0	0.0111110313815538
GSE42295_2	-0.00696348679813089	-0.019907323068394	0.000936240910902815	-0.00565198278031958
GSE42295_3	-0.00964665081710702	-0.025628342144795	-0.00511615393140017	-0.00715482052788502
GSE66554_1	-0.00835784202971	-0.0211784709884238	-0.00348276748894328	0.00845589952228031
GSE66554_2	-0.00579708919840947	-0.0174464404724679	6.12218629544147e-05	-0.00284148277790925
GSE66554_3	-0.00144736032195907	-0.0202391474292098	0	-0.00811735559857086
GSE66554_4	-0.00238926756626132	0.000945838985872111	-0.000717706701436617	-0.00189654572331562
GSE74898_1	-0.00719193184524722	-0.0452193912886301	-0.00650676683241536	-0.0118734291969155
GSE74898_2	-0.0119179447766247	-0.0469539014067129	-0.0134858792043459	-0.0163929798723613
GSE74898_3	-0.0174725556693354	-0.0626522369793654	-0.0174980328318089	-0.0102891499874011
GSE79176_1	0	-0.00348010380002211	NA	NA
GSE79176_2	-0.00134954473189767	-0.00876657149278914	NA	NA
GSE79176_3	-0.000618046971569839	-0.00620375497115065	NA	NA
GSE85785_1	0.00236529488917213	0.0102017964661421	0.001688579789153	-0.00132713788656715
GSE23492_1	0.00476214512919772	0.00843260312302786	NA	NA
GSE23492_2	0.00862390447893661	0.0209998428676792	NA	NA
GSE23492_3	0.00125628431061579	-0.00361902172080225	NA	NA
GSE23492_4	0.00828509731260163	0.00212651233170014	NA	NA
GSE23492_5	0.00174069972205355	0.00740001876828532	NA	NA
GSE44991_1	-0.00197382551927074	-0.00316807887871802	-0.00305290011172364	0.00762234040893017
GSE44991_2	-0.000209233354120322	0.0146111862175765	NA	-0.0125618565287335
GSE39796_1	-0.0107507290030927	-0.0348419986321146	NA	NA
GSE39796_2	-0.000633642981378149	-0.02074069338225	NA	NA
GSE39796_3	-0.0124722412834966	-0.0263435625693651	NA	NA
GSE18394_1	-0.0011008701452275	-0.022556052058937	-0.00151561806868549	0
GSE18394_2	0.00142615789431605	0.0018560330587313	0.0103889768313515	0
GSE18394_3	-0.00801499587696263	-0.0254664858193541	-0.0076483849741545	0
GSE29233_1	6.78236293361577e-06	-0.00584313844327431	NA	NA
E-MEXP-2291_1	-0.0127736049949418	-0.0247931313680652	NA	NA
E-MEXP-2291_2	-0.00457528400155497	-0.0120090056042133	NA	NA
E-MEXP-2291_3	-0.0106934208564367	-0.0120451417378562	NA	NA
GSE107363_1	-0.000224125554044979	-0.0396514543063674	NA	NA
GSE85761_1	-0.00810305500910193	-0.0181714853199941	NA	NA
GSE89179_1	0.0121146342108471	0.0405841231039813	NA	NA
GSE89179_2	0.00406779958230642	0.0270184662166208	NA	NA
GSE89179_3	2.37826104470054e-06	-0.00971690351907363	NA	NA
GSE89179_4	0.0131979669719498	0.0278603936618129	NA	NA
GSE89179_5	0.00824335806153793	0.029407168227951	NA	NA
GSE89179_6	0.0058777518646085	0.0161603755984581	NA	NA
GSE89179_7	-0.00366267896654232	-0.00467144112673559	NA	NA
E-GEOD-57723_1	0.0151842838241692	0.0273685442833601	NA	NA
E-GEOD-57723_2	-0.00176712663260259	-0.000742121491152199	NA	NA
E-GEOD-57723_3	0.00773447994681554	0.0127311234328606	NA	NA
E-GEOD-83930_1	0.00284919870707618	-0.00510362880165602	NA	NA
GSE100268_1	0.014495180419286	0.0520203854808722	NA	NA
E-GEOD-55769_1	-0.00823223162714629	-0.0220150286925371	-0.0106483959428623	-0.00687589741984863
E-GEOD-55769_2	-0.000613496932515337	0.00352460140126988	-0.00126582278481013	-0.00303211634600818
E-GEOD-55769_3	-0.00548040624769157	-0.02288870039825	-0.00790648002659538	-0.010668426526538
E-GEOD-69110_1	0.00248538497357665	0.00573657842155364	0.000343249427917621	-0.0011229089725512
E-MTAB-4304_1	-0.0109644159104055	-0.0215371339209346	-0.015680167046007	-0.00259499610144247
E-MTAB-4879_1	-0.0239913929585456	-0.0619254286667198	-0.0113849136152286	0.00258037065352406
E-MTAB-4879_2	-0.0141411330411003	-0.0338110377489124	-0.00571591750527736	0.000275507320453809
E-MTAB-4879_3	-0.00105317821562884	0.00649174158190247	0.000220860787609709	-0.00892359535070853
E-MTAB-4879_4	-0.00853187273475082	-0.0287314316185297	0.00343550490364378	0.0105188522521971
Cytokine_Explant_1	-0.00857460152770052	-0.0201855294247585	-0.00885068014022661	0.00632307632485468
Cytokine_Explant_2	0.0185952813917069	0.0436754852062895	0.0136387196484684	0.012074039753961
Cytokine_Explant_3	0.0232669251123178	0.0479721846054913	0.0118930167846344	0.00541819731167891
Cytokine_Explant_4	-0.00381344202542039	-0.00105770675486926	-0.0055663908689713	0.000578777323438839
Cytokine_Explant_5	-0.0117508815620439	-0.034016486372895	-0.00913336447220121	-0.0166096064754829
FN1_Explant_1	0.00665647918606701	0.0494848637790715	-0.000129913497998409	0.00530720634473779
E-MTAB-6266_1	-0.00297920018934686	-0.0159467853434656	-0.000399592190696241	-0.00891151162483038
E-MTAB-6266_B_1	-0.00102336748236335	-0.0136193981827547	-0.000506623758705072	-0.00817866817866818
E-MTAB-6266_B_2	-0.00639671058879328	-0.0150278314162735	-0.00683494777331895	0.00548475446264992
E-MTAB-6266_B_3	0.000145325805708811	-0.00106034382434729	-0.00744295894815296	0.0028626532828028
GSE70667_1	-0.00208662305436499	-0.00416329757349054	-0.00174825174825175	-0.0105345210714095
GSE87608_1	-0.00421380452380281	-0.0275443396768196	NA	-0.0129340925498438
GSE87608_2	0.0018764860862116	0.0063349420944674	-0.00254546103998768	-0.0066066238175273
GSE87608_3	-0.00101634162686965	0.0167909576981754	-0.00315070551942871	0.00826835166637456
GSE87608_4	-0.00686606369119433	-0.00703376007020682	-0.00289954957548334	0.00618520313967975
GSE90890_1	0.0134851113665606	0.0382221697424339	0.00734389405162109	0.0111263611447555
GSE97118_1	0.00395261795637104	0.0152612310188594	NA	NA
GSE97118_2	0.0024054578737274	0.00596717893016688	NA	NA
GSE97118_3	0.00649595149900168	0.0276138289739715	NA	NA
GSE97118_4	-0.00572632961260597	-0.00635008844652834	NA	NA
GSE97118_5	0.00747453537133957	0.019458955438335	NA	NA
GSE97118_6	-0.000266463178287921	0.00116612373398214	NA	NA
GSE97118_7	-0.00326905764705557	-0.00497998792774777	NA	NA
GSE107592_1	-0.00370407115022348	-0.0408277292060072	-0.00513728563021302	-0.00629262446643839
GSE92641_1	-0.00282312753700183	-0.00962456088458598	-0.00892485528349046	-0.0131263160946017
GSE107849_1	0	-0.0038761568430827	NA	NA
E-ERAD-89_1	-0.000802615507452024	0.00127675430982832	NA	NA
E-ERAD-89_2	0.00091257207314577	-0.00472280545720442	NA	NA
E-ERAD-89_3	7.92790097602933e-05	-0.00171617834463759	NA	NA
E-ERAD-89_4	0	0.000769417650374616	NA	NA
E-GEOD-45893_1	0	-0.0200897269382759	NA	NA
E-GEOD-53105_1	-0.00193729984369911	0.00559108853308039	-0.00193387759828614	-0.000169930661008563
E-GEOD-53105_2	0.000939856512679065	-0.00492998566015472	-0.00608911705039476	-0.00111018673974909
E-GEOD-54461_1	0.000268045896819098	-0.00404416618883203	0.00205067834835837	0.00526252229572373
E-GEOD-54461_2	0.00480890095495321	0.00707150064385185	0.00828294074654689	0.00142520797553151
E-GEOD-54461_3	-0.00157964366429893	0.00437085329781086	0.00340483600260024	0.00150513012107029
E-GEOD-54461_4	0.00387836960840739	0.00688083900792323	0.0060961588428603	0.00530939705751678
E-GEOD-54461_5	0.0027109625756782	0.0197492319298878	0.00508986101099008	0.0102318126899849
E-GEOD-54461_6	0.00154019763527481	0.0200219097564539	-0.000602503524780709	0.00717812238725018
E-GEOD-54461_7	-0.000251216368212657	0.00596343271850493	0.0030035832345399	0.00502694954757701
E-GEOD-54461_8	0.000165259779660563	0.00395576551843139	0.00150773046424625	0.00630605435577362
E-GEOD-73372_1	-0.0128074766804715	-0.027495446083288	NA	NA
E-GEOD-73372_2	-0.00596050011065759	-0.0191728630453619	NA	NA
E-GEOD-73372_3	0.000755007143941817	0.0162347808746371	NA	NA
E-GEOD-75549_1	0.00489447009525191	0.0223902620217537	NA	NA
E-GEOD-76988_1	0.00220144463716675	0.00660353314387734	NA	NA
E-MTAB-2923_1	-0.0102023230042787	-0.0321293018304526	NA	NA
E-MTAB-2923_2	0.00911695232407347	0.023910245861608	NA	NA
E-MTAB-2923_3	0.000708189622085884	-0.00393431059362867	NA	NA
E-MTAB-2923_4	0.00339258950499455	0.0127414175880099	NA	NA
E-MTAB-3428_1	0.00727376888053661	0.0396530870439135	NA	NA
E-MTAB-3428_2	-0.00303755091305637	-0.0256632266991314	NA	NA
E-MTAB-3428_3	0.00348659236884635	0.0338788225271979	NA	NA
E-MTAB-3428_4	0.00983683989120248	0.0419131969886089	NA	NA
GSE102856_1	-0.0056830387826505	-0.0376918675833083	NA	NA
GSE103492_1	0.00251585795805512	0.0117820240765086	0.00971724210378616	0.00580080605052858
GSE103492_2	-0.00121153022817202	0.00781275345121216	0.00608925081317739	-0.00882221227048813
GSE103492_3	0.000705123795034214	0.0162751018234121	0.00487475734389407	9.39499780633277e-05
GSE103492_4	0.00260273861285366	0.0123316710593934	-2.6119973661972e-05	0.00540463823951267
GSE103492_5	-0.00527576261984792	-0.012189399445982	-0.0032337295884319	-0.014786163802391
GSE103492_6	-0.00473281832000085	-0.0115224296814673	-0.00236488872693829	-0.00983689248798596
GSE103492_7	0.00476163742920686	0.000254063626938947	0.00255363921464212	-0.000972238069012263
GSE103492_8	-0.00106830521955512	-0.00396180538112424	0.00290135659968598	0.00668241162270645
GSE103492_9	-0.000645204564961595	-0.0103124454165294	0.0027032253735468	-0.0022039247001112
GSE103492_10	-4.64738859436223e-05	-0.00838346916392656	0.0021346181530267	-0.000145575156818329
GSE106259_1	-0.00825862241833435	-0.00455571369124428	-0.0110560490462451	-0.000135752442328089
GSE110303_1	0.000503014100697166	0.019324571422731	NA	NA
GSE110303_2	0.000964605314602541	0.000826819344831512	NA	NA
GSE110303_3	0.00605475856504098	0.0203291045332824	NA	NA
GSE110300_1	-0.0033217050462857	0.00117939214802245	NA	NA
GSE110300_2	0.00072183454554908	-0.0231237053148739	NA	NA
GSE110300_3	0.000982477742501985	0.0112101341747594	NA	NA
GSE110281_1	-0.017797023652731	-0.0555347934254906	NA	NA
GSE110281_2	-0.00742284141129476	-0.0177483430777584	NA	NA
GSE110281_3	0.0102080751128042	0.0408391537220754	NA	NA
GSE104459_1	-0.000621713174554905	-0.00340570499293353	-0.000315927012151939	0.00417447393770553
GSE104459_2	0.000851132542544691	0.0209345850782343	0.00270165285640805	0.00644834403875548
GSE104459_3	-0.00532092804754531	0.000191060186401404	-0.000916420228090157	0.0194423946286314
GSE110051_1	-0.00406591725853285	-0.0174959198868734	-0.00560451731012036	-0.00142138898577562
GSE110051_2	0.00290690764764966	0.0259189051368674	0.00584944332978572	-0.00891599616635264
GSE110051_3	-0.00184526203988231	0.00341690234349798	-0.00413531223394495	-0.00822342196774295
GSE112694_1	0.00290797486011809	-0.000866113386496569	0.00139366016989106	-0.00523587191436986
GSE112694_2	0.00162704167898339	-0.00750252963278772	0.00110195470114694	0.00723850199292249
GSE112694_3	0.00588212406965781	0.00749941424514307	0.0023367723842061	-0.00469953768334442
GSE112694_4	-0.00311457144766867	-0.00465181228320356	-0.00185446745103514	0.00343943466596972
E-MTAB-5879_1	0.00835758093101387	0.0105166056704443	0.00293762909467467	-0.0192803537378114
E-MTAB-5879_2	-0.00054852902422366	0.0176554677442901	-0.000333863736079257	0.00850622052766195
E-MTAB-5879_3	-0.00062811044618105	-0.0019665098406194	-0.00318954146624062	0.00148329667580732
E-MTAB-5879_4	0.00235913462377065	0.0190048045703232	0.00120944040940589	-0.0094028708206316
E-MTAB-5879_5	0.00720711616615728	0.00695463404763421	-0.00066433666047225	-0.0146505048037779
E-MTAB-5879_6	0.00840566753950978	0.0134369882555767	0.00233126739163914	-0.0193740149775717
E-MTAB-5879_7	0.00260063753535139	-0.00331941242553609	-0.00134770889487871	-0.0166039979121155
E-MTAB-5879_8	0.00559821268305492	0.00368172653472753	0	-0.00235039462920914
E-MTAB-5879_9	0.00221551351911441	-0.00552585543071514	0	0.0161577967002912
E-MTAB-5879_10	-0.00807135201896227	-0.0201652471626543	-0.00108560794044665	-0.00469861044285018
E-MTAB-4294_1	0.00133362993739506	0.0151068138015536	0.00907180174919963	0.00922879290447824
E-MTAB-4294_2	0.00124096713884798	0.00647004817373953	-0.000540177662656252	0.00472187255651196
E-MTAB-4294_3	-0.00261026201986992	-0.00993892323769948	-0.00966225311553475	0.00119757425136828
E-MTAB-3186_1	0.0140990441238954	0.0497974168841433	0.0141065476476988	0.0113681763813326
E-MTAB-3186_2	0.0249428662124738	0.0538728019011886	0.0318475853748583	0.0162751596326524
E-MTAB-3186_3	0.0162515651309284	0.0421448790808597	0.0229215253979961	0.0131949191383059
E-MTAB-3186_4	0.0109776778361731	0.0296044715880056	0.0107920226080245	-0.000194404931247037
