comparisonID	jaccard	cosine	sigjaccard	chrDir
22659600_1	0.0184273323214583	0.0559961756374989	NA	NA
24361742_1	-0.00161160451776873	0.0199761437090731	NA	NA
GSE72258_1	0	0.014583477228462	NA	NA
GSE72258_2	-0.000390930414386239	0.00215153541604794	NA	NA
GSE69531_1	0.0141641585127828	0.0421605980467968	NA	NA
GSE69531_2	-0.0237492696445893	-0.0104227873048012	NA	NA
GSE69531_3	-0.0247498619510684	-0.0255919563123451	NA	NA
GSE69531_4	0.0141641585127828	0.0421605980467968	NA	NA
GSE58203_1	-0.00344068375508764	-0.0398617075546561	NA	NA
GSE58203_2	-0.00700410595815278	-0.0423624139268352	NA	NA
GSE58203_3	-0.0228778685201231	-0.0646104184262336	NA	NA
GSE58203_4	-0.0415832514518977	-0.0802240021268782	NA	NA
GSE58203_5	-0.00765613665667034	-0.046960302122955	NA	NA
GSE58203_6	-0.0224024248555544	-0.0868577942996211	NA	NA
GSE58203_7	-0.0413207095012105	-0.0936408575817642	NA	NA
GSE58203_8	-0.0748620216641556	-0.125352897782674	NA	NA
GSE59642_1	0.0649277985674288	0.107265504932823	NA	NA
GSE59642_2	-0.00279315421825681	-0.00222708818060046	NA	NA
GSE59642_3	-0.0730365267271785	-0.135213799818916	NA	NA
GSE64922_1	0.00852114951504333	-0.0493579941647731	NA	NA
GSE60162_1	-0.0103555302559137	-0.064473722494235	NA	NA
GSE31685_1	0.036378463260632	0.111263721440877	NA	NA
E-MEXP-3890_1	-0.0210802432336875	-0.0259968111886387	NA	NA
GSE31980_1	-0.00667803167036373	-0.010882427743439	NA	NA
GSE15615_1	-0.00848119239399089	-0.0238212893456169	NA	NA
GSE15083_1	-0.00036267665155544	0.0371447140275091	NA	NA
GSE108035_1	0.0127321697881067	0.0120905636282709	NA	NA
GSE108035_2	-0.0335628116170946	-0.0594500433121608	NA	NA
GSE108035_3	-0.0462290467760195	-0.0905888762113137	NA	NA
GSE21959_1	0.00516342169766407	0.0258185229834897	NA	NA
GSE21959_2	0.00567566423243338	0.0315938644436637	NA	NA
GSE24742_1	0.0119425860309301	0.0484806474302494	NA	NA
GSE24742_2	0.00270379967729702	0.0209090407792196	NA	NA
GSE24742_3	-0.013963477719151	-0.0620034778966128	NA	NA
GSE74668_1	0.00386012445797261	-0.0286821448633138	NA	NA
E-GEOD-10024_1	-0.00517929519410947	-0.0113681988496768	NA	NA
E-GEOD-10024_2	-0.00838517113018864	-0.0232140111630085	NA	NA
E-GEOD-12860_1	-0.0134286171796124	-0.029185052717865	NA	NA
E-GEOD-12860_2	0.0128399025706788	0.00924396697496461	NA	NA
E-GEOD-12860_3	-0.00151524310439592	-0.0103542903403012	NA	NA
E-GEOD-12860_4	0.00431894977090151	-0.00160014448221922	NA	NA
E-GEOD-12860_5	-0.00435243861718292	-0.0121891258423784	NA	NA
E-GEOD-12860_6	0.0139063580061219	0.0133876870636241	NA	NA
E-GEOD-12860_7	0.00335362868533444	0.00631740235822416	NA	NA
E-GEOD-12860_8	-0.0163263460825776	-0.024854621714277	NA	NA
E-GEOD-14359_1	-0.0571850569710186	-0.121877341774409	NA	NA
E-GEOD-14359_2	0.0143404504250657	0.0357961454776706	NA	NA
E-GEOD-1919_1	-0.0204049909484884	-0.116207133418946	NA	NA
E-GEOD-1919_2	-0.0419151594619194	-0.101824669520061	NA	NA
E-GEOD-1919_3	-0.0186262299718318	-0.0550101479956655	NA	NA
E-GEOD-1919_4	-0.0223893126403089	-0.0732362099593209	NA	NA
E-GEOD-1919_5	-0.0320230609288895	-0.0891218227601308	NA	NA
E-GEOD-1919_6	0.0035865716915084	0.00278605191798006	NA	NA
E-GEOD-1919_7	0.00794677594511388	0.0121472464121385	NA	NA
E-GEOD-1919_8	0.00537254038618008	0.0122173926978109	NA	NA
E-GEOD-1919_9	-0.00145871334433709	-0.00404238037186495	NA	NA
E-GEOD-19664_1	-0.000803573822487309	-0.0182622333264222	NA	NA
E-GEOD-19664_2	0.00708040331047263	0.0194739132446164	NA	NA
E-GEOD-19664_3	0.0379075112475405	0.0958911034016286	NA	NA
E-GEOD-19664_4	0.000652880435650122	-0.0120925238708878	NA	NA
E-GEOD-19664_5	0.00439265967641912	0.0146216364055217	NA	NA
E-GEOD-19664_6	0.0389547827452328	0.0919253834514613	NA	NA
E-GEOD-43923_1	-0.0522169720327379	-0.126097011323461	NA	NA
E-GEOD-51812_1	0.0110437724400235	0.0227318650138735	NA	NA
E-GEOD-51812_2	0.00380319980580522	0.0046440097910601	NA	NA
E-GEOD-68760_1	-0.0410056636883907	-0.089075470957301	NA	NA
E-GEOD-82107_1	-6.9479067250305e-05	-0.00015906115010809	NA	NA
E-GEOD-9451_1	0.0346038563964492	0.0690333469591326	NA	NA
E-GEOD-9451_2	0.0417395886487256	0.0749376093945506	NA	NA
E-GEOD-9451_3	0.0207032347878832	0.0320926284038532	NA	NA
E-GEOD-9451_4	0.022434038809299	0.0399713341550103	NA	NA
E-MEXP-2019_1	0.0300519803390251	0.0844593633543464	NA	NA
E-MEXP-2019_2	-0.0046844066945669	0.00625931449896072	NA	NA
E-MEXP-2019_3	0.0310942894216033	0.115368720504877	NA	NA
E-MEXP-2019_4	0.000466444761718508	0.0164756694404696	NA	NA
E-MEXP-2276_1	-0.00527272117142363	-0.0451852631597577	NA	NA
E-MEXP-2488_1	0.0329357704508646	0.0723903652134571	NA	NA
E-MEXP-3129_1	-0.00741357840648342	-0.0311504679325214	NA	NA
E-MEXP-3474_1	-0.0254637932418573	-0.0466818215492217	NA	NA
E-MTAB-3010_1	-0.0341934425589407	-0.0655386518791143	NA	NA
E-MTAB-3010_2	-0.0307721991279408	-0.0605851764209178	NA	NA
E-MTAB-3010_3	0.00113590843485304	0.023920347890926	NA	NA
E-MTAB-3010_4	0.0350536520084942	0.0762519070750025	NA	NA
E-MTAB-4152_1	-0.0310376646210083	-0.0851806499892757	NA	NA
E-MTAB-4152_2	-0.00722471337792891	-0.0723290573311668	NA	NA
E-MTAB-4152_3	-0.0473470765014352	-0.140857045468112	NA	NA
GSE100609_1	0.00115376126655426	-0.00550849759425237	NA	NA
GSE100786_1	-0.00156678722450044	-0.0299385202116316	NA	NA
GSE100786_2	0.00183498396096488	0.0280868670999147	NA	NA
GSE103697_1	0	-0.0149398781260516	NA	NA
GSE103697_2	0	0.00411684406214741	NA	NA
GSE103697_3	-0.000392464678178964	-0.0009110395399546	NA	NA
GSE104113_1	-0.0284878860028153	-0.0614687683801711	NA	NA
GSE104113_2	-0.0352116969988253	-0.0691388438325958	NA	NA
GSE104113_3	-0.0284878860028153	-0.0614687683801711	NA	NA
GSE10575_1	0.00799278773040154	-0.00138918181326456	NA	NA
GSE10575_2	-0.0404759644565447	-0.113413970997533	NA	NA
GSE10575_3	-0.0779847930763156	-0.167809551549613	NA	NA
GSE13604_1	0.00031947930517684	-0.00966597340000888	NA	NA
GSE13837_1	-0.00645999012063611	-0.0174258181066291	NA	NA
GSE13837_2	-0.00409953070987289	-0.0273958273801372	NA	NA
GSE13837_3	-0.00309260480635962	-0.0138540759035705	NA	NA
GSE13837_4	-0.0239149411272082	-0.0491483168987333	NA	NA
GSE13837_5	-0.00269951059059649	-0.00482492641751324	NA	NA
GSE13837_6	-0.00758822223559683	-0.0234455381296901	NA	NA
GSE13837_7	-0.00724591782123319	-0.0260983186267365	NA	NA
GSE13837_8	-0.0272833292279021	-0.0721372551616725	NA	NA
GSE13837_9	-0.00645431931363487	-0.0209195111166347	NA	NA
GSE13837_10	-0.00610230543359642	-0.017420728255329	NA	NA
GSE13837_11	-0.00761808002745826	-0.00664101842025309	NA	NA
GSE13837_12	0.000422829462683467	0.0130029428793083	NA	NA
GSE13837_13	-0.00488133402225427	-0.0387812250015525	NA	NA
GSE13837_14	-0.0159401430551588	-0.0429813699459045	NA	NA
GSE13837_15	-0.025042119154541	-0.06303103003718	NA	NA
GSE13837_16	-0.0466254317568198	-0.101584503795149	NA	NA
GSE13837_17	-0.000471033410688302	-0.0222381481705386	NA	NA
GSE13837_18	-0.00864927194723899	-0.0387092592791722	NA	NA
GSE13837_19	-0.0132296455943298	-0.0476277367868322	NA	NA
GSE13837_20	-0.0228232144501029	-0.0674883310150822	NA	NA
GSE13837_21	-0.0109667960963253	-0.0259083040592566	NA	NA
GSE13837_22	-0.00758647253016945	-0.0199025525634958	NA	NA
GSE13837_23	-0.0126129717449919	-0.0330252788525845	NA	NA
GSE13837_24	-0.0289275932052606	-0.0665990331000362	NA	NA
GSE16464_1	-0.0658068853229413	-0.162952444254245	NA	NA
GSE16464_2	0.0343602768808508	0.0933782452205246	NA	NA
GSE19060_1	-0.00398132521675763	0.0175490544380674	NA	NA
GSE27372_1	-0.00178851194703097	-0.0312510847325599	NA	NA
GSE27390_1	0.00691088023528615	0.0257174035927481	NA	NA
GSE29106_1	-0.00998878149181999	-0.00722149051919038	NA	NA
GSE29107_1	-0.00477582941200853	-0.0135823041288546	NA	NA
GSE29107_2	0.0058595289600825	0.00178525126837365	NA	NA
GSE29745_1	-0.0755572795635541	-0.166819334672723	NA	NA
GSE29745_2	-0.00552973156197714	-0.0295003647567075	NA	NA
GSE29745_3	-0.0266960184089908	-0.0375458958192189	NA	NA
GSE35546_1	0.000337955045442184	0.0188338795564919	NA	NA
GSE35546_2	-0.000778172023216247	0.0166455498457516	NA	NA
GSE35546_3	0.00070108233422901	0.0132539127232283	NA	NA
GSE35546_4	0.0191058830527157	0.0452411801796286	NA	NA
GSE35546_5	0.0168811711345747	0.0404490947236677	NA	NA
GSE35546_6	0.0155897502193434	0.0377817836008282	NA	NA
GSE35955_1	0.0023810839483279	0.00745264461636168	NA	NA
GSE35956_1	0.012849748051968	0.040899103424827	NA	NA
GSE35957_1	0.040171321395499	0.0897893309444516	NA	NA
GSE35958_1	0.0161647015191648	0.0341851722058603	NA	NA
GSE39340_1	0.00359355519514166	0.038136689668415	NA	NA
GSE39340_2	0.0164633360588873	0.10770715751715	NA	NA
GSE39340_3	-0.00959199460780858	-0.0801413935418319	NA	NA
GSE39795_1	0.00943061482003205	0.0343454056009966	NA	NA
GSE39795_2	0.0110839506218065	0.0185843541468569	NA	NA
GSE39795_3	0.00291942568717824	-0.00644828972722578	NA	NA
GSE41038_1	0.0257961096739066	0.0584307127947088	NA	NA
GSE41038_2	3.0528617789332e-05	-0.0056775121186724	NA	NA
GSE41038_3	-0.00500598769099101	-0.0190322055344989	NA	NA
GSE41992_1	-0.0130446403958393	-0.021446177885648	NA	NA
GSE42235_1	-0.0137034512597365	-0.0718521205333736	NA	NA
GSE42235_2	-0.00182820438008862	-0.0389494185662044	NA	NA
GSE42235_3	-0.0172385501116326	-0.0630904938375909	NA	NA
GSE42235_4	-0.0164323974503268	-0.0650171593596318	NA	NA
GSE45233_1	-0.024895086900986	-0.0763717772760263	NA	NA
GSE45233_2	-0.00344916088433772	-0.022473497351486	NA	NA
GSE45233_3	-0.00510453422730262	0.022689176452131	NA	NA
GSE45233_4	-0.0244237539104734	-0.0407928401194492	NA	NA
GSE46053_1	0.00104906582597937	-0.0187846610255472	NA	NA
GSE46053_2	-0.000264859783826208	-0.0430682441921498	NA	NA
GSE46750_1	0.00990499448379484	0.0623085890592395	NA	NA
GSE51588_1	0.0588561712592887	0.0994815388337426	NA	NA
GSE52817_1	-0.0161535278257494	-0.0378781185056547	NA	NA
GSE52817_2	-0.029293232435586	-0.0599785586489414	NA	NA
GSE52817_3	0.00422240634628184	0.0102353588379651	NA	NA
GSE52817_4	0.010811136599982	0.0267293465603202	NA	NA
GSE55235_1	-0.0325608368239991	-0.116458440590458	NA	NA
GSE55235_2	-0.0108706991559746	-0.0311306389734174	NA	NA
GSE55235_3	0.0212761783391756	0.0535243358096799	NA	NA
GSE55457_1	-0.0199777809979993	-0.131280754325078	NA	NA
GSE55457_2	-0.00509823296613933	-0.0450746383023921	NA	NA
GSE55584_1	-0.0171490322406582	-0.143550097592923	NA	NA
GSE57218_1	-1.75408628463639e-05	-0.0485273795416532	NA	NA
GSE57218_2	-0.00287928243602623	-0.0118126565538754	NA	NA
GSE57218_3	-0.00325657363753991	0.00790108090314493	NA	NA
GSE60762_1	0.01198533132807	0.0704758046594747	NA	NA
GSE62914_1	0.0295019904407056	0.0543748449635838	NA	NA
GSE62914_2	0.0346586404554106	0.0461991121493168	NA	NA
GSE62914_3	0.033046437623778	0.0677254801268782	NA	NA
GSE62914_4	0.0202282773277533	0.0356172009741196	NA	NA
GSE64394_1	-0.0355053716395885	-0.0570205673568016	NA	NA
GSE66635_1	2.33119311399625e-05	0.0187775628181643	NA	NA
GSE68038_1	0.0342059657998937	0.0668664498944944	NA	NA
GSE68428_1	-0.0146141638678638	-0.0463995024289137	NA	NA
GSE68428_2	-0.0084890252288641	-0.0270192126418385	NA	NA
GSE68428_3	-0.0465449132832349	-0.0765554799606927	NA	NA
GSE69459_1	-0.0152103209877526	-0.0241882897120751	NA	NA
GSE69459_2	-0.0152485534668877	-0.019984081635692	NA	NA
GSE69459_3	-0.00281368164445681	-0.0158522403953541	NA	NA
GSE69459_4	-0.0192444093237046	-0.0272502167386666	NA	NA
GSE69992_1	-0.0140893743403203	-0.0314063787449069	NA	NA
GSE70719_1	0.0219091738642335	0.0937308393678706	NA	NA
GSE7116_1	0.00690525454228232	0.0164260509116821	NA	NA
GSE7116_2	-0.00326888910184966	-0.0196529889296352	NA	NA
GSE7116_3	-0.00864015093429862	-0.0324726210206865	NA	NA
GSE72575_1	-0.00240814624708395	0.013600715205445	NA	NA
GSE72575_2	-0.00195809978580539	0.0351504042789441	NA	NA
GSE72575_3	-0.00341278024025832	0.013859947079541	NA	NA
GSE72575_4	0.000750841871036067	0.00669260440353499	NA	NA
GSE75181_1	-0.0180651067968948	-0.052579010141237	NA	NA
GSE75181_2	-0.0128178582779184	-0.0164462120753024	NA	NA
GSE75181_3	-0.0182782418864352	-0.0598578127386212	NA	NA
GSE75230_1	0.00923558258442554	0.0372662014181898	NA	NA
GSE7669_1	0.0033872536054821	-0.0147382823179819	NA	NA
GSE77916_1	0.000382848392036753	0.0223801920687581	NA	NA
GSE80614_1	-0.00160973419660416	-0.0130458992340412	NA	NA
GSE80614_2	-0.000836872653582079	0.0191270136072738	NA	NA
GSE80614_3	-0.000416842302468268	0.00432956534164148	NA	NA
GSE80614_4	0.00360298945908303	0.000988389679197296	NA	NA
GSE80614_5	-0.00118651143537441	-0.00432639534343634	NA	NA
GSE80614_6	-0.00645327563275289	-0.0156664932921167	NA	NA
GSE80614_7	-0.00243334012131414	-0.00918219075287311	NA	NA
GSE80614_8	-0.00843271618842401	-0.0160863496464088	NA	NA
GSE80614_9	-0.000838344454422481	-0.0242876835503635	NA	NA
GSE80614_10	-0.00349146166625695	-0.0241228082085655	NA	NA
GSE80614_11	-0.00118297743406928	-0.0107277088137109	NA	NA
GSE80614_12	0.000134507289589768	0.00464633019049511	NA	NA
GSE80614_13	0.00451412439043045	0.00309713106765567	NA	NA
GSE80614_14	0.00298068216047039	0.00447715576423951	NA	NA
GSE80614_15	0.00956103000680696	0.0174600387691086	NA	NA
GSE80614_16	0.00839522356042703	0.0174991800538138	NA	NA
GSE85254_1	-0.022666370495497	-0.0580357669058882	NA	NA
GSE86578_1	-0.00278545182176801	-0.0436873514249429	NA	NA
GSE86578_2	-0.00460682116961176	-0.0384418810177412	NA	NA
GSE86578_3	-0.0177780013175816	-0.0456271256454942	NA	NA
GSE9329_1	0.00217678218381943	0.00705203120686649	NA	NA
GSE93698_1	-0.0355919999389937	-0.0814781826326286	NA	NA
GSE93698_2	-0.0379976076067101	-0.0849794537927075	NA	NA
GSE93698_3	-0.00791635833301115	-0.0213235252567331	NA	NA
GSE93698_4	-0.015715221122776	-0.0477802995747966	NA	NA
GSE93698_5	-0.00581304653227659	-0.0167575878341651	NA	NA
GSE93698_6	0.0028332660177792	0.0222896656751876	NA	NA
GSE93698_7	0.0404158626374441	0.114501963182601	NA	NA
GSE93698_8	0.0268629454809079	0.112547113687519	NA	NA
GSE93698_9	0.0470598390256268	0.117135941986504	NA	NA
GSE93698_10	0.0353658676613568	0.106882898921157	NA	NA
GSE93698_11	0.029372627794838	0.0811855580730088	NA	NA
GSE93698_12	0.0474985490986037	0.0954663452219414	NA	NA
GSE93698_13	-0.0178870981238394	-0.0467185571168785	NA	NA
GSE93698_14	-0.00256353740501042	0.00332111540483622	NA	NA
GSE93698_15	0.0165729718375684	0.0412831302496182	NA	NA
GSE93720_1	-0.0231902241902185	-0.0474266194274254	NA	NA
GSE93720_2	-0.00146388027229358	-0.0269776978862716	NA	NA
GSE93720_3	-0.022784384910898	-0.0652123099512506	NA	NA
GSE93720_4	-0.0106951870158768	-0.0383768759868366	NA	NA
E-MTAB-5564_1	0.0363914857273394	0.0760991526700346	NA	NA
GSE77753_1	-0.00663129711917377	-0.0600289939901327	NA	NA
GSE43861_1	0.0117650288592926	0.0288295720781387	NA	NA
GSE112809_1	-7.40282752477873e-06	0.0118257117067052	NA	NA
GSE111946_1	-0.0553158426346034	-0.10566830002467	NA	NA
GSE111946_2	-0.000336602407216147	-0.0500726563906671	NA	NA
E-MTAB-3201_1	-0.0162316788188133	-0.00471838552512092	NA	NA
GSE57740_1	-2.35764279518146e-05	0.0355708875233946	NA	NA
GSE52992_1	-0.0518490406307138	-0.212146421376768	NA	NA
GSE17160_1	0.00425850028875554	-0.0557580511694794	NA	NA
GSE17160_2	0.0155662703881668	0.0886252914866642	NA	NA
GSE17160_3	-0.00381991581792433	-0.0725481687509954	NA	NA
GSE17160_4	-0.0109719023351995	-0.0682351960399069	NA	NA
GSE17160_5	-0.00237936553145878	-0.0191287823366451	NA	NA
GSE17160_6	0.00147675252164416	-0.0249976111774845	NA	NA
GSE17160_7	-0.061649556855056	-0.251289044976734	NA	NA
GSE17160_8	-0.0760708834044648	-0.182689628459499	NA	NA
GSE17160_10	0.729795322005249	0.95857799919067	NA	NA
GSE17160_11	0.671231554031058	0.948411774357243	NA	NA
GSE17160_12	0.620732780038438	0.920162461060001	NA	NA
GSE22971_1	0.00189718905179515	0.0578691867504919	NA	NA
GSE22971_2	-0.00111293493646435	-0.0682335536809149	NA	NA
GSE22971_3	-0.0315295018587856	-0.0712360312498497	NA	NA
GSE22971_4	-0.0474969795872757	-0.120387262159411	NA	NA
GSE13590_1	-0.00905840869545618	-0.0258245954449388	NA	NA
GSE13590_2	-0.00038342396183963	-0.0410776202925865	NA	NA
GSE99731_1	-0.000339842224039786	-0.0111010535877982	NA	NA
GSE99731_2	0.00227369611463742	0.112458362108658	NA	NA
GSE99731_3	0.0501701663818079	0.107455615274881	NA	NA
GSE27492_1	1.28340517707452e-05	-0.00733426276405333	NA	NA
GSE27492_2	-0.00627033178030347	-0.0715541732228786	NA	NA
GSE27492_3	-0.0329571330735245	-0.0878425001724398	NA	NA
GSE27492_4	-0.0175820962321082	-0.0641215178002505	NA	NA
GSE27492_5	-0.010728486489809	-0.0462988071339389	NA	NA
GSE27492_6	0.0101325743720133	0.0522374962870476	NA	NA
GSE27492_7	0.00543912520872967	0.0491325598832947	NA	NA
GSE27492_8	0.0133756663655489	0.0677559593422793	NA	NA
E-GEOD-15069_1	0.0171744980083061	0.170627220798266	NA	NA
E-GEOD-15069_2	-0.00172145812016103	0.0902637586796615	NA	NA
E-GEOD-15069_3	0.0259420134427631	0.0271726029026286	NA	NA
E-GEOD-15069_4	0.000360337663405643	0.099839358793697	NA	NA
E-GEOD-15118_1	0.00996884149321473	0.0819705048579518	NA	NA
E-GEOD-15118_2	-0.000776476616780455	-0.0163192990414475	NA	NA
E-GEOD-15118_3	-0.0288976263356401	-0.121563509970806	NA	NA
E-GEOD-15118_4	-0.014337435149544	-0.0552025063885614	NA	NA
E-GEOD-16007_1	-0.00123381550941349	-0.0371821689458881	NA	NA
E-GEOD-17473_1	-0.0180779174919976	-0.0351353714484532	NA	NA
E-GEOD-18647_1	0.0122851590793757	0.0429403918925822	NA	NA
E-GEOD-18647_2	-0.011286240338385	-0.0514673559409859	NA	NA
E-GEOD-18647_3	0.0170327753232802	0.044365356851485	NA	NA
E-GEOD-18647_4	-0.0109087434734095	-0.0350576024924165	NA	NA
E-GEOD-18648_1	-0.0340843105867764	-0.128248390972438	NA	NA
E-GEOD-18648_2	-0.0254702752280531	-0.105788037679952	NA	NA
E-GEOD-2154_1	-0.00453498668860582	-0.021362555677189	NA	NA
E-GEOD-2154_2	-0.000312163260122151	0.0114046059193425	NA	NA
E-GEOD-2154_3	0.0114785755805025	0.15109104804024	NA	NA
E-GEOD-2154_4	0.0568808286228795	0.199576475161639	NA	NA
E-GEOD-26475_1	-0.0207320739853211	-0.0965675896121644	NA	NA
E-GEOD-26475_2	-0.00768405130766109	-0.113941903128653	NA	NA
E-GEOD-26475_3	-0.0172011670738328	-0.135453313830976	NA	NA
E-GEOD-33567_1	0.151818251277352	0.294128655725915	NA	NA
E-GEOD-33567_2	-0.00377312345861876	-0.0107240801939594	NA	NA
E-GEOD-37287_1	0.0111843500590716	0.0501872696186582	NA	NA
E-GEOD-37287_2	-0.0229864669163694	-0.0620748188725985	NA	NA
E-GEOD-37287_3	-0.014777066211151	-0.0388554677440264	NA	NA
E-GEOD-51994_1	-0.00982689136243636	-0.0342658033338281	NA	NA
E-GEOD-51994_2	-0.00649061380326704	-0.00382363175906009	NA	NA
E-GEOD-51994_3	0.0162666340719985	0.0286592802891545	NA	NA
E-GEOD-65077_1	0.00226301129128239	0.00919671778776154	NA	NA
E-MEXP-1244_1	0.0143561493192927	0.121871359991496	NA	NA
E-MTAB-1123_1	-0.0244231037680847	-0.102890706894495	NA	NA
E-MTAB-1123_2	-0.0177108394800778	-0.0755741761622894	NA	NA
E-MTAB-1123_3	-0.00228028909206825	-0.00217051338077921	NA	NA
E-MTAB-1123_4	-0.00113218645034346	-0.0765347606064619	NA	NA
E-MTAB-1391_1	0.039460543528285	0.0893108604268557	NA	NA
E-MTAB-1391_2	0.164005815369863	0.284212378226495	NA	NA
E-MTAB-1391_3	0.166729525841219	0.308098390828528	NA	NA
E-MTAB-2450_1	-0.00627366352071939	0.00939430629451945	NA	NA
E-MTAB-2450_2	-0.0224292479013543	-0.122125201030039	NA	NA
E-MTAB-2450_3	-0.0712740399680692	-0.174833481039507	NA	NA
E-MTAB-2450_4	-0.04022806262393	-0.102697105518152	NA	NA
E-MTAB-5023_1	-0.0170485272040792	-0.0336132217360633	NA	NA
E-MTAB-5326_1	-0.00392946512830908	-0.0272016678721346	NA	NA
E-MTAB-5326_2	-0.0190060411552906	-0.0573078420594497	NA	NA
E-MTAB-5326_3	-0.0281017195091149	-0.0619057532855299	NA	NA
GSE102588_1	0.00539886182290675	0.0161064362664166	NA	NA
GSE104793_1	0.0933683496807083	0.159722386011036	NA	NA
GSE104794_1	0.00662572147420992	0.0186426512936595	NA	NA
GSE104795_1	0.00833310827666959	0.0208372380843593	NA	NA
GSE105139_1	0.000784313725490196	-0.048744811552529	NA	NA
GSE105139_2	-0.00676830157935262	-0.0473055402712767	NA	NA
GSE105139_3	-0.00411638874920729	-0.0225073314529168	NA	NA
GSE10555_1	0.0731166217645698	0.166516435631247	NA	NA
GSE10556_1	0.00462211783147422	0.0210125050090319	NA	NA
GSE106631_1	0.0358391199868785	0.0850436507050411	NA	NA
GSE13104_1	-0.0206703519532887	-0.0710890304971745	NA	NA
GSE13104_2	-0.045497462375574	-0.124566941922785	NA	NA
GSE13104_3	-0.0690953409296982	-0.170342078075585	NA	NA
GSE16749_1	0.0391933691643808	0.086123023048738	NA	NA
GSE16749_2	0.000372058328338577	0.00819555458634829	NA	NA
GSE16749_3	-0.00632307057111414	-0.0130065340746291	NA	NA
GSE17348_1	-0.0308400312275161	-0.0533495065863136	NA	NA
GSE17563_1	-0.0370461298729218	-0.0566031030188241	NA	NA
GSE17563_2	0.0392470148666109	0.0742195833981741	NA	NA
GSE17569_1	0.0186197723919553	0.0542525663451768	NA	NA
GSE17569_2	0.0715999680295184	0.120969276505551	NA	NA
GSE17570_1	0.0617220033327865	0.0847839147421495	NA	NA
GSE17570_2	0.0105302913638912	0.036946602107093	NA	NA
GSE18991_1	0	-0.0365168319722727	NA	NA
GSE18992_1	-0.000392772977219167	-0.00497066923820107	NA	NA
GSE19299_1	-0.0466079621826716	-0.0850910976819981	NA	NA
GSE20850_1	0.00218458691100789	0.00906259651815162	NA	NA
GSE21093_1	0.0341176491974965	0.0427836402808777	NA	NA
GSE21523_1	-0.0214354157454669	-0.0479240152711594	NA	NA
GSE21639_1	0.00227065741700427	0.00962069830900261	NA	NA
GSE21639_2	0.0109059073929871	0.0589045615134676	NA	NA
GSE21639_3	0.00262604948411161	0.0151489472002981	NA	NA
GSE21639_4	0.00265058782346576	0.0306091262649391	NA	NA
GSE21710_1	0.0833117571812757	0.176723812592271	NA	NA
GSE21710_2	0.0905453674452665	0.188061487893188	NA	NA
GSE21710_3	0.0646128908095816	0.14332226425795	NA	NA
GSE22925_1	-0.0390215764599422	-0.0964435795980638	NA	NA
GSE22925_2	-0.0143502686540327	-0.0643513439177555	NA	NA
GSE26499_1	-0.0143247636696351	-0.0130211666908402	NA	NA
GSE30160_1	0.00189122097065994	0.0185098356727346	NA	NA
GSE30628_1	-0.00609755487725777	0.00765964168986521	NA	NA
GSE30628_2	-0.0101842494256446	-0.00731285431886006	NA	NA
GSE32163_1	0.026175725271103	0.0956153131531363	NA	NA
GSE33656_1	0.0944693503975378	0.192202936397594	NA	NA
GSE33754_1	-0.00116348903694395	0.0220030319042457	NA	NA
GSE33754_2	0.00190869790473199	0.00687048101085653	NA	NA
GSE33754_3	0.00955785414141935	0.0184542214079081	NA	NA
GSE34570_1	0.0823203600240166	0.183233803114799	NA	NA
GSE35003_1	-0.00433891887103902	-0.00221414756979498	NA	NA
GSE35466_1	-0.0161669980982752	-0.0201971824518757	NA	NA
GSE35466_2	-0.0190924380112945	-0.0569767886276735	NA	NA
GSE35466_3	-0.0156611514987957	-0.0106442049242307	NA	NA
GSE35466_4	-0.0118226463725116	-0.0261885359339247	NA	NA
GSE35466_5	-0.0176808441875862	-0.0964565289515499	NA	NA
GSE36925_1	-0.000778860154599466	-0.00180472418294799	NA	NA
GSE36925_2	-0.0204466252013369	-0.0432035332390526	NA	NA
GSE36925_3	-0.0187086304209659	-0.0419144140284201	NA	NA
GSE37219_1	-0.0421759890756878	-0.105228736320887	NA	NA
GSE37676_1	-0.00768869736803228	-0.0108073808571522	NA	NA
GSE41342_1	0.0119512608665311	0.0910001609298029	NA	NA
GSE41342_2	0.00579037998997621	0.0273526128299367	NA	NA
GSE41342_3	-2.93395727113972e-05	-0.0411113757916295	NA	NA
GSE41342_4	0.0137272829206675	0.129078931332565	NA	NA
GSE41997_1	0.007195610370067	0.033806320975067	NA	NA
GSE43242_1	0.0123083424796471	0.0765220419000028	NA	NA
GSE43242_2	0.00596602673374933	0.0486334295233877	NA	NA
GSE43663_1	0.0023053530274672	0.0517916482128494	NA	NA
GSE43854_1	-0.0645274237509287	-0.115843618455262	NA	NA
GSE45656_1	0.0306607796531918	0.0551677043578822	NA	NA
GSE45656_2	0.068634405390404	0.154260626368391	NA	NA
GSE45656_3	0.064649389241256	0.14800652509485	NA	NA
GSE45793_1	-0.00670391685329258	-0.0387079407994871	NA	NA
GSE45793_2	-0.0411683075745571	-0.0954368626562178	NA	NA
GSE45793_3	-0.0144484375444768	-0.0423100004890339	NA	NA
GSE45793_4	-0.0411771400388542	-0.103291706414138	NA	NA
GSE45793_5	-0.0167145763048654	-0.04434829984038	NA	NA
GSE46390_1	-0.00532974185755005	-0.00783921894105617	NA	NA
GSE48438_1	-0.00151767251456535	0.00205067707338549	NA	NA
GSE50549_1	0.000956189846606134	-0.00261053310862986	NA	NA
GSE50549_2	-0.00226022866713455	-0.0040984662573328	NA	NA
GSE51098_1	-0.0439936932047542	-0.149110491516883	NA	NA
GSE53857_1	-0.000771050735266657	-0.0264376021303026	NA	NA
GSE53857_2	0.00154141372132509	-0.0361725218125624	NA	NA
GSE53857_3	-0.00230201386894566	0.0127062069321145	NA	NA
GSE53982_1	0.0547306574221823	0.16659286793561	NA	NA
GSE53982_2	0.000343615994953314	0.0334214235004899	NA	NA
GSE54779_1	-0.0522400316584618	-0.112901289369781	NA	NA
GSE55900_1	-0.000776761000142381	0.0370387506142543	NA	NA
GSE57104_1	-0.00348703576560092	-0.0158758587551794	NA	NA
GSE59387_1	-0.00596328092494889	-0.00793576444044018	NA	NA
GSE60401_1	-0.0160771487601212	-0.0310002238938082	NA	NA
GSE60401_2	-0.0209827194283341	-0.0486842028595169	NA	NA
GSE60651_1	-0.00203580351030302	0.00881062017237439	NA	NA
GSE60737_1	-0.012934139937395	-0.0536106301928493	NA	NA
GSE60761_1	-0.00118404011916335	-0.0141958678931266	NA	NA
GSE60761_2	-0.000769869807137964	0.00114886034963342	NA	NA
GSE60761_3	-0.00681826810424349	-0.131713039798104	NA	NA
GSE60761_4	-0.011222765610204	-0.131754841259972	NA	NA
GSE63017_1	0	0.00529059147524237	NA	NA
GSE63017_2	0.000388824834375495	0.0216079624482907	NA	NA
GSE63017_3	0.00330134807116882	0.0342482435699262	NA	NA
GSE63017_4	0.00303864572754322	0.0500998573727704	NA	NA
GSE63939_1	0.0417977320986189	0.0793983541356629	NA	NA
GSE63939_2	0.0356316878300466	0.0805229404964735	NA	NA
GSE64141_1	0.0649853346683554	0.152195101959755	NA	NA
GSE64965_1	0.0348025006105196	0.0711434320319897	NA	NA
GSE65745_1	0	-0.0167055865481318	NA	NA
GSE65745_2	-0.000375681183449482	-0.00506372592668872	NA	NA
GSE65745_3	1.49433408289131e-05	-0.00565091760284976	NA	NA
GSE66416_1	0.0145924575532217	0.0331984885208656	NA	NA
GSE66862_1	0.00354498227769666	0.0312617904079239	NA	NA
GSE69108_1	-0.0107009049935721	-0.0382915586898891	NA	NA
GSE71565_1	-0.0166138810587649	-0.0196889721463558	NA	NA
GSE72261_1	0.00428047266158013	0.0265041038418228	NA	NA
GSE72261_2	0.0271237377186791	0.0865317259425547	NA	NA
GSE72261_3	0.0332504893864304	0.0934008036082117	NA	NA
GSE7683_1	0.00629593124580598	0.0818414820385469	NA	NA
GSE7683_2	0.0145856195200233	0.0716100214080022	NA	NA
GSE78980_1	-0.00257458156026818	0.00849488281614681	NA	NA
GSE78980_2	-0.00153003647632346	-0.0439393368830546	NA	NA
GSE78980_3	-0.00462297179213051	-0.0358441363114972	NA	NA
GSE78980_4	-0.00826531941157499	-0.0921349802683586	NA	NA
GSE78980_5	0.00152465131084335	0.00697588805357773	NA	NA
GSE78980_6	0.00114208446397139	0.030432549483118	NA	NA
GSE78980_7	0.0186663744904605	0.0381966336007494	NA	NA
GSE78980_8	0.030900155980574	0.103332329799977	NA	NA
GSE78980_9	0.0216916001413659	0.049428057568342	NA	NA
GSE78980_10	0.031890670709971	0.117639687087836	NA	NA
GSE81399_1	-0.00967920758933515	-0.0225041356328824	NA	NA
GSE84609_1	-0.00330077896115198	-0.0137680648486184	NA	NA
GSE84907_1	-0.0263126545597902	-0.0967023697712211	NA	NA
GSE84907_2	-0.0241185959183304	-0.0697752018985373	NA	NA
GSE84907_3	0.0035587914999735	0.0339021356437111	NA	NA
GSE90127_1	0.0420176947710068	0.079014996778873	NA	NA
GSE90127_2	0.0217652119578473	0.0403323896600969	NA	NA
GSE90127_3	0.0252791710179003	0.0485633220809084	NA	NA
GSE9247_1	0.00465679814710555	0.0170077673391134	NA	NA
GSE9247_2	0.0468442259969178	0.0900099765804874	NA	NA
GSE9247_3	0.00388967121053159	0.0246035380853055	NA	NA
GSE99306_1	-0.00551156637430685	-0.0113312983275881	NA	NA
GSE99306_2	-0.0358950079977989	-0.09828541672482	NA	NA
GSE99306_3	0.0368987632707616	0.130539467829618	NA	NA
GSE99306_4	-0.0335999487308045	-0.0847066825775536	NA	NA
GSE99306_5	-0.0283958870905641	-0.0819941861491201	NA	NA
GSE99306_6	-0.0218109041293501	-0.0742132505690736	NA	NA
GSE99306_7	-0.00412097591198275	0.012372367290288	NA	NA
GSE99306_8	-0.0349491407370224	-0.0796944735564612	NA	NA
GSE99306_9	-0.0309094936624053	-0.0880697355837815	NA	NA
GSE99306_10	0.00502650347556161	0.0493498525466633	NA	NA
GSE99306_11	-0.0270895355370923	-0.0632515085563819	NA	NA
GSE99306_12	-0.0224130649393624	-0.0679028890293458	NA	NA
GSE99306_13	-0.00484334193528897	0.0130867726207537	NA	NA
GSE99414_1	-0.00408217638216475	-0.0315689401906797	NA	NA
GSE110581_1	-0.000929944865456363	0.0108399837617572	NA	NA
GSE110581_2	0.000375399327680378	-0.0376676638912282	NA	NA
GSE47799_1	-0.00612584622373873	-0.0734637533666632	NA	NA
GSE47799_2	0.00132341373541418	-0.0169235899849952	NA	NA
GSE47799_3	-0.0048752875937971	-0.0350076806539489	NA	NA
GSE111628_1	-0.000375675983610609	0.0435746818112089	NA	NA
GSE111628_2	-0.0030511060259344	0.0385857068979989	NA	NA
GSE111628_3	0.000857685601780843	0.0524632748844877	NA	NA
GSE5657_1	-0.0103285898174116	-0.112746567932555	NA	NA
GSE5657_2	-0.00190038391431711	-0.0648032824863827	NA	NA
GSE13782_1	-0.0425048325575959	-0.197901367977815	NA	NA
GSE41039_1	0.000722469211214708	-0.0161010219441415	NA	NA
GSE84198_1	0.00249055274174786	0.0138142591773437	NA	NA
GSE84198_2	0.0102331718852873	0.0331614527028474	NA	NA
GSE84198_3	0.000950139093941843	0.019602132805851	NA	NA
E-GEOD-54216_1	-0.0398579958318337	-0.111880575881751	NA	NA
E-GEOD-54216_2	-0.0168967877885521	-0.0542750289957517	NA	NA
E-GEOD-54216_3	0.032078389213905	0.0816499618793553	NA	NA
E-GEOD-6119_1	-0.0441836518304479	-0.088825415873378	NA	NA
E-GEOD-6119_2	-0.0393863160126806	-0.086117515110186	NA	NA
E-GEOD-6119_3	-0.0406628218931408	-0.0838120848682807	NA	NA
E-GEOD-8077_1	0.00633079244405755	0.0866192904371026	NA	NA
E-GEOD-8077_2	0.000743506199808576	-0.0393787311068523	NA	NA
E-GEOD-8077_3	-0.00619533059684066	-0.0997419537937696	NA	NA
GSE103416_1	-0.0721346602485512	-0.163038787102343	NA	NA
GSE103416_2	-0.0153698503678373	-0.0523409691694969	NA	NA
GSE103416_3	-0.00107605027113306	-0.0259418514185579	NA	NA
GSE19950_1	-0.0130788736372492	-0.0254904853902517	NA	NA
GSE30322_1	0.0277774885306163	0.0649482359429642	NA	NA
GSE30322_2	0.00854555382348155	0.0368061935659176	NA	NA
GSE30322_3	0.0071587105389971	0.0134591765594474	NA	NA
GSE42295_1	-0.00311227837324533	-0.0245328467676468	NA	NA
GSE42295_2	0.00619862727751535	0.0437525341137217	NA	NA
GSE42295_3	0.0086367593292703	0.0450517158985015	NA	NA
GSE66554_1	0.0423184735053828	0.0739865739553292	NA	NA
GSE66554_2	0.03492846787186	0.0703418066642278	NA	NA
GSE66554_3	-0.00212578796704081	-0.0113538638018099	NA	NA
GSE66554_4	0.0106690735623143	0.03371755359728	NA	NA
GSE74898_1	0.0524276262251341	0.130564101645013	NA	NA
GSE74898_2	0.0522555050090323	0.12862526977714	NA	NA
GSE74898_3	0.0638524272279377	0.133190337570053	NA	NA
GSE79176_1	-0.00115984916903753	0.00831079984753208	NA	NA
GSE79176_2	-3.55153443674911e-06	0.0092191887050588	NA	NA
GSE79176_3	0.00039336044027209	0.00235385620700086	NA	NA
GSE85785_1	-0.0118306304073378	-0.0500781898731634	NA	NA
GSE23492_1	0.0101325283982563	0.00407323847269536	NA	NA
GSE23492_2	-0.019910734794747	-0.0542908665922319	NA	NA
GSE23492_3	0.0227087502167192	0.0402072112844359	NA	NA
GSE23492_4	-0.00802348223930767	-0.0186811718839897	NA	NA
GSE23492_5	-0.00841231022838124	-0.0139732589148101	NA	NA
GSE44991_1	-0.0118688528728233	-0.0778056958126364	NA	NA
GSE44991_2	0.00459364664181	0.0162429106276486	NA	NA
GSE39796_1	0.0321281158994106	0.0810056129102902	NA	NA
GSE39796_2	0.0418459068148456	0.0949997348944161	NA	NA
GSE39796_3	0.00265719382430702	0.00579657866557664	NA	NA
GSE18394_1	0.00221343661243972	0.03245746772653	NA	NA
GSE18394_2	-0.0171533251946302	-0.023678979546837	NA	NA
GSE18394_3	0.0199787489387732	0.0516211479622506	NA	NA
GSE29233_1	-0.0231318939541883	-0.0773636768283324	NA	NA
E-MEXP-2291_1	0.00145712817432065	-0.00498745109479913	NA	NA
E-MEXP-2291_2	0.00294175810774929	-0.0309446523055856	NA	NA
E-MEXP-2291_3	0.011948348768464	0.0232380051939661	NA	NA
GSE107363_1	0.0273710349307691	0.093109057627779	NA	NA
GSE85761_1	0.0182000108845818	0.0424781504365093	NA	NA
GSE89179_1	0.0778456900176269	0.15960175391862	NA	NA
GSE89179_2	-0.000716395683750381	-0.0107651580973446	NA	NA
GSE89179_3	0.0261531701716088	0.0539443668267511	NA	NA
GSE89179_4	0.014947537554925	0.0305645253763838	NA	NA
GSE89179_5	0.033877772055888	0.0639882954085719	NA	NA
GSE89179_6	0.0379466549822706	0.0847013125610498	NA	NA
GSE89179_7	0.0225355038770463	0.0500957821558659	NA	NA
E-GEOD-57723_1	-0.0171760855746243	-0.0271603318856804	NA	NA
E-GEOD-57723_2	0.00484658758201234	-0.0107214303767686	NA	NA
E-GEOD-57723_3	-0.0130042421853666	-0.0185403087167743	NA	NA
E-GEOD-83930_1	-0.00516970405542897	-0.0026455401571982	NA	NA
GSE100268_1	-0.0329815092890788	-0.0732445725063728	NA	NA
E-GEOD-55769_1	0.00412726173174262	0.0146169446050784	NA	NA
E-GEOD-55769_2	-0.000418923773599176	0.00722935743951231	NA	NA
E-GEOD-55769_3	0.00771466273915844	0.0144484433553151	NA	NA
E-GEOD-69110_1	0.00203270829585597	0.0300798530912096	NA	NA
E-MTAB-4304_1	-0.0268285302776857	-0.0957332363946972	NA	NA
E-MTAB-4879_1	0.00510859316186978	0.0169601410908831	NA	NA
E-MTAB-4879_2	0.0135450406411842	0.0226990347767577	NA	NA
E-MTAB-4879_3	0.00838708788876303	0.0026429737279508	NA	NA
E-MTAB-4879_4	0.0484448407793249	0.0981936896896833	NA	NA
Cytokine_Explant_1	-0.0292874721855294	-0.0773899294559377	NA	NA
Cytokine_Explant_2	-0.0486825888387052	-0.107804379686668	NA	NA
Cytokine_Explant_3	-0.0575738156861042	-0.117466778010348	NA	NA
Cytokine_Explant_4	0.0069594354571963	0.00120650351557677	NA	NA
Cytokine_Explant_5	-0.0227908353178831	-0.0353618646280399	NA	NA
FN1_Explant_1	0.00632481516540638	-0.0352847907357986	NA	NA
E-MTAB-6266_1	0.0185390130437105	0.0481504381136813	NA	NA
E-MTAB-6266_B_1	0.0443153535555065	0.103830161240412	NA	NA
E-MTAB-6266_B_2	-0.00455312064065579	-0.0157960480576283	NA	NA
E-MTAB-6266_B_3	-0.0359124492641469	-0.13920024847622	NA	NA
GSE70667_1	-0.000375387814063765	-0.067416751141228	NA	NA
GSE87608_1	0.00464626777292722	0.0419880636045502	NA	NA
GSE87608_2	-0.00970882463547345	-0.0261522578516957	NA	NA
GSE87608_3	-0.00279828037563396	-0.0214113344463739	NA	NA
GSE87608_4	0.00926510967728243	0.0321829280055453	NA	NA
GSE90890_1	0.00467249968051854	0.0508462162961927	NA	NA
GSE97118_1	-0.0031600632800983	-0.00723444491812506	NA	NA
GSE97118_2	-0.00946869172259962	-0.0178796976449526	NA	NA
GSE97118_3	0.0100520781968124	-0.000362831614157841	NA	NA
GSE97118_4	0.00329891038514551	-0.0150041175921194	NA	NA
GSE97118_5	-0.00248503084834484	0.0135325144118045	NA	NA
GSE97118_6	0.0158699463664103	0.0113698697521095	NA	NA
GSE97118_7	-0.00113765451549104	-0.00128835087242516	NA	NA
GSE107592_1	0.0361236795415257	0.0852289296797908	NA	NA
GSE92641_1	0.0199309431213518	0.0399223926902712	NA	NA
GSE107849_1	0	0.0054639741267203	NA	NA
E-ERAD-89_1	-0.000385889627140208	0.0150719516701885	NA	NA
E-ERAD-89_2	1.04226113153191e-06	-0.00839155791654411	NA	NA
E-ERAD-89_3	-0.00268178212715894	-0.0161860974023316	NA	NA
E-ERAD-89_4	-0.000784915900653451	-0.00769856548752623	NA	NA
E-GEOD-45893_1	0	0.0850943534941007	NA	NA
E-GEOD-53105_1	-0.00252961463561689	-0.0397702757848668	NA	NA
E-GEOD-53105_2	0.0169424715444399	0.0522293101536827	NA	NA
E-GEOD-54461_1	-0.00500262653098683	-0.0223723231245772	NA	NA
E-GEOD-54461_2	-0.00354990754077846	-0.0162123764352461	NA	NA
E-GEOD-54461_3	-0.0173112866571535	-0.0493645208126266	NA	NA
E-GEOD-54461_4	-0.0600469583619935	-0.0989410760232173	NA	NA
E-GEOD-54461_5	-0.107275430819748	-0.180140233885689	NA	NA
E-GEOD-54461_6	-0.108886309887303	-0.197454534718918	NA	NA
E-GEOD-54461_7	-0.113635753753604	-0.204571116844769	NA	NA
E-GEOD-54461_8	-0.109639426359185	-0.225752343264599	NA	NA
E-GEOD-73372_1	0.0357425563344214	0.0991101581351832	NA	NA
E-GEOD-73372_2	0.0167742834582203	0.0161900384932366	NA	NA
E-GEOD-73372_3	-0.0255243437264489	-0.109503630614789	NA	NA
E-GEOD-75549_1	0.00755710902909859	-0.0171490567028488	NA	NA
E-GEOD-76988_1	-0.00969756579867192	0.000230467360445537	NA	NA
E-MTAB-2923_1	0.0768490715562142	0.167298592298861	NA	NA
E-MTAB-2923_2	-0.0831301596616198	-0.174402170977459	NA	NA
E-MTAB-2923_3	-0.053150135569825	-0.077818358871292	NA	NA
E-MTAB-2923_4	-0.0295337279030212	-0.0690988244498888	NA	NA
E-MTAB-3428_1	-0.0951953966728685	-0.19513822009976	NA	NA
E-MTAB-3428_2	0.000600995410334162	0.0129278700902649	NA	NA
E-MTAB-3428_3	-0.00806593724695794	-0.0770558570375599	NA	NA
E-MTAB-3428_4	-0.0876489240456787	-0.181262132982052	NA	NA
GSE102856_1	-0.0222353286515014	-0.160697168556838	NA	NA
GSE103492_1	-0.0212707366797294	-0.0830616542347177	NA	NA
GSE103492_2	0.000190738562290666	0.0212095612681216	NA	NA
GSE103492_3	-0.0203662416259403	-0.0727108894494855	NA	NA
GSE103492_4	-0.0226377372799296	-0.102906033469487	NA	NA
GSE103492_5	0.000700997677633149	0.0702889331117684	NA	NA
GSE103492_6	-0.00232541879847974	0.00870901166287795	NA	NA
GSE103492_7	-0.00716743300556214	-0.0682772398214094	NA	NA
GSE103492_8	-0.00336568013543942	0.000114980145391092	NA	NA
GSE103492_9	-0.00957116328587218	-0.039988733012206	NA	NA
GSE103492_10	-0.00470377151625909	-0.0534777148226521	NA	NA
GSE106259_1	0.0143878768853258	0.0480837323891841	NA	NA
GSE110303_1	-0.00472162012901098	-0.00736203504538919	NA	NA
GSE110303_2	-0.00467995819865246	-0.0948412460257941	NA	NA
GSE110303_3	-0.00777646038318561	-0.0580336280398048	NA	NA
GSE110300_1	0.00496750998576136	0.104613009550632	NA	NA
GSE110300_2	2.12716480017003e-06	0.0414022840156338	NA	NA
GSE110300_3	-0.0026789741693572	-0.00762638304883083	NA	NA
GSE110281_1	-0.0177279880466407	-0.0597352459276466	NA	NA
GSE110281_2	-0.0196606785301919	-0.0831772747137345	NA	NA
GSE110281_3	-0.00842595382365747	-0.0313754604511748	NA	NA
GSE104459_1	-0.0160470142726364	-0.0716636782915407	NA	NA
GSE104459_2	-0.0247280774708586	-0.107910445915141	NA	NA
GSE104459_3	0.00226509581992752	0.0395178523341863	NA	NA
GSE110051_1	-0.00961534986848968	-0.0803348594873688	NA	NA
GSE110051_2	0.00690507563514373	-0.0338063749016718	NA	NA
GSE110051_3	-0.0111705281734151	-0.0853103429668587	NA	NA
GSE112694_1	-0.0717901444500337	-0.121776534789721	NA	NA
GSE112694_2	-0.0333265111990127	-0.060349042707031	NA	NA
GSE112694_3	0.0731150933153786	0.147371698822401	NA	NA
GSE112694_4	0.0886645696872272	0.175277286427192	NA	NA
E-MTAB-5879_1	-0.0482790482459063	-0.12212758106858	NA	NA
E-MTAB-5879_2	-0.0437866911341664	-0.111673445270825	NA	NA
E-MTAB-5879_3	-0.060480900691533	-0.135219399279967	NA	NA
E-MTAB-5879_4	-0.0524431672499411	-0.117606590550516	NA	NA
E-MTAB-5879_5	-0.0550260180548174	-0.124711193818546	NA	NA
E-MTAB-5879_6	-0.0613820100320179	-0.144146567710108	NA	NA
E-MTAB-5879_7	-0.0166905764363447	-0.0924768770505461	NA	NA
E-MTAB-5879_8	-0.00736458177948945	-0.018591828290799	NA	NA
E-MTAB-5879_9	-0.00232363110868672	-0.0246949655000776	NA	NA
E-MTAB-5879_10	-0.00795465978702675	-0.0110080847686973	NA	NA
E-MTAB-4294_1	-0.0299711032111572	-0.0590981545710847	NA	NA
E-MTAB-4294_2	-0.00832948025995552	-0.00909497677108728	NA	NA
E-MTAB-4294_3	0.0201303574030253	0.0648390213773068	NA	NA
E-MTAB-3186_1	-0.0657713809170331	-0.143100257548067	NA	NA
E-MTAB-3186_2	-0.040238525724191	-0.0955929561973646	NA	NA
E-MTAB-3186_3	-0.0143251239377824	-0.0536236885853959	NA	NA
E-MTAB-3186_4	-0.0318389336556141	-0.094025384951553	NA	NA
