comparisonID	jaccard	cosine	sigjaccard	chrDir
22659600_1	-0.0112962323875157	-0.0482401404483015	-0.0184628729082981	-0.0117575971858538
24361742_1	0.00383234816865771	0.0256864726783515	0.00381832981683606	0.0106781875631004
GSE72258_1	-0.000453103760761214	-0.00220887265727452	-0.000306184935701164	0.0065419108237103
GSE72258_2	0.00067842605156038	-0.0220505654716463	0.00625	0.00390625
GSE69531_1	0.000170121303736691	-0.00913229077985528	NA	NA
GSE69531_2	0.010011338924601	0.00918453477354492	NA	NA
GSE69531_3	0.0100487358017601	0.0380515679337125	NA	NA
GSE69531_4	0.000170121303736691	-0.00913229077985528	NA	NA
GSE58203_1	0.00460921426415447	0.00906740131416729	0.00612072343340498	0.00678630410063347
GSE58203_2	-0.000672756351403946	-0.00593640228184633	-0.00102502528750108	0.00770095788728706
GSE58203_3	-0.0143340777747611	-0.0264089100307096	-0.016778536724236	-0.000612874990053314
GSE58203_4	0.00512385816650658	0.0023753052675003	0.0047890666290497	0.00772534864883613
GSE58203_5	0.00303798001374902	-0.00632379687847036	0.00473928812607556	0.0029191882465425
GSE58203_6	-0.00693737331495091	-0.0203208545900018	-0.00950591043286629	-0.00391847697883382
GSE58203_7	-0.025047903326125	-0.0589429612332108	-0.0287998527508807	-0.00596608470319569
GSE58203_8	-0.0248692242165838	-0.0491590850875201	-0.0283981014766576	-0.00387437716200507
GSE59642_1	0.00118779845355033	-0.00562309431848329	NA	NA
GSE59642_2	-0.0054531201362404	-0.0156023397108055	NA	NA
GSE59642_3	-0.00708111270023002	-0.0109135630050852	NA	NA
GSE64922_1	0.00118129201256417	0.00150015791879726	0.000878159901391284	0.00554034884115798
GSE60162_1	0.00864859782146155	0.0615488480890559	NA	NA
GSE31685_1	-0.00223615469915487	0.0103655378052086	-0.0023118514892399	0.000161419386874641
E-MEXP-3890_1	-0.00619678426716263	-0.0151699572529714	-0.00551189314612698	0.00894795287401945
GSE31980_1	0.0192111816938854	0.0287011411363227	0.0230861415120524	0.00706531523675648
GSE15615_1	-0.00733014007202329	-0.0187418449318077	-0.00610725807161958	0
GSE15083_1	-5.10712112053013e-05	0.00600363773983374	NA	0.00302411481017509
GSE108035_2	0.254205166875173	0.446503279616966	0.251109444654566	0.163572060123784
GSE108035_3	0.238156324506194	0.423607342363586	0.237327221497765	0.136574530726526
GSE21959_1	0.0182786874031363	0.0575273313925599	0.0220517428165323	0.00825335397316821
GSE21959_2	0.0120337448187568	0.0514385953709009	0.0173272339637875	0.00891724623182926
GSE24742_1	0.00148268105864988	0.0369302227123766	NA	0.0168522658439821
GSE24742_2	-2.50194222473998e-05	-0.0204513684677806	NA	4.29122360444817e-05
GSE24742_3	-0.000297433243173514	0.031750612352684	NA	-0.00534898935725996
GSE74668_1	-0.0011902466722175	0.00686562456263471	NA	NA
E-GEOD-10024_1	0.00975819309547499	0.0348912026374152	NA	NA
E-GEOD-10024_2	0.0124368487929879	0.0264572383454923	NA	NA
E-GEOD-12860_1	0.00168930973594807	0.00429759735892777	NA	NA
E-GEOD-12860_2	-0.00789667267674562	-0.025233635228102	NA	NA
E-GEOD-12860_3	-0.017023225913434	-0.0413774643320194	NA	NA
E-GEOD-12860_4	-0.0164890929980005	-0.0500550731843854	NA	NA
E-GEOD-12860_5	-0.0123012021802299	-0.0301290167881635	NA	NA
E-GEOD-12860_6	-0.00896140515946901	-0.0158155144596885	NA	NA
E-GEOD-12860_7	-0.0118443475473651	-0.0347872801918914	NA	NA
E-GEOD-12860_8	-0.0087348469408577	-0.0291664536959196	NA	NA
E-GEOD-14359_1	0.0177019172477342	0.0302155102192375	0.0249742466226629	-0.00244491998941636
E-GEOD-14359_2	-0.0101746636776278	-0.0361641545092815	-0.0157183734405022	-0.000454877510589615
E-GEOD-1919_1	0.00307089142351566	0.00933317263879553	NA	NA
E-GEOD-1919_2	0.0105731360900607	0.0434077843429196	NA	NA
E-GEOD-1919_3	0.00980753287125557	0.050009937133472	NA	NA
E-GEOD-1919_4	-0.00412052588843779	-0.0203270961110604	NA	NA
E-GEOD-1919_5	0.00482497199798647	0.0202016425153598	NA	NA
E-GEOD-1919_6	-0.00660430961419047	-0.0323200571216486	NA	NA
E-GEOD-1919_7	-0.00702192100793872	-0.0280980618115082	NA	NA
E-GEOD-1919_8	-0.00718118458190279	-0.0366585508806083	NA	NA
E-GEOD-1919_9	0.000371730014182986	0.024368577220156	NA	NA
E-GEOD-19664_1	0.0446130995920407	0.0795094952765233	NA	NA
E-GEOD-19664_2	-0.0416693052320734	-0.0899654400802484	NA	NA
E-GEOD-19664_3	-0.0211395166913121	-0.0371880930784335	NA	NA
E-GEOD-19664_4	0.0285302450937097	0.0563886584932214	NA	NA
E-GEOD-19664_5	-0.0182665152686063	-0.0468056170583599	NA	NA
E-GEOD-19664_6	-0.0190618183348864	-0.037196199057741	NA	NA
E-GEOD-43923_1	-0.011832011484685	-0.0388201714654793	-0.00936779431697227	-0.00291891607712448
E-GEOD-51812_1	-0.0022006814067596	-0.0131236340067298	-0.00205993821974216	-0.0101065902192797
E-GEOD-51812_2	-0.00358412608248135	-0.0224963930742065	-0.00348090282494878	-0.0216037945966005
E-GEOD-68760_1	-0.00996530725341375	-0.012017338992328	-0.0124154970049126	0.00838290991488642
E-GEOD-82107_1	-8.04144801305621e-05	0.0101903402122602	0.00346834864951681	-0.00357493018378691
E-GEOD-9451_1	-0.00496870235446651	-0.0240349839983541	-0.00945501332189782	-0.0115128352042994
E-GEOD-9451_2	-0.00833994241979677	-0.0217167883508526	-0.00746978248593271	-0.00410373870465416
E-GEOD-9451_3	0.00266733147100718	0.0102088250907109	0.00363934333192252	-0.00116742596810934
E-GEOD-9451_4	-0.00525282568565917	-0.00654545739020063	-0.00839726471405614	0.00644034521598442
E-MEXP-2019_1	0.0118164741724388	0.0126351252070526	0	0.00116624629128094
E-MEXP-2019_2	0.00898877192802883	0.0251200486230607	0.00601149596968401	0.00195595022839741
E-MEXP-2019_3	0.0104217099272983	0.00440414978881041	NA	-0.00120138612965575
E-MEXP-2019_4	0.00643780644344715	0.0145698888063408	-0.00194355084976913	0.0122110423736434
E-MEXP-2276_1	0.00134282844221319	0.0341900221991053	NA	0.0108779727319321
E-MEXP-2488_1	-0.0273236423825174	-0.0583288930830251	-0.0203913504448984	-0.0305102976965833
E-MEXP-3129_1	0.00214024721981165	0.0343379431364189	0.00512475552502798	0.0154678760055559
E-MEXP-3474_1	-0.0151516826966075	-0.0280860561501591	NA	-0.00314686209111772
E-MTAB-3010_1	-0.0133958336595135	-0.0238634022470537	NA	NA
E-MTAB-3010_2	-0.00341369701956102	-0.00225657021434605	NA	NA
E-MTAB-3010_3	0.00125828983128715	0.0161881796912449	NA	NA
E-MTAB-3010_4	0.00294858341337025	0.0194382470534946	NA	NA
E-MTAB-4152_1	-0.00429775716356953	-0.0074416258995308	-0.00584636583576743	-0.00940066019883089
E-MTAB-4152_2	0.0032133604327764	0.039914003707576	0.00442043752494597	0.00919619406536641
E-MTAB-4152_3	-0.000157748983499805	0.0211395181493311	-0.000923464750421906	0.000251209818136778
GSE100609_1	0.00228321036508809	0.0105474382606021	NA	0.0052111819000623
GSE100786_1	9.75923902956572e-05	0.0173036077906953	0	0.000664451621083393
GSE100786_2	0.00236902742250592	0.0010677785212084	NA	0.00758761245355341
GSE103697_1	-0.000226551880380607	-0.013185442325378	NA	NA
GSE103697_2	0	0.0163133505032904	NA	NA
GSE103697_3	2.54782105990807e-05	0.0151069965089535	NA	NA
GSE104113_1	0.00124812948223678	-0.0102729108644527	NA	NA
GSE104113_2	-0.0246659597316618	-0.0470584194879457	NA	NA
GSE104113_3	0.00124812948223678	-0.0102729108644527	NA	NA
GSE10575_1	-0.00729904019792997	-0.0205361037577304	-0.000912628549361025	-0.00276546985298644
GSE10575_2	0.00709077992610829	0.0190822590101079	0.00571579633508361	-0.0132017415063264
GSE10575_3	0.0360162185934414	0.0599165141735319	0.0381737756520329	0.0058574412621318
GSE13604_1	0.00245815860838706	0.0147752921027671	0.00397848054348835	0.00954001730916791
GSE13837_1	0.00102926705100991	0.0132555160849353	0.000832974521717405	0.00210124527901874
GSE13837_2	0.000933998115034296	0.0198610863999108	0.00169751647221329	0.00816076902405428
GSE13837_3	-0.00180017415023855	-0.00685850984669651	-0.000585803485116847	0.00833276276670527
GSE13837_4	-0.00239759921057518	-0.00505440977479429	-0.00474083241741145	0.00901318826594196
GSE13837_5	0.000191997504346085	0.025777325720805	0.000681647556647557	-0.00583771261223827
GSE13837_6	-0.000719041250252996	0.0109518814195653	0.00497996351418159	0.000125679538846674
GSE13837_7	-0.0075528674941697	-0.0200149611777005	-0.00772251294933221	-0.000191263515308534
GSE13837_8	-0.0102209371415082	-0.0263391118323152	-0.0113806959959657	-0.00470531541165408
GSE13837_9	-0.00703875895189139	-0.0201511084681466	-0.00868688275253025	-0.000100939861264493
GSE13837_10	-0.0016288901882018	-0.0108652474516973	-0.00604944200230598	0.00162641639693134
GSE13837_11	-0.0011458844887176	-0.00733456066946097	-0.00125099841962722	0.000691168411885042
GSE13837_12	-0.00356931554303924	0.0059133133311557	-0.00306760404532412	0.00660144031425038
GSE13837_13	0.00289263769290661	0.0197880065194386	0.00493872568037977	0.00334867099097193
GSE13837_14	-0.000777457119911552	0.0107044890507732	0.00333425826388053	0.0106134149676102
GSE13837_15	-0.000311865416502528	-0.00623772006180964	-0.000511222009219627	-0.00536914126514147
GSE13837_16	-0.00412942024088911	-0.0137161637084688	-0.00418075485094836	0.00582805244494273
GSE13837_17	0.00414746821114792	0.016618185131363	0.00477092691608623	0.0035964432995561
GSE13837_18	-2.57949832748764e-05	-0.00329069487402591	0.00222795230954429	-0.00968983968553834
GSE13837_19	-0.0050240896713417	-0.0198081735434103	-0.00567367604007929	-0.0130367291426896
GSE13837_20	-0.00998764036450453	-0.0314957976196039	-0.0117729338546038	-0.00652290241960115
GSE13837_21	-0.00236225898261042	-0.0122233222363516	-0.00527195584672374	0.00267544605908005
GSE13837_22	0.000879308004457971	-0.00357818810974684	-0.00255917611311601	-0.00511382035369536
GSE13837_23	0.00086601929520475	-0.00237129690334728	-0.0010072726641096	-0.00569485198385471
GSE13837_24	-0.000605879625674408	-0.00339714411042446	-0.00141206224308821	-0.00266257293508084
GSE16464_1	0.011448100129452	0.0292572141275149	NA	NA
GSE16464_2	0.0127445483201561	0.0153064992523571	NA	NA
GSE19060_1	0.000921026783928129	0.0324887764177196	-0.000230414746543779	0.0076866661083132
GSE27372_1	0.00489493162834036	0.00126440916776121	0.00638223256467178	0.00448380243551062
GSE27390_1	0.00484044946473531	0.00541988735984912	0.00549552877792578	0.00438319444018261
GSE29106_1	-0.0313915734939531	-0.0606605171189277	NA	NA
GSE29107_1	-0.0150210022334116	-0.028480967380274	NA	NA
GSE29107_2	0.0154064412806315	0.0221983186527455	NA	NA
GSE29745_1	0.0116518075829466	0.0362582260250098	NA	NA
GSE29745_2	0.0201845554595609	0.0424471764754673	NA	NA
GSE29745_3	0.00423697476546312	0.0261052736434717	NA	NA
GSE35546_1	0.00234120054694162	0.0237594306579034	NA	NA
GSE35546_2	0.00447504373697685	0.0130414413472571	NA	NA
GSE35546_3	0.00356501566168925	0.0290282533793384	NA	NA
GSE35546_4	0.028921218372595	0.065174505356954	NA	NA
GSE35546_5	0.0253887537588224	0.0787596796402821	NA	NA
GSE35546_6	0.0257869779776629	0.0777939859842468	NA	NA
GSE35955_1	0.00476972670647215	0.0138532102644047	0.00773998200932179	0.00823800107094965
GSE35956_1	-0.0154312231783381	-0.0484179433142471	-0.0141427795334805	-0.00412158549664489
GSE35957_1	-0.0126131173387786	-0.0353794177062614	-0.0165823706390571	0.000127441011649319
GSE35958_1	-0.0222445436088521	-0.0512032754854599	-0.0288917934389828	-0.0029689474485624
GSE39340_1	0.00587532029343309	0.0190446231220691	-0.000257534513396939	0.00598860483359981
GSE39340_2	0.0058249863966151	-0.000567733726129597	0.000532346647270274	0.00975722881571086
GSE39340_3	0.00269816589239769	0.0197993149796198	0	0.00909834258293751
GSE39795_1	-0.00122078087249259	-0.000421500672610677	NA	-0.0183743252402789
GSE39795_2	-0.00876718802929742	-0.0179749208692043	-0.00379174212133871	-0.0196251511304482
GSE39795_3	-0.00765350143222824	-0.0235264521060257	-0.000278993909689462	-0.0187888179779895
GSE41038_1	0.00686902986170606	0.0183589140594551	NA	-0.00268899966670743
GSE41038_2	0.00245613776943861	-0.00263950121377824	NA	-0.00449996863040341
GSE41038_3	0.00411749014517921	0.000447396760543244	NA	0.00165400115339612
GSE41992_1	-0.0136985254179222	-0.0246053874729041	NA	NA
GSE42235_1	-0.00479966775714503	-0.040552528421694	-0.00946832021142909	-0.0108222135007849
GSE42235_2	-0.0077279752679375	-0.0437836475346927	-0.0147394936667685	-0.00258630834979796
GSE42235_3	-0.0151776103990838	-0.0555465881448908	-0.0251450905038565	-0.000526422035697876
GSE42235_4	-0.0131794530790455	-0.044893290577665	-0.0218469397998247	-0.00730937647651553
GSE45233_1	0.00517738907610252	0.0185095352421299	NA	0.00506183192389815
GSE45233_2	-0.000280358323460784	-0.00552200203560046	0	0.0022542735042735
GSE45233_3	-0.00601656985358278	-0.0120672432637678	NA	-0.00864248764828735
GSE45233_4	0.00200033166476749	0.0144795307047026	0.00124275062137531	0.00497143307501685
GSE46053_1	-0.00100895813602983	-0.00240617595970078	-0.00098652728606256	-0.0119405458100088
GSE46053_2	-0.00189658118608429	-0.00627835063194177	-0.00284607103472746	0.0049643032024741
GSE46750_1	-0.00119254416932475	0.00324110087342111	-0.00240052013216079	-0.00512271069144477
GSE51588_1	-0.0175889529073366	-0.0335533656780035	-0.0186680821142309	0.00491469898980583
GSE51588_2	-0.0104048959635293	-0.0251025592252765	-0.0110774330287622	0.00223490561725856
GSE51588_3	-0.00432661103535712	-0.00335120493399828	-0.00389134651678065	-0.000635223464948547
GSE52817_1	0.009085373973941	0.0194948214095272	NA	NA
GSE52817_2	0.0188230974915152	0.0269386697789941	NA	NA
GSE52817_3	-0.00449924852011253	-0.0213217250065189	NA	NA
GSE52817_4	-0.00848645114106852	-0.0104619202337448	NA	NA
GSE55235_1	0.00329804700078539	0.0108385495984629	0.00307097588292241	0.00839703319286304
GSE55235_2	-0.0134425459428465	-0.0444495980749333	-0.0212324191429248	-0.0221572373814802
GSE55235_3	-0.0157032524227249	-0.0593794383042471	-0.0252005418287498	-0.0264180299173206
GSE55457_1	-0.00113136140805296	-0.00492427438275373	-0.00152933117816122	0.00754566160521259
GSE55457_2	0.0013376014292366	0.00903843785598988	0.00299020586827259	0.0062068479911579
GSE55584_1	-0.000252103833142504	-0.0172441912741831	-0.00181936764914084	0.00669640168367808
GSE57218_1	-0.000297522337074377	-0.00957292814162109	-0.000675897932325911	0.00166174026794504
GSE60762_1	-0.000498885974984585	-0.00571751184011436	NA	0.0111411485639698
GSE62914_1	0.0541075051850103	0.106416379880144	NA	0.00677409037082081
GSE62914_2	0.0271870738482854	0.0372348098265594	NA	0.00365472643290114
GSE62914_3	0.00255065266790356	0.0138751914729643	-0.000695239871074292	0.00332761653716316
GSE62914_4	-0.0204694717552044	-0.0454293359681002	0	-0.0129102208744358
GSE64394_1	0.0102682649678638	0.0443480935351514	NA	0.00703551818481085
GSE66635_1	0.000355522232576297	0.0147506096264909	NA	-0.00602957205886938
GSE68038_1	0.00700052699204195	0.0288743538327248	-0.00209974858626486	0.00239168563067972
GSE68428_1	0.0015257532236937	0.0194843789890331	6.58499292459178e-05	0.00970014092846328
GSE68428_2	0.00602606408002501	0.0317752901602526	0.00339740345831192	0.00816487393302267
GSE68428_3	0.00519192275674786	0.019542424012015	0.00625315403384107	0.00596551818484398
GSE69459_1	0.00782974272226619	0.0309068824039834	NA	NA
GSE69459_2	0.0146323446237531	0.0338346239777177	NA	NA
GSE69459_3	0.00832265276645586	0.0222071196619195	NA	NA
GSE69459_4	0.0149608319235563	0.0359090159416586	NA	NA
GSE69992_1	0.0185997645506601	0.0407634369463419	0.0205419954070899	0.00599219780219956
GSE70719_1	-0.00577490608288108	-0.0583378016957837	-0.0101840943208216	-0.00382435643296049
GSE7116_1	-0.0120215949306997	-0.0425959815859338	-0.0182702715957097	0.00167093449520749
GSE7116_2	0.000467800384927228	0.0170556410245084	0.0033323582128363	0.00957823852560695
GSE7116_3	0.00835226137776101	0.0564226055292217	0.0107911325446856	0.0145937752458183
GSE72575_1	0.011425337929819	0.101081729184677	0.0152284667704672	0.0190045670261992
GSE72575_2	0.0044086190252464	0.0337235281847676	0.00577238660992088	0.00730763204143081
GSE72575_3	0.0160249537501155	0.0916497142182396	0.0189606888584661	0.0100369855561142
GSE72575_4	-0.000600495435256615	0.0125027977406383	0.000290191526407429	0.0312275753532894
GSE75181_1	0.0146049122531075	0.0756308655373929	0.0199279011790769	0.00731394040081907
GSE75181_2	0.00486955174652322	0.0134941924252158	0.00661686713774316	0.00485918881741239
GSE75181_3	0.0138579025484556	0.0713756231998476	0.0176560738442351	0.0197468977391617
GSE75230_1	0.00188338862899933	-0.00699921051873869	0.00333154177857021	-0.00398751718901638
GSE7669_1	-0.00379324600503254	-0.0216635234668703	-0.00204174228129609	-0.010503120288866
GSE77916_1	0	-0.0331616211558523	0	-0.00189808862954993
GSE80614_1	0.00106809921070532	0.0300847796662723	0.00306369101082522	0.00912027158837602
GSE80614_2	0.00273741656454571	0.016190998022944	0.00451012671887218	0.00265372418239248
GSE80614_3	0.000974487256856357	0.0105788369585061	0.00222319064060876	0.00782530589305444
GSE80614_4	0.00528221846398705	0.0140286654940491	0.0089007764615757	-0.00776266924863627
GSE80614_5	0.00650250949167647	0.0245012096201674	0.0113818303223704	0.00946118361200765
GSE80614_6	0.0036942615239148	0.000603193027747249	0.00670666389771902	-0.0102146842248764
GSE80614_7	-0.00337454116674206	-0.00737108955903354	-0.00545613852655819	-0.0105265963522642
GSE80614_8	-0.00166021681387881	-0.00900977941824183	-0.0033768620255912	-0.010276319494285
GSE80614_9	0.00136596140432458	0.0177047308962663	0.00309741701413332	0.0095892305124804
GSE80614_10	-0.000252419973729407	0.0095386332163094	0.000533016573168354	-0.000409443387545903
GSE80614_11	0.000501134250035603	0.00255062128967569	NA	0.00658698856331223
GSE80614_12	-0.000570721832892042	-0.0167478334256047	-0.000324370734288216	-0.00837647145095186
GSE80614_13	-0.000266400189850221	-0.00945415751135897	-0.000972957589006441	-0.00455213228523105
GSE80614_14	-0.0013129572727355	-0.0108304517490172	-0.00174950710938434	-0.024374011628822
GSE80614_15	-0.00366287051060221	-0.0118783086340001	-0.00797288040340385	-0.0177937559123902
GSE80614_16	-0.00558300440477636	-0.0157053729357244	-0.0093588891865199	-0.0207551726224086
GSE85254_1	0.00345617985024658	0.007249659253704	-0.00111563835573652	0.0184539945020324
GSE86578_1	0.00359669879289723	0.0401099475391506	0.00910831911780679	0.0178031045522855
GSE86578_2	0.00283400946686324	0.0213607840075653	0.00589467955490973	0.0165255354491754
GSE86578_3	0.00431376257928131	0.0212153260043493	0.00766399764049485	0.0136632470103638
GSE9329_1	-0.00355381438801141	-0.0222153282603268	NA	NA
GSE93698_1	-0.00046443738944479	0.00472047333802462	0.000336732159564142	0.00257401743138538
GSE93698_2	-0.00148518884239617	0.01024457572058	0.00333378361434776	0.00367465773291565
GSE93698_3	0.00458707452969994	0.00629875138281382	0.00774459591886549	-0.00765971718538878
GSE93698_4	0.00816261299772043	0.0138994041595933	0.0109328753257661	0.00278063735208532
GSE93698_5	0.000817753789631923	0.000708728643141039	0.00478830236607385	-0.00546296582387172
GSE93698_6	0.00205107906252871	0.0113110833967129	-0.00410398507468317	0.00116112225726029
GSE93698_7	-0.000143136938382731	0.00192540853539248	0.000765243415357796	0.00338573600542118
GSE93698_8	0.00600580218672655	0.0215983163221267	0.000901482572780916	0.0125374383408928
GSE93698_9	-0.000173820620459052	-0.00730988334751374	0.004297484190315	-0.00202449344395165
GSE93698_10	0.000770276862274129	-0.00611486359503815	0.00426619215222833	0.00347485384585204
GSE93698_11	0.00314176119641011	0.00890732552262636	0.00304900823842461	0.00140130231593132
GSE93698_12	-0.00385503605141499	-0.0139575904603842	0.0054421583765958	-0.00214623718229302
GSE93698_13	0.00130623671454864	0.0134100136457821	-0.00226561748666737	-0.00331916060821083
GSE93698_14	-0.0085871753344115	-0.0118483009734505	-0.00511699261079525	-0.00626074047564995
GSE93698_15	-0.00846653613153341	-0.0197351487779787	-0.00312560561410339	-0.00991134244222448
GSE93720_1	-0.00346167276712489	-0.00298786371934441	NA	NA
GSE93720_2	0.0104179934053461	0.0275119829561583	NA	NA
GSE93720_3	0.000471054659233191	-0.00334755411413468	NA	NA
GSE93720_4	0.00851345216807184	0.0190387199758757	NA	NA
E-MTAB-5564_1	-0.00659316746584909	-0.0171126099515261	-0.00705758730877384	-0.00674088584302675
GSE77753_1	-0.000342620062611597	-0.00255013457136884	NA	-0.00391852014183069
GSE43861_1	-0.0131148167339955	-0.048500831259068	NA	NA
GSE112809_1	-0.000199680511182109	-0.00965373022942048	NA	NA
GSE111946_1	0.00842747911767938	0.0110768496791428	NA	NA
GSE111946_2	0.000684880909536096	0.0183023336299284	NA	NA
E-MTAB-3201_1	0.00197922557082623	0.00528132688515165	0.000308993241023365	0.00544034490008036
E-MTAB-6700_1	0.0068054602722137	0.00854842973337279	0.0073764097887126	0
GSE54749_1	0.000226216334342405	-0.00770111173272333	NA	0.00616373412572392
GSE57218_B_1	-0.00459737792139053	-0.02941612630165	-0.00656089346436215	0.000838986760039392
GSE57218_B_2	-0.00402158332617344	-0.0254383190624171	-0.00560921735072353	-0.00209768457205429
GSE57740_1	0.00129909757947611	-0.0246823825051537	NA	NA
GSE52992_1	-0.00426733342649998	0.0028495268534783	-0.00557568738881209	-0.0151130843120927
GSE17160_1	0.00468186536989571	0.0304751394716891	NA	NA
GSE17160_2	5.66085871163075e-05	0.00574780399619655	NA	NA
GSE17160_3	-0.000909480312806938	-0.0173475055866822	NA	NA
GSE17160_4	-0.00229352145283979	-0.00961789382799407	NA	NA
GSE17160_5	-0.000204429839573063	0.0147989481653566	NA	NA
GSE17160_6	-0.00157792760754155	-0.00866879911042693	NA	NA
GSE17160_7	-0.00550287898382455	-0.012261604378034	NA	NA
GSE17160_8	-0.00307785828440456	-0.0103489610447909	NA	NA
GSE17160_9	0.0109048320902237	0.0133386774703797	NA	NA
GSE17160_10	0.0112340057374482	0.0162123097195688	NA	NA
GSE17160_11	0.0108965014885238	0.0209556886492594	NA	NA
GSE17160_12	0.0105517752472197	0.0184550297174995	NA	NA
GSE22971_1	-0.00103941397860617	-0.0469218973532227	NA	-0.011716396505319
GSE22971_2	-0.00024603776966452	-0.00375592601216312	NA	-0.00511474210462139
GSE22971_3	-0.014620486230896	-0.0299949003122937	-0.0212350694464055	-0.0103402452625724
GSE22971_4	-0.00664897472656775	-0.0162688068155477	-0.0072001796403374	-0.00545907868761895
GSE13590_1	0.000855609876722872	0.00447269214575344	0.000324297730092526	0.00976147341098133
GSE13590_2	-0.000175287553116205	0.0190683977924769	-0.000725425901987367	0.000643461148780298
GSE99731_1	-0.00140563172398515	-0.010678875959105	NA	0.00162190881118437
GSE99731_2	0.00145550890010294	0.0136715188604988	NA	0.0077001187768545
GSE99731_3	0.0180029787225293	0.0329876874862918	0.021396928982353	0.00208022344258189
GSE27492_1	-0.000451969818137106	0.00299625037367322	-0.000537634408602151	0.00640684416321451
GSE27492_2	-0.00142112738512745	-0.00479878778880011	-0.00444326532368113	0.00509621020034413
GSE27492_3	-0.00120131073165945	-0.00876850752737092	-0.00155918357565849	-0.00762010464134932
GSE27492_4	-0.00344034799791301	-0.0117654129726415	-0.00700231070904835	-0.00384496474515494
GSE27492_5	-0.00579878026127204	-0.0178767988635166	-0.0144668966710231	0.00078982212309036
GSE27492_6	-0.00550442560895286	-0.0170954078609071	-0.00893424690467985	-0.0244491350650254
GSE27492_7	-0.0062040533667191	-0.0279275175947561	-0.00608099481379179	-0.015242997650713
GSE27492_8	-0.00768229410790578	-0.028905353131904	-0.0119774678568968	-0.0169163155998818
E-GEOD-15069_1	0.00473468321799819	0.0406867399299965	0.00771324056174101	0.0109921868554744
E-GEOD-15069_2	0.00339509055568153	0.0381205667109494	0.00404916941671457	-0.0074047309341427
E-GEOD-15069_3	0.0143869313193135	0.0206086974459971	0.0178811199878	0.0110320093339047
E-GEOD-15069_4	0.00024489772134319	0.00408927513159863	-0.000199607696905335	-0.00017645703333509
E-GEOD-15118_1	0.00237311793845796	-0.0141805308257205	NA	NA
E-GEOD-15118_2	0.000854299952185383	0.046012606946747	NA	NA
E-GEOD-15118_3	-0.0081679147231617	-0.0258689671161153	NA	NA
E-GEOD-15118_4	-0.0088137003366454	-0.0553739181811882	NA	NA
E-GEOD-16007_1	-0.00243945992988446	-0.0016719580351418	NA	NA
E-GEOD-17473_1	-0.000671142571731154	-0.0124386145304976	NA	0.0105354718093939
E-GEOD-18647_1	0.00944527270719392	0.0439224807744973	NA	-0.00397193763736659
E-GEOD-18647_2	-0.00127119514010776	0.0234183661784589	NA	0.00521569153442293
E-GEOD-18647_3	-0.00737886262831167	-0.0105357872218071	NA	-0.0105509669073327
E-GEOD-18647_4	-0.0143825150668076	-0.023677933561668	-0.003094092906837	0.000660264902765034
E-GEOD-18648_1	-0.00457002561648963	-0.0270852931678641	-0.00696068130235681	-0.000319972056509714
E-GEOD-18648_2	0.00812136935416023	0.0394820898852867	0.0102412480850034	0.0164213581771392
E-GEOD-2154_1	0.00307730027668056	0.0597191556046409	0.00428728447076955	0.00978747556862853
E-GEOD-2154_2	0.00180737445229389	0.0083138344879659	0.00179003635180085	0.00395084333383431
E-GEOD-2154_3	-0.000316549170436219	0.0109422439736662	-8.65473431669651e-05	0.00157773934362849
E-GEOD-2154_4	0.00813923128678253	0.0419492885820447	0.0148606007245174	0.00334252047624021
E-GEOD-26475_1	0.000990509650869411	-0.00490210566542367	0.00290303705939456	0.000246003105880976
E-GEOD-26475_2	-0.000216756968972385	0.0101289079106063	0.000325010750335733	-0.00156716946968677
E-GEOD-26475_3	0.00162070441977998	-0.0110839523059576	0.000972681592388789	0.00782588726964298
E-GEOD-33567_1	0.0124973031014987	-0.00581779840040625	NA	NA
E-GEOD-33567_2	0.00548357220027863	0.00564313501183606	NA	NA
E-GEOD-37287_1	-0.00357033469095839	-0.0107944603493468	NA	NA
E-GEOD-37287_2	-0.00478390987897992	-0.00709689997300778	NA	NA
E-GEOD-37287_3	-0.00744855782930135	-0.012550872933998	NA	NA
E-GEOD-51994_1	0.0037030296027836	0.0126520022446546	-0.000177306750065867	0.00731232497753045
E-GEOD-51994_2	0.0074030075386509	0.0174762338973722	0.0103129632599948	0.0140901823234929
E-GEOD-51994_3	0.00495397755878163	0.0139190986862116	-0.00183516549102406	0.00294343289689034
E-GEOD-65077_1	-0.000991590889025916	-0.0784979042906973	NA	NA
E-MEXP-1244_1	7.03454493040973e-05	-0.0379147035256766	NA	NA
E-MTAB-1123_1	0.00350284324046212	-0.000214071244547501	0.00294812639768008	0.00460920233072132
E-MTAB-1123_2	0.00229444464084835	0.00352761474501686	0.0010454310213201	0.00114418281674137
E-MTAB-1123_3	0.00122359927988831	0.000881206054129804	-0.000579467575002414	-0.000255767006484961
E-MTAB-1123_4	0.000598002392009568	-0.00677001339685643	-0.000268384326355341	-0.00766701021996514
E-MTAB-1391_1	0.000661218340303501	0.00733535751807184	0.00105338122655946	-0.00159223409690582
E-MTAB-1391_2	0.0117785144909628	-0.00388116955522235	0.0138672381274945	-0.00383430417294297
E-MTAB-1391_3	0.00572558298770304	-0.0085294105803302	0.00708599751744068	-0.0110006325121565
E-MTAB-2450_1	-0.00310654543510441	-0.00663378720975197	-0.00202975674534993	0.0209021302771303
E-MTAB-2450_2	0.000727035016322506	0.0154649362851803	0.000957092897243078	0.00801713475886202
E-MTAB-2450_3	0.00430797247410476	0.00849683059675306	0.00609628013263772	-0.0174810865674445
E-MTAB-2450_4	-9.20356480947886e-06	-0.0111013593511005	0.000575778811796273	-0.0229554782523757
E-MTAB-5023_1	0.00178029917309544	-0.0084374333703338	NA	-0.0147057753298052
E-MTAB-5326_1	0.00581710506467759	0.0113952455968682	NA	NA
E-MTAB-5326_2	0.0122008672137208	0.0385623001016804	NA	NA
E-MTAB-5326_3	0.00636424305105879	0.00853795083053948	NA	NA
GSE102588_1	0.00145691317965125	0.0209530765868329	0.00238828279476544	0.00841814676206324
GSE104793_1	0.00241696489787055	-0.00725569542687506	0.00393443177249119	-0.00132172319244823
GSE104794_1	0.00984164216402755	0.0195052434987343	0.013609243087034	0.00403744865872183
GSE104795_1	0.00792915395798695	0.0175185037541822	0.0118462441296288	0.00111602721056093
GSE105139_1	-0.000477718547402219	-0.0166503357953113	NA	-0.0145063184243038
GSE105139_2	8.78872046368592e-05	-0.00104450547093194	NA	-0.0114516021366947
GSE105139_3	-0.000685647250259982	0.00824930498518028	-0.000288350634371396	-0.00241726172003261
GSE10555_1	0.0180771171414306	0.0198214656440863	NA	NA
GSE10556_1	0.00253078375882514	0.00314540090123213	0.00544553867220244	0.00335813915103345
GSE106631_1	-0.00331781173011686	-0.00478537358382501	-0.00471554183743528	-0.00149960169291013
GSE13104_1	-0.00571109878445705	0.00275044262789286	NA	NA
GSE13104_2	0.0151114015601699	0.0232375937262829	NA	NA
GSE13104_3	0.012683634639062	0.00578365560455694	NA	NA
GSE16749_1	-0.00680913297350138	-0.0169104019600827	NA	NA
GSE16749_2	0.000983673398469871	-0.010523782748116	NA	NA
GSE16749_3	0.00805556056565116	0.0290387935989272	NA	NA
GSE17348_1	0.00187079349348601	0.0111740887418306	NA	NA
GSE17563_1	-0.00885804432488083	-0.00883810255741353	NA	NA
GSE17563_2	-0.00120993186658997	-0.0111840152429165	NA	NA
GSE17569_1	-0.00307811540214482	-0.00919246387417372	NA	NA
GSE17569_2	-0.0172180784772347	-0.038963247401898	NA	NA
GSE17570_1	-0.00292346142046512	-0.0148930953014806	NA	NA
GSE17570_2	0.00108862497826352	-0.000641279233641639	NA	NA
GSE18991_1	0	0.0207324178976457	NA	0.00993073497056005
GSE18992_1	0	-0.00162421938863805	NA	0.00403694088267932
GSE19299_1	0.00101655182061573	0.00632204693934969	0.00236706353740027	-0.00192298928684192
GSE20850_1	-0.00490802613464468	-0.0118510545444833	NA	NA
GSE21093_1	-0.00363400338132711	-0.0036983033450476	NA	NA
GSE21523_1	0.000615040353325876	0.00431663128793573	NA	NA
GSE21639_1	-0.00104686670459361	-0.00354060062560455	NA	NA
GSE21639_2	0.000119059545621537	-0.010377618006157	NA	NA
GSE21639_3	-0.000640808738386172	-0.0149948753227581	NA	NA
GSE21639_4	-0.00287872334063781	-0.0246059206752913	NA	NA
GSE21710_1	-0.0185419945139699	-0.0441951572686394	NA	NA
GSE21710_2	-0.0213008215908477	-0.0456243365762414	NA	NA
GSE21710_3	-0.020610839167272	-0.0459526728914576	NA	NA
GSE22925_1	0.00684897255089679	0.0288352536408973	0.00444351433631141	-7.25141481820873e-05
GSE22925_2	-0.000483116911155108	0.0034048941497453	-0.00115981314320871	-0.00281000182052399
GSE26499_1	0.000901043398642134	0.0132373108323397	NA	NA
GSE30160_1	0.003963024132961	-0.00174670135143955	0.0101462691209737	0.00190893096346298
GSE30628_1	0.016943471692146	0.040210272274537	0.0221491800449922	0.0160592311694375
GSE30628_2	-0.00591146429251578	-0.00345517711585338	-0.00723495301807063	-0.00310787460989469
GSE32163_1	0.00340927349873344	0.021145693568126	NA	0.00556779122655592
GSE33656_1	-0.0154383094987349	-0.039279124409553	NA	NA
GSE33754_1	2.32003503664667e-05	-0.0204056073256377	-0.000522473564818094	-4.58497940382932e-05
GSE33754_2	-0.00233757239038329	-0.0217161050439857	-0.00497269011635447	-0.00493320555678623
GSE33754_3	-0.00492201500600417	-0.00807818814934124	-0.00637195224176544	0.000181803580553022
GSE34570_1	0.000670533853675111	-0.00497996625311439	NA	NA
GSE35003_1	-0.00495660546560728	-0.0316753255085464	NA	NA
GSE35466_1	-0.0074711445232614	-0.0603398114657304	NA	NA
GSE35466_2	-0.00115353947528436	-0.0209989468677604	NA	NA
GSE35466_3	-0.00682816097775065	-0.0225664654163164	NA	NA
GSE35466_4	-0.000822785554599336	-0.000810029438951	NA	NA
GSE35466_5	-0.00214148765981955	0.022183077358718	NA	NA
GSE36925_1	-0.000424580367845916	-0.0167388987365805	NA	NA
GSE36925_2	0.00816863778581228	0.036576397383793	NA	NA
GSE36925_3	0.00715927528352264	0.0354968876323769	NA	NA
GSE37219_1	0.0098932278111153	0.0291088789884749	NA	NA
GSE37676_1	0.0018719526208156	0.0167200466427719	0.00303779334399045	-0.00201007892679988
GSE41342_1	-0.00588996379025872	-0.0142665217429491	-0.00546244436669539	0.00359572516004298
GSE41342_2	-0.00466304391593321	-0.0190684391569747	NA	-0.00261775944085639
GSE41342_3	-0.000349695045227488	-0.0340816313160787	NA	-0.000421533977287133
GSE41342_4	-0.00324712767396743	-0.0146129727938885	-0.00128625503290981	-0.0130931120737458
GSE41997_1	-0.000226242692315565	-0.0117191932159613	-0.00341649495813058	0.000973226242407369
GSE43242_1	-0.000160551589013533	-0.0189019238374985	0.00198623921117326	-0.00390864582330014
GSE43242_2	0.000377262787013951	-0.0117140604629039	-0.000634652679967365	-0.00284345987031368
GSE43663_1	-0.000627061336720699	0.00614890366638193	-0.00217391304347826	-0.0157673656918519
GSE43854_1	0.0228996637722672	0.0359464161625645	NA	NA
GSE45656_1	-0.0135320828802131	-0.0306457082139816	NA	NA
GSE45656_2	0.0140598398804254	0.0190709449358839	NA	NA
GSE45656_3	0.00250683521226314	0.00691558335389283	NA	NA
GSE45793_1	0.0161909127016098	0.0461453273243693	0.015337464355036	0.000147102775174488
GSE45793_2	0.00576491130876118	0.0257521663052205	0.00258186702299213	0.00320736821598122
GSE45793_3	0.0190002716323339	0.0480076485141914	0.0232168268416906	-0.00271967396786616
GSE45793_4	0.0166311881607039	0.0341644247520223	0.0223991404787551	0.00861898555956115
GSE45793_5	0.0149493898972514	0.0339395689313723	0.0108767588126335	0.000275472414848149
GSE46390_1	-0.00152080806041796	-0.0155391767048606	NA	NA
GSE48438_1	0.0012476915724443	0.0144117686817641	NA	0.000861172841973604
GSE50549_1	0.00123781191397992	0.00630548685309862	0.0023211409500501	0.0037718027951668
GSE50549_2	0.00937125536760686	0.0232775027116717	0.0145457069728467	0.00807376004057324
GSE51098_1	-0.0120280394678411	-0.0290616285846333	-0.00814297405253238	-0.00140107987389604
GSE53857_1	-0.00286903692571407	-0.0259977636780043	-0.00362480450299823	0.000853440506745861
GSE53857_2	-0.000378326654612651	-0.0286387556619623	-0.00133257218521571	-0.0179704348453719
GSE53857_3	-0.000573910128738593	-0.00508731007806274	-0.00180847558026773	-0.00600562235822536
GSE53982_1	0.00877720680627341	0.0224546423218448	0.0118909496349912	-0.005427059088919
GSE53982_2	0.0010740627798448	0.00358139523018861	0.0017686737087133	-0.00440833826571843
GSE54779_1	-0.0102760439294875	-0.0319849300468768	-0.0138001657505256	-0.0048288031609416
GSE55900_1	0.000226405631638582	-0.00232804498926473	0.000768644215289562	-0.000226474340104012
GSE57104_1	-0.000697060764860845	0.00175606090606699	NA	0.00406945769073451
GSE59387_1	0.00323062241501962	0.0283526128227299	NA	NA
GSE60401_1	-0.0159700183030909	-0.0418339079924035	NA	NA
GSE60401_2	-0.0164792223279592	-0.0383322711714381	NA	NA
GSE60651_1	0.00236012589773764	-0.00620534166881933	NA	NA
GSE60737_1	-0.0104408146081558	-0.0201270584026625	NA	NA
GSE60761_1	5.27557346859721e-05	0.00618923402992408	0.000385208012326656	0.00774615171469234
GSE60761_2	0	-0.0224102193925753	NA	0.00136739646069891
GSE60761_3	-0.000488928960407544	-0.0260772115794959	0.000116838650134716	-0.00922501108344985
GSE60761_4	9.82487652048804e-05	-0.00821886676089749	0	0.00167318081633247
GSE63017_1	0	-0.0121493068949716	NA	-0.00320874997730058
GSE63017_2	0.000451001187263094	-0.00885402950535037	NA	0.00586312380786935
GSE63017_3	0.00324164874139069	-0.0059101336580158	-0.000966713907480313	0.000805536791428628
GSE63017_4	0.00156746875101056	-0.00508343853518917	NA	0.00882345892052536
GSE63939_1	0.0168675754803493	0.0337627733510741	0.0223821003464663	0.00190216536568586
GSE63939_2	0.00982952800718642	0.0216079015153065	0.0116718519727048	0.0099594454932853
GSE64141_1	0.0186674653480606	0.0295397427453836	NA	NA
GSE64965_1	-0.02136674962317	-0.0549034034787581	-0.0315164391775197	0.00553556063536973
GSE65745_1	-2.55653862502256e-05	0.0182299693050372	NA	0.00130900551022768
GSE65745_2	0.0001750679688949	0.0211278334720312	-0.000145060531236893	0.00263191971721419
GSE65745_3	-2.58159202171928e-05	0.0295386149801844	-0.000835055757279246	0.0122427426729108
GSE66416_1	-0.00574136615771683	-0.0307306734605141	NA	NA
GSE66862_1	-0.0148679598482642	-0.100310784365023	-0.0184688385873657	-0.0294491685974425
GSE69108_1	0.012017779470442	0.0324274109541278	0.0157517540405229	0.00520323509358473
GSE71565_1	0.00972497813390003	0.0225518778414024	NA	NA
GSE72261_1	-0.00406773534977967	-0.00783998973560428	-0.00668683047240914	-0.0222539608728867
GSE72261_2	0.0062473798917337	0.0240074999465096	0.0150333216188093	0.0138041074352155
GSE72261_3	0.00571284240602781	0.0214306603155167	0.0114160483467878	0.00948684012556772
GSE7683_1	0.00188300270918179	-0.00466310922924929	0.00292630916788749	0.000341505141560125
GSE7683_2	0.00341732633813488	0.0244774978443479	0.00275105065088271	-0.000739108033855058
GSE78980_1	0.00479317842119466	0.0103006909164486	NA	NA
GSE78980_2	0.000600077264271968	0.0547838397868105	NA	NA
GSE78980_3	0.00165516772380896	0.0271130230221045	NA	NA
GSE78980_4	0.00269293134760256	0.0309331191176622	NA	NA
GSE78980_5	-0.000798514178946316	-0.0312478559022862	NA	NA
GSE78980_6	2.52403260078738e-05	0.0232684512839676	NA	NA
GSE78980_7	-0.00258007906626451	-0.00544452363814408	NA	NA
GSE78980_8	-0.00481917678273256	-0.0140287670532173	NA	NA
GSE78980_9	-0.0104714648602175	-0.023937983413552	NA	NA
GSE78980_10	-0.00639309213197066	-0.0164266144724378	NA	NA
GSE81399_1	-0.00327613969135733	-0.00479875790193222	NA	-0.00537436862410775
GSE84609_1	-0.00713532050993385	-0.0464195386394494	-0.00932784354291151	-0.015662988142407
GSE84907_1	-0.00539540741939136	-0.0164236860909773	-0.00858738275043454	0.0111817803479093
GSE84907_2	0.00579276993195727	0.0243045033423625	0.00722476653660864	0.0110735677091818
GSE84907_3	0.0150751146025695	0.0613092371760799	0.0224882094809419	0.0077479979734721
GSE90127_1	0.001990678012019	-0.00903185799432512	NA	NA
GSE90127_2	0.000185117661017593	-0.00314725429500877	NA	NA
GSE90127_3	-0.00283645911933095	-0.00634036035858188	NA	NA
GSE9247_1	-0.00225082666236607	-0.00894851022607464	-0.00322297843814527	-0.00422494842008905
GSE9247_2	0.0175321350660302	0.0177835544479711	0.0219283824934735	0.00117873315054579
GSE9247_3	-0.000825387006911437	0.0266556321702818	-0.000236108581587019	-0.0076248045816445
GSE99306_1	0.0178984981659875	0.0398608773091165	0.0200836215849112	-0.00438193197947177
GSE99306_2	0.014797563246576	0.0384123391206059	0.0204666091479957	-0.0133846678069378
GSE99306_3	0.00527393632254215	-0.00305747420134749	0.00579258674959296	-0.000181499440575017
GSE99306_4	0.0201398003464572	0.0445583173778222	0.0317018036386127	-0.00585827902379824
GSE99306_5	0.00905814728770528	0.0212701489951568	0.014049917254966	-0.00497613683685826
GSE99306_6	0.00795067436097667	0.0170931868654926	0.0105644153269427	-0.0174321297902366
GSE99306_7	7.88465473043906e-05	0.00163575954071103	0.000138961964593404	0.0140008165042322
GSE99306_8	0.0135730979831442	0.0367121273049598	0.0223757194227476	-0.0133059307502714
GSE99306_9	0.0108544057700903	0.0225200038567721	0.017977736673275	-0.00379018699538289
GSE99306_10	0.0019144392733649	0.0238574913621181	-0.000271443758516921	0.0110932453250092
GSE99306_11	0.0170784523923487	0.0375299543366198	0.022703051631544	0.00228147192454999
GSE99306_12	0.0172253479381529	0.0387731939009842	0.0262345207054347	-0.00503455395032816
GSE99306_13	0.00235058275017175	-0.00545660490035802	-0.00137238483920698	0.0122187190181863
GSE99414_1	-0.000220802827901846	0.0070750381599639	-0.000749749623417768	-0.00397026658369211
GSE110581_1	-0.00236026699672537	-0.0030398287578391	-0.0042162958358973	-0.00159242953312077
GSE110581_2	-0.000574977497749775	-0.0247033124057673	-0.000260552371026576	0.00553951624142291
GSE47799_1	-0.001213973300561	-0.00772140030253501	-0.00573688822528597	-0.00588779879007605
GSE47799_2	0.00258313556924961	0.00438345299917564	0.00622035689241699	-0.00294834307992203
GSE47799_3	-0.000124644149399574	-0.00921086840750413	-0.000823116083831255	0.00178862793279269
GSE111628_1	0.000200695544877696	0.0186936202951177	NA	NA
GSE111628_2	0.000799041150619257	0.0190416265351586	NA	NA
GSE111628_3	0.00444022705733262	0.0243311230406442	NA	NA
GSE5657_1	-0.00147738244043072	-0.0252591167107845	-0.00279672477222859	-0.0126391253644622
GSE5657_2	-0.00131937261444869	-0.0149995131618675	-0.00173188031300419	-0.00872187584711304
GSE13782_1	0.002910635254628	0.0147879361321051	0.00643198198901365	-0.00835393376085437
GSE41039_1	-0.000448369711047501	-0.00172619555090978	-0.00112814568900471	0.00465488968395945
GSE84198_1	-0.00104404519934686	-0.0476782188132572	-0.000603389545541572	-0.00418342719227675
GSE84198_2	-0.00596508344288384	-0.0376896502355451	-0.00677757843005905	0.00232584676273184
GSE84198_3	0.00412187014715504	0.0196530610111724	0.00324163231764193	0.0107335655918332
GSE114469_1	0.00474306164584151	0.0169854880107717	NA	NA
GSE108036_1	-0.00024926753801576	-0.0221441217354697	0	0.00576779840383941
GSE60451_1	-0.000488499197616062	0.013231847238173	-0.00262715778343587	0.00526901452146525
GSE47902_1	0.000251066672309969	0.0132842527976456	NA	NA
GSE44325_1	0.0102330602720049	0.0350498760122643	NA	NA
GSE4481_1	0.000349369814497572	0.0316350512428198	NA	-0.00218636795807155
GSE4481_2	0.0055595362732973	0.00185809523818206	0.00152318330825542	0.0147646332337226
GSE4481_3	-0.000200233671699358	-0.00442058051442291	NA	-0.00105431577697211
GSE102292_1	0.0126640842132672	0.0435178691689287	NA	NA
GSE102292_2	-0.002076569095496	-0.00761350393063107	NA	NA
GSE102292_3	0.00327887028271601	-0.0083944087190392	NA	NA
GSE102292_4	0.00815179722630946	0.00525491062359496	NA	NA
GSE41898_1	-0.00778836576761305	-0.0181499275077951	-0.0112583034326899	-0.0121066295943764
GSE87605_1	0.00121682499730916	-0.000194669717587195	0.00354706753720339	-0.00207937866628475
GSE87605_2	-0.00395830294456627	-0.0284950184441619	-0.00497269838043374	-0.00914991135860466
GSE87605_3	-0.00275677787813444	-0.0223645641586864	-0.00560255607113106	-0.0180841457873527
E-GEOD-54216_1	-0.0138376328899226	-0.0462185482490434	-0.0190362076929258	-0.021244378312746
E-GEOD-54216_2	-0.0170591150139884	-0.0517851242736104	-0.0223486533300659	-0.0202418465365902
E-GEOD-54216_3	-0.00833311044371889	-0.0253978877681102	-0.0113084281456772	-0.00556433596087244
E-GEOD-6119_1	-0.0063662516966823	-0.0143918327864752	-0.00925282658818136	0.00935821657501634
E-GEOD-6119_2	-0.00528566884645428	-0.00687537013923544	-0.00726463572588373	0.0093463326596936
E-GEOD-6119_3	-0.00534806035658026	-0.0046056018749298	-0.00695127426481676	0.0149833430642042
E-GEOD-8077_1	0.00401359249497094	0.0313688724539179	0.00510691654787662	0.00125734656385997
E-GEOD-8077_2	-0.000770540969447032	0.0251547949055376	-0.0016292725438286	0.0163597498644294
E-GEOD-8077_3	-0.00337902013798455	-0.0109234825458662	-0.0048127189943805	0.00937163982938533
GSE103416_1	0.00603649473354122	0.0293241966762656	0.00487911140991217	0.00646263410674464
GSE103416_2	-0.00271021114116299	0.00854978439285912	-0.00544490852340952	-0.00353004106083738
GSE103416_3	-0.00113706637832581	0.0183496597945733	-0.00108989828596045	0.00593147635845557
GSE19950_1	0.00593767806442565	0.0368986110516142	0.00568206270647824	0.0118573738099515
GSE30322_1	-0.00115788591854234	-0.0113253328419051	-0.00456964029782849	-0.00784770784770785
GSE30322_2	-0.000585540820592619	0.00495119442108431	-0.00150195536293032	0.00105310845656476
GSE30322_3	0.00701560160755053	0.0222769676810848	0.0103770637091938	0.000709570554595911
GSE42295_1	-0.000573544640852146	0.011444617180097	NA	-0.0060731852470987
GSE42295_2	0.00391503654664706	0.00885566314773112	0.00410360865982328	0.00355041999063738
GSE42295_3	0.00170465849124058	0.00878382854787715	-0.000107621311751772	0.000224807381291436
GSE66554_1	-0.0144104147411144	-0.02741534858828	-0.0168638318501313	-0.00108011170423691
GSE66554_2	-0.012241774045838	-0.0354436066535994	-0.0126059881742453	-0.00111167969250443
GSE66554_3	0.00577404118307246	0.0304371307488646	-0.000283929585462805	0.00442275556257319
GSE66554_4	0.00491310253589479	0.0271356281395952	0.00650951368863543	0.00294716536276926
GSE74898_1	0.0163280324045907	0.0354523007241466	0.0223791366772303	0.012594262275943
GSE74898_2	0.0167658918172152	0.0386950829828923	0.0223863179357101	0.0118143650061873
GSE74898_3	0.0128900303349545	0.0335794204654145	0.0160061831582211	0.00505253123870187
GSE79176_1	2.58380171377211e-05	0.0227574284290015	NA	NA
GSE79176_2	-2.60365015513644e-05	0.0455635717123717	NA	NA
GSE79176_3	-0.000650588002641227	0.0283349197783251	NA	NA
GSE85785_1	-0.00359999707477411	-0.0217114130916281	-0.00376203788927607	-0.0212001380161312
GSE16981_1	-0.00600747065628064	-0.011390295724208	-0.0078141848101834	0.00186115258114422
GSE16981_2	-0.00625179431523051	-0.0159957385946963	-0.00928248371248343	-0.00254038175898109
GSE16981_3	-0.00266207786244982	-0.00109866638187925	-0.00409197576152089	0.0022597759965812
GSE16981_4	-0.00266207786244982	-0.00109866638187925	-0.00409197576152089	0.0022597759965812
GSE16981_5	0.00256903808170671	0.0291917153387963	0.00348476874357529	0.00605246783865017
GSE16981_6	0.0015070015221274	0.00850037674807107	0.00073412603069291	-0.00852214621277418
GSE16981_7	0.000544584933621366	-0.047879090441864	0.00119361235113351	-0.0121157070180002
GSE29859_1	-0.00135868041169724	-0.0279726952664141	-0.00211351254200862	0.00311513855447272
GSE29859_2	-0.00400374373973157	-0.0306649661897049	-0.00522510659895297	-0.00703667616329022
GSE23492_1	-0.00311070355572788	-0.0112853246001197	NA	NA
GSE23492_2	-0.0104272497751736	-0.0206950469461322	NA	NA
GSE23492_3	0.00416445026545811	-0.00350635498867358	NA	NA
GSE23492_4	-0.00148186731741844	-0.00741075125036977	NA	NA
GSE23492_5	-0.00796794333355045	-0.00552541179940337	NA	NA
GSE44991_1	0.000893457663768086	-0.00519114038961606	0.00373454239730873	-0.0167823141253946
GSE44991_2	0.00164134695402054	0.00291886074126227	NA	0.0050642957567418
GSE39796_1	0.0196162626243844	0.0377957769832146	NA	NA
GSE39796_2	0.0108214886892755	0.0309671357237234	NA	NA
GSE39796_3	0.0121229474362134	0.018646596277258	NA	NA
GSE18394_1	-0.0126380297289223	-0.0203916963530583	-0.0172071357253571	-0.00713178486922211
GSE18394_2	-0.0164665077262606	-0.028785764388314	-0.0266194176004638	0.010250021161334
GSE18394_3	-0.00350952590721487	-0.00130983589500683	-0.00402281346269827	-0.00328666019117406
GSE29233_1	-0.00220477548659317	-0.0125759234187904	NA	NA
E-MEXP-2291_1	0.0115422023315207	0.0202351582464825	NA	NA
E-MEXP-2291_2	0.00438796559503581	0.00295704389622964	NA	NA
E-MEXP-2291_3	0.00390929439487478	0.0159366681332145	NA	NA
GSE18738_1	0.00365507228000935	0.00378763456550214	0.00734924245460156	0.00925886499656992
GSE107363_1	0.000873609842584343	-0.0151158785346635	NA	NA
GSE85761_1	0.015294614416236	0.0087833650490408	NA	NA
GSE89179_1	-0.0113335986169082	-0.0304027072436671	NA	NA
GSE89179_2	0.00340272260537556	0.0125392337291422	NA	NA
GSE89179_3	0.00677163679411352	0.0110273445777788	NA	NA
GSE89179_4	0.00424897764574873	0.0133445754513492	NA	NA
GSE89179_5	-0.0111682463866963	-0.0122776475199107	NA	NA
GSE89179_6	0.00228907698997092	-0.0064428042186199	NA	NA
GSE89179_7	-0.00132949496559056	-0.00908597199203787	NA	NA
E-GEOD-57723_1	-0.00171651542492661	-0.00731399739140165	NA	NA
E-GEOD-57723_2	-0.00255426241593091	-0.017090566642228	NA	NA
E-GEOD-57723_3	-0.00268574198913428	-0.0150753672769608	NA	NA
E-GEOD-83930_1	0.00110239453707034	-0.00572585257395225	NA	NA
GSE100268_1	0.000486293631645957	0.0249374965022784	NA	NA
E-GEOD-55769_1	0.000812005206202731	-0.0275572490823136	0.00174731001312479	-0.0114292488744378
E-GEOD-55769_2	-0.000324245252539757	-0.0627920956025489	-0.000453995157384988	-0.00210900210900211
E-GEOD-55769_3	-0.00113733504496139	-0.0139410951315029	-0.000775959184830097	-0.00913786401098126
E-GEOD-69110_1	-0.00325716417348851	-0.000718535638870144	-0.00389868351720892	-0.0159110570257161
E-MTAB-4304_1	0.00678910760724821	0.0449604213295284	0.00894856942539869	0.0169631164690508
E-MTAB-4879_1	-0.00971933457794043	-0.0291042401541382	-0.0030967286167855	-0.00330101394718338
E-MTAB-4879_2	0.00368002635585579	-0.0102343594429549	0.00295513446311243	-0.0110370083992965
E-MTAB-4879_3	0.00107005516729283	0.0145264133410245	-0.00109610942021583	-0.00337228534775203
E-MTAB-4879_4	0.00226718691639928	0.0119465454717138	0.00123936500975824	0.00769936944709226
Cytokine_Explant_1	-0.00318407325144094	-0.012185019399585	-0.00539769529295775	0.00290500932428236
Cytokine_Explant_2	0.00303810201907311	0.017585888016064	0.00156964891546268	0.00735761505212306
Cytokine_Explant_3	0.00825978621534068	0.0255722050983809	0.000458398024736104	0.0145097482316047
Cytokine_Explant_4	-0.00208687703033203	-0.00974058347421702	-0.000237069460155786	-0.00221897387273494
Cytokine_Explant_5	-0.00491885463502477	-0.0104463109468683	-0.0147279800028493	-0.00132673208434702
FN1_Explant_1	-0.00287804083716239	-0.00474512322216474	-0.00305531109429089	0.000429117632871852
E-MTAB-6266_1	-0.0193849241869478	-0.0431539086564178	-0.0241366591837445	-0.0233556449275031
E-MTAB-6266_B_1	-0.00581236493097375	-0.0121234548665544	-0.0139001859617279	-0.0165043811400381
E-MTAB-6266_B_2	-0.0284262873505742	-0.0633928099427142	-0.0330045300690263	-0.0248262550967507
E-MTAB-6266_B_3	-0.0162771716631245	-0.0574511843083906	-0.0161701451247892	-0.00367906038914592
GSE74220_1	0.00678564663158026	0.0130469855540383	0.00451844231235359	0.00953641191956873
GSE114007_1	-0.0290958249647937	-0.0741817766282064	-0.0339006469423256	-0.0335398706896552
GSE109503_1	-0.000265904514937507	0.0171177824446147	-0.000983976757071004	-0.00857149425362696
GSE109503_2	0.0016329412062073	0.0285969521217669	0.00289354601387798	0.00848130007759943
GSE109503_3	-0.0084124015195667	-0.00396178136545768	-0.000964555404210577	-0.0231504697423791
GSE109503_4	-0.0378018175100753	-0.0835468971503147	-0.0505727529469248	-0.0412729185779816
GSE109503_5	0.0159559665044229	0.0363967347177381	0.0202018386847892	0.0189445909519432
GSE109503_6	0.0399162361658539	0.0684867839979921	0.0605089039616147	0.00821512238283202
GSE109108_1	0.003705915662499	0.03417148208122	0.00136850297164213	0.00306026204748306
GSE109108_2	-0.00369049395188738	-0.00841478045989079	-0.00578878676557634	0.00672198467782628
GSE109108_3	0.00111582571399432	0.0134002317863098	NA	0.00740082385881227
GSE109108_4	0.000954567284813833	0.0317121979684192	0.000316055625790139	0.00141411351898397
GSE70667_1	-0.000503087226021287	0.0297600317320053	0.00066050111932749	-0.0152718574533945
GSE87608_1	-0.00129724481640479	0.0292231435833766	NA	-0.00225060734679955
GSE87608_2	0.00948584735995488	0.0461179883705619	0.000604698154889968	-0.0129680432773498
GSE87608_3	6.42014812930122e-05	0.0240743959661636	-0.00364850484298184	-0.0146263746314154
GSE87608_4	-0.000713976131487233	-0.00659496362705235	-0.00041297571953831	-0.00673080803857291
GSE90890_1	0.00569774152641442	0.0490395480611361	0.001167539422126	-0.00367972299283628
GSE97118_1	-0.0130618994151732	-0.043853636984059	NA	NA
GSE97118_2	-0.00311624318136013	-0.0228775418115969	NA	NA
GSE97118_3	-0.0141817164107197	-0.0518489660500786	NA	NA
GSE97118_4	0.000632437636190083	-0.00243606000733433	NA	NA
GSE97118_5	-0.00664489341755541	-0.050659169275238	NA	NA
GSE97118_6	-0.00523464442471513	-0.0218554246948274	NA	NA
GSE97118_7	-0.00374424709091148	-0.0480574731003752	NA	NA
GSE107592_1	0.0166631905370221	0.0400513618002892	0.0079942441149012	0.00220835676032488
GSE92641_1	-0.00883575064732029	-0.0429093916514569	-0.0166508834114579	-0.015514236913295
GSE107849_1	0.000631190456124305	0.00757374146331188	-0.00255205679418203	-0.000157045051340468
E-ERAD-89_1	-2.49626173240761e-05	-0.00373645577755971	NA	NA
E-ERAD-89_2	4.68173286020728e-05	-0.0111546891266942	NA	NA
E-ERAD-89_3	-0.000544111741699169	-0.00852836894396288	NA	NA
E-ERAD-89_4	-0.000349746995455241	-0.0139862520420916	NA	NA
E-GEOD-45893_1	0	-0.00723068976299402	NA	NA
E-GEOD-53105_1	0.000928868298199899	0.000472587279030077	7.89998256161615e-05	-0.00313820687132524
E-GEOD-53105_2	-0.0207757007987996	-0.0448706296679361	-0.0137105563833482	-0.00629434698545448
E-GEOD-54461_1	0.00926859559487302	0.0375339614095386	0.00793455547929904	-0.00442912689206415
E-GEOD-54461_2	-0.000158391891892543	-0.00429578162821554	-0.000670054319323293	-0.000501613145113843
E-GEOD-54461_3	0.00143648300675594	0.00930632303816642	0.00104105785661464	0.000856498985960701
E-GEOD-54461_4	-0.00260908338113337	0.00265328163894692	-0.00431590855479056	0.000772477904260851
E-GEOD-54461_5	-0.00329599651818599	0.00677369218037635	-0.00368743775175478	0.00209464836658571
E-GEOD-54461_6	-0.0041316722839965	0.0138434301248204	-0.00773599292264229	-8.9418278303016e-05
E-GEOD-54461_7	-0.00516190716740466	0.0142993681594601	-0.00546855045364415	0.00521187908321091
E-GEOD-54461_8	-0.00191674544390026	0.0196470922295998	-0.00272951395185146	-0.0063776623307936
E-GEOD-73372_1	-0.00242837948125997	-0.0139514515277205	NA	NA
E-GEOD-73372_2	-0.00618911813279743	-0.00430803753824335	NA	NA
E-GEOD-73372_3	-0.00100483556613591	0.0134333321672675	NA	NA
E-GEOD-75549_1	0.00183795558537412	0.0116008060506014	NA	NA
E-GEOD-76988_1	-0.000832986577270075	0.00710685027876331	NA	NA
E-MTAB-2923_1	-0.0149727303376231	-0.0457771631419816	NA	NA
E-MTAB-2923_2	0.0151164237781021	0.0563068870205445	NA	NA
E-MTAB-2923_3	0.0219192948081479	0.0381596583172435	NA	NA
E-MTAB-2923_4	0.00275510103728271	-0.00518660363808347	NA	NA
E-MTAB-3428_1	-0.00303259228772881	-0.00444036974438383	NA	NA
E-MTAB-3428_2	-0.00626411720353092	-0.0459015041856995	NA	NA
E-MTAB-3428_3	0.00480779596223037	0.0274004745280832	NA	NA
E-MTAB-3428_4	-0.000907830846245676	-0.00139024432890466	NA	NA
GSE102856_1	-0.000279469280926437	-0.0204995293413576	NA	NA
GSE103492_1	0.000686415665135619	0.0207634234784882	-0.00501633819048021	0.0177571367256387
GSE103492_2	-0.00031216837769546	0.00729593613907128	-0.00097701144836114	0.00402906575515373
GSE103492_3	0.00527854052211117	0.0278843208235385	0.00698947583460164	0.0220949394685544
GSE103492_4	0.00539577088420494	0.0263784867099033	0.0044457403284849	0.0269219400989836
GSE103492_5	-0.00574415160235438	-0.00148429033589318	-0.00106056284780505	-0.0024896827237142
GSE103492_6	0.00101182163738456	0.00106001919631031	0.000177938530950127	-0.0060877657647467
GSE103492_7	0.00408786302568251	0.00289743199765942	0.00183013245352043	0.000913683304676841
GSE103492_8	-0.00325648969947191	-0.0197406297081317	-0.00174359591256141	-0.00655236258717101
GSE103492_9	-0.0036965554510154	-0.0225027492483195	-0.00145642133004794	-0.00616151567584681
GSE103492_10	0.00033203073439582	-0.00332980475009439	8.2754232441089e-05	0.00816845552088854
GSE106259_1	0.00304846190264583	0.0187568166254248	0.00468319022294974	0.00990945155262093
GSE110303_1	0.000257893234599899	-1.38517888216164e-05	NA	NA
GSE110303_2	-0.00123810864593737	0.00106764808161664	NA	NA
GSE110303_3	0.00116426742394997	0.00636086047342418	NA	NA
GSE110300_1	0.000210676997255515	-0.0552024420265399	NA	NA
GSE110300_2	0.000448942040056562	-0.0274297091075036	NA	NA
GSE110300_3	0.00207815745940719	-0.0373180391990236	NA	NA
GSE110281_1	0.00953108661477796	0.045893090573755	NA	NA
GSE110281_2	0.00580351960211529	0.0115375612388662	NA	NA
GSE110281_3	-0.00090868974114012	-0.0375024425453331	NA	NA
GSE104459_1	0.00342351652301507	0.0244237134945594	0.000814690981478904	-0.00510569828505565
GSE104459_2	0.0133944717412199	0.0627105857080659	0.00793933879498089	0.00154735259744347
GSE104459_3	-0.00151474271205476	0.00620760577154822	-0.0015302372016356	0.0108151499967557
GSE110051_1	-0.00013904305330208	-0.036512987307582	-0.0127934068177585	-0.0175934834683098
GSE110051_2	0.0102265938770383	0.0245078449771529	0.00281386196639877	-0.00320942172636238
GSE110051_3	0.0034668137300185	-0.012415039718119	-0.0015376197000933	-0.0111266653597014
GSE112694_1	0.00464764260226045	0.0112302645338174	0.00522259098714387	0.000417305236300694
GSE112694_2	0.00629020809162897	0.0139920886656333	0.00951886218918529	0.00870182694075957
GSE112694_3	-7.12976901819061e-05	-0.0112934782294229	-0.0049826336288485	-0.00972885372379132
GSE112694_4	0.00450589897476086	-0.00228184444412893	0.00916770861518879	0.0106345552715371
GSE97232_1	0.000299727228585302	-0.0258363543781847	0.000199644619737984	0.0163282180792232
GSE114079_1	0.000724365457515776	-0.0278285487583792	NA	NA
GSE114079_2	0.000224758508269767	-0.0376603302083329	NA	NA
GSE114079_3	9.80290380651179e-05	0.0186034146327965	NA	NA
GSE114079_4	0.00401063268316459	0.0822538833774965	NA	NA
GSE104828_1	-0.0047884180258058	0.00193134925650946	NA	NA
GSE114521_1	0.00143002826255306	-0.00138459250006328	0.000542256905997756	-0.00449337357009596
GSE114521_2	0.00126985027559261	0.0170927237290561	-0.000843276268183174	0.00993128535315701
GSE112413_1	0.000299020855273458	-0.0362513208437317	-0.00317455404628456	0.00673411471199889
GSE112413_2	-0.00233431533762457	-0.00349420566755968	-0.00296063662790245	-0.0111443876534914
GSE101909_1	0.00222587909036923	0.0209295607316034	0.00421494827370859	0.000140719437174919
GSE101909_2	-0.0119663201362592	-0.0327975753733496	-0.0151629823780331	0.0014103786789248
GSE114919_1	0.0250697400966754	0.0574509995306974	0.0339670263523385	0.0212705974408543
GSE114919_2	0.0258293309752443	0.0620602596619556	0.0195006491721058	0.00313008924331417
GSE114919_3	0.00833007332619157	0.0352870227859116	0.00969867017377321	-0.00504439227115717
GSE114919_4	0.00352777155103991	0.0108455092213563	0.00356018237150937	-0.00314305420065056
GSE114919_5	0.00677473915243575	0.0123437528184645	0.0032270666520526	0.00517060094443296
E-MTAB-5879_1	-0.017053710693494	-0.0531831788141006	-0.0226607615263055	0.00523995731000889
E-MTAB-5879_2	-2.7137654252966e-05	0.0108300056535991	0.00305897397724301	0.00254628307642915
E-MTAB-5879_3	-0.0175890634502844	-0.0363246874131952	-0.0180465586610797	-0.00161484319789583
E-MTAB-5879_4	-0.00279633742957701	-0.00556782927323785	0.00399439870551525	0.00898461487902139
E-MTAB-5879_5	-0.0198930417279109	-0.0597459616419818	-0.0299753571922738	-0.0037940379403794
E-MTAB-5879_6	0.00190225166757471	0.00789334579119122	0.00731818252912386	0.00593804462090907
E-MTAB-5879_7	0.000705598720782951	-0.00267493027891707	0.00115605473231126	0.00804366638426411
E-MTAB-5879_8	0.0020184262719857	-0.0283823153586512	0	-0.000299046681717221
E-MTAB-5879_9	-0.00293711430845058	-0.0218522609804007	0	0.00392931810244649
E-MTAB-5879_10	0.00485569459844194	0.0301514189159472	1.25031674690925e-06	-0.00652269189304518
E-MTAB-4294_1	-0.0114865331180181	-0.0298794058066255	-0.0188025237694387	0.0143493730318132
E-MTAB-4294_2	-0.0111169649361335	-0.0279902874891128	-0.0168734945837248	0.0108527499885944
E-MTAB-4294_3	0.0043012277316405	-0.00483970864534364	0.00450566817851972	-0.0108570034062375
E-MTAB-3186_1	-0.00682486442522351	0.00257655953382	-0.00919597145462474	0.0137613647789469
E-MTAB-3186_2	-0.0189521002961747	-0.0414328831680438	-0.0304408811330965	0.00315010164419841
E-MTAB-3186_3	-0.011451123488234	-0.0252736188216334	-0.0165001693470799	-0.00421221917827484
E-MTAB-3186_4	-0.00558109936645989	-0.00226222310083952	-0.00991255351620132	0.00708149657040313
GSE114919_Rat_1	0.0158846102661091	0.0358626920555349	0.012291880047014	0.00607105842911264
GSE114919_Rat_2	0.0177978571549289	0.024648718979023	0.0225914793395172	0.0110526446733343
GSE114919_Rat_3	0.0196365733587688	0.0488581944027659	0.0209955850858026	0.0039354393745469
GSE114919_Rat_4	0.0128776275925254	0.0346081682863556	0.0205538206918642	0.0018643817129758
GSE114919_Rat_5	0.0142833379270135	0.0259366961801251	0.0193978500775524	0.00484188752543281
