comparisonID	jaccard	cosine	sigjaccard	chrDir
22659600_1	0.000476031952797786	-0.0108503319663777	-0.00172302050236323	-0.00528602783933955
24361742_1	-0.00619880682975207	-0.0352253261204203	0.00775583446700352	0.00711447382552237
GSE72258_1	0	0.0170981094678445	0	0.00656508955084055
GSE72258_2	0.000777604976671851	0.0286949478871439	0	0.00656830045319254
GSE69531_1	-0.0122390087525038	-0.0203297498210811	NA	NA
GSE69531_2	-0.00745572200421558	-0.0114815487485689	NA	NA
GSE69531_3	-0.00784418703059583	-0.0250978491595048	NA	NA
GSE69531_4	-0.0122390087525038	-0.0203297498210811	NA	NA
GSE58203_1	0.00311477694417915	0.0200373915588849	-0.00681818181818182	0.00927667786179921
GSE58203_2	0.00609235169719418	0.0167392354632278	-0.000909849746808859	0.0010663497630056
GSE58203_3	0.0109585895099094	0.0463996796662905	-0.00115414045603736	0.00697965179003338
GSE58203_4	0.0125395435500747	0.0243249369523035	0.0017343088951217	0.00796410826524481
GSE58203_5	0.00980321734441691	0.0462071679366163	0.00595238095238095	0.0171983596191647
GSE58203_6	0.0124650327083398	0.0478064807888373	-5.91659419855398e-06	0.000648947692222788
GSE58203_7	0.0125089782398303	0.0184733338035757	-0.00015794092786653	-0.0016388596657991
GSE58203_8	0.00159838542540228	-0.0444232093379875	-0.00110646890591469	-0.00760407835863266
GSE59642_1	-0.00415848473282319	-0.00449394027569289	NA	NA
GSE59642_2	-0.0111211784317574	-0.0748229209770788	NA	NA
GSE59642_3	-0.00693799178876337	-0.0801304931286006	NA	NA
GSE64922_1	0.0278008028074277	0.110728642094335	0.00928352092145196	0.0408286777205946
GSE60162_1	0.00154319767525702	0.0203794455708205	NA	NA
GSE31685_1	0.000264116975822199	0.0309243814842148	-0.00283192937373968	0.0169184061282231
E-MEXP-3890_1	-0.0049161231900154	-0.00509115125979362	0.000604724827188194	-0.0109123974037603
GSE31980_1	-0.00357842508418237	0.0214381315752422	-0.0010097866575188	-0.0096321351033473
GSE15615_1	0.0162260679249674	0.109740973121041	0.00165418447724608	0
GSE15083_1	-0.00694311767982374	-0.0361035499096026	NA	0.00119282752014766
GSE108035_1	-0.00400757930294132	-0.0197406297081317	-0.00174359591256141	-0.00656328469082435
GSE108035_2	-0.00599384081517891	-0.0470487746271223	-0.00232635449842006	-0.015060182383173
GSE108035_3	-0.00808252203077085	-0.0486072617583111	-0.0020460279466708	-0.00826694035683033
GSE21959_1	-0.0108324842855916	0.00950608338399929	-0.00641919951461474	-0.0105378583026961
GSE21959_2	-0.00601839345299235	-0.00264806772755397	-0.0046343779677113	-0.00564451408124411
GSE24742_1	0.00891097962925557	0.0552981646768052	NA	0.0106542823010038
GSE24742_2	-0.00273978524544407	-8.19744311684305e-05	NA	-0.00163982850257904
GSE24742_3	0.0071009824021892	-0.00570006050143554	NA	2.66509908673261e-05
GSE74668_1	-0.00229134772625732	0.0230165440191946	NA	NA
E-GEOD-10024_1	-0.00618765146055432	0.0346622376488866	NA	NA
E-GEOD-10024_2	0.00920869680081131	0.0505977507495361	NA	NA
E-GEOD-12860_1	0.0119438934540836	0.0308344926347758	NA	NA
E-GEOD-12860_2	0.00656873315710256	-0.0102168562669145	NA	NA
E-GEOD-12860_3	0.00840025531650031	-0.00898719124106898	NA	NA
E-GEOD-12860_4	-0.00228280767678611	0.00280688034084469	NA	NA
E-GEOD-12860_5	-0.000609137005155163	-0.0104672080438626	NA	NA
E-GEOD-12860_6	0.00282273692869099	-0.0142874739357417	NA	NA
E-GEOD-12860_7	0.00106709843951574	0.00181473999309346	NA	NA
E-GEOD-12860_8	0.00576896169025064	0.00124862357303192	NA	NA
E-GEOD-14359_1	0.00690961805042937	0.0101817461658349	-0.000399391518780619	-0.0110028489708424
E-GEOD-14359_2	-0.00187103297730903	0.0376568702535093	-0.00170513643659711	-0.00614233050968313
E-GEOD-1919_1	0.0108069768532709	0.0605451516019574	NA	NA
E-GEOD-1919_2	0.00602028381652546	0.0495029081467571	NA	NA
E-GEOD-1919_3	0.00466717410383262	0.0240682347943746	NA	NA
E-GEOD-1919_4	0.0197106400217521	0.0704827242855529	NA	NA
E-GEOD-1919_5	0.0144357058591412	0.0658943087944971	NA	NA
E-GEOD-1919_6	0.0103118159966499	0.038135549647285	NA	NA
E-GEOD-1919_7	0.0153945782997844	0.0571117447141379	NA	NA
E-GEOD-1919_8	0.0132071628378748	0.0523464001426436	NA	NA
E-GEOD-1919_9	0.00743143501952871	-0.00989439316672582	NA	NA
E-GEOD-19664_1	-0.00427682600907099	-0.0342167905137765	NA	NA
E-GEOD-19664_2	0.0119166042563804	0.0625171259010538	NA	NA
E-GEOD-19664_3	-0.0120875043978298	-0.0249458204097273	NA	NA
E-GEOD-19664_4	-0.00344710567449216	-0.0016684452123379	NA	NA
E-GEOD-19664_5	0.0143633664999669	0.0706109302423493	NA	NA
E-GEOD-19664_6	-0.00622327021070735	-0.0206536704677913	NA	NA
E-GEOD-43923_1	0.0103927881516543	0.047174110403117	-0.00510165038389919	0.0138245456172605
E-GEOD-51812_1	-0.00323488913912786	-0.0399477702473327	-0.00213759040208749	-0.0201715517792084
E-GEOD-51812_2	-0.00502891210533239	-0.0472868036233877	-0.00261121858042164	-0.0136446011153955
E-GEOD-68760_1	0.0186146947241778	0.072669664913675	0.00283904124902949	0.00836729057580857
E-GEOD-82107_1	0.0057106229232666	-0.0183661331928364	0.00255102040816327	0.00176250939040782
E-GEOD-9451_1	-0.00162494697446175	0.0155628132893852	0.00152928642848415	-0.0196450909799047
E-GEOD-9451_2	0.00283046088546761	0.0326681720796608	-0.000952746751521569	0.00273397277675649
E-GEOD-9451_3	-0.00340023241304208	-0.0230370839164004	-0.00350789592525468	0.00144479958133639
E-GEOD-9451_4	-0.00337961029735112	-0.00739488949351076	-0.00451685859449881	-0.00588621826213176
E-MEXP-2019_1	-0.00204255807037047	0.00423600052261248	NA	0.00483330550435902
E-MEXP-2019_2	-0.00541519372154581	-0.0473321832308223	0.000345065562456867	-0.014964223734916
E-MEXP-2019_3	-0.00621880583112596	-0.0109881576252563	NA	0.000897402230122819
E-MEXP-2019_4	-0.00274905704908252	0.00537517606022977	0	-0.0153817382766843
E-MEXP-2276_1	-0.000550400646216507	0.0137036563808843	NA	-0.00590429395014413
E-MEXP-2488_1	0.000470546462588579	0.0159272119910564	0.00189934489243338	0.00728858465415453
E-MEXP-3129_1	-0.000846318944533437	0.00217342679040336	0.000547698437901677	-0.00829789301046184
E-MEXP-3474_1	0.00178316208501264	0.0188881053129922	NA	-0.00911708225717452
E-MTAB-3010_1	-0.000304086593251261	-0.0287756156636755	NA	NA
E-MTAB-3010_2	0.00866808112928503	0.00273603246900048	NA	NA
E-MTAB-3010_3	-0.0117172349123655	-0.0173568822762946	NA	NA
E-MTAB-3010_4	0.00315490681508345	0.0209223663912334	NA	NA
E-MTAB-4152_1	-0.000541200158951113	-0.072271547191312	-0.00481683955517416	-0.02426534738219
E-MTAB-4152_2	-0.00589514602677356	0.0390953144801249	-0.00428083925241831	-0.0036682192937497
E-MTAB-4152_3	-0.00515217837354123	-0.0468346047018758	-0.00202164466083759	-0.0254453565883345
GSE100609_1	-0.00253911963184957	-0.00847188067502833	NA	-0.0155722709555327
GSE100786_1	0.00281755451622512	0.0371227675841299	0	0.00639237280408158
GSE100786_2	-0.000448710546225472	0.0116483713160539	NA	0.00538253660691354
GSE103697_1	0	0.0273558042136076	NA	NA
GSE103697_2	0	-0.00582034410116116	NA	NA
GSE103697_3	-0.00106157112526539	-0.00046586936006276	NA	NA
GSE104113_1	0.0196955323702299	0.0445087735600501	NA	NA
GSE104113_2	-0.00359351549785172	-0.0141666153738546	NA	NA
GSE104113_3	0.0196955323702299	0.0445087735600501	NA	NA
GSE10575_1	-0.000975725414174707	0.00972181618063479	0	8.78701737992661e-05
GSE10575_2	0.00518725059397393	0.0385698019445289	-0.000663630755774485	-0.00191795227878145
GSE10575_3	-0.00285467255056715	-0.0360081026261463	-0.000461213633230869	-0.0070350618644864
GSE13604_1	-0.00245829451868279	-0.0129587203606793	0.00258435527432981	-0.0177342870194869
GSE13837_1	0.00028875657834058	0.0111467065308429	0	-0.00369267763901651
GSE13837_2	0.00213914076121332	0.00643803667426922	0.00947376801210095	-0.00270397265452687
GSE13837_3	0.0133394022033347	0.0377888392101767	-0.00877513369867565	0.0043719056626714
GSE13837_4	0.0199765851408961	0.0515730327000382	0.00127721625861	0.0122784507663666
GSE13837_5	0.00157283464605827	-0.00747269450635423	0.00602409638554217	-0.00212566914641115
GSE13837_6	0.00438843162910655	0.0236957424663042	0.0022300600903221	-0.00489120171491509
GSE13837_7	0.0112484392231037	0.0373594443582746	-0.00151155333895217	-0.00267161541054746
GSE13837_8	0.021791608794187	0.058835893409078	0.00273040798485521	0.00807012973513236
GSE13837_9	0.0064780902224716	0.0116892853076817	0.00796790672712524	0.00510436729715795
GSE13837_10	-0.000237866078939379	-0.00491182240954351	0.00287175547918143	0.00290284616250053
GSE13837_11	0.00492360822192309	0.00523248911261739	0.00198374920070819	0.0159837219493932
GSE13837_12	-0.00109936569067849	-0.00776786150355363	0.00113842058034966	0.00273392223894691
GSE13837_13	0.00368839764379515	0.0148853835879595	-0.00285714285714286	0.00356236268882255
GSE13837_14	0.00675704973710128	0.0318594466747666	-0.00285617281539421	0.0026076289669195
GSE13837_15	0.00729813197916013	0.0476976389641701	0.000740732459157922	0.00457357925706085
GSE13837_16	0.0159215671624928	0.0583198255871823	0.000782130184704857	0.0145502575903845
GSE13837_17	0.00386810876536025	0.0263500593921627	-0.00380897509762499	0.00907350664533991
GSE13837_18	0.00296643907960185	0.027113269561169	0.00766690917230959	-0.00108997622345821
GSE13837_19	0.00939747599845747	0.0485097449429841	0.00334740489152254	-0.00270471663201369
GSE13837_20	0.0190197387460554	0.0452651443839497	-0.00030459635626535	0.00566542166391002
GSE13837_21	0.00220285320327308	-0.00471224053285483	-0.00119047619047619	0.00274376256257852
GSE13837_22	0.00420332111181641	0.00749009687149329	-0.0010504109540977	-0.00116459708079619
GSE13837_23	0.00329075408465596	0.00345921085986739	-0.00490340670508997	-0.0017300030080678
GSE13837_24	0.0074126601000929	0.0270538466661174	-0.00438262090889461	0.00201310722237436
GSE16464_1	0.00230171237045342	-0.0540738188035809	NA	NA
GSE16464_2	-0.00334587380628122	0.0372711418140159	NA	NA
GSE19060_1	0.0072122084875832	0.0380192086359055	0	0.00382586077000132
GSE27372_1	0.0074025647074507	-0.0285627251478868	-0.0027575001038335	0.00739550018336468
GSE27390_1	0.0159475818521579	0.0422604586510135	0.00233978426395939	0.0135946913184462
GSE29106_1	0.00885780444612053	0.0169681005587794	NA	NA
GSE29107_1	0.011958309488707	0.0354570136946481	NA	NA
GSE29107_2	0.00339562815934676	0.0416763169205371	NA	NA
GSE29745_1	4.89734851492236e-05	-0.0185514192606878	NA	NA
GSE29745_2	0.00542444030499379	0.0244162669180641	NA	NA
GSE29745_3	-0.00444275769143425	-0.0613223996616578	NA	NA
GSE35546_1	-0.00047930376164264	-0.00288837567509733	NA	NA
GSE35546_2	-0.00349786682848696	-0.0101865946688504	NA	NA
GSE35546_3	0.000598618408534828	-0.00339683707244548	NA	NA
GSE35546_4	-0.00176204593946927	-0.00949282279179262	NA	NA
GSE35546_5	-0.00110089592025566	-0.0121780236889177	NA	NA
GSE35546_6	-0.00283058803083342	-0.0120274338520516	NA	NA
GSE35955_1	-0.00761144182202942	-0.0234393820181251	-0.00127370316286422	-0.00973957701450945
GSE35956_1	-0.0199328338763311	-0.0470556056267325	-0.000712250712250712	-0.0198241448656871
GSE35957_1	-0.00787865222770131	0.0626025063982613	0.00596338913432249	0.0141513949893026
GSE35958_1	-0.00434151662785254	-0.0106639508415319	-0.00148669341018611	0.00465388567734967
GSE39340_1	-0.00611500628035172	-0.00906006938165704	0	-0.00139927500814598
GSE39340_2	-0.00164154063986875	-0.0184928961124457	0.0147058823529412	-0.00186636622637953
GSE39340_3	-0.00164675792475098	0.0112306825888304	0	0.00184714971056971
GSE39795_1	0.0050971151147897	0.00253726127036614	NA	-0.00177290046132707
GSE39795_2	0.0084078068212253	0.0121388110975636	0.00508282619490557	-4.41658550644521e-05
GSE39795_3	0.00248489792551359	0.0138436586943897	0.000453995157384987	-0.00194327193619316
GSE41038_1	0.00023574458749967	0.00173593645153136	NA	0.00459150326797386
GSE41038_2	0.00142701513186853	0.000594463247599592	NA	0.00811321905691454
GSE41038_3	0.000193946407305278	0.020716454651193	NA	-0.0028730226107045
GSE41992_1	-0.0104426186152286	-0.050168966987163	NA	NA
GSE42235_1	-0.00281687639041689	-0.000760985096195479	0.00323720397249809	-0.0186156094312635
GSE42235_2	0.00280459095937285	0.0383160068365209	0.00513823744313763	0.00652811797630973
GSE42235_3	0.00801054758192454	0.0347196082817647	0.0021155920293373	-0.00466496207115417
GSE42235_4	0.00570274078671816	0.0223995154321634	0.00411822309754393	-0.00187349042858284
GSE45233_1	0.0189685976824515	0.0608763550550865	NA	0.000723128457151534
GSE45233_2	-0.00290286036129195	0.0656349275471022	0	-0.00311575345301183
GSE45233_3	-0.00325426289146399	-0.00130220645620287	NA	-0.00262421840360033
GSE45233_4	0.00738444494317276	0.00433284444639674	0	0.00796446266678715
GSE46053_1	0.000226695802929292	0.00935489484865653	-0.00242098143256521	-0.00500769826871599
GSE46053_2	-0.00115776026413257	0.0270619324395099	0.00452074391988555	0.00135859443816196
GSE46750_1	0.00126792859871825	0.065259236466181	0	-0.00132907565497204
GSE51588_1	0.000683006197184186	-0.00169600588337262	0.00017505497957619	-0.0060680446953058
GSE51588_2	0.00474988329464	0.0390283302331758	0.00377210083555016	-0.00407214560894217
GSE51588_3	-0.00287627301036977	-0.0671754751043414	-0.00707529487051719	-0.00340137770278297
GSE52817_1	-0.00457225469804565	-0.00969176932972222	NA	NA
GSE52817_2	0.00388172431228425	0.0477516184146284	NA	NA
GSE52817_3	0.010426558046817	0.0938431085113613	NA	NA
GSE52817_4	-0.00444621516394398	-0.0460541433136669	NA	NA
GSE55235_1	0.0172476588632016	0.0533130275982992	0.00180622273445838	-0.00587644754640182
GSE55235_2	0.0219277031805628	0.0571837932137468	0.0025396685927207	0.0100196802513391
GSE55235_3	0.00478328517779178	0.0248237228314313	0.000969882136574695	0.00859630942253152
GSE55457_1	0.0190457312820271	0.0692838679923393	0.00637643742672554	0.0070855951717556
GSE55457_2	0.0169319441554932	0.0520766346338448	0.00252097695795701	0.00932720063655722
GSE55584_1	0.00816828824553408	0.0135801223815291	-0.000493827160493828	-0.00283524167129495
GSE57218_1	-0.00308983612356971	-0.0157512164196621	-0.0238623020814802	0.00492894816471668
GSE60762_1	0.0114325031341421	0.0176298201494817	NA	0.0147137393099195
GSE62914_1	0.000310707832736901	0.0126929948597232	NA	0.00117136049009504
GSE62914_2	0.000883578800334623	0.0445643480836376	NA	0.013857731142431
GSE62914_3	-0.000666985879904027	0.0348535360119291	-0.00666666666666667	0.00867090119491234
GSE62914_4	0.000444873429596241	-0.0187474426267481	0	-0.0219219014626989
GSE64394_1	0.0073408176963788	-0.000949130509947269	NA	-0.00643281151204519
GSE66635_1	-0.000242291795334695	-0.00615588258243763	NA	0.00185194002458576
GSE68038_1	0.00262940138117505	0.0247954750062125	0.0118691870723905	-0.00242744063894583
GSE68428_1	0.0127591697600538	0.0327668462333206	-0.00330857831027668	0.0175804949635584
GSE68428_2	0.0159577340004445	0.0537464934686303	0.00277056710769351	0.0201567404292655
GSE68428_3	0.0150107079445417	0.0362310188461739	-0.00130463916284803	0.015892670099577
GSE69459_1	-0.00219513112106028	-0.00929556100740874	NA	NA
GSE69459_2	-0.00015603648932851	-0.0175955241032206	NA	NA
GSE69459_3	0.00406243280478857	0.00031484425204327	NA	NA
GSE69459_4	-0.00460853254284145	-0.00689507850688677	NA	NA
GSE69992_1	-0.004424537233599	-0.0229834175077631	-0.00206699609605961	-0.00702630824262955
GSE70719_1	0.000777604976671851	-0.00246497317377925	0	0.00447618406405121
GSE7116_1	0.00266002844950213	0.0462154538983988	0.00115206158388696	-0.000380022101372419
GSE7116_2	0.0121206321329218	0.0839749481299221	0.0625	0.0187024261120119
GSE7116_3	0.00224450535110023	0.0231461861744953	-0.000141163184641446	0.00687779377028483
GSE72575_1	-0.0102046437597048	-0.0780093635619509	-0.00588554829740318	-0.00877029767590927
GSE72575_2	0.0012752095976918	-0.0242704033849073	-0.00224957773694852	-0.0295857522541284
GSE72575_3	-0.00584024914814181	-0.0639837564891207	-0.0061561370587908	-0.0280026120806878
GSE72575_4	0	0.0152416801620485	0	0.00504970144729
GSE75181_1	-0.00292143414981282	-0.0119946932725328	-0.00686416161912195	-0.0117622610246999
GSE75181_2	0.0175780315260585	0.0658287407112878	0.00303800960631569	0.00720964989279295
GSE75181_3	0.00233310523855854	-0.00112711925224573	-0.00462289762168242	-0.0218914651428641
GSE75230_1	0.00153609503969932	0.00339428616543253	0.00567659563052901	0.00261994212995827
GSE7669_1	-0.00817156940909549	-0.0286973203380741	0	-0.0078965886643436
GSE77916_1	-0.00159846547314578	0.0179993276793943	0	0.00950699294028802
GSE80614_1	-0.00212354897613147	-0.00820490305095367	-0.00555555555555556	-0.0092189963015523
GSE80614_2	6.39230282323147e-06	0.0079710556245455	0.00308641975308642	-0.00484133347202688
GSE80614_3	-0.00101010101010101	-0.00527887622920357	0	0.0135666874522176
GSE80614_4	-0.00223474581173205	0.00673978139807977	-0.00594835203307604	-0.0052215063516173
GSE80614_5	-0.000469408794542816	0.00781805543463408	0.00148044812012066	0.000993343825824644
GSE80614_6	-0.00273564964465541	-0.00763744713881111	-0.00114697115297498	-0.00202532793475605
GSE80614_7	0.00189185307154802	-0.0122790845970304	0.00068798182954053	-0.00660682666413326
GSE80614_8	0.00219753515575108	-0.0257307361605594	0.00535351682184333	-0.0132230037328092
GSE80614_9	-0.00119898023575738	0.0157085241903806	-0.00641025641025641	-0.00691046739818313
GSE80614_10	0.000281080129834578	0.0164043604506214	0.00446359260984319	-0.00443526541209294
GSE80614_11	0	0.04089669905791	NA	0.000278333413716317
GSE80614_12	-0.00153440458638713	0.0176545986974312	-0.00588606543763494	-0.0111226677343327
GSE80614_13	-0.00340753740132332	0.0130670975529264	-0.00422706009463325	-0.00898433657741851
GSE80614_14	0.000538974013206607	0.0206016435775821	-0.0053475935828877	-0.0059785722962783
GSE80614_15	0.00303751946061462	0.0171391625586708	0.00329206194600844	-0.00251478154224646
GSE80614_16	0.00568733695768383	0.0117762370391687	0.00433117180048315	0.00570614006578316
GSE85254_1	0.0102669249574711	0.0274196008448083	0.000200080032012805	0.020298353971167
GSE86578_1	0.00119260781025487	0.02736436828213	-0.00555555555555556	-0.00378303444259474
GSE86578_2	-5.10081925403122e-05	0.0209895243739876	-0.0062111801242236	0.000573259697316867
GSE86578_3	-0.000324221852058455	0.0194618344799346	-0.00397729271715658	0.00788329363472634
GSE9329_1	0.000709169712648988	-0.0126618212789777	NA	NA
GSE93698_1	-0.0023846021837345	0.00291324033189944	-0.000643571214039203	-0.00979027914313462
GSE93698_2	-0.00363716459680444	0.00337332596397096	0.000330008990076344	0.00129214285522361
GSE93698_3	-0.00930918602515888	-0.0168320933774416	0.000221189055078069	0.00361697266648196
GSE93698_4	-0.00631669875172782	0.00137059300817614	-0.00167953370140587	-0.0012945635462493
GSE93698_5	-0.00999128840343219	-0.0213985879034217	-0.000741507611457852	-0.00837265520072526
GSE93698_6	-0.000269487858719977	-3.81690954784962e-06	0.0100627022653722	0.00620957082542369
GSE93698_7	-0.00996030964817877	-0.0338358295039367	0.00316066005529668	-0.000549667360683376
GSE93698_8	-0.00166740475317363	-0.00487738815819542	0	0.00157550420332844
GSE93698_9	-0.0204061780855187	-0.0481252542292815	0.000206638132286364	-0.0160485855910579
GSE93698_10	-0.0145593950243523	-0.0363469302992524	0.0016465550817132	-0.00582169799074669
GSE93698_11	-0.0033504308542396	-0.00443104208379764	-0.00778174212598425	0.000571792342774802
GSE93698_12	-0.0172348701245797	-0.0449875946069618	-0.00294130714856707	-0.0257699435816886
GSE93698_13	0.01232178113966	0.0342504228553282	-0.0078387732302553	0.00673809728053966
GSE93698_14	-0.00894414974952818	-0.01831384091525	-0.00975609756097561	-0.0210078131349464
GSE93698_15	-0.0153044845751377	-0.0417581214274593	-0.000845736550746772	-0.017165467654664
GSE93720_1	0.0178851555092247	0.0931067087457898	NA	NA
GSE93720_2	0.0269832325317063	0.0854404529938433	NA	NA
GSE93720_3	0.0159050696910769	0.0685413805141675	NA	NA
GSE93720_4	0.0142859160135835	0.053995616490507	NA	NA
E-MTAB-5564_1	-0.00344544716944244	-0.000544664648868507	-0.00344386007409486	-0.00143324094276985
GSE77753_1	-0.00299714309885919	-0.000499117765641815	NA	0.00207188320189641
GSE43861_1	-0.00334639994283278	0.0546687538905569	NA	NA
GSE112809_1	0.00106157112526539	-0.016549196745206	NA	NA
GSE111946_1	0.00356914066085173	-0.0552498378932094	NA	NA
GSE111946_2	-0.00114541401172929	-0.00801445677751652	NA	NA
E-MTAB-3201_1	-0.0046891193644077	-0.0191265502672982	-0.00227196249253575	0.000230688286374096
E-MTAB-6700_1	0.0175255953530835	0.0976087727678429	0.00501914118276823	0
GSE54749_1	0	-0.0212740961374681	NA	0.000712817333489205
GSE57218_B_1	-0.00317030024437595	-0.0138563705463232	-0.00364161749061133	-0.00998094285266164
GSE57218_B_2	-5.02504438214127e-06	-0.0144362844682225	0.00696257990375638	-0.00719293603034527
GSE57740_1	-0.00125619180199583	0.0529962986039969	NA	NA
GSE52992_1	-0.00569256585136771	-0.0575633901444751	0.00917785209846305	-0.02512333187616
GSE17160_1	0.00120295297589377	0.0189623335969238	NA	NA
GSE17160_2	0.000370465924991909	-0.0219179630356946	NA	NA
GSE17160_3	-0.00776556847513472	-0.069948447818731	NA	NA
GSE17160_4	0.0144732753260737	0.039323134430941	NA	NA
GSE17160_5	0.00678723269709955	0.0147260560915381	NA	NA
GSE17160_6	0.00243262231238684	0.0367341734489656	NA	NA
GSE17160_7	-0.00705841559388755	-0.0486843078447217	NA	NA
GSE17160_8	0.017527779845787	0.035441454202706	NA	NA
GSE17160_9	-0.00297909992539602	0.000437923415385629	NA	NA
GSE17160_10	-0.00157724628827019	0.0180653631660591	NA	NA
GSE17160_11	-0.00578398375639184	0.00457102814166968	NA	NA
GSE17160_12	-0.00213631739618418	0.00531179815905053	NA	NA
GSE22971_1	0.000723203636496372	-0.00167136198658827	NA	-0.00839907037561979
GSE22971_2	0.00174560556931265	0.0370521307229523	NA	-0.00285473678436411
GSE22971_3	-0.0032566172260753	-0.0481189512640011	-0.00556309490154012	-0.00965947558649469
GSE22971_4	-0.00252276904231112	-0.038235239174656	-0.00429760068451983	-0.00417171131940696
GSE13590_1	-0.023810176080999	-0.0561265929791883	-0.0101825977816428	-0.0293976006453224
GSE13590_2	-0.000507430823548732	-0.0278363162811037	-0.0012531328320802	-0.00424289707576068
GSE99731_1	0.00139220116046937	0.00640102172031113	NA	-0.00687369650910123
GSE99731_2	-0.00477414643378753	-0.0441871685545311	NA	-0.00211779672543174
GSE99731_3	0.000943648953510522	0.0307210251357786	-0.00268044490390464	-0.000305138755104496
GSE27492_1	0.00172795881070776	0.0384452930408969	0	-0.00883609486641096
GSE27492_2	0.00231844445309304	0.0513926848533243	0.000319447993866598	-0.00606550701908598
GSE27492_3	0.0064762825106438	0.0306966554125482	0.00165441358116187	-0.0121448909421438
GSE27492_4	0.00331396596416724	0.0324094138260436	-0.00232112460002973	-0.00756482876264763
GSE27492_5	0.00534943879821529	0.0370957236863552	0.00231874802254591	0.00178580395888835
GSE27492_6	-0.0005347140358582	-0.0189652947258628	0.0041753112033195	0.00158355899378188
GSE27492_7	-0.000114760064538434	-0.0159545545924964	0.00419281729428173	-0.0039854259343653
GSE27492_8	0.000643582128516856	-0.0142758253451333	0.00373827886589358	0.00419310687659948
E-GEOD-15069_1	0.00326076587143039	0.0198859819160338	-0.000928170845427442	-0.00203889391071435
E-GEOD-15069_2	0.000793248159844382	0.00604075976991862	-0.00873563218390805	0.000786315995003752
E-GEOD-15069_3	-0.000168642725128997	0.0216666270644424	-0.00119510786039812	-0.00614192135771607
E-GEOD-15069_4	0.00298584377997908	-0.0206797305309681	0.0212355212355212	-0.0107103938392005
E-GEOD-15118_1	0	-0.0606804530918221	NA	NA
E-GEOD-15118_2	-0.00105708245243129	-0.0141024579741976	NA	NA
E-GEOD-15118_3	0.0023746757582778	0.0791729733898029	NA	NA
E-GEOD-15118_4	-1.41208285279755e-05	0.042857356739008	NA	NA
E-GEOD-16007_1	-0.0128301618275783	-0.0205825493190922	NA	NA
E-GEOD-17473_1	-0.000724735118855077	-0.0825102064930774	NA	-0.00383928200989759
E-GEOD-18647_1	0.00517323142585319	-0.0206923653753542	NA	0.00152214550081019
E-GEOD-18647_2	-0.000205885527427513	-0.0129381793609832	NA	0.000866961635695442
E-GEOD-18647_3	-0.00849186555576906	-0.0452970354041026	NA	-0.0222457430501023
E-GEOD-18647_4	-0.0167636583899948	-0.0301612240805314	0	-0.000472425607873538
E-GEOD-18648_1	-0.00945344860117042	-0.0019870433680288	-0.00677088679293256	-0.00611530650290829
E-GEOD-18648_2	0.0162279648303506	0.0221912021022801	0.00897747490892554	0.00184155636201963
E-GEOD-2154_1	0.00481549731303671	0.0758639122655319	0.0115003150214418	0.0165669459850494
E-GEOD-2154_2	0.0138302391423782	0.113244395614802	-0.000310859353412544	0.0219154974414343
E-GEOD-2154_3	0.00488876908481179	0.0548286796401327	-0.00718542728059214	0.0237185232615376
E-GEOD-2154_4	0.00991720234779135	0.0403644137630068	0.00551195494088635	0.0126182374486781
E-GEOD-26475_1	-0.000960573146439493	-0.0321478602613064	0.0134750432152118	0.00728208385694387
E-GEOD-26475_2	-0.00135977658840978	-0.00563294113610701	0.0031578947368421	0.00152367765287933
E-GEOD-26475_3	0.00222256787974984	0.0803817839639069	-0.0088414480605355	0.00221141998380213
E-GEOD-33567_1	-0.000422962692536037	0.0154527477803259	NA	NA
E-GEOD-33567_2	0.00548414369954299	0.0127179925326612	NA	NA
E-GEOD-37287_1	-0.0032695254606213	-0.0310953061604151	NA	NA
E-GEOD-37287_2	-0.00681243200039656	-0.0300784771683711	NA	NA
E-GEOD-37287_3	-0.000570262339481441	-0.000335485040555593	NA	NA
E-GEOD-51994_1	-0.00625000639130721	-0.0136914716732435	0.00106947658760666	0.0171609589293207
E-GEOD-51994_2	-0.00709553463142177	-0.0232635609340613	-0.000287749633202383	0.0065124153219621
E-GEOD-51994_3	-0.00624166100859221	-0.0217078061112218	-0.00832897831199373	-0.0092571481507683
E-GEOD-65077_1	0.000684350945215068	-0.0205753505981945	NA	NA
E-MEXP-1244_1	0.00393037805231174	0.0447194359240652	NA	NA
E-MTAB-1123_1	0.0238043933392004	0.125295893876165	0.00363588864314267	0.023270411336044
E-MTAB-1123_2	0.013907952206652	0.0951010473454647	-0.000684351118888623	0.0191022727272727
E-MTAB-1123_3	-0.000256991019515074	0.0104185209214113	0	-0.000309242090637248
E-MTAB-1123_4	0.00850565443618839	0.0986196424045492	0	0.0092647228971422
E-MTAB-1391_1	0.0240716147526789	0.118885256001718	0.00778436354086165	0.00761465473276854
E-MTAB-1391_2	0.011845775431937	0.124790192393059	-0.000258020245597221	0.016166000716878
E-MTAB-1391_3	0.00281787239747413	0.0949009729600423	-0.00318921841016384	0.0228547336583265
E-MTAB-2450_1	0.00637462973917338	0.0191473371044188	0.00998764386924121	0.0025519812991587
E-MTAB-2450_2	0.0145104817144396	0.0566846836610426	0.0119205443371378	0.00592669914173046
E-MTAB-2450_3	0.013434531310869	0.0506582017774511	0.0182910597491379	0.0290016283891048
E-MTAB-2450_4	0.00764801066689724	0.0334621839138664	0.0214367344389826	0.0226313005227593
E-MTAB-5023_1	0.00506426929036336	0.0282295831890681	NA	0.00591159646210288
E-MTAB-5326_1	-0.00888111780274993	0.0194314211066253	NA	NA
E-MTAB-5326_2	0.00269716734244865	0.0461438603500996	NA	NA
E-MTAB-5326_3	0.00785286955221705	0.0525127949757231	NA	NA
GSE102588_1	-0.00646983223447969	-0.0338839178714396	0.0117647058823529	0.00729259766225256
GSE104793_1	0.00642564410514069	0.100153343728318	0.00404689305981392	0.0198026255456935
GSE104794_1	-0.00143575990094977	0.0270603937281605	0.00253422222840068	0.00491927015189603
GSE104795_1	0.000617255941776442	0.0248764541007785	0.00190405761165693	0.0122397554290246
GSE105139_1	0.000783699059561128	0.0364662749254828	NA	0.00262746882110226
GSE105139_2	0.0342189637710343	0.137770673030546	NA	0.0526751676911421
GSE105139_3	0.0341810046514297	0.124363164995837	0	0.0413080238980249
GSE10555_1	0.00293606515489541	0.0278960902607511	NA	NA
GSE10556_1	-0.00913887314398687	-0.058845877881106	-0.0161485976878708	-0.0332361850600196
GSE106631_1	0.0256134842233877	0.0906090704772375	0.00536172371403966	0.0423672013903115
GSE13104_1	0.00263332753478863	0.0274652345256905	NA	NA
GSE13104_2	-0.00107571502038733	0.0108426026584981	NA	NA
GSE13104_3	0.00578576721738013	0.0513129894209943	NA	NA
GSE16749_1	-0.00873611985656591	-0.000999862986091005	NA	NA
GSE16749_2	-0.00695548196419568	-0.0776583355968289	NA	NA
GSE16749_3	-0.00198249759382341	0.0390714779357085	NA	NA
GSE17348_1	-0.00566919090372848	-0.0515907883028885	NA	NA
GSE17563_1	-0.0107960282267161	-0.107455521697583	NA	NA
GSE17563_2	-0.00245189146606503	0.0385166097200453	NA	NA
GSE17569_1	-0.000491073066747838	0.0381129730869671	NA	NA
GSE17569_2	-0.000839249961081659	-0.00483433747107928	NA	NA
GSE17570_1	0.00176524590909198	-0.0153416564605664	NA	NA
GSE17570_2	-0.000459105130620623	0.0403306135707354	NA	NA
GSE18991_1	0	0.00461712078291465	NA	-0.00996257611493488
GSE18992_1	0	-0.03547122396571	NA	-0.00447006041949798
GSE19299_1	-0.00500685901890103	-0.00725284280931297	-0.00391937641587085	-0.00432558227794047
GSE20850_1	-0.0124085971474459	-0.0637449642137723	NA	NA
GSE21093_1	-0.010625247953538	0.0468625311064219	NA	NA
GSE21523_1	0.0106470495946378	0.0213691195548776	NA	NA
GSE21639_1	-0.000754117346045597	0.0155437304867705	NA	NA
GSE21639_2	-0.011940911510908	-0.0683681519038572	NA	NA
GSE21639_3	-0.0062259578307961	0.01713134389654	NA	NA
GSE21639_4	-0.0118093620341822	-0.0279995052385055	NA	NA
GSE21710_1	-0.00215140688019687	0.0242360846324054	NA	NA
GSE21710_2	-0.00173888101906704	0.0199987398145748	NA	NA
GSE21710_3	-0.00226245063943351	0.0204722882812864	NA	NA
GSE22925_1	0.00513788370655517	0.0151850077626319	-0.00446892176639804	0.0084350376218245
GSE22925_2	0.00125385314543456	-0.0012972427697208	-0.00443417312345645	0.000842682717432758
GSE26499_1	0.00441186100115038	0.0480982537867896	NA	NA
GSE30160_1	0.0139031919792646	0.0998031683599311	0.00209831900066519	0.0227645487057921
GSE30628_1	-0.00242077105174453	-0.0355497299675104	-0.000565953514643823	-0.00246653897535094
GSE30628_2	0.00269602189012209	0.0129784263226632	3.88191938542914e-05	-0.00781127017074578
GSE32163_1	0.0105610976459644	0.105176203340227	NA	0.00277090782452914
GSE33656_1	-0.0212365414589045	-0.0413040342525632	NA	NA
GSE33754_1	0.0115973266997543	0.0951165340696312	0.0170849420849421	0.0135214280026771
GSE33754_2	0.0102190315351216	0.0764685418822033	0.0171785106555385	0.0106310814033643
GSE33754_3	0.00446792814132906	0.037706720232099	0.0135969818232015	0.00133910435434018
GSE34570_1	0.0140643327676678	0.0435365063006072	NA	NA
GSE35003_1	0.00999707463611773	0.0795281174068064	NA	NA
GSE35466_1	0.0324290727371459	0.100580629182048	NA	NA
GSE35466_2	0.0290371359250054	0.122651819269018	NA	NA
GSE35466_3	0.0382263714227355	0.115759710827914	NA	NA
GSE35466_4	0.0472446662179642	0.132463243682632	NA	NA
GSE35466_5	0.0460004410239077	0.0937714784296447	NA	NA
GSE36925_1	-0.00154813622320108	0.052494371585474	NA	NA
GSE36925_2	-0.00154308550274948	-0.00442347765237096	NA	NA
GSE36925_3	0.00269736784582365	0.00401814294742522	NA	NA
GSE37219_1	-0.000898287259895385	-0.03733707856564	NA	NA
GSE37676_1	-0.000231517201942871	-0.0208914057322764	-0.00260653181678461	-0.000545851922599096
GSE41342_1	-0.0056173773699988	-0.0539531018941471	-0.00618711491264202	-0.0117524470535721
GSE41342_2	-0.0029411794240192	-0.0165911920017255	NA	-0.00769775543923308
GSE41342_3	-0.00253777465379532	-0.0204323717726265	NA	-0.0102120301870061
GSE41342_4	-0.00367015412182993	-0.0553212057791822	-0.0078125	-0.000399784625417933
GSE41997_1	-0.00045831949382576	-0.0287450641540672	-0.00186393289841566	-0.0129071597015098
GSE43242_1	0.0066832507759243	0.0437643386773762	0.00731633727349762	0.00936863892216329
GSE43242_2	0.00732773977758387	0.0354626613222116	0.0133333333333333	0.00506370924083701
GSE43663_1	-0.00433727337473292	-0.0350865603843648	0	-0.00950495935855522
GSE43854_1	0.00532564590369342	-0.0291946291432596	NA	NA
GSE45656_1	-0.0180490184081542	-0.0837502218300169	NA	NA
GSE45656_2	-0.00727761481019787	0.0342324588108351	NA	NA
GSE45656_3	-0.0116607218057617	0.0227513737637353	NA	NA
GSE45793_1	0.00351767436202837	0.00568075003713868	0.00431315459543478	0.00659663476934733
GSE45793_2	0.00383989148050107	0.00668799089254051	0.0100594000262722	0.0162336074481702
GSE45793_3	-0.00200793174895941	0.00163398834550475	0.00342843663515086	0.011500471742306
GSE45793_4	0.00410924190965994	0.022275271669888	0.00449175714183249	0.0115612305553054
GSE45793_5	-0.00946567052816499	-0.0168562563911934	0.00452656926675335	0.0197983278621599
GSE46390_1	0.0015116963041868	-0.0833561094498999	NA	NA
GSE48438_1	-0.00330937172634083	0.00425663971305655	NA	-0.00966798947573067
GSE50549_1	-0.00255792005476641	0.0283854706907102	-0.00276786847602391	-0.00053073472959679
GSE50549_2	-0.000107417574896977	0.0202201949058563	-0.000538904530465817	-0.00307813187904135
GSE51098_1	0.0027491844607401	0.0317133682061294	-0.00762820733618549	-0.00804557844996517
GSE53857_1	-0.00411704474561606	-0.03075781484311	-0.0301801801801802	-0.0229939972482639
GSE53857_2	0.000235162656297812	-0.00547535145429484	0	-0.0107861362783483
GSE53857_3	-0.000738319688342776	-0.019385014142204	0	0.00090364942299587
GSE53982_1	-0.00443945417876606	-0.0106890270759134	-0.0102245734098142	0.00242283830754069
GSE53982_2	0.0255506487745066	0.145573485478153	0.0335526315789474	0.0671176172226587
GSE54779_1	0.0112192056557132	0.011285441994507	0.000490060678972887	0.00118705804741667
GSE55900_1	0.00106157112526539	0.049189129128307	0	0.0134032165805951
GSE57104_1	-0.00409104726465048	-0.0942395325797391	NA	-0.00826799469117147
GSE59387_1	0.0232191226722754	0.081636355964794	NA	NA
GSE60401_1	-0.00732104765096484	-0.0514784358627694	NA	NA
GSE60401_2	-0.00106684564483369	-0.105450383085576	NA	NA
GSE60651_1	-0.0333715265329688	-0.0777100102689331	NA	NA
GSE60737_1	0.0315910045064834	0.183095675890781	NA	NA
GSE60761_1	0.00351724241020045	0.059357076970697	0.00769230769230769	0.0179087935555375
GSE60761_2	0.00027583245243129	-0.00807707720970479	NA	0.00263437564726746
GSE60761_3	0.00534421749613276	0.0662266489566842	-0.00632911392405063	0.0171829773283083
GSE60761_4	0.0207468800361708	0.105046084825909	0	0.025416326339719
GSE63017_1	-0.00106157112526539	-0.00600279086204254	NA	-0.0011459938366718
GSE63017_2	-0.000266928373686936	-0.0145416157977689	NA	-0.00439924610694223
GSE63017_3	0.0087405499338844	0.0119197927504502	0.0179177897574124	0.00202406483748057
GSE63017_4	0.002757995217233	0.0428243043980944	NA	-0.00161970925193416
GSE63939_1	-0.0157626777553999	-0.0102120446882881	-0.00846875797448886	-0.0290068013929377
GSE63939_2	0.00284839380949637	0.0525697508546909	-0.00381475539981002	0.00719827779988971
GSE64141_1	-0.00291353693296068	-0.0226453485252389	NA	NA
GSE64965_1	0.0063501265083239	0.08264482603986	0.00447066934282855	0.0274593874785257
GSE65745_1	0	-0.0264816191559237	NA	-0.00873123682922355
GSE65745_2	0.00104384133611691	-0.0239082773100332	0	0.000462968510951064
GSE65745_3	0.00104384133611691	-0.0381399379139426	0	-0.0065488856720953
GSE66416_1	-0.00493616719763096	-0.0111072126911276	NA	NA
GSE66862_1	0.0288112113075436	0.105043685242841	0.029529303638542	0.0349861844850497
GSE69108_1	0.0082290984747519	0.0829534320558042	-0.00166398691013324	0.00791217259717071
GSE71565_1	-0.0159445154006734	-0.0672481393163635	NA	NA
GSE72261_1	0.000766458527595104	0.0459152913090683	0.00574712643678161	0.0135411142938079
GSE72261_2	0.000690749864394158	-0.0172189801920107	9.20947668034931e-07	-0.0129219329368102
GSE72261_3	-0.00104269843643052	-0.0195838152530063	0.000882185582180256	-0.0030642923904559
GSE7683_1	-0.002417968199348	0.0364138259056952	0.00197337873394211	-0.011485595441706
GSE7683_2	0.00384363109662855	0.0171672470415147	0.00741893494174657	0.00829188609542281
GSE78980_1	0.00230576737529078	-0.00713329711492729	NA	NA
GSE78980_2	-0.00156518751210127	-0.0838320681464956	NA	NA
GSE78980_3	-0.000710489742968988	-0.0468362550545701	NA	NA
GSE78980_4	0.000633484653675881	0.00844121411270643	NA	NA
GSE78980_5	-0.000234384435818196	-0.0111172441769134	NA	NA
GSE78980_6	-0.000752336973585716	-0.0477451628488835	NA	NA
GSE78980_7	-0.00681760090033981	-0.0150119966516587	NA	NA
GSE78980_8	-0.00596561677550788	-0.0312264892657394	NA	NA
GSE78980_9	-0.00269934582628623	-0.00127537315478846	NA	NA
GSE78980_10	-0.00352750616792974	-0.0247379452993231	NA	NA
GSE81399_1	0.000969192204938523	-0.0246474210540698	NA	0.00433316575838612
GSE84609_1	-0.0321675016867397	-0.0991962036321204	-0.00664388243335612	-0.0545158889779238
GSE84907_1	0.00471734089066706	0.0542238096662839	0.00671872371957218	0.024669281133374
GSE84907_2	0.0126181036176326	0.0597775395991601	0.00931923930477874	0.0172700841592012
GSE84907_3	0.0107703149293229	0.0126963720360927	0.00879218295510708	-0.00411591087987358
GSE90127_1	0.0116775410455268	0.0824753902741691	NA	NA
GSE90127_2	-0.00308527072164686	-0.0174010041439347	NA	NA
GSE90127_3	0.0128593066936863	0.083000644447484	NA	NA
GSE9247_1	-0.000479815909963796	0.0265418538682955	-0.00289959295752635	0.000197469179126485
GSE9247_2	0.00126226369575904	0.0442955167988345	2.17005011052104e-05	0.00178273535584719
GSE9247_3	-0.00306911588165678	0.0100026256883027	-0.00183464791022931	0.00233145969271269
GSE99306_1	-0.00486183140977453	0.00101853639645972	-0.00320654971729214	-0.00935030295282151
GSE99306_2	-0.00315350131766349	0.0225727555308719	0.000319537611138083	-0.00430862933546802
GSE99306_3	-0.00705927135901556	-0.0321425552172564	-0.00844792540821049	-0.00429778568008835
GSE99306_4	0.00402885503168087	0.0344831866908054	-0.000542885395149777	0.000226790641243833
GSE99306_5	-0.00323628187936668	0.00439594601964007	-0.000543793286377279	-3.83326863674415e-05
GSE99306_6	-0.00262481728827591	0.00728993905274591	0.00188338374187259	0.00220949283070499
GSE99306_7	-0.00129445594469414	-0.00812157564609819	-0.0147058823529412	-0.0117164111466355
GSE99306_8	-0.00456178302731881	0.00772204834792489	0.00104067902950162	0.000925417265117823
GSE99306_9	-0.00249059662716165	0.0168777277471343	0.000278358928251892	-0.00580176137252719
GSE99306_10	0.00408346887666883	-0.0263192728697828	0.000147258652920573	-0.0108844809657186
GSE99306_11	0.000465450719852933	0.0168112371876875	0.000806210625771138	-0.0146083341773661
GSE99306_12	-0.00350970837445248	0.0226703390634842	-0.00200189836426257	0.000553102156285566
GSE99306_13	0.00122196821829774	-0.0105807608064205	0.00382330599390233	-0.016563376568696
GSE99414_1	0.00420924720027362	0.106413256806791	-0.00406299212598425	-0.016363370701384
GSE110581_1	-0.00109694209514697	-0.00526225237872322	3.619984879355e-05	-0.000437750801158081
GSE110581_2	-0.000265965918139831	-0.0257783840111308	0	0.0142975304265627
GSE47799_1	-0.00988126899449111	-0.033669882585668	-0.0431043361829231	-0.0128202312984922
GSE47799_2	-0.00229619414410926	-0.0469251580544458	-0.00219298245614035	-0.0110716194092942
GSE47799_3	-0.00485438311197376	0.0190321368136026	-0.00825345935386149	-0.00403143580770096
GSE111628_1	0.00207436020172453	-0.0110177294420557	NA	NA
GSE111628_2	-0.00076103500761035	-0.098701189695355	NA	NA
GSE111628_3	-0.00363375796051143	-0.0783581919994289	NA	NA
GSE5657_1	-0.00749859191641735	-0.0132694477080527	0.000969180073657685	0.00233980719379018
GSE5657_2	0.00121651682743342	0.0394274543327696	0	0.0200924745594099
GSE13782_1	0.0225357853356719	0.0793922205023806	0.00769061988343616	0.010559694862979
GSE41039_1	0.00200446496433692	0.0550675733327117	0	0.00513472457114982
GSE84198_1	0.000912390694604851	0.0180935267190981	0.00847457627118644	-0.00213293432530763
GSE84198_2	-0.000260161840926839	0.0140956247542165	-0.00354609929078014	0.0071075414531571
GSE84198_3	-0.00529812406634733	-0.0696832390974601	-0.004269324227435	-0.0145745395166762
GSE114469_1	-0.00852215084504574	-0.0164935631633914	NA	NA
GSE108036_1	-0.00518618533718221	-0.0225808073273491	0	-0.000132217566550458
GSE60451_1	0.001947946069595	-0.0170215779265503	-0.00186983104571132	0.00227408688463965
GSE47902_1	-0.00228730933982094	0.00319001038978973	NA	NA
GSE44325_1	0.00301933349602804	0.00829605927936493	NA	NA
GSE4481_1	0.00104602510460251	0.0507792719748058	NA	-0.0129396913569992
GSE4481_2	0.00146492443548144	0.00681976091916607	0.00664870590402505	-0.00409959507038681
GSE4481_3	-0.000506546260782315	-0.00285148218424688	NA	0.00779554625711655
GSE102292_1	-0.0102458111736748	-0.0773124679648837	NA	NA
GSE102292_2	-0.0231835875777149	-0.0607981832136647	NA	NA
GSE102292_3	0.0103834811841979	0.0558196443250798	NA	NA
GSE102292_4	0.00336891138947831	-0.00240244187278231	NA	NA
GSE41898_1	-0.0110957712901407	-0.025846535920646	-0.00280457915950267	-0.0102381257953455
GSE87605_1	0.00892006460263161	0.0533065931024243	0.00226604197730283	-0.00657049333759432
GSE87605_2	-0.0180661752791284	-0.0476488296489965	-0.00667264311305293	-0.00436524017670204
GSE87605_3	0.00200528569169855	-0.00376800769556349	0.000437049334914062	-0.00278818268723996
E-GEOD-54216_1	0.00360936984991721	0.0164533291190152	-0.00138502406884345	0.0181508751370608
E-GEOD-54216_2	0.0024975884086726	0.0348466494365738	0.000463422516341473	-0.00192553133388128
E-GEOD-54216_3	0.00158777915961582	0.0424941786021542	-0.00548477098349221	-0.0103541214688611
E-GEOD-6119_1	0.0016379171977169	0.0325711075393371	2.45167513896003e-05	0.00367830209090574
E-GEOD-6119_2	0.00300924451699229	0.0248757589808005	-0.00148067750182257	0.0110450089286556
E-GEOD-6119_3	0.00167923498078592	0.029457540948194	-0.00201469083844069	0.00423972963569264
E-GEOD-8077_1	-0.00258392162629292	-0.0373238014299312	-3.12878050104338e-05	0.00128847456184349
E-GEOD-8077_2	-0.000727137901850694	0.0207825714544833	0	-0.00403141760055237
E-GEOD-8077_3	0.00445902881790576	0.0453196576221253	0.0105936113102228	0.00157280160821237
GSE103416_1	-0.000122900973622012	-0.0559766016379973	-0.00170191255197279	-0.00182757097912432
GSE103416_2	-0.00802738146523783	-0.0958652905848214	0.00450063496810166	-0.0251616873481849
GSE103416_3	-0.0176275075747891	-0.0794972211950787	0.00132547604866195	-0.0246397565937571
GSE19950_1	-0.00535413580115377	0.0124905224200347	-0.00694174720311941	-0.0030777931959325
GSE30322_1	0.00390064871582642	0.0361205304848986	0.000857974827902888	-0.00374241595645079
GSE30322_2	-0.00308261879587246	0.0125465185252381	-0.00159398567768782	-0.00206995056940875
GSE30322_3	0.00248081732066658	-0.0163641980445328	-0.00147492625368732	-0.00794102875444911
GSE42295_1	0.00152439024390244	0.0272894683426966	NA	-0.00314667154435193
GSE42295_2	0.000228885857850367	0.0459063086452257	0.00167790971914683	0.00176047777718833
GSE42295_3	0.00142721944538665	0.0260785658877951	8.26258151839544e-05	-0.00816173593717748
GSE66554_1	-0.0217264174736988	-0.107444016802161	-0.00329603370458868	-0.0173478512725825
GSE66554_2	-0.0204227422381504	-0.0755308471252894	-0.000779477720710573	0.00249282481142025
GSE66554_3	-0.0278823734489247	-0.0896427061226435	0	-0.0401388398014145
GSE66554_4	-0.0155632508957893	-0.0549193015508466	-0.00105458676938709	-0.0195103428323449
GSE74898_1	-0.00103802426912417	0.0109226163437428	0.00122679555165752	0.00401204098273353
GSE74898_2	-0.00465622401511587	0.0106121835855553	-0.00239908028338734	0.00557366819941895
GSE74898_3	-0.00201082458339292	-0.00440529508090702	-0.000958138924964299	0.00672148672931974
GSE79176_1	-0.00180188784362415	0.00863142814981342	NA	NA
GSE79176_2	-0.00257147011594533	0.0252195348342808	NA	NA
GSE79176_3	0	0.0192270599062992	NA	NA
GSE85785_1	0.00602893283593945	0.0332987942322273	0.00342465753424658	0.0130441712204007
GSE16981_1	0.001460357879173	0.0476570957980364	0.000713242047415625	0.0161405314664795
GSE16981_2	-0.00800057406466852	0.0231962828156398	-0.000814144726143362	0.00390215204326026
GSE16981_3	0.00337683266114495	0.0304310258803577	-0.000369026706402886	0.0080123087933691
GSE16981_4	0.00337683266114495	0.0304310258803577	-0.000369026706402886	0.0080123087933691
GSE16981_5	-0.000228144519102924	-0.0218834334576694	-0.00603125607622011	-0.0128265659954271
GSE16981_6	-0.00237387452261958	0.00488167041887882	0.00745355613509772	0.034980091959473
GSE16981_7	0.00167246860550126	0.0660716318834816	-0.00922173839899453	0.0179232956277732
GSE29859_1	0.00648517954293665	0.0624762776886695	-0.00471698113207547	0.034458087077526
GSE29859_2	0.0106503995480116	0.0507882377828318	0.0092371456150302	0.0170065187555544
GSE23492_1	-0.00480761689974313	-0.0331800244381029	NA	NA
GSE23492_2	0.000979911869742828	-0.0234119497357366	NA	NA
GSE23492_3	-0.00134702048166344	-0.0243015073850637	NA	NA
GSE23492_4	0.00188648167025171	-0.0346375919215762	NA	NA
GSE23492_5	0.000467405425568367	-0.00570236449606124	NA	NA
GSE44991_1	-0.00395217601069726	0.0182370482745386	-0.0149253731343284	-0.015593402408533
GSE44991_2	-0.00124793055073059	0.00697114014597134	NA	-0.00771578352077524
GSE39796_1	-0.00750415571010267	-0.022471292265036	NA	NA
GSE39796_2	-0.00902531934075342	-0.0255470831280136	NA	NA
GSE39796_3	0.00101513154452341	-0.00263430077459165	NA	NA
GSE18394_1	-0.000651024909623141	0.0172116870466122	-0.0026866709056352	-0.00650987073601198
GSE18394_2	-0.00584802038123137	-0.0434150502624144	-0.00470852958932324	-0.0329650431626723
GSE18394_3	0.00422720161567578	0.0493617974039337	-0.00163665285772034	0.00699120157411388
GSE29233_1	0.0012648279357154	-0.00117797190090328	NA	NA
E-MEXP-2291_1	-0.00713639344314451	-0.0627318214716694	NA	NA
E-MEXP-2291_2	-0.000260058309331722	0.0248264598057676	NA	NA
E-MEXP-2291_3	-0.0109885447152576	-0.0799375826948864	NA	NA
GSE18738_1	-0.00833006278741575	-0.00357439554667095	-0.00500478420564365	0.019009365793559
GSE107363_1	-0.0125119080841474	-0.0260151557554699	NA	NA
GSE85761_1	0.00326598938014695	0.0345578792335728	NA	NA
GSE89179_1	0.0113204353563101	0.074504449811109	NA	NA
GSE89179_2	-0.00421311705437031	-0.0466778766323387	NA	NA
GSE89179_3	-0.00776544560195639	-0.000435859409996808	NA	NA
GSE89179_4	-0.00783053736688857	-0.0207431484996403	NA	NA
GSE89179_5	0.00159916814647215	-0.00241996252989603	NA	NA
GSE89179_6	-0.000516742520005591	0.035010289623414	NA	NA
GSE89179_7	0.00447030217907481	0.0129909833537874	NA	NA
E-GEOD-57723_1	-0.00318355652068681	-0.00829654899062841	NA	NA
E-GEOD-57723_2	-0.0165598531245653	-0.0158978536226764	NA	NA
E-GEOD-57723_3	-0.00355398605827896	0.0112759041792101	NA	NA
E-GEOD-83930_1	0.000145966324602998	0.00392927090923948	NA	NA
GSE100268_1	0.00305802132994706	-0.0189738270359563	NA	NA
E-GEOD-55769_1	-0.00138148910210374	-0.0347264522439063	0.000650352242470304	-0.00555787715209503
E-GEOD-55769_2	0.000763358778625954	-0.00904995800749324	0.00793650793650794	-0.00272787257677884
E-GEOD-55769_3	0.00145047418544734	-0.0436697937288292	-0.00153731176211077	-0.00366020699378217
E-GEOD-69110_1	0.0185716514250757	0.103067627700947	0.00819873033728456	0.0173984357265124
E-MTAB-4304_1	-0.0056373893506229	-0.0188987089642479	-0.00512571069083802	-0.00202166578560149
E-MTAB-4879_1	0.0109296989117819	0.0462600084277537	0.00839846428081722	0.0138896085707925
E-MTAB-4879_2	0.0104285909015499	0.0213358316381194	-2.82842630005336e-05	0.00164383866860915
E-MTAB-4879_3	-0.00385415704322796	-0.0195103606897796	0	0.000912223010500318
E-MTAB-4879_4	-5.69319223164208e-05	0.0119867031639528	-0.00555422838031534	0.0209177220229293
Cytokine_Explant_1	-0.00535115905716648	0.0069142304936535	0.0051211187839987	-0.00145854795221494
Cytokine_Explant_2	-0.00144453905740793	0.0127317169391303	0.00358248420641044	-0.000336164772852193
Cytokine_Explant_3	0.012807109936106	0.0441333967925732	0.00330482693550244	0.0206510073568468
Cytokine_Explant_4	-0.0143591477594693	-0.0451962586000259	-0.00862842177017185	-0.00851816271727284
Cytokine_Explant_5	0.0139559948257894	0.0425380963189283	0.0105962097251682	0.0098627725937953
FN1_Explant_1	-0.00178834333640414	-0.0383002974614365	0.00543859649122807	0.013265306122449
E-MTAB-6266_1	-0.00352362104078868	0.0231532368854764	-0.000513427334728385	-0.000661961293326716
E-MTAB-6266_B_1	-0.00559172762641877	-0.00365129158405026	-0.002169759495271	0.00221015932726113
E-MTAB-6266_B_2	0.00209369609726052	0.0441993859677269	-0.000495298522858298	0.00419318631865903
E-MTAB-6266_B_3	0.00345050596874148	0.0542036973691795	-0.00234958034796333	0.00123361761259911
GSE74220_1	0.00497568736148509	0.0396972992606352	-0.00351189519482929	0.014802428755748
GSE114007_1	0.00265885236442366	0.0207689729007702	0.00202602077886801	0.00531135292609706
GSE109503_1	-0.00228498286494184	0.0120269930390535	0.00288664685004902	0.000415404952362863
GSE109503_2	-0.00339023615234591	0.00667287708495358	-0.001513394852055	8.81135347702792e-05
GSE109503_3	-0.00364798870777188	0.00949536076982888	-0.00847292803814543	0.0094889846237368
GSE109503_4	0.00662609843397088	0.00436320966631001	-0.00342850535132489	0.0081944527414496
GSE109503_5	0.00184606117023189	-0.021002960394427	-0.00366486852444608	0.00615083283074947
GSE109503_6	-0.0192478658912936	-0.0870755759706788	-0.00441949203493351	-0.0188110587279857
GSE109108_1	0.0208617382287667	0.0804108564278137	0	0.00176762165578264
GSE109108_2	0.0336461920718289	0.144001183696078	0.0225988700564972	0.0567968619089173
GSE109108_3	-0.00101589381132539	0.0207719379808832	NA	-0.0180129087602487
GSE109108_4	-0.00519441734194043	-0.0873477510847896	-0.00757575757575758	-0.0365323713598003
GSE70667_1	0.00154343841293504	0.00604518960209008	0	-0.0147795042454296
GSE87608_1	-0.00409781311495047	0.13122831238733	NA	0.00250821303452882
GSE87608_2	0.020062431955288	0.056780058679399	-0.00138888888888889	-0.00021049576623732
GSE87608_3	0.00896247544715541	0.0348381785648811	0.00705335178351784	0.00609007811734396
GSE87608_4	0.00200928460554115	0.0558146060582126	0.00432792321298152	0.0152224684567722
GSE90890_1	-0.0145958723838873	-0.153431320240898	-0.00815217391304348	-0.00508928195113727
GSE97118_1	0.0214150890432501	0.118577281137921	NA	NA
GSE97118_2	-0.00697593522567365	0.0180323886558912	NA	NA
GSE97118_3	0.0129329682870461	0.095898312709074	NA	NA
GSE97118_4	-0.00423682791060088	0.0086049671839798	NA	NA
GSE97118_5	-0.00558652360026579	-0.0252456933000625	NA	NA
GSE97118_6	-0.0121338634440573	-0.0311204948154314	NA	NA
GSE97118_7	0.00361934997140106	0.039838160107203	NA	NA
GSE107592_1	0.0146768143352625	0.0725185160086024	0.00080070967239812	0.0370703592241253
GSE92641_1	0.0228788921156989	0.110913313400683	0.0102319255603154	0.0653425564560108
GSE107849_1	-0.00676174859477887	-0.0329734521818803	-0.00190827763660465	0.00331461568152604
E-ERAD-89_1	0.0014792899408284	-0.0092174379061128	NA	NA
E-ERAD-89_2	-0.000738552437223043	0.0337966066445206	NA	NA
E-ERAD-89_3	0.000723589001447178	0.0339873374897282	NA	NA
E-ERAD-89_4	0.00076219512195122	0.0447539797415366	NA	NA
E-GEOD-45893_1	0	0.00989462492763476	NA	NA
E-GEOD-53105_1	-0.0127754386801901	-0.0888499527598506	0	0.0066239665296269
E-GEOD-53105_2	-0.00283950326916179	0.0106413203261336	0.000773492623431267	0.00851475389367068
E-GEOD-54461_1	-0.00467116663688428	-0.0511519862473437	-0.00163168856163522	-0.00201207243460765
E-GEOD-54461_2	-0.000343413229264934	-0.0312070769673262	0.00599904757214508	-0.00667048929663609
E-GEOD-54461_3	0.0143942084680195	-0.0119442167224457	0.0141983677796621	-0.00380927960089808
E-GEOD-54461_4	0.0151447404609093	-0.021090200166691	0.0102457418998484	0.00704007485543622
E-GEOD-54461_5	0.0232538619139418	0.0147032432338827	0.00949843498416564	0.0271958386916423
E-GEOD-54461_6	0.0222029227313588	0.0192043708713094	0.0089475043004645	0.0144328534407702
E-GEOD-54461_7	0.0117072710050307	0.0210081499744453	0.00764034259125348	0.0106882504640352
E-GEOD-54461_8	0.0048967023813944	-0.00328704252028833	0.00543651870413221	0.0177631987168047
E-GEOD-73372_1	-0.0365057652538037	-0.0537145915750316	NA	NA
E-GEOD-73372_2	-0.0377056607135572	-0.0315075167388567	NA	NA
E-GEOD-73372_3	0.0121284963838068	0.0373649913567463	NA	NA
E-GEOD-75549_1	-0.00397747133572139	0.0456724552086269	NA	NA
E-GEOD-76988_1	0.0136839254734476	0.0540712972454036	NA	NA
E-MTAB-2923_1	-0.0174775329855245	-0.0457166261728234	NA	NA
E-MTAB-2923_2	0.0136192393302982	0.0574023992283473	NA	NA
E-MTAB-2923_3	0.0141075684269397	0.0404014595949232	NA	NA
E-MTAB-2923_4	0.0113586895554329	0.0618725914437711	NA	NA
E-MTAB-3428_1	0.0152132405769042	0.00249254363539842	NA	NA
E-MTAB-3428_2	-0.0157722657834603	0.00676532041966108	NA	NA
E-MTAB-3428_3	0.00398186354311362	-0.0711568282688706	NA	NA
E-MTAB-3428_4	0.012858525147821	0.00252375317188377	NA	NA
GSE102856_1	0.00427186213823447	0.110085118855886	NA	NA
GSE103492_1	-0.0446022833327682	-0.14041601262407	-0.0252367994537671	-0.0728540105161106
GSE103492_2	0.0206726298522688	0.0114888579805385	0.00358316102502149	-0.0143842442042479
GSE103492_3	-0.0402833503219664	-0.141533196922439	-0.014610144733091	-0.11221023430241
GSE103492_4	-0.0638420508474827	-0.175228936102324	-0.0272446923226361	-0.113314971478456
GSE103492_5	0.0600398624576968	0.218257319494673	0.0468201754385965	0.104752377880644
GSE103492_6	0.0305616140279541	0.149288737604926	0.00788381003619615	0.0329632631245128
GSE103492_7	-0.0352784766965708	-0.0715962533044574	-0.0384879725085911	-0.083549977018995
GSE103492_9	0.331012968061065	0.722631920019282	0.406182795698925	0.326044311362286
GSE103492_10	-0.141911837352177	-0.387773805549379	-0.028169014084507	-0.175072694080179
GSE106259_1	-0.0333284478469224	-0.11166587325436	-0.0130036582095404	-0.0453331933046424
GSE110303_1	-0.00550801067828675	-0.0841193663087678	NA	NA
GSE110303_2	0.00854082126519478	0.0857445816539517	NA	NA
GSE110303_3	0.00874731875813201	0.0219217183698071	NA	NA
GSE110300_1	-0.00174283918043791	-0.0164823123601258	NA	NA
GSE110300_2	0.00128602673884684	0.103523327132769	NA	NA
GSE110300_3	0.0152784234081286	0.101237990929113	NA	NA
GSE110281_1	-0.00244320479898795	-0.00543781359962078	NA	NA
GSE110281_2	6.75732223064281e-05	0.0320734342228612	NA	NA
GSE110281_3	0.004223993014111	0.0438565237985901	NA	NA
GSE104459_1	0.00345943472649891	-0.0212316219572523	-0.00434782608695652	0.000823049804583193
GSE104459_2	-0.00601943221392889	-0.0629911472195434	-0.00379415971545384	0.00504662469833489
GSE104459_3	-0.0029598288471709	-0.00851346740237065	-0.00588235294117647	-0.00947239864797008
GSE110051_1	-0.00739227731418732	-0.0337471512866228	0.000347831298837995	0.00534004646377232
GSE110051_2	-0.00162460650331826	-0.0529120846896366	-0.00105106991118322	0.0062510183933826
GSE110051_3	-0.00877906872377371	-0.0613749676294223	-0.0022933158739654	0.0159499817469151
GSE112694_1	-0.0239961617504123	-0.141622649017739	-0.00672343247652103	-0.0119279096475593
GSE112694_2	-0.0216604522933623	-0.156108792446832	-0.0071093815158971	-0.0297489824718596
GSE112694_3	0.00734217837820185	0.0326075426919198	-0.00494054712582248	-0.00112339651418577
GSE112694_4	-0.00290190265960093	-0.0172490474490814	-0.00635420997771052	0.00127852021822029
GSE97232_1	-0.000252136365008908	0.0647357191065411	0.00625	0.021190908025494
GSE114079_1	-0.00474691023979153	-0.120243688997677	NA	NA
GSE114079_2	-0.0025537764985864	0.0686906010235028	NA	NA
GSE114079_3	0.00077941080424412	-0.0516530612289331	NA	NA
GSE114079_4	-0.00923878381219909	-0.17893822387936	NA	NA
GSE104828_1	0.0205179338924125	0.0577575046166588	NA	NA
GSE114521_1	0.000974970653817631	-0.00283297119772925	-0.0048534265191225	-0.0238934697447136
GSE114521_2	0.000539758297245663	-0.00197275820035311	-0.00491749187153127	0.00502490253072961
GSE112413_1	0.0169767542799767	0.078025914778811	0.00554625063535663	0.0036257275495621
GSE112413_2	-0.009428310775369	-0.0609329596920379	-0.00398678072240898	0.00716973916252766
GSE101909_1	-0.000144762943190508	0.00971933295957216	0.000933017416248776	-0.00872373907935922
GSE101909_2	-0.00716995161890643	-0.0282735169068028	0.00227852726966937	-0.00596566377853289
GSE114919_1	-0.00472896337981884	-0.040706911404938	-0.00292128238695169	-0.00336662942600378
GSE114919_2	-0.00158573668678156	-0.0493721088692764	-0.00948836167991296	-0.00703803202866672
GSE114919_3	-0.0127166058783395	-0.0925498757044639	-0.0036235292657742	-0.00730129075944515
GSE114919_4	-0.00500050816439381	-0.0537662222743119	-0.000651554345229551	0.000791364965896844
GSE114919_5	0.0104366327864747	0.0347933707746077	-0.00374469036440867	0.00458193126732453
E-MTAB-5879_1	-0.000121250228661891	-0.00109881688564373	-0.000785592784715692	-0.00153049664184125
E-MTAB-5879_2	-0.00700047058681202	-0.0546359637516924	-0.00183524270942603	0.00104668632133262
E-MTAB-5879_3	0.00718214375088632	0.0359925561856971	0.00170265429234657	-0.00913115848911212
E-MTAB-5879_4	-0.00244037994486073	-0.0191706003754346	-0.00384650916936562	-0.00548004892651471
E-MTAB-5879_5	0.00125854641158769	0.0480496878534622	0.00272844260321615	0.0188537990243887
E-MTAB-5879_6	-0.00472442434499079	-0.00921152371721442	-0.00331713767799016	-0.0353235260262796
E-MTAB-5879_7	0.006829476844221	0.071427939552706	0	-0.0290388873758655
E-MTAB-5879_8	-0.00158144765995228	0.0593755815873402	0	-0.0187144470494674
E-MTAB-5879_9	0.00329381721046364	0.0981837051644605	0	-0.0267767914829821
E-MTAB-5879_10	0.0149309550800285	0.0577463760053795	0.00757575757575758	-0.0283035812874918
E-MTAB-4294_1	-0.0065948097770471	-0.0354952626927303	0.00268653765047675	-0.0235493901229237
E-MTAB-4294_2	-0.00469708092313658	-0.0619559237235843	0.00167530690762978	0.0180211721584944
E-MTAB-4294_3	-0.00129637342609621	-0.0518624763564886	-0.00684049516995791	0.0192279139456838
E-MTAB-3186_1	-0.00507021266578437	-0.0708106650713364	0.00160737190489275	-0.0182936206468431
E-MTAB-3186_2	-0.00350095665815548	-0.0482436293187855	0.000633494989718186	0.00261832808356458
E-MTAB-3186_3	0.00351383552972674	-0.0146003313722498	0.00405133747935779	0.00922980090601914
E-MTAB-3186_4	0.0096756725475516	0.0116574957540671	0.00589924889758755	-0.0216796155530615
GSE114919_Rat_1	-0.000152292299778575	-0.0159915292472726	0.00189686194734578	0.0032985778855173
GSE114919_Rat_2	0.00721308644627835	0.0168588173808129	0.00414875483404784	-0.00485902560399721
GSE114919_Rat_3	-0.00939877942602768	-0.0623294262892219	0.00149195261476589	5.37393480166092e-05
GSE114919_Rat_4	-0.0103351490826357	-0.0801979321057586	-0.000861803133863393	0.0249433134840394
GSE114919_Rat_5	0.00175330030667211	-0.0406151434944746	-0.00414928646241522	-0.000316955345821567
