comparisonID	jaccard	cosine	sigjaccard	chrDir
22659600_1	-0.0123580464280493	-0.0347486146846895	-0.0150033093412992	-0.0252315391731971
24361742_1	-0.0204171038208195	-0.0287678084642958	-0.000265242193224638	0
GSE72258_1	0	-0.0482416078831291	0	0
GSE72258_2	0.00123152709359606	-0.00498272502396387	NA	0
GSE69531_1	0.00570400420098034	0.0130939463727403	NA	NA
GSE69531_2	-0.00794855929518172	-0.0329107703736774	NA	NA
GSE69531_3	-0.00848542286471269	-0.0189810771986075	NA	NA
GSE69531_4	0.00570400420098034	0.0130939463727403	NA	NA
GSE58203_1	0.0115832138315537	0.0439285856589059	0.016939223822309	0.0119068942070835
GSE58203_2	0.0174924809610465	0.0550489876941818	0.0198760745883914	0.0108556949379876
GSE58203_3	0.0161431146251932	0.0692057154453545	0.0172124967104791	0.011220516951819
GSE58203_4	0.0208926030229249	0.0873167576553157	0.0242845485259153	0.020312146051066
GSE58203_5	0.0170564858633661	0.0225107245371645	0.0113134027544508	0.00897585691622724
GSE58203_6	0.0114102875336065	0.0393641666142961	0.0142360220673254	0.00890517640148179
GSE58203_7	0.0194864083220583	0.0859465510631933	0.02082092056883	0.00832905395177537
GSE58203_8	0.0233263428996787	0.117664169424658	0.0253276847243997	0.0118302164242184
GSE59642_1	-0.00183720275761871	-0.0274554235126419	NA	NA
GSE59642_2	0.0122283756151104	0.0316330509894393	NA	NA
GSE59642_3	0.0225835994406728	0.0701828928123884	NA	NA
GSE64922_1	0.00396317870667754	0.0111536502847822	0.00204211936715335	0.01012162065399
GSE60162_1	0.00168088296312636	0.0607812674261785	NA	NA
GSE31685_1	-0.0065875226916538	-0.0579712273371965	-0.00875358646726513	0
E-MEXP-3890_1	0.0147925524072388	0.0646123235669662	0.0164248615625303	0.00585399988014255
GSE31980_1	0.0171101841565746	0.0386963557273633	0.016924683930843	0
GSE15615_1	0.00682663703795163	-0.0204382014656944	0.0150376146976438	0
GSE15083_1	0.00922531958112409	0.0154820997565882	NA	0.015700857149494
GSE108035_1	-0.00465883263759916	0.00482291423301741	-0.00551235022358931	-0.00225639727334415
GSE108035_2	-0.0173061625078933	-0.0530169105907681	-0.0185725335102416	-0.00583054581257109
GSE108035_3	-0.011195408279358	-0.0403599293837833	-0.0124626503110795	-0.00579184085229875
GSE21959_1	-0.00480688913915741	-0.05396882523868	0.00380531834672963	0.00472410950027212
GSE21959_2	0.00081098415122814	-0.0259540561845297	0.00540297980831212	0.0112244298004464
GSE24742_1	0.0148100213559999	0.0213725956056439	NA	0.0109182023766571
GSE24742_2	-0.00483087536390886	-0.00566932598451065	NA	-0.00243478725654669
GSE24742_3	-0.00381568574015113	0.00392758676741267	NA	-0.008038833301077
GSE74668_1	0.0126267733351097	0.0410643331461771	NA	NA
E-GEOD-10024_1	0.00364642239190345	0.0331814740714672	NA	NA
E-GEOD-10024_2	0.009239531425674	0.00366691133003571	NA	NA
E-GEOD-12860_1	0.00524360602150833	-0.0331826648062616	NA	NA
E-GEOD-12860_2	-0.0114574068823159	-0.0871024956925603	NA	NA
E-GEOD-12860_3	-0.000590723417042516	-0.0465366865013449	NA	NA
E-GEOD-12860_4	-0.00315286555340567	-0.0593296387741079	NA	NA
E-GEOD-12860_5	-0.00478832367546828	-0.0532437193850643	NA	NA
E-GEOD-12860_6	-0.00530988059224683	-0.0793643169389612	NA	NA
E-GEOD-12860_7	-0.0069226978935485	-0.0783608791183856	NA	NA
E-GEOD-12860_8	0.00382984438739875	-0.0252723473928599	NA	NA
E-GEOD-14359_1	-0.00229576800103966	0.00668843263822889	-0.00209637660821383	0.00194914838866703
E-GEOD-14359_2	-0.0145424084714276	-0.0867578011126885	-0.0175029627745099	-0.00518527659742621
E-GEOD-1919_1	0.0114443495046643	0.0600690221189067	NA	NA
E-GEOD-1919_2	0.0135327351393875	0.0708464438977395	NA	NA
E-GEOD-1919_3	0.00500061716375398	0.052004027633176	NA	NA
E-GEOD-1919_4	0.033660780501471	0.10993285488539	NA	NA
E-GEOD-1919_5	0.0277870543500601	0.112733653482506	NA	NA
E-GEOD-1919_6	0.0324502379253631	0.0868260884273375	NA	NA
E-GEOD-1919_7	0.0158873288338137	0.0573887420177437	NA	NA
E-GEOD-1919_8	0.0281633061334217	0.0614044050668452	NA	NA
E-GEOD-1919_9	-0.0149410672542715	-0.0256862655570935	NA	NA
E-GEOD-19664_1	-0.00126104519864459	-0.0115901308708811	NA	NA
E-GEOD-19664_2	0.0071980127905671	-0.0164692629076187	NA	NA
E-GEOD-19664_3	-0.00254431366793087	-0.0368403078430122	NA	NA
E-GEOD-19664_4	-0.00126899276702642	-0.0339660370019407	NA	NA
E-GEOD-19664_5	-0.00743891477352162	-0.0749627324500611	NA	NA
E-GEOD-19664_6	-0.00584731946282748	-0.0393192779854645	NA	NA
E-GEOD-43923_1	0.029905522677128	0.0530620648780179	0.0144222492933579	0.0263793437207827
E-GEOD-51812_1	-0.00749693997577321	-0.0386969889315815	-0.00919094009885576	0.0078524785295011
E-GEOD-51812_2	-0.00654421287954035	-0.0328349515640165	-0.00894205762829591	0.00764062470022563
E-GEOD-68760_1	0.0140144821577538	0.0291715715349417	0.0128905168681669	0.0285825207313584
E-GEOD-82107_1	0.0274021440088399	0.100420944699775	0	0.0152745669858208
E-GEOD-9451_1	-0.00328572569029783	-0.0469897968851728	-0.00238460824244668	-0.0210646549433681
E-GEOD-9451_2	-0.0210840332375438	-0.0755767991196019	-0.0120788418909347	-0.0274630667290835
E-GEOD-9451_3	-0.0120866721948012	-0.0164868931522542	-0.0138362603701948	-0.0130741451369561
E-GEOD-9451_4	-0.0280217856699646	-0.115555033517358	-0.0316485761533091	-0.0365246074880441
E-MEXP-2019_1	0.00207278130961712	0.00418188229307116	0	0.0014921736971512
E-MEXP-2019_2	0.013485775005189	0.0473793544019976	0.0162171438313337	0.0147589995567978
E-MEXP-2019_3	-0.000658310292865913	-0.025171801035329	NA	0.00417510734348155
E-MEXP-2019_4	0.0036003848472203	0.000937062333011609	0.00462400726910543	0.00171314280429153
E-MEXP-2276_1	0.000807050579784696	0.00908154304540965	NA	-0.00379651848455275
E-MEXP-2488_1	-0.00722142666089998	-0.0385958613870437	-0.00852239353997912	-0.0207061434434635
E-MEXP-3129_1	0.00547165329457999	0.0100671008539177	0.00810597596719341	0.00212088603555309
E-MEXP-3474_1	0.00894682435761897	0.00531523217839714	NA	0
E-MTAB-3010_1	0.00302739251660256	0.00670696800258219	NA	NA
E-MTAB-3010_2	-0.00711464551354332	-0.0187364353611331	NA	NA
E-MTAB-3010_3	0.000442149093237747	-0.0064988530981063	NA	NA
E-MTAB-3010_4	-0.00870886829715924	-0.0406410587857065	NA	NA
E-MTAB-4152_1	0.00765902866670157	0.0634797286107803	0.00969494325573371	0.0113283110819251
E-MTAB-4152_2	0.00374876310827663	0.0211951315963023	0.00516123910586931	0.0107589007760196
E-MTAB-4152_3	0.0191071281990539	0.0813112452207423	0.0219913605457462	0.0311081057267524
GSE100609_1	0.00269884055665813	-0.0172605030146537	NA	-0.00659847474483677
GSE100786_1	-0.00256838271558102	-0.0120909931297209	NA	0.00177306454126608
GSE100786_2	0.00085281358880681	-0.0207247774218502	NA	0.00088891074060079
GSE103697_1	0	0.0116997096149123	NA	NA
GSE103697_2	0	-0.00744682368768579	NA	NA
GSE103697_3	0	5.52029534445198e-05	NA	NA
GSE104113_1	-0.00499531894920646	0.00146537849105221	NA	NA
GSE104113_2	0.0299661573258079	0.0670571935392118	NA	NA
GSE104113_3	-0.00499531894920646	0.00146537849105221	NA	NA
GSE10575_1	0.0145348529138361	0.0443002329635553	0	0.00259730268597956
GSE10575_2	0.0203986296281454	0.0376306645946616	0.0105496112637283	0.0148761171576065
GSE10575_3	-0.000307904642150407	0.009788157214028	-0.00371709094894165	-0.0059992122943616
GSE13604_1	0.0014274255108665	0.0166004599016165	0.00227051687280455	0.00370660099582991
GSE13837_1	0.00374639521741503	0.000583491975550669	0.00675675675675676	0.00326017830959816
GSE13837_2	0.00824602720263863	-0.00369104693234008	0.0115421836549869	0.00217812623431587
GSE13837_3	0.00702533908387172	0.0103312222862503	0.00675394263548974	0.0127058032278676
GSE13837_4	0.0230414057598541	0.0423749674726045	0.0209887523403569	0.00423754080184709
GSE13837_5	0.0021706004695766	-0.0169355549792352	0.00179050597478813	0.00230911349125948
GSE13837_6	0.00624910471552596	-0.00718930979824685	0.0154915168505214	0.000888074487541292
GSE13837_7	0.0119719640399072	0.0155579652488511	0.0147902448754066	0.00535272248536424
GSE13837_8	0.0272239054038035	0.0548615728850172	0.0267867159177889	0.0258110938234589
GSE13837_9	0.00616102752790858	0.0235711842713981	0.00589124139578323	-0.00144647830627948
GSE13837_10	0.00198147452834804	0.0184824528140346	0.00151725507836272	-0.000564171374463743
GSE13837_11	0.00193879265997165	0.0135952939474592	0.00137611596566965	-0.00912659729064164
GSE13837_12	-0.00890046414122562	0.000616563766851693	0.000849311205582778	-0.0151939031607698
GSE13837_13	0.0181581910517641	0.0484344122778598	0.016926958576858	0.0163967776548052
GSE13837_14	0.0163089712232364	0.0320112527338282	0.0157634087080668	0.012926076607785
GSE13837_15	0.0151222817710547	0.0427047731391674	0.0224633561892813	0.0169455689759078
GSE13837_16	0.0222121853694526	0.044239966542496	0.0237041426990288	0.0126983403194135
GSE13837_17	0.0125563509424441	0.0392192509722923	0.0142367913988245	0.00898780783863481
GSE13837_18	0.0128204375127474	0.046408003557556	0.0149148958760155	0.00957611666353496
GSE13837_19	0.00641927359039588	0.0503770059501393	0.0146687892438702	0.00677432871561208
GSE13837_20	0.0143562090742505	0.0472149975015452	0.0160992761024597	0.0168150034817723
GSE13837_21	0.00652394935657247	0.0268683678701765	-0.00355797052448744	-0.0050436640690733
GSE13837_22	-0.00323538717365256	0.00861268944135363	-0.00263725444746132	-0.00504008251655047
GSE13837_23	0.00339166331745761	0.0125158023282677	-0.00113734699921032	-0.00200268410825804
GSE13837_24	0.00965343321679239	0.0250270860433815	0.00951018349466043	0.00810386923093424
GSE16464_1	-2.12496326245856e-05	0.0685363917400445	NA	NA
GSE16464_2	-0.0130977386010657	-0.0621777240838237	NA	NA
GSE19060_1	-0.0047077697988989	-0.0321323865364553	0	-0.00708573060729589
GSE27372_1	0.00878314783105363	0.0368646574420011	0.0114063411573112	0.0104771370356571
GSE27390_1	-0.00022105618232828	0.00379415238452536	0.00561417143530226	0.0123653579431452
GSE29106_1	0.00247307968402928	0.0027859551606593	NA	NA
GSE29107_1	0.000275586388982882	0.0145240450224588	NA	NA
GSE29107_2	0.000954678985830935	0.00643156901832619	NA	NA
GSE29745_1	0.00197377021687764	0.0311823457753405	NA	NA
GSE29745_2	0.0125389748125155	0.0578126833254275	NA	NA
GSE29745_3	-0.00874574539666954	-0.0337541322548573	NA	NA
GSE35546_1	0.0102006217992286	-0.000919304202021324	NA	NA
GSE35546_2	0.0121687769378517	-0.0063129379333008	NA	NA
GSE35546_3	0.0127076069767965	0.00186637098148924	NA	NA
GSE35546_4	0.00582709658068644	-0.0226999739020577	NA	NA
GSE35546_5	0.0136012405772037	-0.00758203207623479	NA	NA
GSE35546_6	0.0136742688901832	-0.0110277470107572	NA	NA
GSE35955_1	-0.000432369754855329	-0.0230935179437964	-0.00418832423846974	-0.00301477782839955
GSE35956_1	0.00417166236303357	-0.0251888029131534	0.00282025635133964	-0.000864231895208114
GSE35957_1	-0.0163872428689214	-0.0821004398597231	-0.018338346060947	-0.0151464709082838
GSE35958_1	0.00713069204035531	-0.00220783592526953	0.00513870065149297	0.00132089097606339
GSE39340_1	-0.00651764898386794	-0.0745372918266854	NA	-0.000362966153935725
GSE39340_2	0.00469953529174835	-0.0147276057095439	0	-0.0061082457815512
GSE39340_3	-0.0255219282076412	-0.0588369615318135	NA	-0.00645349696053489
GSE39795_1	0.00304311435982665	0.0204878576961849	NA	0.00409835184518322
GSE39795_2	0.00812935968642581	0.0414381240381585	0.00199001075099975	0.00677257534790997
GSE39795_3	0.00491227642238025	0.0365256527390462	-3.70216798957468e-06	0.00935198295754953
GSE41038_1	-0.0149442126862006	-0.00975765637318456	NA	-0.00296013008490404
GSE41038_2	0.00346071471856485	0.0197352730868919	NA	0.00409854187446953
GSE41038_3	-0.00245382797167191	0.0161624376344898	NA	-0.00909006138038219
GSE41992_1	-0.0109653430150423	0.0236427633251563	NA	NA
GSE42235_1	0.030601191795075	0.0720518349875997	0.0256867571694181	0.0296254379282012
GSE42235_2	0.022765489633889	0.0467302450554951	0.0176361038675314	0.0209021061490693
GSE42235_3	0.0249261722872238	0.0574342614344895	0.0229769796936139	0.0291853138480678
GSE42235_4	0.0242408396403372	0.0645643230072492	0.0265575065156956	0.0208318369424634
GSE45233_1	-0.0159572089046184	-0.0248943297366114	NA	-0.0165061082823565
GSE45233_2	-0.0151837232135234	-0.0564747070745458	-0.00138504155124654	-0.0148844889026714
GSE45233_3	0.00958732744377498	0.022381936158535	NA	0.0153693428706643
GSE45233_4	0.0093941182793407	0.0381721002562158	0	0.0186191256291774
GSE46053_1	0.0169931643248952	0.0562254547098222	0.0076752605117993	0.0197422892475985
GSE46053_2	0.0209912745248598	0.0557436432268635	0.0220600600637696	0.0179451822617636
GSE46750_1	0.00202192611732406	-0.0122900820465542	NA	0
GSE51588_1	0.0078993562211847	0.00271649124220986	0.00591827519061993	0.0119652459471794
GSE52817_1	0.00593256713043832	0.00927051919343107	NA	NA
GSE52817_2	0.0096790697155706	0.0428156384037857	NA	NA
GSE52817_3	-0.0110235801669243	-0.0272185285142932	NA	NA
GSE52817_4	-0.00303665150766492	-0.0301275736481868	NA	NA
GSE55235_1	0.026068172231545	0.0691816073863854	0.0308141568575264	0.00272127927759744
GSE55235_2	0.0255982218050376	0.0737733469759544	0.0332507729869666	0.0203944869893007
GSE55235_3	0.00260882530191293	0.0317171173286636	0.00575934732181444	0.0186709693972028
GSE55457_1	0.00299036388038082	0.000711044707770627	0.000501876050907377	0.0262616756181515
GSE55457_2	0.00894178450048711	0.0226358572832125	0.011532154297637	0.0223111602387417
GSE55584_1	0.0122986065156975	0.0097917125234321	0.000662839948554235	0.0175143255282761
GSE57218_1	0.00486484308436548	0.0485720223505528	0.00272456556683241	-0.00670585993449966
GSE57218_2	0.0182935496753316	0.0671242631753357	0.0235447067191188	0.00866167423359145
GSE57218_3	0.0145916368132018	0.0520595210136238	0.0110323920567419	0.0134910759175465
GSE60762_1	0.0134764639569242	0.0413301245619089	NA	0.00695899345983972
GSE62914_1	-0.0089809271841782	-0.018016444002035	NA	0.00492917272646891
GSE62914_2	-0.0112996858483183	-0.0268806778794451	NA	-0.00204815879358917
GSE62914_3	-0.00839944235224143	-0.02264365473155	0	0.00445467702150838
GSE62914_4	0.00275433625553391	-0.0130158780324932	0	0.00320303469688089
GSE64394_1	0.0138077930868659	0.045945193076999	NA	0.0103492415764986
GSE66635_1	0.00179406187959309	0.00554309281670421	NA	0.00159460697733577
GSE68038_1	-0.0254154620686899	-0.0339573417928228	-0.00391956350515204	-0.0269167280021634
GSE68428_1	0.0236337548821832	0.0440139222111109	0.0243364482786505	0.0197143807373633
GSE68428_2	0.015469049964533	0.0338577509395269	0.0190474837319719	0.0101888254262544
GSE68428_3	0.0190360948346603	0.0508055763867922	0.0237428887166385	0.0186915638189881
GSE69459_1	-0.00410269933975265	0.00174838402878986	NA	NA
GSE69459_2	-0.0119886484912339	-0.00850331786215605	NA	NA
GSE69459_3	-0.00826549959908174	-0.015553462481767	NA	NA
GSE69459_4	-0.011456989100523	-0.00735411239158803	NA	NA
GSE69992_1	-0.0276457760493033	-0.0243246187368369	-0.0263826938193853	-0.0137920159123277
GSE70719_1	0.0022022795852398	-0.055010474194746	0.0019263477734818	-7.03361168477447e-05
GSE7116_1	0.00480434567287157	-0.0292555078048535	1.69991704404824e-05	0.0154665236416847
GSE7116_2	-0.000708343167276482	-0.0291527598555422	NA	0.00564022623794743
GSE7116_3	-0.008782567261143	0.00542806979154734	0.000910746812386157	-0.0159320724292001
GSE72575_1	0.0133246816613629	0.0292414271962149	0.0157934347922671	0.00389770375508402
GSE72575_2	-0.00145039684137261	-0.0164746108406361	-0.00317300718747003	-0.00048854995642186
GSE72575_3	0.000169569297593437	0.0177984559678643	-6.47493420426783e-05	0.00405886332722338
GSE72575_4	0.00283894965021184	0.00916530563166833	0.00273224043715847	0.00223877920657885
GSE75181_1	0.011824501932019	0.0230927736682828	0.0108839086677592	-0.00865412661506893
GSE75181_2	0.0164567469885498	0.0301814056264761	0.0190392668304575	0.0106032576108705
GSE75181_3	0.0134271635157269	0.0354954942637842	0.0132231615388606	-0.00098607700900045
GSE75230_1	0.000901269375110215	-0.00664245298850077	-0.000251106928208679	-0.00162248812182106
GSE7669_1	0.010412274404687	0.0450779498369205	0.00486735486735487	0.0142645510342419
GSE77916_1	0.00162130334544128	0.00390151934351973	0.00138121546961326	0
GSE80614_1	0.00939252066354546	0.00465039071547957	0.00975324136064832	0.00341617028163491
GSE80614_2	0.001041150858021	-0.028743914847756	0.000708690335317419	-0.00691993745799261
GSE80614_3	0.0072289156626506	0.00222653603079167	0.00273224043715847	0.00461710518061525
GSE80614_4	-0.0133680682855943	-0.0079644096134542	-0.0116273751993156	-0.0136041044146581
GSE80614_5	0.0178360567393088	0.024971415698628	0.0193646232157358	0.00522728060086193
GSE80614_6	0.0197727048264041	0.0631668629182741	0.02295556822739	0.0124795325817215
GSE80614_7	0.0174880772815611	0.0769979265448802	0.0204572346904925	0.00616365790679547
GSE80614_8	0.0126772079407202	0.0735887609303755	0.0197129620688945	0.000597945239125581
GSE80614_9	0.00319853531153807	0.0222342920690498	0.00376157126344112	0.00616657050300914
GSE80614_10	0.00367129459004754	-0.00437902223546239	7.20991791339936e-06	0.00241836473713078
GSE80614_11	0.0048661800486618	0.0103820778254971	NA	0.00305533722257155
GSE80614_12	-0.0063431856564521	-0.030480768199588	-0.00560353472285291	-0.00300776413258414
GSE80614_13	-0.00532730196054037	-0.0201155647157591	-0.00611589425436391	-0.000919134426491577
GSE80614_14	0.0037317955535192	0.00492473359454137	0.00155554815554815	-0.00194996126140171
GSE80614_15	-0.00381089664328834	0.0090159984344574	-0.00529602305312538	-0.00232361184197593
GSE80614_16	-0.00292036594741276	0.0194531388229685	-0.00132632616588442	-0.00342354330899176
GSE85254_1	0.0183138732177286	0.071466475242618	0.0192585806374683	0.0216056943858369
GSE86578_1	0.020125623027515	0.0270572743778522	0.0168364063150721	0.00534526958008861
GSE86578_2	0.0227456071844784	0.0343695683870546	0.0216744619464903	0.00816216584736077
GSE86578_3	0.0267159002916124	0.0505924440145197	0.0300992005119545	0.00809258777045865
GSE9329_1	0.00883427161627012	0.0415586615773753	NA	NA
GSE93698_1	-0.00389072089021865	-0.00582437260300618	-0.00131607849773484	0.00892606624089483
GSE93698_2	-0.00869898661789777	-0.0188666461389975	-0.00957959873753043	0.0121589062165673
GSE93698_3	-0.00332165152369941	-0.00260876765032096	-0.00441341643067317	0.00708664127190034
GSE93698_4	-0.00101548189423543	0.00803600959786625	-0.00234968284072325	0.00883043609526953
GSE93698_5	-0.00860436705561912	-0.0131964447206144	-0.00761139520323421	0.00643020665117409
GSE93698_6	-0.0240830876734759	-0.0287021989882619	-0.00431481150616402	0.0111332259525434
GSE93698_7	-0.00716705505471633	0.00635182933561319	-0.0106202471347612	-0.00200231852421791
GSE93698_8	0.00230681122169613	0.0369731859628072	0.00132222251612738	-0.00335824605679573
GSE93698_9	-0.00487513154674146	-0.0155919001957887	-0.000607248214328778	0.00327162913749054
GSE93698_10	-0.00500278297154758	0.0275891586679573	-0.000963938822398695	0.00147679418087581
GSE93698_11	0.0220569416320811	0.060846025481662	0.00620068105594809	-0.00311619596333406
GSE93698_12	0.00840742875758736	0.00350105547745364	0.00329596737147586	-0.00363750608107529
GSE93698_13	0.0163551527579925	0.0195454270528728	0.0126430317893192	0.00230892520649017
GSE93698_14	0.00125020558120199	-0.0281533279546087	0.00133538990565751	0.0120935262693045
GSE93698_15	-0.0130719223276713	-0.0366419058504929	-0.0112671389354696	0.00753858124494879
GSE93720_1	0.0174573824624616	0.0167842448414774	NA	NA
GSE93720_2	0.0129877336962465	0.0222679784846273	NA	NA
GSE93720_3	0.0179624935686188	0.0448586243218938	NA	NA
GSE93720_4	0.0146083789870792	0.0566015545019944	NA	NA
E-MTAB-5564_1	0.0457744716838579	0.0762112368939474	0.0467599884981983	0.0242540445665446
GSE77753_1	0.00102417943788636	-0.00746970985666299	NA	-0.00409285151585449
GSE43861_1	-0.00587457936438613	-0.0600530862936565	NA	NA
GSE112809_1	-0.000834724540901503	0.0157629649072702	NA	NA
GSE111946_1	0.0102961904745645	0.0717408419881304	NA	NA
GSE111946_2	-0.00145466584731295	0.0158464222708977	NA	NA
E-MTAB-3201_1	0.0254493919973885	0.0865162731319366	0.0119125623458187	0.00714053348890993
GSE57740_1	-0.00249799466606227	0.011004420799326	NA	NA
GSE52992_1	0.0126165993511395	0.0816380627783604	0.0197108638128663	0.010857818118705
GSE17160_1	0.0280061511481741	0.0828209003670703	NA	NA
GSE17160_2	0.00829387277216343	0.0114834322445508	NA	NA
GSE17160_3	0.0387510947531467	0.167281907046033	NA	NA
GSE17160_4	0.0213994187722105	0.0724640875344894	NA	NA
GSE17160_5	0.0185678455795879	0.0657237483347517	NA	NA
GSE17160_6	0.0140068555449121	0.035538570839843	NA	NA
GSE17160_7	0.0510098091678637	0.170973295825441	NA	NA
GSE17160_8	0.0239313882952638	0.0699313362580954	NA	NA
GSE17160_9	-0.0170218371340919	-0.0523409691694969	NA	NA
GSE17160_10	-0.00933857856936015	-0.0366790960609008	NA	NA
GSE17160_11	-0.00769123504441284	-0.0262695294939938	NA	NA
GSE17160_12	-0.0104192413412974	-0.0351336337124817	NA	NA
GSE22971_1	0.00930282442874284	0.0403872870136232	NA	0.0245440538463067
GSE22971_2	0.000494904917731506	-0.080594966730158	NA	-0.0260018452495517
GSE22971_3	0.174008289043323	0.417181626943023	0.174329241704275	0.168252395069873
GSE22971_4	0.165545189068498	0.4047845879682	0.162731471523615	0.144755547688462
GSE13590_1	0.000593305386693201	0.0133488237238283	-0.0016478321794381	-0.00720467532465233
GSE13590_2	0.00207612168819065	-0.00383233785113985	0.000924214417744917	-0.00504895960832313
GSE99731_1	0.0262551351535414	0.142469158220537	NA	0.0452815109297307
GSE99731_2	-0.0102416459541563	-0.120117610313309	NA	-0.041370135623575
GSE99731_3	-0.123482190830103	-0.341902228047843	-0.125840044779148	-0.0906215414871498
GSE27492_1	-0.00472684559574397	-0.0106908409340651	0.00238095238095238	-0.0196605430571653
GSE27492_2	0.0285906875314136	0.107292677447303	0.0520839875773523	0.0504609146886694
GSE27492_3	0.0798998571279237	0.192279594927725	0.133958204550807	0.0933179322850684
GSE27492_4	0.0775371566069241	0.194194534062026	0.12999667404643	0.0788075387617722
GSE27492_5	0.0856956966589773	0.206016343344965	0.138659127775759	0.0867841770281817
GSE27492_6	0.0204866858453137	0.0351423701539204	0.032402700395474	0.0108159208441694
GSE27492_7	0.0263082765454362	0.0745944178581549	0.0360173481798254	0.0197227163847859
GSE27492_8	0.011402654333725	0.0249545546400761	0.0237848875858289	0.00286883009183397
E-GEOD-15069_1	-0.0188887858800811	-0.0644508587590881	-0.0194246845108914	-0.0109312591571175
E-GEOD-15069_2	-0.00139209762869277	-0.0427426467243983	-0.00868650555661822	0.00259637321563598
E-GEOD-15069_3	-0.0116969294102263	-0.0647713244696304	-0.00951851446480936	-0.00266268899449861
E-GEOD-15069_4	-0.013191218393114	-0.0520605161044094	-0.0185097443442615	-0.0281655024575275
E-GEOD-15118_1	-0.00532624584861746	-0.0159464101067313	NA	NA
E-GEOD-15118_2	-0.00248756218905473	0.0235562605557843	NA	NA
E-GEOD-15118_3	0.0113420879463921	0.0124742791085776	NA	NA
E-GEOD-15118_4	0.0124751909812752	-0.00941884387690108	NA	NA
E-GEOD-16007_1	0.0440247470295322	0.0883555994976824	NA	NA
E-GEOD-17473_1	0.0149906465482439	0.0960805261792223	NA	0.00253484703146163
E-GEOD-18647_1	-0.000343555410139765	0.0151935388050019	NA	-0.00325907253873539
E-GEOD-18647_2	0.00169704327597125	-0.00798212545128008	NA	-0.00719285150799372
E-GEOD-18647_3	0.0224124941578202	0.0449413005562529	NA	0.00642081913782032
E-GEOD-18647_4	0.0182051886554454	0.0184280493603038	-0.00135702762884827	0.000250400251792652
E-GEOD-18648_1	0.0114429815651821	0.0348525261621805	0.00943135471323918	0.0107248759355825
E-GEOD-18648_2	-0.00846131230996595	0.0131090018810724	-0.00612998380601214	0.00389520203040689
E-GEOD-2154_1	0.00783218162798772	-0.0306573790605021	0.00903785208742522	-0.00469874882457797
E-GEOD-2154_2	0.00712929580001123	-0.0203474117878398	0.00624993215142545	-0.00034070209811119
E-GEOD-2154_3	0.00480720994758446	-0.0356133155250032	0.0106737078316607	-0.0104209660100595
E-GEOD-2154_4	0.0277087772134546	0.0239401371081551	0.0393255145854655	0.00695932044087444
E-GEOD-26475_1	0.014085483467389	0.130694493762842	0.0136004836122857	0.0271563307243745
E-GEOD-26475_2	0.0597303440049101	0.218475485208436	0.000912408759124088	0.0817034697008475
E-GEOD-26475_3	0.0385612648527782	0.093974382930453	0.0344335495145542	0.0453651032415549
E-GEOD-33567_1	-0.00644882802411762	-0.0388256616278552	NA	NA
E-GEOD-33567_2	0.00207807764337187	-0.0135046424969109	NA	NA
E-GEOD-37287_1	-0.0111253305516758	-0.0408867046832569	NA	NA
E-GEOD-37287_2	0.00294652286548618	0.0366400830084697	NA	NA
E-GEOD-37287_3	-1.7893252671243e-05	-0.0158282150972381	NA	NA
E-GEOD-51994_1	0.000984999047148986	-0.000409980225084091	-0.00139673950668056	-0.0115880092627996
E-GEOD-51994_2	0.0038849643214759	0.0244765640584599	-0.00293673106684373	-0.00594829920207921
E-GEOD-51994_3	0.00501652484485269	0.0377626495026825	-0.000795134265037056	0.000508990355176181
E-GEOD-65077_1	0.00191916759340084	-0.00312271127204464	NA	NA
E-MEXP-1244_1	-0.0106963877682664	-0.0842564551161436	NA	NA
E-MTAB-1123_1	-0.0135000525722974	-0.0839365713949867	-0.0235570829473438	-0.0283621939722663
E-MTAB-1123_2	-0.0178303678236441	-0.0894349642754043	-0.0176841036141811	-0.0241747494250158
E-MTAB-1123_3	-0.00420679199490243	-0.0396522900283001	-0.00250665921563166	-0.0139193048073097
E-MTAB-1123_4	0.000850934099030015	-0.0639542081699767	0.00139275766016713	-0.0130722303465213
E-MTAB-1391_1	-0.0166298567391586	-0.0677509345510358	-0.0168521980461487	-0.000943224005039704
E-MTAB-1391_2	-0.0428340326750198	-0.149067331613549	-0.0417173691274623	-0.0210549968417817
E-MTAB-1391_3	-0.0437925090710747	-0.151050636602466	-0.0436690785346039	-0.0222578083599687
E-MTAB-2450_1	0.00069318652270307	0.012070985008009	0.00404224829275358	-0.00184690835199891
E-MTAB-2450_2	0.00877076420220049	0.0394976121926716	0.0135201307006143	-0.00324802784069951
E-MTAB-2450_3	0.00547106447502593	0.0251914916868632	0.00349532554753195	-0.0147893884331562
E-MTAB-2450_4	-0.000442949821318477	0.00860367434665341	-0.00380306100813235	-0.00953745983095772
E-MTAB-5023_1	0.00833398712773864	0.0138008861329481	NA	0.0179470951356915
E-MTAB-5326_1	0.0104560521218939	-0.00160483080183119	NA	NA
E-MTAB-5326_2	0.00643386760394	-0.00304124261894203	NA	NA
E-MTAB-5326_3	-0.00853624336329191	-0.0098772795243771	NA	NA
GSE102588_1	0.0385292232165104	0.14119305516006	0.00259188056897623	0.017620232172471
GSE104793_1	0.0383596498348951	0.0465211529215716	0.0396198359035468	0.028578385898093
GSE104794_1	0.0452946679933054	0.0841909932732137	0.0472844834143809	0.0296677061662335
GSE104795_1	0.0461619149187193	0.0817009360034723	0.0493689898454428	0.0135926099839596
GSE105139_1	-0.000850340136054422	0.0315101819410181	NA	0.000433069933864644
GSE105139_2	0.0199688646472277	0.0783270608064781	NA	0.057571357519557
GSE105139_3	0.0189373982549396	0.0645538455832261	0	0.0637928998012391
GSE10555_1	-0.0209035882482056	-0.0991060390497027	NA	NA
GSE10556_1	0.0151917326028294	0.0430031720949871	0.0156665107466949	0.00781004976449984
GSE106631_1	0.0417283384848394	0.0583489725653854	0.0390129077990346	0.0298000361771121
GSE13104_1	-0.00940278977260142	-0.0263247589560042	NA	NA
GSE13104_2	-0.0030988483765464	0.00436205393976827	NA	NA
GSE13104_3	-0.0121432635227476	-0.0195523782345791	NA	NA
GSE16749_1	0.0133237337533262	0.0487904858341072	NA	NA
GSE16749_2	-0.0133172071173564	-0.00866309342878571	NA	NA
GSE16749_3	0.0276709182559258	0.0622478362985512	NA	NA
GSE17348_1	-0.0553336365662126	-0.0893455731295674	NA	NA
GSE17563_1	0.0102543540702492	0.0741709709737833	NA	NA
GSE17563_2	0.0209126982717276	0.0491273401068653	NA	NA
GSE17569_1	0.0108148744811266	0.0146111329054992	NA	NA
GSE17569_2	0.0114907117333946	0.0221508312947981	NA	NA
GSE17570_1	0.00866354801764006	0.00349299818395705	NA	NA
GSE17570_2	-0.00682342344449407	-0.0526337373602467	NA	NA
GSE18991_1	0	0.0359206648816196	NA	0.00553179180927471
GSE18992_1	0.00125	0.0152685640363905	NA	-0.00738158234437746
GSE19299_1	-0.00208439529075118	0.0163534763348925	-0.00110186067548209	-0.00328096578524075
GSE20850_1	0.0116450323518931	0.0553703037434849	NA	NA
GSE21093_1	0.0238781218810531	0.0368465602605294	NA	NA
GSE21523_1	0.022034206229757	0.0822700785766503	NA	NA
GSE21639_1	0.00352387549339754	0.0085398975925649	NA	NA
GSE21639_2	0.000322885224971236	0.00259125220738482	NA	NA
GSE21639_3	0.0147481194187783	0.0324557961512497	NA	NA
GSE21639_4	0.00215125486841501	-0.0029417764439504	NA	NA
GSE21710_1	-0.0122469478325339	-0.0111092339033393	NA	NA
GSE21710_2	-0.00909754337668315	-0.00728689767615909	NA	NA
GSE21710_3	-0.00330787827556105	0.0114535792155818	NA	NA
GSE22925_1	0.00524423555583076	0.0145155919751666	0.0162840459715157	0.0162226549958375
GSE22925_2	0.0472772176445423	0.0855346027304805	0.0257746420242853	0.0401216717155458
GSE26499_1	0.0302792490608908	0.121792677711139	NA	NA
GSE30160_1	0.00309960949074249	-0.0394440070370514	-0.000126251288172332	0.0117263657587565
GSE30628_1	0.0111454839575398	0.0719345244176668	0.00910196973392131	0.0113080615927455
GSE30628_2	-0.00309461305698984	0.00404101362976379	4.26773272455914e-05	-0.0109252365257714
GSE32163_1	-0.0168977139648516	-0.136728149921613	NA	-0.00623928646816159
GSE33656_1	-0.0146171930294165	-0.0130284338704918	NA	NA
GSE33754_1	0.0154599066243	0.0787273256472885	0.0101008658702217	0.0290231304921118
GSE33754_2	0.0585735295527561	0.159892165673425	0.0543048022258948	0.0550895323160769
GSE33754_3	0.0565985159191414	0.147799363864029	0.04817539839916	0.0447584825883223
GSE34570_1	-0.0287710174219014	-0.0723845464783753	NA	NA
GSE35003_1	0.00375014399035933	-0.0303319622550268	NA	NA
GSE35466_1	0.0126731166408691	-0.0319074355955499	NA	NA
GSE35466_2	-0.000625674066164246	-0.0174555835916754	NA	NA
GSE35466_3	-0.00711424872434061	-0.049990282683013	NA	NA
GSE35466_4	-0.0140481481978398	0.00163853929831068	NA	NA
GSE35466_5	0.000360745327900123	0.0574583133289368	NA	NA
GSE36925_1	-0.000372735680571502	-0.0293829317955087	NA	NA
GSE36925_2	-0.0100966848607638	-0.0182822725708298	NA	NA
GSE36925_3	-0.0155995223548385	-0.0402754307564387	NA	NA
GSE37219_1	-0.0143388274197099	0.0127802326468265	NA	NA
GSE37676_1	-0.000735257264792205	0.0315586964743812	-0.00350630918138235	0.0040072051164025
GSE41342_1	0.0668793443431869	0.179424734940271	0.0279944888232775	0.0697798823472913
GSE41342_2	0.0643751884281947	0.177853102145564	NA	0.100633225456693
GSE41342_3	0.0210878805703205	0.160498725179832	NA	0.102124479400066
GSE41342_4	0.0280629915796311	0.0859799363528402	0.0040650406504065	0.0459901317262287
GSE41997_1	0.0100469618927345	0.0398231958211982	0.0031347406440673	-0.0153291827093744
GSE43242_1	0.00271699745250908	-0.0600026578826958	-0.0084591153488818	-0.00110350917106192
GSE43242_2	0.00753815165115953	-0.00523206117446922	-0.000473466166896824	-0.00402068121288015
GSE43663_1	0.00370222223585188	-0.0258984893688457	NA	0.0209962239280673
GSE43854_1	0.00322162753739308	0.0510251004653228	NA	NA
GSE45656_1	0.00675621575792647	0.0359570038623983	NA	NA
GSE45656_2	0.00344869428012703	-0.0443217412134656	NA	NA
GSE45656_3	0.00463204132973291	-0.0284047111285647	NA	NA
GSE45793_1	0.021734446565899	0.0688509611075754	0.00820727228890178	0
GSE45793_2	0.0402876816899696	0.113025569627714	0.0361207270874	0
GSE45793_3	0.0231314597810754	0.0772616736970799	0.0164940486430105	0
GSE45793_4	0.0248729032444772	0.100147420411369	0.0285829043880552	0
GSE45793_5	0.01936855422518	0.0963604849282015	0.0151888586247396	0
GSE46390_1	0.0124710044893059	0.069271825405125	NA	NA
GSE48438_1	0.0252975873619711	0.0746280691944616	NA	0.0268880030873633
GSE50549_1	0.00159781642359228	-0.00977619316498821	0.0025770839738167	-0.00367974398602121
GSE50549_2	-0.00759895480659511	-0.03865051608921	-0.00758305854575431	-0.00911273580183463
GSE51098_1	0.040178192110454	0.100144619787039	0.0437703131464745	0.0368093759049506
GSE53857_1	0.0310703001211428	0.133392856344589	0.0020703933747412	0.044967169900811
GSE53857_2	0.00266226060485687	0.0731654217257313	0.00102249488752556	0.00134636792440984
GSE53857_3	0.00729493385605668	0.0384489624478557	0	0.00172845746385658
GSE53982_1	-0.0319162366268633	-0.0597474932113019	-0.0356139997690704	0.000866923822971525
GSE53982_2	-0.00463803686231721	-0.0573051781913533	-0.00322640257921875	-0.00941905616306909
GSE54779_1	0.028817201716432	0.130274756944038	0.0324743964606252	0.0209101929321629
GSE55900_1	0.00124378109452736	-0.0119480131117241	0.00159744408945687	0.00989277328329591
GSE57104_1	-0.00922253866096579	0.0320374674372123	NA	-0.0119133080768928
GSE59387_1	-0.0171356141731895	-0.0595673921166004	NA	NA
GSE60401_1	-0.0125257183990076	-0.0606435800313615	NA	NA
GSE60401_2	-0.0155772806287058	0.108227562422814	NA	NA
GSE60651_1	-0.029111388888683	-0.066854643355188	NA	NA
GSE60737_1	0.0154438996775376	0.00784024211882271	NA	NA
GSE60761_1	-0.00292342872875782	-0.0277291152808598	-0.000919117647058824	0.00445577079039674
GSE60761_2	9.30521091811417e-06	0.00902047839251344	NA	0.00566089443012859
GSE60761_3	0.000776349799647504	-0.0170933289124723	0.00316248247066413	0.00672901065057928
GSE60761_4	-0.013867223218571	-0.0388669095195298	0.000459115625320611	-0.00705790471308597
GSE63017_1	0	0.00944390668803585	NA	0.00142877279309063
GSE63017_2	-0.000831946755407654	-0.000663067126784168	NA	-0.0018155970347845
GSE63017_3	0.00971106441928187	0.0220597099024837	-0.00349430469862364	0.00314180692761297
GSE63017_4	0.00510577672612211	-0.00262798547498331	NA	-0.00659034515010777
GSE63939_1	-0.0238032354825791	-0.0841736312027656	-0.0236810952921196	-0.0171475281633981
GSE63939_2	-0.0321397612454278	-0.114447999098957	-0.0307381595088243	-0.0259600911435847
GSE64141_1	-0.0237728375651947	-0.0565603873256888	NA	NA
GSE64965_1	-0.00896915431684574	-0.088690324801539	-0.00870090415083582	0.00365760757593993
GSE65745_1	-0.00124688279301746	0.00312192857846113	NA	0.00184029629645073
GSE65745_2	-0.00496277915632754	0.00886462822026691	-0.00157728706624606	0.00126611871301368
GSE65745_3	-0.00496277915632754	0.010607758527681	0	-0.00214296123935688
GSE66416_1	5.06428429206708e-05	-0.0263927959532139	NA	NA
GSE66862_1	-0.00440956836020766	-0.0505110753937848	-0.00479924359934048	-0.00198455922495955
GSE69108_1	0.0070242857845832	-0.0258171314236459	0.00679544982918712	0.00539095230798675
GSE71565_1	0.0149630309071321	0.00262611786779496	NA	NA
GSE72261_1	-0.000713773628317141	-0.0181074255642272	0.00082049609912439	0.00919047791205661
GSE72261_2	-0.00293885061938884	0.00295044137802669	-0.00499720699641761	-0.0117245370534726
GSE72261_3	-0.00200455854124756	0.0106747197398316	-0.00321539983672842	-0.00302042154595858
GSE7683_1	-0.0197454133274963	-0.112619395902566	-0.0106782564424359	-0.0383887478398116
GSE7683_2	-0.0231553048319789	-0.0732162920962562	-0.0102654823175899	-0.0257671477757173
GSE78980_1	0.00846647677891807	-0.000865812339091091	NA	NA
GSE78980_2	0.00169511817121687	0.044682557637108	NA	NA
GSE78980_3	0.00457484866739438	0.0314519506423649	NA	NA
GSE78980_4	-0.00991871526599379	0.0262697411482441	NA	NA
GSE78980_5	0.0117838186918528	0.044014475277426	NA	NA
GSE78980_6	0.00198630990574928	0.0364144191034768	NA	NA
GSE78980_7	-0.02690938909634	-0.0617465906491297	NA	NA
GSE78980_8	-0.03178795994343	-0.10369521874576	NA	NA
GSE78980_9	-0.0196244548842342	-0.0615525408714502	NA	NA
GSE78980_10	-0.0318398726708086	-0.0962593401149233	NA	NA
GSE81399_1	0.0114665312480553	0.0383384626731172	NA	0.00718118769033798
GSE84609_1	0.018707126244013	0.0460728075022784	0.0199588565374072	0.015214498327801
GSE84907_1	0.018099337050639	0.0565182366647885	0.0210222763353888	0.00442647770753593
GSE84907_2	0.00570775820114345	0.0195659352075922	0.00704229351408046	-0.00290564553551443
GSE84907_3	-0.00127958122198637	-0.0524817579200195	-0.00181680386284251	0.00148485230111542
GSE90127_1	-0.0252049377065148	-0.102715269663196	NA	NA
GSE90127_2	0.0142835066991106	0.0704157147460249	NA	NA
GSE90127_3	-0.0310887498418019	-0.130025676871723	NA	NA
GSE9247_1	-0.00353118982003772	-0.0562687845137555	-0.00398384075631997	-0.00533900256916682
GSE9247_2	-0.0159632865682992	-0.0571393548030285	-0.0174854095920451	-0.0120182465154392
GSE9247_3	-0.00882195502308386	-0.0512453401471027	-0.00841278791765876	-0.00773053143166087
GSE99306_1	-0.0182430797605377	-0.0405921550368262	-0.0123371374982249	-0.0143595884910453
GSE99306_2	0.0102643189322645	0.026454134356034	0.00504011906271965	0.00722953332418511
GSE99306_3	-0.0426427941486266	-0.0941790921317673	-0.0344436900171491	-0.0383098079107623
GSE99306_4	0.00575611005211166	0.000184570144279738	0.000723477985319939	0.00480580626348485
GSE99306_5	0.0153583324946898	0.0386535143818406	0.0125240301821398	0.0221251279858776
GSE99306_6	0.0238231448073319	0.0677986563080854	0.019212673646835	0.0279762612253131
GSE99306_7	-0.0198347275949524	-0.0797732300756275	0.00273557760633023	-0.0202417274514778
GSE99306_8	0.0207418996001031	0.0646184399389969	0.016621211076988	0.026900816384949
GSE99306_9	0.0278055297189273	0.0793969522954053	0.0222206062866243	0.0345498149265236
GSE99306_10	-0.031401562825572	-0.0606433621010672	-0.0165320096043113	-0.0476269092542677
GSE99306_11	0.00482020704372603	0.0149049569422569	0.00180169643719811	0.00666177645163493
GSE99306_12	0.0175570485778707	0.0425529943643947	0.01391015101871	0.0327183261921184
GSE99306_13	-0.0197102300916579	-0.0437990382915886	-0.012267219493272	-0.0336626647888572
GSE99414_1	0.00303200893848168	-0.000624559100995394	0.0036742977207943	0.0133087770550289
GSE110581_1	-0.00566232827007484	-0.0661758082805971	-0.00852999096839964	0.0111381452552245
GSE110581_2	0.00241748166259169	0.0211745740651946	NA	-0.00498028112043685
GSE47799_1	0.0189946355135638	0.0927483973869172	0.0164874299489684	0.0236679497261031
GSE47799_2	0.00299319008002992	0.0431876269116262	0.00120729114843976	0.00762086317919866
GSE47799_3	0.0186309681401789	0.0246816635702763	0.0196296903318304	0.0171554604692665
GSE111628_1	0.00369975132752232	-0.0206849321904168	NA	NA
GSE111628_2	-0.00803506500771143	-0.112602453054377	NA	NA
GSE111628_3	-0.0101091247790514	-0.0937859775199426	NA	NA
GSE5657_1	0.00399959149167638	-0.0531247565971113	-1.25473276393413e-05	-0.00721631512684854
GSE5657_2	0.00256580787049283	-0.0526218939683085	0.000475266917581996	-0.000851466329309832
GSE13782_1	0.071265605220827	0.187255143109952	0.0381584509072182	0.0375367259983189
GSE41039_1	0.0080125073285128	0.0870640344481968	0	0.0351377149362985
GSE84198_1	-0.00147905287745465	-0.0763682512056464	-0.00145007400114786	-0.000488693836978577
GSE84198_2	-0.00011766621038567	-0.0555935930194312	0.0085265537015215	0.0085833172675278
GSE84198_3	0.00663137318573817	0.0684703066351567	0.00737269047057205	0.00437380968217796
E-GEOD-54216_1	0.0293349834879126	0.0649227370753003	0.0261254305970494	0.00919444712693493
E-GEOD-54216_2	0.0151265016477932	0.0312565997233646	0.0128495224214636	0.0192652290020903
E-GEOD-54216_3	-0.00121439158833794	-0.0478653141458063	-0.000226603252552303	-0.00609602932469944
E-GEOD-6119_1	0.0255332456147716	0.061840165946711	0.0289298130735073	0.00677122620250582
E-GEOD-6119_2	0.021540076711699	0.0653369708574877	0.0251798025355825	0.0120114416777416
E-GEOD-6119_3	0.0237207234161634	0.0698979501275625	0.0296966222155941	0.0159294896057269
E-GEOD-8077_1	-0.0651439518209241	-0.215779377445439	-0.0769246543871347	-0.0740466221239883
E-GEOD-8077_2	0.00788784155778838	-0.0148048898377791	0.000814448263940399	-0.00693329166358641
E-GEOD-8077_3	0.0571388797720403	0.176272473290525	0.0560650331662681	0.0650669391840223
GSE103416_1	0.242255739259809	0.623243201493339	0.234494722032419	0.18816157016404
GSE103416_3	0.527866571480907	0.852259889797347	0.508943841873958	0.473694367744426
GSE19950_1	-0.0342047661381499	-0.157294645883067	-0.035397558870607	-0.0177398744065712
GSE30322_1	0.0177276677103441	0.00023764068051131	0.020228797055731	0.0388733941651939
GSE30322_2	0.00197768454099263	0.00259525469949883	0.00206115945081192	0.00143596795704405
GSE30322_3	0.000877576110630503	0.0212310025036631	0.00387699938987296	-0.00145747397804992
GSE42295_1	-0.00577397797939112	-0.0202564201896232	0	-0.0227065420995684
GSE42295_2	-1.5676769008207e-05	0.00705116813145734	-0.00666784557832615	-0.0334736798925022
GSE42295_3	0.0173614002374881	0.036753848984196	0.00217084728560965	-0.014549112620517
GSE66554_1	0.0124950855426168	0.117189804419083	0.0095319657237515	0.0581406978343159
GSE66554_2	0.00312941194578375	0.018372267502756	0.000637074986496814	0.0168574728052852
GSE66554_3	-0.00764226617745334	-0.0635514537255419	0	0.00258130428127923
GSE66554_4	-0.00668533596972553	-0.0681825987694092	-0.0114589234398311	0.0234641356133087
GSE74898_1	-0.0777830238022178	-0.140269075838612	-0.0786767753175358	-0.0586538327695884
GSE74898_2	-0.0752735945025996	-0.165420369662261	-0.073375216085058	-0.0761742719719563
GSE74898_3	-0.0650991931737082	-0.111281837832032	-0.0676944689690089	-0.0500804745614829
GSE79176_1	-0.00122549019607843	-0.00607283294814465	NA	NA
GSE79176_2	0.000368234914183543	-0.0202343063318197	NA	NA
GSE79176_3	0.000843170320404722	-0.0160760935851742	NA	NA
GSE85785_1	0.0104597530037328	0.0176435074029589	0.000473687533562067	0.0132912823891085
GSE23492_1	0.00934758901446642	0.029640003663011	NA	NA
GSE23492_2	-0.00353391255104585	0.0126691139000946	NA	NA
GSE23492_3	-0.00688305508921659	-0.0107076345294687	NA	NA
GSE23492_4	8.31349268112409e-05	0.0259084925384417	NA	NA
GSE23492_5	0.00403966502643828	0.0219977150681535	NA	NA
GSE44991_1	0.0110895244111175	0.0339791270132744	0.026792279537866	0.0089959411455897
GSE44991_2	-0.00271977395001993	-0.0349030742491859	NA	0.00585940841805179
GSE39796_1	-0.00564048432379274	-0.0162385274670228	NA	NA
GSE39796_2	-0.0168065172901768	-0.0422444862498942	NA	NA
GSE39796_3	0.00628561665293658	0.0263396073506719	NA	NA
GSE18394_1	-0.010542155563159	-0.068621792940249	-0.0103192048528336	0
GSE18394_2	0.0160921480030561	0.0484224686133209	0.0185039761974964	0
GSE18394_3	-0.0252292305096159	-0.107968853997961	-0.0262560200495014	0
GSE29233_1	0.0247403095027072	0.0604328147290792	NA	NA
E-MEXP-2291_1	0.0119136719434768	0.0490855247896522	NA	NA
E-MEXP-2291_2	0.00996061121018789	-0.00207817032761544	NA	NA
E-MEXP-2291_3	-0.00484136487138516	0.0471017281574169	NA	NA
GSE107363_1	0.00291330882273493	-0.00692018086137262	NA	NA
GSE85761_1	-0.0248527608810633	-0.136942257824795	NA	NA
GSE89179_1	-0.033054664807162	-0.141091137606522	NA	NA
GSE89179_2	0.0131116187232008	0.0571621974783408	NA	NA
GSE89179_3	-0.0128165020047028	-0.0461902818518697	NA	NA
GSE89179_4	-0.00772150537855475	-0.0223378610876358	NA	NA
GSE89179_5	0.00757172666983685	0.0325415917126173	NA	NA
GSE89179_6	0.00300151116329162	0.00070364743241034	NA	NA
GSE89179_7	0.0112606172261336	0.0216841420696728	NA	NA
E-GEOD-57723_1	0.0242608402939682	0.0567873399518157	NA	NA
E-GEOD-57723_2	0.0161046986950305	0.0306255915060564	NA	NA
E-GEOD-57723_3	0.0165214423938399	0.0292717245098956	NA	NA
E-GEOD-83930_1	0.00103504379172737	0.00363535406402357	NA	NA
GSE100268_1	0.0163838415126427	0.0560132708790876	NA	NA
E-GEOD-55769_1	0.00583384966716278	0.00140153944041653	0.0073475938601774	-0.0130334228678829
E-GEOD-55769_2	0.00158936075064561	0.0156784395339379	0.00198130461288356	0.00348766449585015
E-GEOD-55769_3	0.00436304148732097	-0.00932087614529379	0.00447589707179401	-0.000521983994006951
E-GEOD-69110_1	-0.00231310616529226	-0.0699649479617138	-0.00514981356327164	-0.00476815828928505
E-MTAB-4304_1	0.0473055434512744	0.121334855543891	0.0511150123289247	-0.000993722434180264
E-MTAB-4879_1	-0.00544848828618999	0.01292982095827	0.000661555437805682	0.00518747928668525
E-MTAB-4879_2	-0.0079765377596592	-0.0335921928284597	-0.0105107158478791	0.00904822944067399
E-MTAB-4879_3	0.00246657403815925	0.0273720328477201	-0.000900900900900901	-0.0130621722801622
E-MTAB-4879_4	-0.00791972562965527	-0.0392354805858592	-0.00174825174825175	-0.0132293069687635
Cytokine_Explant_1	0.0268475174663528	0.0846725547441644	0.0347175170175064	0.0214268803303275
Cytokine_Explant_2	0.0293835918937289	0.112518177002995	0.0391597931979423	0.0523290355128358
Cytokine_Explant_3	0.0192082041083409	0.080327460590252	0.0234807868187722	0.0192213788075756
Cytokine_Explant_4	0.0245581611650557	0.061683272004113	0.0254204617754947	0.0388049590439245
Cytokine_Explant_5	0.0199533143498254	0.0619869349838858	0.0288434087132329	0.037545293013471
FN1_Explant_1	0.0272527527729471	0.112832625280118	0.0250745137642242	0.0229164745533413
E-MTAB-6266_1	0.00610273357321235	-0.00847127745340568	0.00225396792579934	-0.00847093488328204
E-MTAB-6266_B_1	-0.00776424151366719	-0.0226449164199024	-0.0114767665377802	-0.00958129265556122
E-MTAB-6266_B_2	0.0128565209038156	0.0114807624704965	0.0148632398881237	-0.00531489946913426
E-MTAB-6266_B_3	0.0180795030143919	0.0394376738029859	0.0229186351450913	0.00953422445723249
GSE70667_1	0	0.0290878321306095	0	0.00554093024040064
GSE87608_1	0.00893959337351259	-0.0394684900651252	NA	0.004790912596627
GSE87608_2	0.0322172754745603	0.0781419583917063	0.00224069512862616	0.01499922472528
GSE87608_3	-0.0159465306446409	-0.0171399612881391	-0.0103380386797615	-0.00379737032277796
GSE87608_4	-0.0454034493914886	-0.123353563419245	-0.0220168317060644	-0.0181520428868838
GSE90890_1	0.00982885808305757	0.0896382862498488	0.0181708315465284	0.0259222900116139
GSE97118_1	0.0123707983757184	-0.00175297309024202	NA	NA
GSE97118_2	0.0449160126193313	0.090785726296873	NA	NA
GSE97118_3	0.0376009094609149	0.030066599369049	NA	NA
GSE97118_4	0.033842991245501	0.0584442626125591	NA	NA
GSE97118_5	-0.003802806622014	-0.00558086453821379	NA	NA
GSE97118_6	-0.0132157829220077	-0.0270860936185596	NA	NA
GSE97118_7	-0.0158168983641403	-0.0867838095774823	NA	NA
GSE107592_1	-0.0128972727439473	-0.0778199661492009	-0.0389451228228848	-0.0460946232645499
GSE92641_1	0.0240937064678192	0.0191178771392591	0.0257488698136073	0.0103089769585321
GSE107849_1	0	-0.00779038435460616	NA	NA
E-ERAD-89_1	-0.000810533635533696	0.00473763384494241	NA	NA
E-ERAD-89_2	-0.000348282798182225	-0.00849464036449853	NA	NA
E-ERAD-89_3	0.00420653907496013	-0.00363888224760964	NA	NA
E-ERAD-89_4	0	-0.0280499711956551	NA	NA
E-GEOD-45893_1	0	-0.0433598563806868	NA	NA
E-GEOD-53105_1	0.01145395384627	0.0298905737035381	-0.000943843923846305	0.0237866956960867
E-GEOD-53105_2	0.0355668221842888	0.0744356802477458	0.0225160314144979	-0.0301305527548734
E-GEOD-54461_1	0.0116261843418872	0.0371005854996337	0.00712404776740713	0.000550364035255514
E-GEOD-54461_2	0.0169317993912111	0.0551588194307123	0.0132606463134182	0.00371206336520848
E-GEOD-54461_3	0.0329630446834396	0.0973892941977587	0.0391678692646846	0.0302317095420544
E-GEOD-54461_4	0.0337135916281265	0.110561588992204	0.0425070606788971	0.0363106020039051
E-GEOD-54461_5	0.0412593669737461	0.144034961008868	0.0431073187724534	0.0282368610093409
E-GEOD-54461_6	0.0415331865626872	0.162625602308128	0.0449032260365563	0.0282685061242764
E-GEOD-54461_7	0.034994771858694	0.156377134176876	0.0378561337814793	0.0282648791101257
E-GEOD-54461_8	0.034606081257417	0.155629316358436	0.0361632472866998	0.0143133546482034
E-GEOD-73372_1	-0.0195953998431625	-0.114320301255505	NA	NA
E-GEOD-73372_2	0.0304673073997652	0.0237214630218233	NA	NA
E-GEOD-73372_3	0.0460423551481561	0.167153327471785	NA	NA
E-GEOD-75549_1	0.0472601856298169	0.142414402030322	NA	NA
E-GEOD-76988_1	0.00256902538245498	0.0195907761410949	NA	NA
E-MTAB-2923_1	-0.0177811456303898	-0.0759025205975836	NA	NA
E-MTAB-2923_2	0.00448831457897007	0.00270858960651535	NA	NA
E-MTAB-2923_3	-0.034508982073991	-0.115235909560534	NA	NA
E-MTAB-2923_4	-0.0159298444225269	-0.0947304749929394	NA	NA
E-MTAB-3428_1	0.0115735446464692	0.0238692029549219	NA	NA
E-MTAB-3428_2	0.0192959096051592	0.0532852386994985	NA	NA
E-MTAB-3428_3	0.0318365075887522	0.0937964164587983	NA	NA
E-MTAB-3428_4	0.0154176641337093	0.033081149092556	NA	NA
GSE102856_1	0.0123487718928287	0.0211004360333356	NA	NA
GSE103492_1	0.0241754360585082	0.0953050413036048	0.0233689814381794	-0.00474347469117697
GSE103492_2	0.0155280545059165	0.0319760803933113	0.0213125215889552	0.0107354164484739
GSE103492_3	0.0436691456680698	0.124930872291944	0.0501035610606168	0.0106242143878928
GSE103492_4	0.0258475688216653	0.118514938125408	0.0250079111127033	0.00387245404251949
GSE103492_5	-0.000198829027995416	-0.0678640477091532	-0.00501254596973035	-0.0105389524440435
GSE103492_6	0.0176044353642043	0.0125899449003766	0.0142240087117541	-0.00451316342100086
GSE103492_7	0.0249084961340733	0.090222146453681	0.00834786182648867	0.00423379870020186
GSE103492_8	-0.00858984367796128	-0.0915870878765414	0.00479975590033007	-0.0245467514963479
GSE103492_9	-0.00461194645070511	-0.0438768309485963	0.000698158374248626	-0.0208658301308733
GSE103492_10	0.0101658327640032	0.0655743848110117	0.00040851440133416	0.00874192683711573
GSE106259_1	-0.00973901087278203	-0.0233550746405866	-0.00590407686202719	0.00126383645293731
GSE110303_1	0.00137335375401826	0.108073076140067	NA	NA
GSE110303_2	-0.00253299937440114	-0.0719898951782567	NA	NA
GSE110303_3	-0.011318278122071	0.0220910508517843	NA	NA
GSE110300_1	2.40706226416606e-05	-0.03772149085593	NA	NA
GSE110300_2	-0.00340329143304576	-0.139070268126551	NA	NA
GSE110300_3	-0.0287306777503035	-0.109389076848142	NA	NA
GSE110281_1	-0.00195195174370897	0.0132199413839463	NA	NA
GSE110281_2	-0.00767898184350912	-0.00302169093529544	NA	NA
GSE110281_3	0.00118903410121205	-0.0182366990229952	NA	NA
GSE104459_1	0.015489287885216	0.0514493615291846	-0.000586435701221262	0.000674684060366072
GSE104459_2	0.00318779444206786	0.0639608239271337	0.000854939902481384	-0.000833623128211567
GSE104459_3	-0.00177293521501688	-0.00845146497136971	-0.000488208671584849	0.0144297802071608
GSE110051_1	0.0109201023494455	0.0146422612147824	0.00614589519315054	0.0284665770549983
GSE110051_2	0.0264942060385758	0.107040161183538	0.0344281129581893	0.0143577305053159
GSE110051_3	0.020116727689064	0.082221709532317	0.0253949411658939	0.0150716113951408
GSE112694_1	0.00349759576822748	0.0342360369037682	0.000226442659266583	-0.00727515085227011
GSE112694_2	0.00606440657327322	0.0334166156283831	0.00432507500950368	-0.0046485041299365
GSE112694_3	-0.0202158570445047	-0.0808682899730039	-0.024854343753307	-0.00604775815714373
GSE112694_4	-0.00958898696592819	-0.0523902425563422	-0.00745489966957744	-0.000177306365371575
E-MTAB-5879_1	0.0253223261953259	0.0612234275373797	0.0378542767210137	0.0159963025626135
E-MTAB-5879_2	0.0393039106105014	0.12138147881997	0.044564652868006	0.0171148545142681
E-MTAB-5879_3	0.0330820930896072	0.0852665171496211	0.0539488403126467	0.0229707167195928
E-MTAB-5879_4	0.0449342352450767	0.105534588696923	0.0508267830290888	0.0284423068948784
E-MTAB-5879_5	0.0238867163018371	0.0387702495279181	0.0325672997041739	-0.00532950519634131
E-MTAB-5879_6	0.0380190746558896	0.107249539233158	0.0494275059705029	0.00491979810281182
E-MTAB-5879_7	0.00433649935395096	0.0057029973100776	-0.00337771472225254	0.0232404723460668
E-MTAB-5879_8	0.000944370272662087	-0.0200335867037971	0	0.00515545980161775
E-MTAB-5879_9	0.00489836909588564	-0.0356408044546736	0.00204918032786885	-0.0108788212941547
E-MTAB-5879_10	0.0187271607783587	0.0326342895689151	0.00203584332167231	0.00897134265320773
E-MTAB-4294_1	0.0748358338150834	0.198264797566332	0.0903269218119204	0.0642206792275112
E-MTAB-4294_2	0.0566205716315906	0.160851162341819	0.0616254899802302	0.0377364334084969
E-MTAB-4294_3	-0.0127144635721795	-0.00888414085569824	-0.00889947715382064	0.00739177892166747
E-MTAB-3186_1	0.0495187619952365	0.198783261675334	0.0569404456392432	0.0192550051882447
E-MTAB-3186_2	0.0552602253714346	0.16079228919185	0.0732329744214979	0.0428779749524984
E-MTAB-3186_3	0.0538161207826327	0.14448330990993	0.0708695752448469	0.0585280967477328
E-MTAB-3186_4	0.0581776073415152	0.171794016517086	0.0765828614684822	0.0441400375601953
