comparisonID	jaccard	cosine	sigjaccard	chrDir
22659600_1	0.0292339317776932	0.160119354672698	0.0605785312481591	0.052902069488851
24361742_1	0.00907489022053434	0.0159974121606628	0.0104677598190671	-0.00782813642405071
GSE72258_1	-0.000216825672159584	0.00520706666565282	0	-0.00844951074555388
GSE72258_2	0.000237569908309211	0.012545998503697	0.00807416267942584	0.00927282832403386
GSE69531_1	0.0480321070022577	0.150551617602398	NA	NA
GSE69531_2	0.0743029868987698	0.207940326196582	NA	NA
GSE69531_3	0.0356379935802533	0.094500926653563	NA	NA
GSE69531_4	0.0480321070022577	0.150551617602398	NA	NA
GSE58203_1	-0.0124090056461546	-0.0731060372400968	-0.0167099960123772	-0.017012160399322
GSE58203_2	-0.0171713998604323	-0.0556891109235094	-0.0227737320444441	-0.0248691973560597
GSE58203_3	-0.00666275260658279	-0.0229227178028683	-0.00865437896753857	0.00402509642271784
GSE58203_4	0.000185930931413034	0.00120437652291276	0.00116455676660292	-0.00742054928800785
GSE58203_5	-0.00552062091454506	-0.0369692589138918	-0.00687743555166054	-0.0058594013761587
GSE58203_6	-0.0103441850113652	-0.0118270647660168	-0.00949759369738761	0.00893188304115632
GSE58203_7	0.00655336096424592	0.0256603891708945	0.0109531155163175	0.0227760771240281
GSE58203_8	0.0106290404165684	0.0498421705418882	0.0148280432478587	0.00676623297515242
GSE59642_1	-0.0118644808605985	-0.0268514260735665	NA	NA
GSE59642_2	0.0234154975896259	0.0546271139337152	NA	NA
GSE59642_3	0.0392663353244011	0.0957690772456216	NA	NA
GSE64922_1	-0.023748442647218	-0.0538431244681678	-0.0340908862725811	-0.0146469851112537
GSE60162_1	-0.00184010671752408	-0.0210548367488311	NA	NA
GSE31685_1	-0.0195077774886562	-0.0745684032728103	-0.0326569319667466	-0.0153662164202533
E-MEXP-3890_1	-0.018460075589274	-0.0404910151599847	-0.0254251222371676	0.00122070825180356
GSE31980_1	-0.0620521915141695	-0.137924919421344	-0.0825211326676653	-0.0289491211714176
GSE15615_1	-0.0238542795599136	-0.0430563225425542	-0.028055304924808	0
GSE15083_1	-0.00110633258816594	0.00166140191492184	NA	0.000360404151764969
GSE108035_1	-0.0390492373344757	-0.0835468971503147	-0.0505727529469248	-0.0415485076487543
GSE108035_2	-0.00143419070547848	-0.00967463534744808	-0.00215104749316343	-0.0220451274575642
GSE108035_3	-0.000700137722258243	-0.00401466651505143	-0.000430395731969534	-0.0196347357404565
GSE21959_1	-0.0288391463318123	-0.118919111365562	-0.0439846053374588	-0.000381008989682859
GSE21959_2	-0.0209954592123819	-0.100189707784667	-0.0328437845491714	-0.00587091392679721
GSE24742_1	-0.00586758418474005	-0.0166310894315676	NA	-0.0199255405626863
GSE24742_2	-0.000675151331948934	0.0128980017169304	NA	0.00781533109329444
GSE24742_3	-0.000361359794523885	-0.0183667106431447	NA	0.00272930876112337
GSE74668_1	-0.0057611623597367	-0.033928408664856	NA	NA
E-GEOD-10024_1	-0.00584029019577482	-0.0265854335895885	NA	NA
E-GEOD-10024_2	-0.0118041323315883	-0.042825483806446	NA	NA
E-GEOD-12860_1	-0.0095007483093502	-0.0334561877997687	NA	NA
E-GEOD-12860_2	0.0105972797849973	0.0304768343893432	NA	NA
E-GEOD-12860_3	0.0043012701278843	0.0154124952229954	NA	NA
E-GEOD-12860_4	0.0140853411615164	0.0581452359164753	NA	NA
E-GEOD-12860_5	0.00977920627072401	0.0188562514701658	NA	NA
E-GEOD-12860_6	0.0094140084221194	0.028045700766814	NA	NA
E-GEOD-12860_7	0.016157243486701	0.0549881223492118	NA	NA
E-GEOD-12860_8	0.00858963042055719	0.0385809110462042	NA	NA
E-GEOD-14359_1	0.0500858589250945	0.141892513732527	0.0801206730106226	0.0301910011011334
E-GEOD-14359_2	-0.0184682211821267	-0.0731252608444456	-0.0327653959080575	-0.026100461578221
E-GEOD-1919_1	-0.00174475958351977	-0.0178893681573178	NA	NA
E-GEOD-1919_2	-0.00753611756370833	-0.0194876030697639	NA	NA
E-GEOD-1919_3	-0.00506181904794245	-0.0134021101755883	NA	NA
E-GEOD-1919_4	0.00485021293185632	0.0241094391004495	NA	NA
E-GEOD-1919_5	0.00010219309679408	0.00764633310305374	NA	NA
E-GEOD-1919_6	0.00641792788649004	0.0437606926528833	NA	NA
E-GEOD-1919_7	0.00705795501555572	0.0540026283380265	NA	NA
E-GEOD-1919_8	0.0106061969532265	0.0549669671435838	NA	NA
E-GEOD-1919_9	-0.0014048302723034	-0.0191378943263662	NA	NA
E-GEOD-19664_1	-0.0969420014016716	-0.221743947319223	NA	NA
E-GEOD-19664_2	0.0875884833207317	0.230476885769287	NA	NA
E-GEOD-19664_3	0.0283168615629677	0.0609852288477003	NA	NA
E-GEOD-19664_4	-0.079200152470435	-0.195218147818088	NA	NA
E-GEOD-19664_5	0.0587170549228061	0.171084513760837	NA	NA
E-GEOD-19664_6	0.0472428562022288	0.114120307224437	NA	NA
E-GEOD-43923_1	0.00108917354572869	0.0199228281650281	0.00304422885204362	0.0111020015688458
E-GEOD-51812_1	0.0335143161196316	0.0838774404455613	0.0379295396656868	0.0175477887247724
E-GEOD-51812_2	0.0319526286315645	0.082696103984713	0.0360138571778062	0.0308559850304385
E-GEOD-68760_1	-0.016286233136366	-0.0584321127725052	-0.0174960946954043	-0.00995819986823872
E-GEOD-82107_1	-0.00143787255338919	0.00147500367605949	-0.00120130008751617	-0.000103261038108354
E-GEOD-9451_1	0.0504852314374531	0.133911516895376	0.0597712068103535	0.0562330257174292
E-GEOD-9451_2	0.036203184472764	0.100732768100605	0.0542977742890565	0.0268864091022756
E-GEOD-9451_3	-0.00726028675701851	-0.0167666808213174	-0.00386622579728389	-0.00702368820988675
E-GEOD-9451_4	0.00602656448206821	0.00417625414098519	0.000873813736966704	-0.0112017468105431
E-MEXP-2019_1	-0.0296569820113292	-0.0822752455133548	0	-0.0172040829774569
E-MEXP-2019_2	-0.0060091477960212	-0.0243827826584568	-0.00436675437151307	0.0110912308781827
E-MEXP-2019_3	-0.0255605907839019	-0.0796298052848646	NA	-0.00326315631343559
E-MEXP-2019_4	-0.00876012155713759	-0.0528578808391241	-0.00294212863171422	-0.00787877294560589
E-MEXP-2276_1	-0.00299019521617107	-0.0110935304113745	NA	-0.0162176458937173
E-MEXP-2488_1	0.0383958006488024	0.101088148924839	0.0509005870975738	0.050978111343442
E-MEXP-3129_1	-0.00463070269012614	-0.0248262348580264	-0.0105341003085001	-0.0206528309650225
E-MEXP-3474_1	0.0429859592211377	0.111596244710059	NA	0.0270848224866821
E-MTAB-3010_1	0.0345675009058148	0.0745928263145122	NA	NA
E-MTAB-3010_2	0.0208139829983179	0.0431360395408235	NA	NA
E-MTAB-3010_3	-0.00325886231565364	-0.0299120312807124	NA	NA
E-MTAB-3010_4	-0.0325900238463027	-0.0919486140448463	NA	NA
E-MTAB-4152_1	0.00324643034322318	0.00684237238498869	0.00578631642734844	0.00211531257937098
E-MTAB-4152_2	-0.00269190490975994	-0.0188947426637674	-0.00357214867905108	0.00212744586557497
E-MTAB-4152_3	-0.00555832636884108	-0.00655687713174961	-0.00900003901771455	0.00980277137394688
GSE100609_1	0.00698045675685484	0.0353687276549248	NA	0.00490353226980646
GSE100786_1	0.000512886725799461	-0.00601865881025376	0	0.00202965797729013
GSE100786_2	-0.00103577493112538	-0.00393098312140657	NA	-0.0156393173386005
GSE103697_1	0	-0.0048700987019159	NA	NA
GSE103697_2	0	-0.00312540516862674	NA	NA
GSE103697_3	0	-0.0091259115988821	NA	NA
GSE104113_1	0.0044193620448464	0.013362930779945	NA	NA
GSE104113_2	0.00100335717215984	0.00674872066627714	NA	NA
GSE104113_3	0.0044193620448464	0.013362930779945	NA	NA
GSE10575_1	-0.0126574284890327	-0.0396176080446915	-0.000273622619679451	0.00690019567483254
GSE10575_2	0.0155775581703108	0.0239951467276278	0.0188989270900174	0.0102904115249393
GSE10575_3	0.0179940674791085	0.029120642714513	0.0234240615699035	-0.014207857054281
GSE13604_1	0.00757180232306464	0.0445045277072038	0.0136731741179305	0.00349446909148852
GSE13837_1	4.71694184432498e-05	0.00205438114811578	4.64521750830533e-05	0.00887324393370667
GSE13837_2	0.00375171857808872	0.00955260949948474	0.00279359687389088	0.0240869297706387
GSE13837_3	0.010551426368944	0.0107250084818695	0.0159272247475974	0.0282923972089108
GSE13837_4	0.0142381512051969	0.0364020677861582	0.0225158295892935	0.0121091887081515
GSE13837_5	-0.000383960611475129	0.0290812148915577	-0.000752227400867535	0.00705491166393618
GSE13837_6	0.00160605346006696	0.00678665074193418	-0.00174277247069701	0.0277699600316482
GSE13837_7	0.00595061601052502	0.0121756677595485	0.00648893912834164	0.0274088722525351
GSE13837_8	0.00697581666093723	0.0265089325174437	0.00653191152671002	0.0207344344891215
GSE13837_9	0.000910736009736915	0.00974514339553732	0.00365522852624094	-0.00505053126654483
GSE13837_10	0.00566691710621598	0.0202280628303615	0.00586848912136208	2.14440272077159e-05
GSE13837_11	0.00896518493073133	0.0181051086107084	0.00824055738718149	-0.00167496185744092
GSE13837_12	0.0113638939766812	0.0262522492251471	0.007719610036368	0.0064388041580927
GSE13837_13	-0.00972382125402401	-0.0663745350219403	-0.0109304640617107	-0.0269089937628023
GSE13837_14	-0.0134172251455777	-0.0576124803279546	-0.0218039392963549	-0.00955780716699168
GSE13837_15	-0.0125234149443333	-0.0492262030216258	-0.0197707316258557	0.0119058996991098
GSE13837_16	0.00632708005642053	0.0250420340591095	0.00855936880917822	0.0130892553239902
GSE13837_17	-0.00734446419317685	-0.0497111832073302	-0.00982242551895651	-0.0238203457365526
GSE13837_18	-0.0159498064125896	-0.0709152950809126	-0.0213762902651025	-0.00247829927529692
GSE13837_19	-0.0126558102756651	-0.059859650113637	-0.0211289056471296	0.00684325334310795
GSE13837_20	0.00340255248116697	0.00623608739304154	0.00313063738563008	0.0133593757675881
GSE13837_21	0.00450932890121789	0.0122917934371556	0.00872111748368497	-0.007986265210819
GSE13837_22	0.00623412137052183	0.0328335352092838	0.0075440441009084	-0.00237765897106556
GSE13837_23	0.0103747996308281	0.0351460742452585	0.0128347291991977	0.00436628175511706
GSE13837_24	0.012539670681785	0.0472341170821173	0.018961572749838	0.0109494536523731
GSE16464_1	0.0389796986579221	0.118446501648571	NA	NA
GSE16464_2	-0.0384990379741172	-0.0869878225675488	NA	NA
GSE19060_1	0.00239296406526964	0.00782132122007653	0	0.0167382890836963
GSE27372_1	-0.00302233460434716	-0.014631530082045	-0.00812617865864372	-0.0204591426077907
GSE27390_1	-0.00608184581851337	-0.0417322382392876	-0.0132396278906277	-0.0137038529566276
GSE29106_1	0.0236865091428647	0.0549631671919128	NA	NA
GSE29107_1	0.00913914424427778	0.0239871734041	NA	NA
GSE29107_2	-0.0297935140715431	-0.0636293725524439	NA	NA
GSE29745_1	0.0188290036987977	0.0363934526807168	NA	NA
GSE29745_2	-0.00926616749126551	-0.0163451453939536	NA	NA
GSE29745_3	0.0201811367132112	0.049994772535031	NA	NA
GSE35546_1	-0.014276789943038	-0.0944984278668551	NA	NA
GSE35546_2	-0.0178455189903191	-0.0827961619437769	NA	NA
GSE35546_3	-0.0202438712330995	-0.0989286098022139	NA	NA
GSE35546_4	-0.0436489968720982	-0.161361050684899	NA	NA
GSE35546_5	-0.041770155262038	-0.164700517627298	NA	NA
GSE35546_6	-0.0424376576845364	-0.167850935006132	NA	NA
GSE35955_1	0.0068899187308328	0.0155279039377015	0.0144723921183153	-0.000805706622477496
GSE35956_1	-0.0181093628488261	-0.0356614366197726	-0.0188341011081145	-0.0045945637533634
GSE35957_1	-0.0132260700805577	-0.0302013226658625	-0.0148862569625957	0.000444534845575554
GSE35958_1	-0.015154633152826	-0.021151388240735	-0.0165446568092041	-0.00564704762270651
GSE39340_1	-0.00531540828127724	-0.046875352810657	-0.00335834750667729	-0.0419825908281424
GSE39340_2	-0.00599459097963746	-0.0124114642765066	-0.000940054332866598	-0.0257630495700157
GSE39340_3	-0.00210865577078407	-0.033535444717452	-0.000478468899521531	-0.0289069345432949
GSE39795_1	-0.00453802082703557	-0.0510105585204675	NA	-0.00641617776295295
GSE39795_2	-0.00995703197390922	-0.0711981962466829	-0.00980066557345638	-0.0172128447833634
GSE39795_3	-0.00584539857333548	-0.0484115450579208	-0.0010296732512919	-0.0161942524954757
GSE41038_1	-0.00801784107021139	-0.0258728126417743	NA	-0.00463790685142004
GSE41038_2	0.00253792496498074	0.0175848186427082	NA	-0.00175168307095258
GSE41038_3	-0.00120937811912143	0.019170690870768	NA	0.0020676172942326
GSE41992_1	0.0236548840252492	0.0464926031643611	NA	NA
GSE42235_1	-0.0109007997738767	-0.0508718903855504	-0.0269617208393003	-0.0141822761823654
GSE42235_2	-0.0131695048310529	-0.047734358058766	-0.0299696164374139	-0.0197617971115981
GSE42235_3	-0.0154082814853105	-0.0505170242257891	-0.0283306713875998	-0.0257077745329061
GSE42235_4	-0.0106773306304397	-0.0419692630949647	-0.0255020850764206	-0.0103583385115935
GSE45233_1	0.00655585825713438	0.0164598787102212	NA	-0.0072103157874132
GSE45233_2	-0.0098668260710617	-0.0558050397378084	0.0003725782414307	-0.0097574162721384
GSE45233_3	0.00013209886559314	0.00459350367956898	NA	0.00103331951736207
GSE45233_4	0.0172735794461155	0.0660380997189467	-0.00105984028985724	0.00456454282109763
GSE46053_1	-0.00604550956628918	-0.0109084982102582	-0.0119084174069592	-0.0130975721106912
GSE46053_2	-0.00700469488518665	-0.0240356953374071	-0.0118867984923137	-0.0105308553861306
GSE46750_1	-0.00788491734144844	-0.0535704794224771	-0.000751957649571433	-0.00431143350600157
GSE51588_1	0.0118382207521117	0.0480228354104394	0.0194146677988069	0.00513383775360697
GSE51588_2	-0.00301853926559931	-0.00229289844938804	-0.00567674647355996	0.0118002880026474
GSE51588_3	0.0273885101198248	0.0792257862891641	0.0404423856063291	-0.00703159594517241
GSE52817_1	0.00606532081126042	0.0277476148559622	NA	NA
GSE52817_2	-0.00924382006162917	-0.0133007822023823	NA	NA
GSE52817_3	0.000779045255898052	0.0202292239385386	NA	NA
GSE52817_4	0.0119329500441249	0.0284003848267032	NA	NA
GSE55235_1	0.000110716746446976	0.00626907309765352	-0.00145891948089765	0.00698119271768492
GSE55235_2	0.0180620650691668	0.0649418934522139	0.0375976057738335	0.0524622643974314
GSE55235_3	0.0172490651439423	0.0698067935041432	0.036437921664233	0.0561680242254232
GSE55457_1	-0.00445355620861706	-0.0162778448485758	-0.00883520227136821	-0.0285712967701448
GSE55457_2	-0.00145527178149003	0.00803601061182217	-0.000993137409833587	0.0184019056001815
GSE55584_1	-0.00420385921358543	-0.0225856926660435	-0.00276214676930891	-0.027046925749045
GSE57218_1	0.00157725198401355	0.0280390637359521	0.00284994803429386	0.0186344119171182
GSE60762_1	-0.0195605028704247	-0.080424199719437	NA	-0.0137884948275389
GSE62914_1	-0.0141353868705175	-0.0627038941458528	NA	-0.00316763487740252
GSE62914_2	-0.0369241759518293	-0.0797080387927015	NA	-0.019392890635814
GSE62914_3	-0.0344482895859465	-0.0997616163344269	-9.41733191235514e-05	-0.0134600229152895
GSE62914_4	0.0392476742548793	0.101240764107311	0.000367376928728876	0.025676265350724
GSE64394_1	0.00753031211329978	-0.00987154809258729	NA	0.00151648600957222
GSE66635_1	0.000431523371591894	-0.00703624513729473	NA	0.00422004972156529
GSE68038_1	0.00405463640976697	0.00340301259920042	0.00419408307210225	-0.0103182754848645
GSE68428_1	-0.011320123541521	-0.0461276396982502	-0.0175822718175321	-0.0123501986385681
GSE68428_2	-0.0189983287047461	-0.0654771898510218	-0.0282693968048796	-0.0135828906133957
GSE68428_3	-0.0013871139004502	-0.0199416428338101	-0.00588091423817784	-0.0127323360700539
GSE69459_1	0.0149724045562602	0.0717924499189953	NA	NA
GSE69459_2	0.0182370942673471	0.0693689973229601	NA	NA
GSE69459_3	0.0143004087773491	0.0462645080009766	NA	NA
GSE69459_4	0.0244093131954592	0.0804416038618459	NA	NA
GSE69992_1	-0.0106205630283212	-0.0148765072102625	-0.0141071668572424	-0.000143175203304417
GSE70719_1	0.00016950795668929	-0.00153306991650917	0.000113085238349389	-0.00167064615683841
GSE7116_1	0.00913580897173451	0.0534144890119503	0.0134332076747284	0.0117379515206657
GSE7116_2	-0.00368754951993623	0.00321326993089853	-0.00247991474012133	-0.0213868746437025
GSE7116_3	-0.011774936127088	-0.0505010841525354	-0.00858994356057588	-0.0227444812783292
GSE72575_1	-0.0060063660545256	-0.0519125996480636	-0.0122982493915078	-0.0337138583365441
GSE72575_2	-0.00427599976406892	-0.0312314715557311	-0.0112031767715459	-0.0169992866700347
GSE72575_3	-0.00706303489127692	-0.0449830589879534	-0.0110062132583944	-0.0289338037141998
GSE72575_4	-0.000617217438559342	-0.0121633290545688	9.51116021261674e-05	-0.00312891295725572
GSE75181_1	-0.0284608231894983	-0.116603054756046	-0.0501794069805034	-0.054058528097682
GSE75181_2	-0.0187182385664452	-0.0668158473550792	-0.0318665645538015	-0.0470465454100939
GSE75181_3	-0.0303633058992847	-0.117081095718621	-0.0500246223803959	-0.0607229919528489
GSE75230_1	0.00766799862588405	0.0547137081158256	0.0119412214291732	0.00710498502033897
GSE7669_1	0.00106184371950227	0.0151206527689022	0.00545016652938101	0.0402852287899017
GSE77916_1	-0.000639146287378382	0.0143459916906447	-0.00045045045045045	0.0110487931385745
GSE80614_1	-0.000948999625641731	-0.00840272677164283	-0.00324895790300926	-0.0182429086718348
GSE80614_2	-0.00155965666120356	-0.000880672197544429	-0.00552595768083282	-0.00883681543764282
GSE80614_3	-0.000585189894266187	0.0133216888534092	-0.00161082175119999	-0.000298582535466888
GSE80614_4	0.00132346413658493	0.020414464417877	0.0011444389830886	0.00556587792524097
GSE80614_5	0.00446170462417156	0.0217810975119099	0.0100643507403302	0.0079914129676458
GSE80614_6	0.00588041121103736	0.0112371033612197	0.0135895614939797	0.00801001099643844
GSE80614_7	0.002714094497148	0.00172648564067301	0.00624186161573881	0.00161308927420951
GSE80614_8	0.00926621895584994	0.0194958643334068	0.0127932877123093	0.012031938557949
GSE80614_9	-0.00163322169555543	-0.0196855936822844	-0.00493891938908825	-0.0158114534013815
GSE80614_10	-0.00155596782576526	-0.0157997791609643	-0.00354437893933307	0.00918092505259663
GSE80614_11	-0.00127619058767981	-0.0180885886497096	NA	-0.0112388827959146
GSE80614_12	-0.000482894155917051	0.0194550690600065	0.00165306281061184	0.0219589242885806
GSE80614_13	0.0018705919399778	0.0275425756113854	0.0101982750740385	0.0158989983377485
GSE80614_14	0.00237888012132792	0.0168231219987315	0.00855999743850576	0.0117711620272896
GSE80614_15	0.00252133270961897	0.000470896843318688	0.00779710088897578	0.0136938140175301
GSE80614_16	0.00140256001495793	-0.000445973815251825	0.00543569379823067	0.0153240586596967
GSE85254_1	-0.00550596798403489	-0.0121935192803087	-0.0104427489594648	-0.0264580832076775
GSE86578_1	-0.00937689872849728	-0.0742168552154844	-0.0217662380763357	-0.0435074036033334
GSE86578_2	-0.00800636591939846	-0.0593809047540369	-0.018196057563608	-0.0397287283191608
GSE86578_3	-0.00931492211129722	-0.0274318791026867	-0.0219079112628588	-0.043372383619625
GSE9329_1	0.0097166144398751	0.0398629210652265	NA	NA
GSE93698_1	0.0122810576672685	0.0272079606939103	0.0171342559807196	0.0136738728183035
GSE93698_2	0.00900193152187649	0.015685767535973	0.00636175668510506	0.00391573006996991
GSE93698_3	0.0068553986671388	0.0289762523936805	0.00803991147380418	0.0226971806514991
GSE93698_4	0.00758581906383947	0.0264615810758389	0.00828812962087891	0.0113904531465268
GSE93698_5	0.00771264068751392	0.0324776987260125	0.00834721050059189	0.0247756645148722
GSE93698_6	-0.00469037852475792	-0.0375004268356474	-0.000285492573430191	-0.0064563996839077
GSE93698_7	-9.14664241211741e-05	-0.0012906161871591	0.00432424044857852	0.00314263097957817
GSE93698_8	-0.0022667558868544	-0.0110425729915437	0.00100760667219111	0.00164627110699412
GSE93698_9	0.00668822635682454	0.0145771570627615	0.00941315187673615	0.0106471200820865
GSE93698_10	0.00903290029116846	0.025744236904887	0.0113258774709102	0.016481823395149
GSE93698_11	0.00540949280642639	0.0255353213083321	0.00359678324946036	0.019102465665812
GSE93698_12	0.00829458672417873	0.0372459513446483	0.0162209188472826	0.0244322826557047
GSE93698_13	0.000490701262076048	-0.00651437679283764	-0.0040262570899083	0.0201412425247307
GSE93698_14	0.00530540086509088	0.0203563399941361	0.00328380051967664	0.00709260454063542
GSE93698_15	0.00383616773658216	0.0201542869552236	0.011518890796771	0.00223612141254302
GSE93720_1	-0.00213545658629402	-0.0096716741764749	NA	NA
GSE93720_2	-0.002213506726258	-0.00955827902727482	NA	NA
GSE93720_3	-0.00385541733142871	0.00681919495817437	NA	NA
GSE93720_4	0.00477081454162217	0.00590654364015565	NA	NA
E-MTAB-5564_1	0.0243591666065681	0.0634386014544886	0.0338354739459637	0.0250753191369011
GSE77753_1	-0.00206690524651096	0.014007305494332	NA	0.00428653894308595
GSE43861_1	0.00696753472127974	0.0396406600892594	NA	NA
GSE112809_1	-0.000195030011218126	-0.00875934280783574	NA	NA
GSE111946_1	0.0529938084464367	0.153307327668006	NA	NA
GSE111946_2	0.00124935545057413	0.0200592356379426	NA	NA
E-MTAB-3201_1	-0.00274749791171056	-0.0167165879588615	-0.0103403149187682	-0.018418418350659
E-MTAB-6700_1	-0.0176654296702821	-0.034935735307057	-0.0227746261924928	0
GSE54749_1	0.000443583041774096	0.00164488508705534	NA	0.0124233138871717
GSE57218_B_1	0.00665361132160803	0.0630876475798532	0.0103501753825983	0.0380133487530636
GSE57218_B_2	0.00636151642989012	0.0597887513621606	0.0124924542588306	0.0318648556516804
GSE57740_1	-0.00285945952742799	-0.0639884182678046	NA	NA
GSE52992_1	0.00505667135447941	0.0126677214830685	0.0068156966572444	0.00732344612409466
GSE17160_1	-0.00841843740770422	-0.0569772737295882	NA	NA
GSE17160_2	-0.00222784059426732	-0.0212246103703979	NA	NA
GSE17160_3	-0.00321435926486357	-0.0139331998305365	NA	NA
GSE17160_4	-0.0104118580350684	-0.0212229256773427	NA	NA
GSE17160_5	-0.00278399180380414	-0.032765552926482	NA	NA
GSE17160_6	-0.000388586214545687	-0.0167049845183887	NA	NA
GSE17160_7	0.00417542314385549	0.0398631560074635	NA	NA
GSE17160_8	-0.00604815474857394	-0.0170747990392447	NA	NA
GSE17160_9	-0.0137972402571338	-0.0296619085190584	NA	NA
GSE17160_10	-0.0189620304181923	-0.0386058261795068	NA	NA
GSE17160_11	-0.0111196851048297	-0.022483899053264	NA	NA
GSE17160_12	-0.0184899548675192	-0.0407405462344941	NA	NA
GSE22971_1	0.00020664323159421	0.0100725023464838	NA	0.0245519863689071
GSE22971_2	-0.000295914581420014	0.00211474999648344	NA	-0.0121626946391631
GSE22971_3	-0.00508853396735329	-0.0117699079140176	-0.00400295182232343	0.00461397462004943
GSE22971_4	-0.00110704327017273	-0.0155610062562277	-0.00443281531940017	-0.00538488208121134
GSE13590_1	-0.0100069783942501	-0.0269147529623238	-0.0218028778361356	-0.00303743137915939
GSE13590_2	0.000216244354108306	0.00814477758810351	0.00130976642498754	-0.00456674964666377
GSE99731_1	0.0021672794733681	0.0394331108163797	NA	0.00232146021619706
GSE99731_2	0.00108827909142001	0.0357834321092167	NA	0.0113040849506336
GSE99731_3	0.00192725300130776	0.00708052314755846	0.00140525810621726	0.00573956684411983
GSE27492_1	-0.000686032664113785	0.000411560606153164	0.00111607142857143	0.020942352787013
GSE27492_2	0.000257700030572532	-0.0038469333679765	0.0102227369043513	-0.02278277128465
GSE27492_3	0.00483348730750384	0.0130205282553296	0.022438599260526	0.0182477581012457
GSE27492_4	-0.000104551061207978	0.00205903623971279	0.0135724159982053	0.0116560417270356
GSE27492_5	0.000277419214571169	-0.0028210768994332	0.011548872289398	0.00479660725609027
GSE27492_6	0.0074067031270363	0.0360476390696255	0.0261580406766655	0.0365882225784045
GSE27492_7	0.0066193638081035	0.0256715766846984	0.0191849148132957	0.036737871475984
GSE27492_8	0.00797936068123977	0.0249150285264312	0.0250054589938745	0.035721238129409
E-GEOD-15069_1	0.000174437417187211	-0.0131377863346339	-0.00190133695117365	-0.00680011924527614
E-GEOD-15069_2	-0.00592721253570626	-0.0857119871903908	-0.0104255796508017	-0.037577693306937
E-GEOD-15069_3	-0.0434889800993704	-0.123013567380057	-0.0542886660914127	-0.0351051989239974
E-GEOD-15069_4	0.00460789532760832	0.0421951425847787	0.00724619490861089	0.0210891815549632
E-GEOD-15118_1	0.000912983003369461	-0.0154886873421786	NA	NA
E-GEOD-15118_2	0.000216637781629116	0.0230708282231897	NA	NA
E-GEOD-15118_3	-0.00111414702268754	0.00669506930461169	NA	NA
E-GEOD-15118_4	-0.002742287568143	-0.0144395552537785	NA	NA
E-GEOD-16007_1	-0.0113856239687057	-0.0517284888518896	NA	NA
E-GEOD-17473_1	-0.0014117725763429	-0.0244146315364172	NA	-0.0128935290814154
E-GEOD-18647_1	0.00526198079603279	0.0133586381376617	NA	0.00144809014099304
E-GEOD-18647_2	0.00229655342258084	0.00442140035393681	NA	0.000914325240407009
E-GEOD-18647_3	-0.00285209177101845	-0.00332573279206076	NA	-0.0194509535440347
E-GEOD-18647_4	-0.00175088655132937	-0.0093079709131541	0.000131215934324742	-0.0179919937646249
E-GEOD-18648_1	0.000101296935494589	0.0115268947156094	0.00245095874543213	0.0118640561106204
E-GEOD-18648_2	0.00437071036694799	0.0154730865505258	0.00110301256192813	0.00182569864592336
E-GEOD-2154_1	-0.00134742113390532	-0.06816452225713	0.00065467100900988	5.96085987256412e-05
E-GEOD-2154_2	-0.00339684060785064	-0.0370623426079392	-0.00406220748338668	-0.0314068816700542
E-GEOD-2154_3	-0.00316794196562413	-0.0258363941924025	-0.00526139374946756	-0.00445013682838934
E-GEOD-2154_4	-0.00719817041020753	-0.0300475883345715	-0.0143162523071841	0.00405129073322486
E-GEOD-26475_1	-0.00680623567643992	-0.0172790599824945	-0.0132173190409915	-0.0115881826967733
E-GEOD-26475_2	-0.00421331754134814	-0.0392995834817948	-0.00381440275952352	-0.0269894287863585
E-GEOD-26475_3	-0.0100382469797216	-0.0518202769416523	-0.01882372049973	-0.0338134330389328
E-GEOD-33567_1	-0.0208241716609165	-0.0546508347793876	NA	NA
E-GEOD-33567_2	0.0155290721665471	0.041064270304963	NA	NA
E-GEOD-37287_1	-0.00475381468262085	-0.0184865526987828	NA	NA
E-GEOD-37287_2	-0.00356602560243855	-0.0198470635426455	NA	NA
E-GEOD-37287_3	-0.0076214367448215	-0.0184865026927935	NA	NA
E-GEOD-51994_1	-0.0108231513392221	-0.0178824327203987	-0.00468923968078269	-0.0128721400689436
E-GEOD-51994_2	-0.0122693842840026	-0.0165867888303059	-0.0110151545292047	-0.0117433403459161
E-GEOD-51994_3	-0.00472106518298453	-0.00728218000270568	-5.65800670539879e-05	-0.00118107723568952
E-GEOD-65077_1	-0.000240071274028391	0.0182182238914366	NA	NA
E-MEXP-1244_1	-0.000892823481397009	-0.00621842300747521	NA	NA
E-MTAB-1123_1	-0.0103286848529495	-0.0444317038634134	-0.0214684923065798	-0.0287213270334068
E-MTAB-1123_2	-0.00569882547799916	-0.0304169296982021	-0.0125998691724457	-0.02166340354989
E-MTAB-1123_3	0.00212826503857415	0.0131416521618354	0.00225033175313753	-0.00499573450604378
E-MTAB-1123_4	-0.00049443155550595	-0.0144940659375623	-0.000381970970206264	-0.00892226658741554
E-MTAB-1391_1	-0.0109274944865034	-0.0193964672951396	-0.0166149145231826	-0.00172375262820699
E-MTAB-1391_2	-0.0189677994130396	-0.0265172041742834	-0.0230751353139377	0.00523585218115769
E-MTAB-1391_3	-0.0145539033954044	-0.0231315492752361	-0.0170053167063955	0.00935444421227164
E-MTAB-2450_1	0.0170800086950652	0.0437924904864404	0.0273030755676055	0.00812579291707438
E-MTAB-2450_2	0.00584006988713351	0.0235300402090595	0.00752261626263713	0.0108829968113456
E-MTAB-2450_3	0.00818168074296831	0.0371533347608185	0.0123077969286176	0.0219815489964895
E-MTAB-2450_4	0.0159000595276322	0.0750865146691828	0.0245827449612613	0.0438622084676476
E-MTAB-5023_1	0.00394515820618487	-0.00340537450980032	NA	0.00825084473377235
E-MTAB-5326_1	-0.00327438331366746	-0.0293841123364044	NA	NA
E-MTAB-5326_2	-0.0212349563872728	-0.0674423921923696	NA	NA
E-MTAB-5326_3	-0.0109755886371942	-0.0371492807583638	NA	NA
GSE102588_1	-0.0044414466500031	-0.0207864388796589	-0.00462684857471687	-0.00852562135418268
GSE104793_1	-0.042575353081941	-0.0984641106187646	-0.061412898014255	-0.0258780741746336
GSE104794_1	-0.0159018326375225	-0.0634499848437428	-0.0280287136953986	-0.026651073758627
GSE104795_1	-0.0122891633383907	-0.0502449784666505	-0.0189115248755299	-0.0280341874840096
GSE105139_1	-1.87890530467581e-07	0.00821588588140378	NA	0.00406926406926407
GSE105139_2	-0.0020577668304192	-0.0306694807262273	NA	-0.0150954791974817
GSE105139_3	-0.00181676735517973	-0.0368544335593441	0.00104493207941484	-0.0161513019518762
GSE10555_1	0.00994196893355228	0.0317254791214017	NA	NA
GSE10556_1	0.00953786081475084	0.0559945813860447	0.0193756810170731	0.0149260393465766
GSE106631_1	-0.0170149700687179	-0.0637004279804804	-0.0315201259035138	-0.0146718955998056
GSE13104_1	0.00768813637509847	0.0290940653096121	NA	NA
GSE13104_2	0.000834577213513779	0.0141432821620491	NA	NA
GSE13104_3	-0.0228845612737372	-0.0421364739264157	NA	NA
GSE16749_1	-0.0185207467957782	-0.0574964023689008	NA	NA
GSE16749_2	0.00851901816438743	0.0511735209900951	NA	NA
GSE16749_3	-0.0033511121036008	-0.0362827187995141	NA	NA
GSE17348_1	0.0316235680992078	0.133720738980608	NA	NA
GSE17563_1	0.0155872269175702	0.0357656496165321	NA	NA
GSE17563_2	-0.0199290377851637	-0.0635625425582091	NA	NA
GSE17569_1	-0.00323570604465183	0.00342904365532915	NA	NA
GSE17569_2	-0.0363569629352939	-0.0925380319850147	NA	NA
GSE17570_1	-0.0369359333278993	-0.0821821055817434	NA	NA
GSE17570_2	-0.0102366799853035	-0.00277129894009463	NA	NA
GSE18991_1	0	-0.00139940574126495	NA	0.00167318730080325
GSE18992_1	-0.000216919739696312	-0.0162982504343191	NA	-0.00519538304520842
GSE19299_1	-0.0271965172254926	-0.0498444069404264	-0.0374158747734381	-0.0173789450748943
GSE20850_1	-0.00351611944192175	-0.0186135822959599	NA	NA
GSE21093_1	-0.020147326005194	-0.0554203791662849	NA	NA
GSE21523_1	-0.000691539061468507	-0.0155737012633693	NA	NA
GSE21639_1	0.000684725901520725	-0.0016106552465164	NA	NA
GSE21639_2	-0.00072415557777729	-0.0167367891953018	NA	NA
GSE21639_3	0.000285293217970018	-0.0166873510647063	NA	NA
GSE21639_4	0.00862394741150408	0.0238986241616969	NA	NA
GSE21710_1	0.0183356070364397	0.0398456192290324	NA	NA
GSE21710_2	0.0148590225083048	0.0353726221020489	NA	NA
GSE21710_3	0.0164767457322575	0.0324059353666169	NA	NA
GSE22925_1	-0.0224828009543475	-0.0844811519934174	-0.0315451307008797	-0.0414950594196795
GSE22925_2	-0.0129921351704198	-0.0519221180229678	-0.0136880468145612	0.000678879843316419
GSE26499_1	-0.00509737585727545	-0.00950054832175746	NA	NA
GSE30160_1	0.00517186748245917	-0.00487134578679931	0.00776085530386982	0.00400160970192174
GSE30628_1	-0.0250736096141719	-0.0599829104857703	-0.0305377234763362	-0.0229435164122256
GSE30628_2	-0.0102175535466844	-0.0445786824513704	-0.0180795042741805	-0.0179022502551914
GSE32163_1	-0.0063619028144503	-0.0537048258239271	NA	-0.0193505735225074
GSE33656_1	-0.00744659628292212	-0.0115694213427021	NA	NA
GSE33754_1	0.000281980498124076	-0.0165214704015259	0.0014200047711608	0.010148708318259
GSE33754_2	-0.00145492459221048	-0.0290196901104065	-0.00177734109647612	-0.0155569930138164
GSE33754_3	-0.00138437964398965	-0.0105032365638348	-0.00182210720648646	-0.00407354421141569
GSE34570_1	-0.00434016642947379	-0.0263857183590451	NA	NA
GSE35003_1	0.00190915804488222	0.0016166002280865	NA	NA
GSE35466_1	-0.00225646886175715	0.00763534500533872	NA	NA
GSE35466_2	-0.00199782102520635	0.00144179136152798	NA	NA
GSE35466_3	-0.001131215468222	-0.0084480929418914	NA	NA
GSE35466_4	0.00365269426684389	0.00747330736696885	NA	NA
GSE35466_5	0.00199127246214364	0.0112216707816272	NA	NA
GSE36925_1	-0.00131370424510752	-0.0345366386136435	NA	NA
GSE36925_2	-0.0056946212845273	-0.0153243634612454	NA	NA
GSE36925_3	-0.011411835660921	-0.00915181202931373	NA	NA
GSE37219_1	0.0122091896471492	0.0403379771060085	NA	NA
GSE37676_1	0.0117687178461674	0.0600579845051063	0.0232334250325995	0.0283858650467372
GSE41342_1	0.000554251907624719	-0.0220084524251751	0.00130058332190063	0.0145429447644869
GSE41342_2	0.00115770042477607	0.0103151728261795	NA	-0.00114955796130102
GSE41342_3	-0.000880942978881804	-0.00421136725144543	NA	0.00276955002463734
GSE41342_4	0.00346102190336329	0.0309873187578785	0.00251251443973816	0.0282672962438297
GSE41997_1	-0.000165253286440206	0.0190893829113656	0.00128894399954262	0.0102645703761263
GSE43242_1	0.00607072094559134	-0.00355473262843194	0.00805776467058199	-0.00591038456771781
GSE43242_2	0.000606829950410556	0.020038901556688	0.000990113590607836	0.00645735255580118
GSE43663_1	-0.000431682001891039	-0.0149960500353338	-0.000369482276729292	-0.0166932140368508
GSE43854_1	-0.0251591160258363	-0.0947364772435277	NA	NA
GSE45656_1	0.00224561187032371	-0.00367177016212223	NA	NA
GSE45656_2	-0.0254279423385791	-0.086034812651186	NA	NA
GSE45656_3	-0.0232737489885494	-0.0716590009138222	NA	NA
GSE45793_1	-0.00311840680737961	-0.022681091604083	-0.00147749578226963	-0.00575946066095428
GSE45793_2	-0.00475525406449649	-0.0216575506934419	-0.00970642871294736	0.0105386973393758
GSE45793_3	-0.0118665288152735	-0.0315709196925802	-0.0202603249711494	0.00387293384314612
GSE45793_4	-0.00839260279459482	-0.0233317146885267	-0.0177287531319525	-0.00486737902942116
GSE45793_5	-0.011492754990808	-0.0302174254903921	-0.00918172240462269	0.00589986542636268
GSE46390_1	0.00169943363007373	0.0356127758997332	NA	NA
GSE48438_1	-0.00462197390977736	-0.026388635624745	NA	-0.00375149303330559
GSE50549_1	-0.00862868223155922	-0.042402445208519	-0.021885863769895	-0.00970089736217371
GSE50549_2	-0.0110897218849469	-0.0453042123327587	-0.0233666624519926	-0.0119057947215769
GSE51098_1	-0.0124183004197357	-0.0346236467632001	-0.014818614858318	-0.0174160221032456
GSE53857_1	-0.000882150760753217	-0.00776349140227396	0.00180969189548291	0.0188850449121591
GSE53857_2	-0.000891937175561275	0.0084710712929607	-0.00270867280837266	0.0221120666516182
GSE53857_3	2.00065101301947e-06	-0.00083131560831462	-0.000844415676120984	0.00150156663181408
GSE53982_1	0.00663445701798358	0.0218902049174659	0.0104580438114053	0.00286870607704695
GSE53982_2	-0.000867533309153126	-0.010398458221652	-0.00149588319544877	-0.012011183449174
GSE54779_1	0.00394223521550803	0.00620528027631846	0.0056629770983602	0.00177420811412798
GSE55900_1	0.000443995140583028	0.00356566240917915	0.00236941069060713	0.00581957450114463
GSE57104_1	0.00174276540670481	0.0271747797170106	NA	0.00844677591761367
GSE59387_1	0.00400093119703925	-0.00466674985919947	NA	NA
GSE60401_1	0.0133384126536722	0.0418205527740012	NA	NA
GSE60401_2	0.00311061967594302	0.0212180073465665	NA	NA
GSE60651_1	0.00825986122008835	0.0353410555550079	NA	NA
GSE60737_1	-0.0399507407319198	-0.0703179812601641	NA	NA
GSE60761_1	-0.00106058975438834	-0.00135162939379844	-0.000711358346418986	0.00311445798793324
GSE60761_2	-2.81958067196249e-07	0.00782659861255633	NA	-0.00295747330139904
GSE60761_3	0.0022007058131023	0.00675764985092418	0.00128499837802163	-0.00645732154143661
GSE60761_4	-0.00122705363225606	0.00123564292315381	0.00122649223221586	-0.0043683019500204
GSE63017_1	-0.000216825672159584	-0.0102990591855141	NA	0.00568190490707834
GSE63017_2	-0.00156505018739301	-0.00510777994186247	NA	-0.00387045949690321
GSE63017_3	-0.00214677653663267	-0.0136193538952975	-0.00419022100314599	-0.0188513199649427
GSE63017_4	-0.0028160271888729	0.00201459149694921	NA	-0.00306932198009121
GSE63939_1	-0.0141546120480431	-0.0189760317837499	-0.0221814035937831	0.00718844365302447
GSE63939_2	-0.0119889737553103	-0.0132993482995896	-0.0179530208555189	0.0130878122794499
GSE64141_1	0.00446034946638462	0.0224723494821004	NA	NA
GSE64965_1	-0.0015221643594491	-0.0131450577229288	0.00235797374611007	-0.0202849811688485
GSE65745_1	0	-0.00918218727133243	NA	-0.003346295158419
GSE65745_2	-0.000247933155103805	-0.0020739841923071	0.000630796508456083	0.0155183372162472
GSE65745_3	-1.04197952284399e-05	0.00175653186464438	0.0010307894482719	0.00564024483133961
GSE66416_1	0.00602749592930674	0.0312491036464493	NA	NA
GSE66862_1	-0.00143283260038243	0.0148393636299718	0.00570134934716186	0.00359253844125602
GSE69108_1	-0.00687945302445066	-0.0216890124484305	-0.00805325879198357	0.0144273468505345
GSE71565_1	-0.00519094558368835	0.00114672353723875	NA	NA
GSE72261_1	0.000661195451674181	0.00273258012077963	0.000589970559881814	0.0191826265893388
GSE72261_2	-0.016480287029946	-0.0558428590854056	-0.046753000328617	-0.0555326347580549
GSE72261_3	-0.0131622922066304	-0.0474868153806422	-0.034948639095084	-0.0288450251020119
GSE7683_1	5.6986688107294e-05	0.0118892756572271	0.000654378405761756	-0.0143722722740305
GSE7683_2	0.0063442662747317	0.0245155341865943	0.00490869354974372	0.00594589052786036
GSE78980_1	0.000860037271864432	-0.00688129954717534	NA	NA
GSE78980_2	-0.000690952921823956	-0.0137696334565112	NA	NA
GSE78980_3	0.00292643218062715	0.0240416455086537	NA	NA
GSE78980_4	-0.00356952185806115	-0.0180351208810342	NA	NA
GSE78980_5	0.00135796801425482	0.0097552694072547	NA	NA
GSE78980_6	0.00112342441046816	0.013144177343608	NA	NA
GSE78980_7	-0.00315141050743898	0.00249740000210169	NA	NA
GSE78980_8	0.00165325188651495	0.00652777523523806	NA	NA
GSE78980_9	-0.000536467083620089	0.00762368899663534	NA	NA
GSE78980_10	-0.000914984643987912	0.000566901951177549	NA	NA
GSE81399_1	0.00486654409272413	0.036466546157592	NA	0.00936986840588264
GSE84609_1	0.00786108491475964	0.0407958399233371	0.0155583087785663	0.0266205817899964
GSE84907_1	-0.0197691859779834	-0.0412752742147244	-0.0298965487175076	0.000189025572632034
GSE84907_2	-0.0141905663232966	-0.0596375488974672	-0.0212987019056382	-0.0043066820397926
GSE84907_3	0.00547143973777869	-0.0313796739689364	0.00817619125816411	0.00590904690225435
GSE90127_1	0.00389425580817795	0.0203503426667264	NA	NA
GSE90127_2	0.00651264842415588	0.0334647484751947	NA	NA
GSE90127_3	-0.00464330864728227	-6.26626602319294e-05	NA	NA
GSE9247_1	-0.00754366275137067	-0.0597722305427842	-0.0124121308786157	-0.0125010008807751
GSE9247_2	-0.0347528398440243	-0.0872351805603746	-0.0471121213980426	-0.0123775023405903
GSE9247_3	-0.00164844884976977	-0.0385025886908269	-0.00127017907285414	0.00127837484962692
GSE99306_1	-0.00740064442517614	-0.00746648232037721	-0.00432190914557932	-0.00278058166730886
GSE99306_2	0.00525604456946965	0.0148323536362327	0.00338205573619864	0.00862672989456951
GSE99306_3	-0.0136457270458774	-0.0321396174414007	-0.0200790852022024	-0.00597639286704241
GSE99306_4	-0.00180841995091503	0.00174692139120182	-0.00289684948109993	0.000990938188445246
GSE99306_5	-0.00654668844270262	-0.02370250235837	-0.00850335676250014	-0.0110629710986884
GSE99306_6	0.006689905877328	0.00759115678714431	0.00434676048301905	0.00477034400068543
GSE99306_7	-0.011440875197908	-0.061801911796308	-0.00865537346589595	-0.0166999319466113
GSE99306_8	0.00234615101231395	-0.00049664426345454	0.00277707043283963	0.0106553985230456
GSE99306_9	0.00221458559775792	0.00751141797707661	0.0013851986201702	0.00375267361231708
GSE99306_10	-0.00335945374404693	-0.0204972560303169	-0.00869917000135226	-0.0108552355008695
GSE99306_11	-0.0128343036368331	-0.0364930572376266	-0.0105547907701201	-0.0178860810573504
GSE99306_12	0.00623615053880617	0.0176761227865455	0.00677832197288668	0.00540117093373921
GSE99306_13	-0.025057504297852	-0.0796748193389833	-0.0260895987605897	-0.0241500895754769
GSE99414_1	-0.00242110937859482	-0.0349256046844842	-0.00222310760607912	0.00252345006141496
GSE110581_1	-4.47732969588457e-05	0.00226079567298902	0.000441431661550733	-0.0100996875830993
GSE110581_2	-0.000854238276676647	0.0158683797026696	0	-0.010350892428297
GSE47799_1	-0.000868336708581019	-0.0169912598658935	-0.00233093634733842	-0.00394084956617123
GSE47799_2	6.16497204874249e-05	-0.00300571003635958	-0.000469308195731143	0.000325146226718143
GSE47799_3	-0.00089066157473338	-0.00892810778826732	-0.00130350303284907	-0.0143783919527124
GSE111628_1	-0.000874127478352597	0.029559045324761	NA	NA
GSE111628_2	0.00148343963553781	0.0501827690037586	NA	NA
GSE111628_3	0.000925365883444437	0.0531632830827458	NA	NA
GSE5657_1	-0.00441937966226545	-0.0254522322226145	-0.00624118521737805	-0.00607044677071019
GSE5657_2	-0.00360090910681614	-0.0361274129798275	-0.00476702770616438	-0.00602017216146401
GSE13782_1	-0.012613893765136	-0.0444721672938423	-0.0169785430554808	-0.0163169635827566
GSE41039_1	5.35416810331811e-05	-0.00908835082833914	0.00654138889433007	0.00689445475159761
GSE84198_1	-0.00183811240322671	-0.000182873681176408	0.0011288323977245	0.0191607075540848
GSE84198_2	-0.00208432822448974	-0.00850081191676665	-0.00376414424612255	-0.00440140993036387
GSE84198_3	0.024239587068151	0.0483365556108541	0.0315895975876219	0.0253008386454952
GSE114469_1	0.00593520419294623	0.0255903213267919	NA	NA
GSE108036_1	0.00130942398864609	-0.00367742655578288	0	-0.0113901610501642
GSE60451_1	-0.00508603356435707	-0.0045853119022122	-0.005906429056215	0.00757094176200823
GSE47902_1	0.0011493411406027	0.0155490873912248	NA	NA
GSE44325_1	-0.00446386605245815	-0.0102609789031418	NA	NA
GSE4481_1	-0.00067708028128044	0.00554018062100622	NA	-0.00443001318532671
GSE4481_2	-0.0012158557644698	-0.028714206135882	-0.00182630671867534	-0.0155413806027357
GSE4481_3	-1.01381766804777e-05	0.0150460620350431	NA	0.0152420973046712
GSE102292_1	-0.0159803606379547	-0.0661993563823314	NA	NA
GSE102292_2	-0.00201947087057974	-0.00528301710170828	NA	NA
GSE102292_3	-0.00173497833723814	-0.000989829286259511	NA	NA
GSE102292_4	-0.00498861434662763	-0.00792945305630816	NA	NA
GSE41898_1	-0.00765754018538661	-0.0171490500090547	-0.0101094817811703	0.0182977148059582
GSE87605_1	0.00606014553327721	0.0305791788333225	0.00445243796041253	-0.00286344079212415
GSE87605_2	0.014598287906894	0.0572404304602191	0.0288319749592832	0.0444036170370923
GSE87605_3	0.0180932788522508	0.0638548783276229	0.0285693945549974	0.0394407341866507
E-GEOD-54216_1	-0.0179636569412522	-0.0390638343961539	-0.0228189492631585	-0.0154473302236722
E-GEOD-54216_2	-0.0216213923864391	-0.0524459404414037	-0.0314624504778662	-0.0218833225825828
E-GEOD-54216_3	-0.00693383857128834	-0.0391535403534195	-0.0123501103669977	-0.00848426702368566
E-GEOD-6119_1	-0.0239211662013715	-0.0810273943223018	-0.0371391315467842	-0.0305766865125977
E-GEOD-6119_2	-0.0305667716088485	-0.0915477639799112	-0.047446436566546	-0.0324289862915551
E-GEOD-6119_3	-0.0299119695820294	-0.0876170727234983	-0.0450662018673892	-0.0362773746758374
E-GEOD-8077_1	0.00205441536293865	0.0141122973437397	0.0035415074141284	0.00129557472154539
E-GEOD-8077_2	0.00110096702416181	0.0275451361318896	0.0033659756416692	0.00708551935649439
E-GEOD-8077_3	0.00153013724278507	0.00542917507379383	-0.00096388103305903	0.00256828532229345
GSE103416_1	0.00655014763095405	-0.00356342142136588	0.010260979024043	-0.0011425385165895
GSE103416_2	-0.00210712608270597	-0.0195478555699139	-0.00132306690769363	-0.00475558258166954
GSE103416_3	-0.000332789946515467	-0.0152409494753917	0.00315928028718173	-0.00408683868442555
GSE19950_1	-0.00414123616452379	-0.0419689746107407	-0.00873365175150438	-0.0257677830718304
GSE30322_1	0.00495907838874422	0.0311702286374519	0.0112801568417763	0.0265009535436056
GSE30322_2	0.00448311479079848	0.0180985006722916	0.00864808584687603	0.00257457849884998
GSE30322_3	0.00280026834878506	0.0160401679717809	0.00272301498111039	-0.00061414304679854
GSE42295_1	0.000687955049608334	0.032994535306231	NA	0.00480801951449116
GSE42295_2	-0.00892984465281731	-0.0416155211921907	-0.0107588450624815	-0.0226835478984505
GSE42295_3	-0.0121404755269372	-0.0521375552193244	-0.0161152887799543	-0.0072122074619404
GSE66554_1	0.000211589166338649	-0.00190556098189514	0.000581942043182078	0.00386148951084895
GSE66554_2	0.0145755272012668	0.0340347936998018	0.0151619940273077	0.0105608041606669
GSE66554_3	-0.0034386923376346	-0.0186108303851185	-0.000224089351612259	-0.00725478493732711
GSE66554_4	0.00228430428746013	0.00239751590962265	0.0125471078113698	-0.00564516129032258
GSE74898_1	-0.0202465234572323	-0.0470363896569839	-0.0322549274776285	-0.0188625725328845
GSE74898_2	-0.0200568496176567	-0.0457872151419344	-0.0307825936001611	-0.014006263160972
GSE74898_3	-0.0306036898631665	-0.0770365666336064	-0.0485740028327164	-0.0171580756411326
GSE79176_1	-0.000215600239322105	-0.0282191440535974	NA	NA
GSE79176_2	-0.00215246063968636	-0.0669943464958171	NA	NA
GSE79176_3	-0.000617170478196421	-0.0463474865813751	NA	NA
GSE85785_1	-0.00162365835548295	-0.00126267102897672	-0.0032973374937912	0.01952773386935
GSE16981_1	-0.0133774704121325	-0.0225727127279271	-0.0205272792152475	0.00141620438734285
GSE16981_2	-0.0160475955355632	-0.048976981100776	-0.0205983619892996	-0.00993779931855284
GSE16981_3	-0.00441991734298087	0.00802963283449783	-0.00939037636686491	0.0101129856005655
GSE16981_4	-0.00441991734298087	0.00802963283449783	-0.00939037636686491	0.0101129856005655
GSE16981_5	-0.0060942281199194	-0.0323717917735052	-0.0103926762174279	-0.0279482013826798
GSE16981_6	0.00174215770747672	0.0270777601079366	0.00680238251714073	0.00571978285235158
GSE16981_7	-0.000581643308508614	0.00246675772471252	-0.00516928977884482	-0.00444234194667848
GSE29859_1	-0.000389843846574058	0.00880167545839137	-0.00319004847998978	-0.00640121291079363
GSE29859_2	0.00580640682930399	0.0201845300414255	0.0174255216641711	0.00269943951485534
GSE23492_1	-0.00603929052891148	0.00385412477848032	NA	NA
GSE23492_2	0.0270904678913025	0.0966173676385673	NA	NA
GSE23492_3	0.013080040927291	0.0434439438266859	NA	NA
GSE23492_4	0.0295375136024222	0.0966570581506425	NA	NA
GSE23492_5	-0.015510437506981	-0.0556718327929399	NA	NA
GSE44991_1	0.00354240277076816	0.0233857896650847	-0.00367273976368367	0.0204606145882859
GSE44991_2	-0.00046073412972696	-0.0282683501971762	NA	-0.0246969565367975
GSE39796_1	-0.0144351780665261	-0.0637685701848605	NA	NA
GSE39796_2	-0.0106599188399772	-0.0434347553354014	NA	NA
GSE39796_3	-0.0142314385061856	-0.0418984477368745	NA	NA
GSE18394_1	0.028226968029447	0.078233496984769	0.042996768330441	0.0438379297939663
GSE18394_2	0.0162918937704449	0.048892076285228	0.0306131175710036	0.00900725831576896
GSE18394_3	0.00801293117579684	0.0488869811564507	0.00720402966783424	0.0343029065076713
GSE29233_1	0.00184852262637573	0.0140035189258309	NA	NA
E-MEXP-2291_1	-0.00916479640421419	-0.0292927694293757	NA	NA
E-MEXP-2291_2	0.000133251060730977	-0.0249779509359087	NA	NA
E-MEXP-2291_3	-0.00117887733306636	-0.00448079461254052	NA	NA
GSE18738_1	0.00503272966883562	0.0109427959504247	0.00899434736586308	0.00949653721297765
GSE107363_1	0.000840063321901721	-0.0377691085705007	NA	NA
GSE85761_1	0.0142684423650568	0.0242776639862424	NA	NA
GSE89179_1	-0.0115694977804634	-0.0134529115009835	NA	NA
GSE89179_2	0.00542782956343565	0.011377097817733	NA	NA
GSE89179_3	0.0186896214116164	0.0367698305092087	NA	NA
GSE89179_4	0.00252939390256125	0.034333078856203	NA	NA
GSE89179_5	-0.0222640364904407	-0.052984034811089	NA	NA
GSE89179_6	-0.0146263292390808	-0.0441779707966131	NA	NA
GSE89179_7	-0.0111872504921062	-0.0323156602386791	NA	NA
E-GEOD-57723_1	-0.0098651262648447	-0.0176356203272885	NA	NA
E-GEOD-57723_2	-0.00465330957470662	-0.0140407905347525	NA	NA
E-GEOD-57723_3	-0.00670993741268204	-0.0186950480973324	NA	NA
E-GEOD-83930_1	-0.00194946394418941	-0.0320368906118721	NA	NA
GSE100268_1	-0.0146757359289539	-0.049433937664723	NA	NA
E-GEOD-55769_1	0.000475355975453745	9.74893713093975e-05	0.00178054385265417	0.00235854504264612
E-GEOD-55769_2	5.19642687860059e-05	0.0125521407780633	0.000870183269896309	-0.00333003354781939
E-GEOD-55769_3	-0.00137678100674273	-0.023499064047988	-0.00115326426080141	0.0098063859178275
E-GEOD-69110_1	0.00323065306310083	0.0125804684477686	0.00582407560932908	-0.0119842523655065
E-MTAB-4304_1	0.00913595062233737	0.0178214387819924	0.00358556658536799	0.00040174788246148
E-MTAB-4879_1	0.0214060942980641	0.0661258194679425	-0.000654239160228455	0.0278624688377917
E-MTAB-4879_2	0.0303612191642523	0.0682918307596792	0.0201554297044997	0.0305605986571651
E-MTAB-4879_3	-0.00332540178115916	-0.000657552534213891	-0.000990900436087686	0.0370668324110748
E-MTAB-4879_4	-0.0162372891361654	-0.0422653268410188	-0.00207330970740587	-0.000202885379395445
Cytokine_Explant_1	-0.00200583005525203	-0.00753774131880465	-0.0037187522382417	0.00245137614927971
Cytokine_Explant_2	0.00228137331881059	-0.0222222488031186	-0.0130163976613094	-0.0374333432570161
Cytokine_Explant_3	-0.0117192179774	-0.0373373276969379	-0.018669648831862	-0.0229267753163422
Cytokine_Explant_4	0.000120777272588281	0.0197875117849452	-0.0062053026421044	-0.0215930064826499
Cytokine_Explant_5	-0.0401592259975078	-0.103336559183039	-0.0558779565254076	-0.0277311534382878
FN1_Explant_1	-0.00385649964365827	-0.0702665518328561	-0.00386910017272084	-0.00706239783202196
E-MTAB-6266_1	0.0538769040983881	0.16695562139142	0.0661255630476154	0.0234953602023805
E-MTAB-6266_B_1	0.0467842777530671	0.147548308461323	0.064110435651924	0.0279960826163725
E-MTAB-6266_B_2	0.0630425645478826	0.160623306548477	0.0750025361425529	0.0406340830778739
E-MTAB-6266_B_3	0.00108382710604766	0.00902049914342668	0.0032298680633078	0.0101295947000224
GSE74220_1	-0.0287030365629184	-0.0803920056180011	-0.0362993438860472	-0.0300489780385212
GSE114007_1	0.0729421973243539	0.181981562765882	0.0895628996129453	0.0452656178347631
GSE109503_1	-0.0518118021004831	-0.113366243200674	-0.0192659058582442	-0.0687413048388658
GSE109503_2	-0.0549234275672144	-0.202817262451757	-0.0587898088931191	-0.0549884568578996
GSE109503_3	0.00873358989788699	0.0385242818732228	0.0531491283481949	0.0490024118941363
GSE109503_5	-0.0263052945364281	-0.0668672144465496	0.048202553666361	-0.0296385539918836
GSE109503_6	-0.136693765926281	-0.283681685309801	-0.107961765819197	-0.101227679205984
GSE109108_1	-0.0122839894906725	-0.0546393956129622	-0.0076416385429716	-0.0355340292764798
GSE109108_2	-0.0210591248827163	-0.0479223485321637	-0.0266686261605978	-0.0364911711855226
GSE109108_3	0.00177899546920751	0.00208249467830385	NA	-0.0429835149884225
GSE109108_4	0.000391550229604003	0.00444302339891803	0	0.00560745275501119
GSE70667_1	-1.04665539800294e-05	0.0163961711585227	-0.000207679808553042	0.000143952122939831
GSE87608_1	7.35964772194081e-05	0.00623955365261239	NA	-0.00675817649516916
GSE87608_2	0.00441619208352818	0.0148472600902014	-7.5971688797341e-05	0.00998203002864807
GSE87608_3	0.000354389591890894	-0.00807268594510348	-0.00533487071077749	0.00563179603408081
GSE87608_4	-0.00962454679628266	-0.0197677405780394	-0.000252217576930265	-0.00339515813332418
GSE90890_1	0.00826253799007056	0.0373626515427379	-0.00317745222228342	-0.00593517421359535
GSE97118_1	0.00745067351388812	0.0258238558206229	NA	NA
GSE97118_2	0.00149289877555164	0.0382828766727595	NA	NA
GSE97118_3	-0.00137099354509891	0.00541991775155415	NA	NA
GSE97118_4	0.000823897105874105	0.0486372188242705	NA	NA
GSE97118_5	0.000143694114771463	-0.0192662054077636	NA	NA
GSE97118_6	-0.00603241627349899	0.0082216665982708	NA	NA
GSE97118_7	0.00140659907003507	0.0304043303388034	NA	NA
GSE107592_1	-0.00698116212074773	-0.0235360824675786	-0.0190861397095662	-0.0276700432770872
GSE92641_1	-0.0148587847760911	-0.0291659341997174	-0.021889334749026	-0.00741508422764817
GSE107849_1	0.00971678226541685	0.0226234864665388	0.0145610124734407	-0.00284752890851681
E-ERAD-89_1	-0.000661720620300509	-0.0034111769570956	NA	NA
E-ERAD-89_2	0.000436301486211859	-0.000120263218448544	NA	NA
E-ERAD-89_3	1.24396599401052e-05	-0.00641631088134246	NA	NA
E-ERAD-89_4	0.00021583425542664	0.00407870723119726	NA	NA
E-GEOD-45893_1	0	0.0112810523537776	NA	NA
E-GEOD-53105_1	0.000462547951295424	0.00797678950384517	0.00057143334187897	0.0206351011950538
E-GEOD-53105_2	0.00829641777393742	0.0283581838844891	0.00383910100331573	0.025308833601419
E-GEOD-54461_1	0.00200530115856869	0.00519804232810588	0.00736709244864878	-0.0020338059168068
E-GEOD-54461_2	-0.000382879767610769	-0.00690141429863402	0.000105760732113262	-0.00641735188699136
E-GEOD-54461_3	0.000627371068013895	-0.0126314030935772	0.00116521743087197	-0.00489731333876093
E-GEOD-54461_4	0.00555286426794761	-0.0061310692613102	0.0172199768128621	-0.00152548516265947
E-GEOD-54461_5	0.00545515284502727	-0.000869915456690619	0.00870693341761349	0.000642195782293613
E-GEOD-54461_6	-0.00521500958586044	-0.01271739248961	-0.000454496550638568	-0.00818545527365292
E-GEOD-54461_7	-0.00570803218821282	-0.0222103247727142	-0.00168999520790371	-0.0149836851000923
E-GEOD-54461_8	-0.00203457028608554	-0.0135871080834396	0.000594703716572095	-0.00401309168515656
E-GEOD-73372_1	-0.00974152390743856	-0.032793650211576	NA	NA
E-GEOD-73372_2	-0.00852463604545898	-0.0417680902404046	NA	NA
E-GEOD-73372_3	-0.0012648784982885	0.00113491918368462	NA	NA
E-GEOD-75549_1	-0.00946611953154938	-0.0753874752999211	NA	NA
E-GEOD-76988_1	0.000746530034764291	-0.0273137120448479	NA	NA
E-MTAB-2923_1	0.0064966356940734	0.0479075369362816	NA	NA
E-MTAB-2923_2	0.00513557226882257	-0.0230089394590218	NA	NA
E-MTAB-2923_3	0.0144709203352986	0.0304372929897012	NA	NA
E-MTAB-2923_4	-0.00683372413571502	-0.0210739876623769	NA	NA
E-MTAB-3428_1	0.000562996918194308	-0.0200104749448772	NA	NA
E-MTAB-3428_2	0.00201082011218148	0.0167081094535375	NA	NA
E-MTAB-3428_3	-0.000661542833307738	-0.00667821278741778	NA	NA
E-MTAB-3428_4	-0.000872960224520082	-0.0259633735066264	NA	NA
GSE102856_1	-0.00364713107708026	-0.0433693130265885	NA	NA
GSE103492_1	-0.00538259445626513	-0.0146712699366552	-0.00497475050651571	-0.0100906496718447
GSE103492_2	0.000241305188736867	-0.0183054672164205	-0.00108678189968479	-0.00474397047527663
GSE103492_3	-0.0076536437997085	-0.0244551027773339	-0.0130987953217697	-0.0182073363734661
GSE103492_4	-0.00149805627900618	-0.0129901152761443	-0.00651247807163114	-0.0150839685874613
GSE103492_5	0.00177497917308686	-0.00586327563801865	0.00366014360140369	0.00386423851157225
GSE103492_6	0.00544410703140644	0.000392371603027998	0.000885689568155207	0.00867226941231825
GSE103492_7	-0.00229089597872007	0.00703750266797707	-0.000202462765234495	0.00225013363899528
GSE103492_8	0.00536618605994677	0.00436320966631001	-0.00342850535132489	0.0082152754886963
GSE103492_9	0.00734590782153353	0.0166296018811694	-0.0029394265198781	0.0238425555194228
GSE103492_10	0.00315032902330909	0.0162790260223729	0.000932471459955541	-0.0161043027962698
GSE106259_1	0.0028834016642616	-0.00778052430857344	0.00506025511753778	-0.00611822514784928
GSE110303_1	-0.00224295035246187	0.0139832806081506	NA	NA
GSE110303_2	-0.00340535846493329	-0.0208186652074251	NA	NA
GSE110303_3	-0.00264112550844746	-0.00429284592258934	NA	NA
GSE110300_1	-0.00224464976540916	-0.0215789508008312	NA	NA
GSE110300_2	-0.00270146470956889	-0.0178095702030679	NA	NA
GSE110300_3	-0.00405047817689333	-0.00454689577144534	NA	NA
GSE110281_1	0.00831869051791363	0.0246741616327769	NA	NA
GSE110281_2	0.00541023418476504	0.0264891906875183	NA	NA
GSE110281_3	-0.0022420863375326	0.00374616018114294	NA	NA
GSE104459_1	-0.00314868042344091	-0.0115660668467312	-0.00381490160174754	-0.0211751417493128
GSE104459_2	0.000848810003119226	0.00824995514429066	-0.00293584138347644	-0.0120363599613718
GSE104459_3	0.00516165747290932	0.0112965586419893	0.000192103119731191	0.0173208391882463
GSE110051_1	-0.0118901693638925	0.0126317391459087	-0.00952308021834623	0.000504726355787629
GSE110051_2	-0.00803577739538251	-0.0323884092613398	-0.0147681188487789	-0.00115066011175711
GSE110051_3	-0.0129528551690779	-0.0114945157354302	-0.0168939649555224	0.00524537971497551
GSE112694_1	0.00417306900580339	0.015863128347906	0.00523265403272349	0.00632174626641109
GSE112694_2	-0.0155309525710596	-0.010948163270561	-0.0217582231137161	-0.0114870138749453
GSE112694_3	-0.00173723652316085	0.0203647855412841	-0.00655429663164051	-0.00256172812247323
GSE112694_4	-0.022468994720948	-0.0231805482542517	-0.036056529099859	-0.0119723327927662
GSE97232_1	-0.00169316763549987	-0.0845664736226784	-0.00227110282196815	-0.0386311381821757
GSE114079_1	-2.15512291476235e-06	-8.00768950985891e-05	NA	NA
GSE114079_2	-0.00182025794648156	-0.0268415158287374	NA	NA
GSE114079_3	-0.00252965859592429	-0.0640755176381403	NA	NA
GSE114079_4	-0.00849076573997833	-0.0836821485643109	NA	NA
GSE104828_1	0.0107534636171433	0.0208386917983273	NA	NA
GSE114521_1	-0.00155461681308733	-0.0349075886564948	-0.00235183443085607	-0.021833057983716
GSE114521_2	-0.00363347202357956	-0.0256970901585763	-0.00505295858897858	-0.0137024034375092
GSE112413_1	-0.000109021232481573	-0.033694955939455	-0.00726619045489211	-0.00441705925626397
GSE112413_2	-0.00383950273505776	-0.0364456546087555	-0.0104985234230881	0.000895269230028105
GSE101909_1	-0.00560785186991715	-0.0318901389143403	-0.00749831691449537	-0.0180018083996692
GSE101909_2	0.00334188261945579	0.00737986717565069	0.00664111404171798	0.00390514380488347
GSE114919_1	0.00853892733417266	0.0204817307618428	0.016616473903153	-0.00223839931424435
GSE114919_2	0.00288207527643497	0.0038086031969033	0.00420497488109423	0.00460317796792282
GSE114919_3	0.0249991520538405	0.0474696316674724	0.0335580966080928	0.00235310445100751
GSE114919_4	0.017609087069924	0.0479618394567701	0.0281743670544357	-0.00219922486491946
GSE114919_5	-0.00524257321354134	-0.00722495621583116	-0.00357997055088394	-0.0251834344353226
E-MTAB-5879_1	-0.00261943940659743	-0.00195754526589442	-0.0015614935617951	-0.00379236536174876
E-MTAB-5879_2	-2.21640888647956e-06	-0.00421001169207052	0.0085825071292794	0.00970936856858021
E-MTAB-5879_3	-0.0016492427666883	-0.00956036896039673	0.000531551570213493	0.0259654237661966
E-MTAB-5879_4	0.00832438917552861	0.0232049542232225	0.023223602904025	0.0030080976647087
E-MTAB-5879_5	0.00251375142696984	0.00111010620345389	0.00633316098591821	-0.00673430735930736
E-MTAB-5879_6	0.00518025761078457	0.0061754678186204	0.0172523810906166	0.0161198188128624
E-MTAB-5879_7	0.00110971484664028	0.01853542893886	-0.000571428571428571	-0.00306064824485033
E-MTAB-5879_8	-0.000434184883129806	0.0483462347068894	0	0.00945529203644687
E-MTAB-5879_9	0.00273501426926094	0.00581859282273294	0.0005720823798627	0.00387214631158729
E-MTAB-5879_10	0.000574634077035532	-0.0116748043025173	0.0012628289184794	0.00128668451839847
E-MTAB-4294_1	0.0178020754480217	0.0492974697330283	0.0258701037074645	0.00160383208196371
E-MTAB-4294_2	0.00500311506810234	0.0274503676974715	0.0154744788591406	-0.00778395178040632
E-MTAB-4294_3	-0.0102718376134949	-0.0221044789635443	-0.00901062538923726	0.00703074940587715
E-MTAB-3186_1	0.0233264254801188	0.0538235938925892	0.0400173285260927	0.000729316928704794
E-MTAB-3186_2	0.0162225539703602	0.0354325098985582	0.0242258184363681	0.00349947069870178
E-MTAB-3186_3	0.00877349923542987	0.0320585467871383	0.0206874780292373	0.0104457724551442
E-MTAB-3186_4	0.0141428611289252	0.0247235539378308	0.0187266170372186	0.0135684620977568
GSE114919_Rat_1	0.0163990295081642	0.0237929753698166	0.0239073975107588	-0.010325672053209
GSE114919_Rat_2	-0.0111381827136206	-0.0174888262183445	-0.0145913336041093	0.0174018148000389
GSE114919_Rat_3	0.0193062545240717	0.0204269904700751	0.0259826850743665	0.0171462459028187
GSE114919_Rat_4	0.0223306859907584	0.0361720254371079	0.0279963065139761	9.88135914036896e-05
GSE114919_Rat_5	0.00871844718996292	0.0168212424264453	-0.000638363607842904	0.0098456935242485
