comparisonID	jaccard	cosine	sigjaccard	chrDir
22659600_1	-0.0436907401657503	-0.120141360572236	NA	NA
24361742_1	-0.00210097185078018	0.00308386141100323	NA	NA
GSE72258_1	0	0.0171589535637437	NA	NA
GSE72258_2	0	-0.0116721703291148	NA	NA
GSE69531_1	-0.0413859886343719	-0.117079073731375	NA	NA
GSE69531_2	-0.0171623981731333	-0.041690664988768	NA	NA
GSE69531_3	0.0179758341558143	0.0797311782655879	NA	NA
GSE69531_4	-0.0413859886343719	-0.117079073731375	NA	NA
GSE58203_1	0.0495284107679178	0.195455641342594	NA	NA
GSE58203_2	0.0582222144183089	0.215649767498441	NA	NA
GSE58203_3	0.0784101119934456	0.244203595877203	NA	NA
GSE58203_4	0.093141905640717	0.257795999899574	NA	NA
GSE58203_5	0.0445743783743962	0.147548029892534	NA	NA
GSE58203_6	0.0501588895009821	0.169967205464181	NA	NA
GSE58203_7	0.0524003899748118	0.194399672766452	NA	NA
GSE58203_8	0.0481347187783909	0.161467521955402	NA	NA
GSE59642_1	-0.0169254093304741	-0.0586353813355344	NA	NA
GSE59642_2	-0.0106043808331992	-0.0282087345471514	NA	NA
GSE59642_3	0.00933836456820248	0.0402136524551054	NA	NA
GSE64922_1	0.0606486120050394	0.177775561045067	NA	NA
GSE60162_1	0.00583103129017223	-0.0263555010509423	NA	NA
GSE31685_1	-0.00924817615569383	-0.0137610185478124	NA	NA
E-MEXP-3890_1	0.0113160273521561	0.0524646992811156	NA	NA
GSE31980_1	0.00440469200489266	0.0226558338736985	NA	NA
GSE15615_1	0.0616337025321173	0.258710802443176	NA	NA
GSE15083_1	-0.00789614235314221	-0.0293962254875946	NA	NA
GSE108035_1	-0.00565164909382007	-0.0103489610447909	NA	NA
GSE108035_2	-0.00993162134988851	2.25845467481746e-05	NA	NA
GSE108035_3	-0.00642990213597664	0.0103740775773077	NA	NA
GSE21959_1	-0.0143616535373209	-0.0658769934500708	NA	NA
GSE21959_2	0.00202096676397437	-0.0358278659905634	NA	NA
GSE24742_1	-0.0115030292907909	-0.0591477356872663	NA	NA
GSE24742_2	-0.00296034662470826	-0.0256579702441601	NA	NA
GSE24742_3	0.00738495474407699	-0.0189001597411581	NA	NA
GSE74668_1	0.0384609811831161	0.119005221737144	NA	NA
E-GEOD-10024_1	0.0294047383942133	0.0767065226342725	NA	NA
E-GEOD-10024_2	0.0640702491714393	0.163647836241791	NA	NA
E-GEOD-12860_1	0.0615436390429402	0.15865214872325	NA	NA
E-GEOD-12860_2	-0.00445290288908102	0.0045466076062357	NA	NA
E-GEOD-12860_3	0.0104563436831229	0.0397082829564852	NA	NA
E-GEOD-12860_4	0.00254821539518605	0.0472375859399677	NA	NA
E-GEOD-12860_5	0.0204227503780838	0.0977666536339485	NA	NA
E-GEOD-12860_6	-0.00792837178142906	-0.0157709291205884	NA	NA
E-GEOD-12860_7	0.00625391675833314	0.0356691028738523	NA	NA
E-GEOD-12860_8	0.0293979029210566	0.10145852156694	NA	NA
E-GEOD-14359_1	0.00389565269910246	0.0454354485633972	NA	NA
E-GEOD-14359_2	0.00442707911980692	-0.0172172578130506	NA	NA
E-GEOD-1919_1	0.0376295015780921	0.106366119307528	NA	NA
E-GEOD-1919_2	0.0285081893088971	0.0576592054999853	NA	NA
E-GEOD-1919_3	0.00825575142250837	0.00435514579548749	NA	NA
E-GEOD-1919_4	0.0440931773747573	0.116745488919201	NA	NA
E-GEOD-1919_5	0.0295303680684284	0.0846996033919772	NA	NA
E-GEOD-1919_6	0.0132437604037569	0.0583276280687964	NA	NA
E-GEOD-1919_7	0.000579754976276766	-0.00353573234514766	NA	NA
E-GEOD-1919_8	-0.00429793449689434	-0.0214077978816185	NA	NA
E-GEOD-1919_9	0.00193858612052681	0.0330996659020933	NA	NA
E-GEOD-19664_1	0.0243125959035373	0.105470152423221	NA	NA
E-GEOD-19664_2	-0.00131226593261783	0.0185872968233914	NA	NA
E-GEOD-19664_3	-0.0274375552407589	-0.084979331154341	NA	NA
E-GEOD-19664_4	0.0153510865975484	0.067841518618137	NA	NA
E-GEOD-19664_5	0.00681865766830593	0.0364143698872694	NA	NA
E-GEOD-19664_6	-0.0348233532959671	-0.0863055628085296	NA	NA
E-GEOD-43923_1	0.00585260336207757	0.0238292364167687	NA	NA
E-GEOD-51812_1	-0.0282015418864403	-0.11268439736471	NA	NA
E-GEOD-51812_2	-0.0272403808131673	-0.101416580631261	NA	NA
E-GEOD-68760_1	0.0826231078182855	0.265082837026344	NA	NA
E-GEOD-82107_1	0.00902806322637468	0.0134816027704201	NA	NA
E-GEOD-9451_1	-0.0238436550823976	-0.0861048726233482	NA	NA
E-GEOD-9451_2	-0.0115807392743703	-0.0348772453070779	NA	NA
E-GEOD-9451_3	0.00307952966961108	-0.0100270930787767	NA	NA
E-GEOD-9451_4	-0.00436899711070533	-0.0327989636484313	NA	NA
E-MEXP-2019_1	-0.00896960702368147	-0.034576727454167	NA	NA
E-MEXP-2019_2	-0.0322928836684754	-0.0545263713513893	NA	NA
E-MEXP-2019_3	-0.011328870842573	-0.0719297142425489	NA	NA
E-MEXP-2019_4	-0.013683722958819	-0.0161953664530095	NA	NA
E-MEXP-2276_1	0.0128529918098594	0.0779203540415075	NA	NA
E-MEXP-2488_1	-0.0108382053244457	-0.0764807386244502	NA	NA
E-MEXP-3129_1	-0.00153630748268703	0.0343801452911533	NA	NA
E-MEXP-3474_1	-0.0162684996258719	-0.0499938361000007	NA	NA
E-MTAB-3010_1	0.000338069894338659	0.0334195559365594	NA	NA
E-MTAB-3010_2	0.00761575849127301	0.0715693169466593	NA	NA
E-MTAB-3010_3	-0.00026233412173882	-0.0173278364424514	NA	NA
E-MTAB-3010_4	-0.00793536900445555	-0.0509086230786846	NA	NA
E-MTAB-4152_1	0.00176843187056048	0.0161425742039735	NA	NA
E-MTAB-4152_2	0.0167986904820147	0.034471214357178	NA	NA
E-MTAB-4152_3	0.0138406941215414	0.0417147307340551	NA	NA
GSE100609_1	-0.0123604206461076	-0.0403356016402581	NA	NA
GSE100786_1	0.000956185157959804	0.010927851567085	NA	NA
GSE100786_2	0.00539965304931491	0.0346865822516138	NA	NA
GSE103697_1	0	-0.0168283531883481	NA	NA
GSE103697_2	0	0.000728625143927522	NA	NA
GSE103697_3	-0.000992063492063492	-0.0158744331088078	NA	NA
GSE104113_1	0.0362186921972249	0.0778376166812095	NA	NA
GSE104113_2	0.0227265954588492	0.0640984210989002	NA	NA
GSE104113_3	0.0362186921972249	0.0778376166812095	NA	NA
GSE10575_1	-0.0109904663320388	-0.0136587787484571	NA	NA
GSE10575_2	-0.0037807242457637	-0.0212090400332909	NA	NA
GSE10575_3	0.00326793881219806	0.0322306167324383	NA	NA
GSE13604_1	-0.0128501145375152	-0.0347074589156847	NA	NA
GSE13837_1	-0.00534749411470109	0.00515634935041235	NA	NA
GSE13837_2	-0.00290653652666463	0.0336863505084076	NA	NA
GSE13837_3	0.0350078153464009	0.0948014884841371	NA	NA
GSE13837_4	0.0567148827708288	0.140998885127885	NA	NA
GSE13837_5	0.00224040267492827	0.00156794542718752	NA	NA
GSE13837_6	0.00675925467578175	0.0443068346824921	NA	NA
GSE13837_7	0.0267252926468646	0.0897637841404317	NA	NA
GSE13837_8	0.0755864513443733	0.203710110068643	NA	NA
GSE13837_9	0.0419760190025433	0.0836991393927744	NA	NA
GSE13837_10	0.02912686647576	0.0743632070601545	NA	NA
GSE13837_11	0.0344505977576355	0.0862318416761342	NA	NA
GSE13837_12	0.000556581888156004	0.00447068826701834	NA	NA
GSE13837_13	0.0495469179058904	0.169162443106565	NA	NA
GSE13837_14	0.0582211442287757	0.191841806082079	NA	NA
GSE13837_15	0.0678017644692823	0.231185046596859	NA	NA
GSE13837_16	0.076118402944415	0.210029696743552	NA	NA
GSE13837_17	0.0392411859630097	0.161028778375134	NA	NA
GSE13837_18	0.0559071372404424	0.205034053920323	NA	NA
GSE13837_19	0.0713668083473034	0.226588025847041	NA	NA
GSE13837_20	0.0797692678724455	0.210509915262046	NA	NA
GSE13837_21	0.040121350575058	0.101152439004338	NA	NA
GSE13837_22	0.033027228726006	0.0880620953627442	NA	NA
GSE13837_23	0.0375747051366238	0.103300813065886	NA	NA
GSE13837_24	0.051192729151402	0.129932033865954	NA	NA
GSE16464_1	0.00114956688064084	0.0169804426504919	NA	NA
GSE16464_2	-0.0227106001114123	-0.084597456971973	NA	NA
GSE19060_1	0.00355108420979572	-0.0178851592569646	NA	NA
GSE27372_1	0.0141045088962969	0.0553757209845204	NA	NA
GSE27390_1	0.0216161935409723	0.064862579252787	NA	NA
GSE29106_1	0.00778229144010452	0.0407591929229219	NA	NA
GSE29107_1	-0.0148157208466659	-0.0468680492895169	NA	NA
GSE29107_2	0.0148837775349097	0.0543897954073654	NA	NA
GSE29745_1	0.000155619141599811	0.0399760691522118	NA	NA
GSE29745_2	0.0287093275411711	0.115352900879542	NA	NA
GSE29745_3	0.00250628218225084	0.0491759245232011	NA	NA
GSE35546_1	0.0112048278800939	0.0223662441784568	NA	NA
GSE35546_2	0.0235224383435675	0.0422912070296295	NA	NA
GSE35546_3	0.0202960676431568	0.0412734686138934	NA	NA
GSE35546_4	0.0173943229225708	0.0509321266669834	NA	NA
GSE35546_5	0.0236228830097796	0.0483890439762058	NA	NA
GSE35546_6	0.0235850205495596	0.0495220016781502	NA	NA
GSE35955_1	-0.0226136241939751	-0.0505478116717841	NA	NA
GSE35956_1	0.00814959542725121	0.0198237631449991	NA	NA
GSE35957_1	-0.00932608102973611	-0.0207938278168988	NA	NA
GSE35958_1	0.0161371998665023	0.0462342393383586	NA	NA
GSE39340_1	-0.0209462891289184	-0.0904054567435094	NA	NA
GSE39340_2	-0.0319142839014872	-0.130353713262862	NA	NA
GSE39340_3	0.00741811346454262	0.0524400840288822	NA	NA
GSE39795_1	0.00910900596815924	0.0160417084589193	NA	NA
GSE39795_2	0.0141086790388719	0.0205348173777167	NA	NA
GSE39795_3	0.00585386248241042	0.0127563709547225	NA	NA
GSE41038_1	-0.00725922958027714	-0.0202199212630813	NA	NA
GSE41038_2	-0.00501874301031171	-0.0099456431096284	NA	NA
GSE41038_3	0.00435706827431153	0.00577439892796824	NA	NA
GSE41992_1	-0.00838147376995833	0.0128751355371373	NA	NA
GSE42235_1	-0.006647339410851	-0.025344209063341	NA	NA
GSE42235_2	-0.00195238171185479	-0.0122911498970461	NA	NA
GSE42235_3	0.0107875314778124	0.00413046792704535	NA	NA
GSE42235_4	0.00357732689739697	0.011355419849168	NA	NA
GSE45233_1	0.0220364754830692	0.0530938372217477	NA	NA
GSE45233_2	-0.0046403398057479	-0.028713876220909	NA	NA
GSE45233_3	-0.00455603864627746	-0.0275810031463688	NA	NA
GSE45233_4	0.0232800625929396	0.0571771182300381	NA	NA
GSE46053_1	0.0223947938059238	0.0821561305781854	NA	NA
GSE46053_2	0.0284880078216001	0.110414735155208	NA	NA
GSE46750_1	0.0112927941243572	0.0445112947008445	NA	NA
GSE51588_1	-0.024535703610239	-0.0771253248999186	NA	NA
GSE51588_2	-0.0280071907653607	-0.0848045595500669	NA	NA
GSE51588_3	-0.00109870815088481	0.0101696922012787	NA	NA
GSE52817_1	0.00616949428430491	0.0541483224717276	NA	NA
GSE52817_2	0.00678554370952853	-0.00494042203769078	NA	NA
GSE52817_3	-0.00395458380668362	-0.0250452539750538	NA	NA
GSE52817_4	-0.00697648259987056	0.0378055068945007	NA	NA
GSE55235_1	0.0436006858562729	0.151084442840369	NA	NA
GSE55235_2	0.0196571465424375	0.0616466805123554	NA	NA
GSE55235_3	-0.0110128154996853	-0.045012148682079	NA	NA
GSE55457_1	0.0426718012993904	0.134020267802624	NA	NA
GSE55457_2	0.0270797918751368	0.0863144307943391	NA	NA
GSE55584_1	0.0333217821985737	0.142335840049682	NA	NA
GSE57218_1	0.00336490200390615	0.0332967763758789	NA	NA
GSE60762_1	0.0271236194708276	0.0839179933955819	NA	NA
GSE62914_1	-0.0145781808408924	-0.0612441195033685	NA	NA
GSE62914_2	-0.00900668116510822	-0.0389088687365856	NA	NA
GSE62914_3	-0.0100814289575428	-0.0303284946527585	NA	NA
GSE62914_4	-0.012688321653091	-0.0556293915259821	NA	NA
GSE64394_1	0.0568075018716894	0.129095407041961	NA	NA
GSE66635_1	-0.00521920668058455	-0.0248139191552888	NA	NA
GSE68038_1	-0.00155294385678097	0.00182709085302714	NA	NA
GSE68428_1	0.0881701117700819	0.219134860397976	NA	NA
GSE68428_2	0.0787474577638245	0.213574340567121	NA	NA
GSE68428_3	0.0846876629666262	0.212770151920965	NA	NA
GSE69459_1	0.0131951881185578	0.00489270361803067	NA	NA
GSE69459_2	0.0268625202737332	0.0616864048642061	NA	NA
GSE69459_3	0.00807969972544095	0.0172812685428952	NA	NA
GSE69459_4	0.014412665067017	0.0133704941523855	NA	NA
GSE69992_1	0.00626155380795902	0.0346215360407675	NA	NA
GSE70719_1	0.00777006020534351	0.0586377567277442	NA	NA
GSE7116_1	-0.0106722765197341	-0.0426204135221805	NA	NA
GSE7116_2	0.0159111582536456	0.0183202818086659	NA	NA
GSE7116_3	0.0208919156900423	0.0574879884964405	NA	NA
GSE72575_1	0.0214234087806867	0.0749870812354814	NA	NA
GSE72575_2	0.015551063615137	0.0485802387091813	NA	NA
GSE72575_3	0.0167248291011332	0.0425971238477477	NA	NA
GSE72575_4	0.00635593220338983	0.0829293667822897	NA	NA
GSE75181_1	0.0338790793453001	0.0797484243525159	NA	NA
GSE75181_2	0.0901008011608844	0.235533856976782	NA	NA
GSE75181_3	0.0535368972108962	0.142112071253036	NA	NA
GSE75230_1	-0.0187826818438143	-0.0176542452742477	NA	NA
GSE7669_1	-0.0124835260005095	-0.0312691123000592	NA	NA
GSE77916_1	0.00105485232067511	0.0273416775427116	NA	NA
GSE80614_1	0.00439932932792611	0.00669587355498654	NA	NA
GSE80614_2	-0.00169963574649813	-0.0122728132788282	NA	NA
GSE80614_3	0.00333385598369331	-0.00251283587183739	NA	NA
GSE80614_4	0.00211731138270867	-0.0313949632427571	NA	NA
GSE80614_5	-0.0143027553575466	-0.0414634001517477	NA	NA
GSE80614_6	-0.0117622028196946	-0.0354602271156287	NA	NA
GSE80614_7	-0.014576267978018	-0.0399318102375214	NA	NA
GSE80614_8	-0.00607313826088374	-0.0235032541905429	NA	NA
GSE80614_9	0.00631092115107193	-0.0029146840891833	NA	NA
GSE80614_10	0.00311665490831761	0.00255519061045946	NA	NA
GSE80614_11	0.00224358974358974	-0.0222129005657054	NA	NA
GSE80614_12	-0.00468921494960681	-0.0191325387266313	NA	NA
GSE80614_13	-0.00952906475733483	-0.0303728721386099	NA	NA
GSE80614_14	-0.0154314340149259	-0.0491985808592555	NA	NA
GSE80614_15	-0.027228196427718	-0.0567306092503529	NA	NA
GSE80614_16	-0.0246345183627007	-0.0571361263393195	NA	NA
GSE85254_1	0.106518435595362	0.27121396454709	NA	NA
GSE86578_1	0.0298779069080773	0.116623705257785	NA	NA
GSE86578_2	0.0416205302502342	0.15763376621375	NA	NA
GSE86578_3	0.0835768661507012	0.219038551518943	NA	NA
GSE9329_1	-0.00895623152882579	-0.0526192377133985	NA	NA
GSE93698_1	-0.0127533277984859	-0.0208156228420516	NA	NA
GSE93698_2	-0.0129338876497459	-0.0244978380398266	NA	NA
GSE93698_3	-0.0272902760267601	-0.0838219670733879	NA	NA
GSE93698_4	-0.0124023050204589	-0.0346329017266328	NA	NA
GSE93698_5	-0.0329788479955968	-0.101242218572963	NA	NA
GSE93698_6	0.00034716722483564	-0.000907791064026987	NA	NA
GSE93698_7	-0.0289467153528199	-0.10323190993813	NA	NA
GSE93698_8	-0.0151528874307231	-0.0278983251730005	NA	NA
GSE93698_9	-0.059742066338555	-0.163739326358034	NA	NA
GSE93698_10	-0.0413865121861156	-0.110244847032759	NA	NA
GSE93698_11	-0.00869877498383589	-0.0245047734789894	NA	NA
GSE93698_12	-0.0638625305089392	-0.152500321656925	NA	NA
GSE93698_13	0.0325983504231073	0.0951192358089264	NA	NA
GSE93698_14	-0.0386872967631785	-0.0775687087066551	NA	NA
GSE93698_15	-0.0480317969706965	-0.135299459604433	NA	NA
GSE93720_1	0.0943408269555001	0.283356313350093	NA	NA
GSE93720_2	0.0831197786017785	0.231340549581631	NA	NA
GSE93720_3	0.112524436278067	0.29142040071326	NA	NA
GSE93720_4	0.0764258697446454	0.212860147830316	NA	NA
E-MTAB-5564_1	-0.0244182563773759	-0.0605492079812256	NA	NA
GSE77753_1	0.0135931947070842	0.0448100981903757	NA	NA
GSE43861_1	-0.019960833991699	-0.0451872328855138	NA	NA
GSE112809_1	0	0.000289803884276333	NA	NA
GSE111946_1	0.0171888589518298	0.0565709058326381	NA	NA
GSE111946_2	0.0017905025399409	0.0378783081334621	NA	NA
E-MTAB-3201_1	0.0120906972731372	0.0450824911871392	NA	NA
E-MTAB-6700_1	0.0709227405550784	0.255728799983517	NA	NA
GSE54749_1	0	0.00192098780721009	NA	NA
GSE57218_B_1	-0.000988396408090588	0.00811941298500633	NA	NA
GSE57218_B_2	0.00305309380449173	-0.00166211092313571	NA	NA
GSE57740_1	-0.00179245889615612	0.0585954807821993	NA	NA
GSE52992_1	-0.0161412468580683	-0.019801614682502	NA	NA
GSE17160_1	0.162755843682088	0.517868045365554	NA	NA
GSE17160_2	0.065218095437934	0.397733267253207	NA	NA
GSE17160_3	0.0809286755510274	0.384186577977731	NA	NA
GSE17160_4	0.269447083483922	0.645430065374027	NA	NA
GSE17160_5	0.17072956612304	0.71052721726979	NA	NA
GSE17160_6	0.122710622710623	0.711692784423262	NA	NA
GSE17160_7	0.187434214429262	0.465078184548028	NA	NA
GSE17160_9	-0.0741747826519077	-0.183701817627879	NA	NA
GSE17160_10	-0.0618669000019979	-0.143985724162332	NA	NA
GSE17160_11	-0.0685866526547814	-0.142289375615566	NA	NA
GSE17160_12	0.0206709731064872	0.0592009242454028	NA	NA
GSE22971_1	-0.00493800151186502	-0.0252074754676469	NA	NA
GSE22971_2	0.000933398199966837	0.0208159119278982	NA	NA
GSE22971_3	0.0457520636072726	0.113632692644375	NA	NA
GSE22971_4	0.0515202419998102	0.138037621835975	NA	NA
GSE13590_1	0.0015994996714259	-0.00253045019555448	NA	NA
GSE13590_2	-0.00106157112526539	0.00890954696060584	NA	NA
GSE99731_1	0.0050680526507754	-0.00331577046414882	NA	NA
GSE99731_2	-0.00472463904606197	-0.128379233087226	NA	NA
GSE99731_3	-0.0426778711167638	-0.104960053367886	NA	NA
GSE27492_1	0.00405252359667687	0.0324609731898027	NA	NA
GSE27492_2	0.0150586707931737	0.116514255017983	NA	NA
GSE27492_3	0.0277367851374243	0.105263056044394	NA	NA
GSE27492_4	0.022384751520301	0.0836752349544382	NA	NA
GSE27492_5	0.026252032315454	0.0929422593831083	NA	NA
GSE27492_6	-0.00957095433617941	-0.0431693502942724	NA	NA
GSE27492_7	-0.00110537403260602	-0.00539833563131004	NA	NA
GSE27492_8	-0.00543747509036641	-0.0432276540269815	NA	NA
E-GEOD-15069_1	-0.0216496437812272	-0.184938415388459	NA	NA
E-GEOD-15069_2	-0.0231285723207794	-0.12552725727756	NA	NA
E-GEOD-15069_3	0.00425522190804117	-0.00531601216049191	NA	NA
E-GEOD-15069_4	-0.0162862556756654	-0.104409867663088	NA	NA
E-GEOD-15118_1	0.000495379103720496	0.0243180657884578	NA	NA
E-GEOD-15118_2	0	-0.0191393339661947	NA	NA
E-GEOD-15118_3	0.0238929485845642	0.0950924593509315	NA	NA
E-GEOD-15118_4	0.0243727327393792	0.115265970838744	NA	NA
E-GEOD-16007_1	-0.0140652234219787	-0.0180645686244478	NA	NA
E-GEOD-17473_1	0.00823986367728363	0.0258012877716096	NA	NA
E-GEOD-18647_1	0.0146291445931145	0.0600803940357909	NA	NA
E-GEOD-18647_2	-0.0030350867973998	0.0302186437138795	NA	NA
E-GEOD-18647_3	-0.0146702961208348	-0.00125705934390856	NA	NA
E-GEOD-18647_4	-0.0192159230162466	-0.0232965474049313	NA	NA
E-GEOD-18648_1	0.0365017370112852	0.140542996202798	NA	NA
E-GEOD-18648_2	0.0261503123730671	0.104546468225204	NA	NA
E-GEOD-2154_1	-0.000317727487101681	0.0397728768337063	NA	NA
E-GEOD-2154_2	0.0188183911303211	0.0630365084116428	NA	NA
E-GEOD-2154_3	0.00291529890587571	-0.00837730638126654	NA	NA
E-GEOD-2154_4	-0.000630133704069823	-0.0488166161345405	NA	NA
E-GEOD-26475_1	0.0472803739101372	0.190012708775129	NA	NA
E-GEOD-26475_2	0.00873540537237837	0.102209369910033	NA	NA
E-GEOD-26475_3	0.0310744977200704	0.0986426831152334	NA	NA
E-GEOD-33567_1	-0.0426972576979689	-0.173928438987827	NA	NA
E-GEOD-33567_2	-0.00184878605495184	-0.022877647579038	NA	NA
E-GEOD-37287_1	0.00471039519733909	0.00228917309717456	NA	NA
E-GEOD-37287_2	-0.00701993156914756	-0.0259070676193196	NA	NA
E-GEOD-37287_3	0.0078570242296306	0.0489301294358201	NA	NA
E-GEOD-51994_1	-0.00912186260547915	-0.0543010477662463	NA	NA
E-GEOD-51994_2	-0.000950245266252647	-0.0527568889952718	NA	NA
E-GEOD-51994_3	0.00142587463867602	-0.0257627179419889	NA	NA
E-GEOD-65077_1	-6.03903822615575e-06	0.02158120558455	NA	NA
E-MEXP-1244_1	0.00284690349114358	-0.0240706905708202	NA	NA
E-MTAB-1123_1	0.0397501197480218	0.12103819356303	NA	NA
E-MTAB-1123_2	0.0213926070285301	0.0650405159131106	NA	NA
E-MTAB-1123_3	-0.00304936481961392	-0.0688457318634765	NA	NA
E-MTAB-1123_4	0.000881702901390347	0.0240997002766155	NA	NA
E-MTAB-1391_1	0.0210779316089073	0.118044848460321	NA	NA
E-MTAB-1391_2	-0.0330159568336065	-0.0874480039646519	NA	NA
E-MTAB-1391_3	-0.0540078444112122	-0.16830095368426	NA	NA
E-MTAB-2450_1	-0.00674696360301497	-0.0252575591619977	NA	NA
E-MTAB-2450_2	0.0255632946654254	0.0859938721131834	NA	NA
E-MTAB-2450_3	0.0238253696366718	0.0848027417511442	NA	NA
E-MTAB-2450_4	-0.012180470724244	0.000763171508722806	NA	NA
E-MTAB-5023_1	0.00220901268072011	0.0350781263709481	NA	NA
E-MTAB-5326_1	0.00452134522627988	0.0235293425000652	NA	NA
E-MTAB-5326_2	0.0104424488069761	0.0267302372889428	NA	NA
E-MTAB-5326_3	0.0336622666696791	0.106170402387956	NA	NA
GSE102588_1	0.00261956881063338	0.00621414863332032	NA	NA
GSE104793_1	0.0444396195771848	0.121296205927211	NA	NA
GSE104794_1	0.0686862075478394	0.179430125916747	NA	NA
GSE104795_1	0.0704451904674252	0.188167136377609	NA	NA
GSE105139_1	-0.00106609808102345	0.0136289972880564	NA	NA
GSE105139_2	0.0567935247808219	0.224389062617916	NA	NA
GSE105139_3	0.0549101085481683	0.228243697717803	NA	NA
GSE10555_1	-0.0431299654344605	-0.142226941002602	NA	NA
GSE10556_1	-0.0164132459174003	-0.0564043520809078	NA	NA
GSE106631_1	0.13245718163488	0.333623909173696	NA	NA
GSE13104_1	0.0249083327138983	0.119857329702333	NA	NA
GSE13104_2	0.0182422302633287	0.105663351858872	NA	NA
GSE13104_3	0.0252290098291158	0.13533954938026	NA	NA
GSE16749_1	-0.00182896955392473	-0.00279586827964354	NA	NA
GSE16749_2	0.0142170456695966	0.0916211950229218	NA	NA
GSE16749_3	-0.0103658535198344	-0.0302152266150338	NA	NA
GSE17348_1	-0.0972666049778329	-0.223040984730843	NA	NA
GSE17563_1	-0.00424910749579887	0.0363868252328856	NA	NA
GSE17563_2	-0.0157848164597549	-0.0585728827786126	NA	NA
GSE17569_1	-0.0123572757450015	-0.0537357885194462	NA	NA
GSE17569_2	-0.0107742972020028	-0.0467988063635486	NA	NA
GSE17570_1	-0.0130663032009106	-0.0658125675710822	NA	NA
GSE17570_2	-0.00780932562524632	-0.038434322704592	NA	NA
GSE18991_1	0	-0.0117686162874191	NA	NA
GSE18992_1	0.00107296137339056	0.0147564773779763	NA	NA
GSE19299_1	0.00952905266300971	0.0385491319813514	NA	NA
GSE20850_1	0.0108409354961323	0.0502246676806336	NA	NA
GSE21093_1	-0.0252560948916064	-0.0844486121511299	NA	NA
GSE21523_1	0.0441018791188334	0.078977615138465	NA	NA
GSE21639_1	0.00329473136406543	-0.0430987071138689	NA	NA
GSE21639_2	-0.000300247117723973	0.0076181497824732	NA	NA
GSE21639_3	-0.0180693107197067	-0.0495351759577589	NA	NA
GSE21639_4	-0.0160942047408492	-0.0283236042177356	NA	NA
GSE21710_1	-0.0269511053693792	-0.0989533645958566	NA	NA
GSE21710_2	-0.0219610478461787	-0.0849489469560378	NA	NA
GSE21710_3	-0.0204562114047905	-0.07077661630398	NA	NA
GSE22925_1	0.044934812430743	0.0948901545005399	NA	NA
GSE22925_2	0.029838284505822	0.086646023153262	NA	NA
GSE26499_1	0.0131330859541639	0.0165555669927653	NA	NA
GSE30160_1	-0.0247101616478012	-0.0953305477529102	NA	NA
GSE30628_1	0.00850857569595227	0.0402743782002394	NA	NA
GSE30628_2	0.00585921880359673	0.0605956693051448	NA	NA
GSE32163_1	-0.0169972011958137	-0.0813872811989716	NA	NA
GSE33656_1	-0.0424855411540311	-0.111276313805217	NA	NA
GSE33754_1	0.0106334417694267	0.00472785379233721	NA	NA
GSE33754_2	0.0101791787280143	0.0338982015067278	NA	NA
GSE33754_3	0.00131825255812864	0.00312872526004304	NA	NA
GSE34570_1	-0.0403732385375403	-0.136305492647642	NA	NA
GSE35003_1	-0.00591379997383671	-0.0316388374435697	NA	NA
GSE35466_1	0.117804536560639	0.308016099512979	NA	NA
GSE35466_2	0.0639560298981992	0.176799543292494	NA	NA
GSE35466_3	0.0926602439704915	0.24521258210141	NA	NA
GSE35466_4	0.0702428797976114	0.186385150284088	NA	NA
GSE35466_5	0.063687664480057	0.167249593665041	NA	NA
GSE36925_1	0.00210501746256786	0.0225704998671668	NA	NA
GSE36925_2	0.046175167755993	0.100927592075055	NA	NA
GSE36925_3	0.0464329797876388	0.0976515094466404	NA	NA
GSE37219_1	0.00972027902073343	0.0359636352278577	NA	NA
GSE37676_1	0.0130307180474749	0.0313374395211026	NA	NA
GSE41342_1	-0.0102673595444217	-0.0974764912139937	NA	NA
GSE41342_2	-0.00831121643704104	-0.0447579886268018	NA	NA
GSE41342_3	-0.000874680290892243	0.0379877732544724	NA	NA
GSE41342_4	-0.0155340396842524	-0.125395050957331	NA	NA
GSE41997_1	-0.00395195550795191	-0.0389274735214189	NA	NA
GSE43242_1	-0.00909663671300406	-0.0408337104593053	NA	NA
GSE43242_2	0.00175671307563466	0.00257795562786046	NA	NA
GSE43663_1	-0.0051254711863704	-0.066120757280402	NA	NA
GSE43854_1	0.039749324569994	0.159376391456247	NA	NA
GSE45656_1	0.0048738233402674	0.0103884629967228	NA	NA
GSE45656_2	-0.0124974809064555	-0.0640639651360618	NA	NA
GSE45656_3	-0.0270362536185925	-0.124941108416535	NA	NA
GSE45793_1	0.000270349969374898	0.0178947495193867	NA	NA
GSE45793_2	0.0185832972296756	0.0561032868315242	NA	NA
GSE45793_3	-0.00658958198303623	-0.000343401960613753	NA	NA
GSE45793_4	0.0214434527960353	0.0665044862913773	NA	NA
GSE45793_5	-0.00207059023362767	0.00262023668273915	NA	NA
GSE46390_1	-0.00203002325543647	0.0209306994616667	NA	NA
GSE48438_1	0.0220506346968478	0.072224700985297	NA	NA
GSE50549_1	-0.00433500098386999	-0.0130862151674313	NA	NA
GSE50549_2	0.0014415593799497	0.00337541982693357	NA	NA
GSE51098_1	0.0175487391736639	0.0719352613229891	NA	NA
GSE53857_1	-0.00660724871306931	-0.0158454109003737	NA	NA
GSE53857_2	0.00297904725522982	0.0353991535713757	NA	NA
GSE53857_3	0.000917812458854281	-0.00836861874550982	NA	NA
GSE53982_1	-0.0427700831965885	-0.127116881872779	NA	NA
GSE53982_2	0.0167588820367435	0.106443156527137	NA	NA
GSE54779_1	0.074023808526876	0.274421805237033	NA	NA
GSE55900_1	-8.05648016621791e-05	0.125066837681827	NA	NA
GSE57104_1	-0.00704660182276011	0.0054513237742985	NA	NA
GSE59387_1	0.031096634466529	0.050167524306862	NA	NA
GSE60401_1	-0.000129636536287593	0.0388431485911618	NA	NA
GSE60401_2	-0.0208167358982124	-0.0448889128088903	NA	NA
GSE60651_1	-0.0947694355209051	-0.230035046023613	NA	NA
GSE60737_1	0.0713623486270144	0.279339372620403	NA	NA
GSE60761_1	0.00310686069916235	0.0772844600797964	NA	NA
GSE60761_2	-0.00106379076336158	-0.116810433640618	NA	NA
GSE60761_3	0.0243534818986382	0.139314864989408	NA	NA
GSE60761_4	0.0488609754055592	0.241803417420641	NA	NA
GSE63017_1	0	-0.000675615892411768	NA	NA
GSE63017_2	0	-0.0107446289733063	NA	NA
GSE63017_3	0.000754265309013707	-0.0276168718872199	NA	NA
GSE63017_4	-0.0027521425558402	-0.0249150548392023	NA	NA
GSE63939_1	-0.0172404742382628	-0.0214576684558824	NA	NA
GSE63939_2	-0.000227207857086048	0.0173255153286042	NA	NA
GSE64141_1	-0.0325169269320212	-0.113379746888579	NA	NA
GSE64965_1	0.0292842055351565	0.1021842456275	NA	NA
GSE65745_1	0	0.0467819165628429	NA	NA
GSE65745_2	-7.7972709551657e-05	0.0320392476310888	NA	NA
GSE65745_3	0	0.050772882390906	NA	NA
GSE66416_1	-0.0285551760635245	-0.0376514369117737	NA	NA
GSE66862_1	-0.00611127126984196	-0.0372739518326463	NA	NA
GSE69108_1	0.00669746225798739	0.0317221490647811	NA	NA
GSE71565_1	0.0148184739713047	0.0525817770899318	NA	NA
GSE72261_1	-0.0102448807528052	-0.0160365977587457	NA	NA
GSE72261_2	0.00382613547615444	0.0399435047921584	NA	NA
GSE72261_3	0.00347506185067402	0.0320657217266111	NA	NA
GSE7683_1	-0.0185600671291478	-0.0687695189818059	NA	NA
GSE7683_2	-0.0212421217422137	-0.0808392490517546	NA	NA
GSE78980_1	0.00392994998105307	0.0203771387974281	NA	NA
GSE78980_2	0.000835403501917578	-0.0377184581457889	NA	NA
GSE78980_3	-0.00430982314809005	0.0203479571254828	NA	NA
GSE78980_4	0.0153813886485037	0.114783204268531	NA	NA
GSE78980_5	0.0019233864350103	-0.0141492024518485	NA	NA
GSE78980_6	-0.00404007478698128	-0.0103225040311976	NA	NA
GSE78980_7	-0.0269354254321534	-0.0627357529803532	NA	NA
GSE78980_8	-0.0478221542182888	-0.128253824200187	NA	NA
GSE78980_9	-0.0203866843559344	-0.0599636750272557	NA	NA
GSE78980_10	-0.0538265681709363	-0.128613098258449	NA	NA
GSE81399_1	-0.0128852823089456	-0.0140577332129783	NA	NA
GSE84609_1	-0.034229986897747	-0.0734699243889387	NA	NA
GSE84907_1	0.0329008736060437	0.119339692770376	NA	NA
GSE84907_2	0.0202483935933155	0.0442984521389198	NA	NA
GSE84907_3	-0.0177089616878237	-0.106120613338978	NA	NA
GSE90127_1	-0.0170385108343546	-0.0623558421508767	NA	NA
GSE90127_2	-0.0141262122527593	-0.0789720926338356	NA	NA
GSE90127_3	-0.00910751129701111	-0.0126301841565897	NA	NA
GSE9247_1	-0.00740770444258858	-0.0388638214527632	NA	NA
GSE9247_2	-0.0141601423578213	-0.0530699090533302	NA	NA
GSE9247_3	-0.0130819829882317	-0.118488764951712	NA	NA
GSE99306_1	-0.00779343415979032	-0.0163857118799843	NA	NA
GSE99306_2	-0.0187616406251363	-0.0603443880700028	NA	NA
GSE99306_3	0.00560859358952661	0.067422718222585	NA	NA
GSE99306_4	-0.0224725007603417	-0.0744356600857909	NA	NA
GSE99306_5	-0.0201713419063934	-0.0453065337884364	NA	NA
GSE99306_6	-0.0240793442109629	-0.0943669019621407	NA	NA
GSE99306_7	0.0245865722721001	0.127009917684875	NA	NA
GSE99306_8	-0.00929361805938077	-0.0305738522308771	NA	NA
GSE99306_9	-0.0119112307453249	-0.0570594164663494	NA	NA
GSE99306_10	0.0107219710797482	0.0790021190147398	NA	NA
GSE99306_11	-0.0118050783584395	-0.0184567414217533	NA	NA
GSE99306_12	-0.0248294696704369	-0.0961789283958094	NA	NA
GSE99306_13	0.0285789522499627	0.121014176582697	NA	NA
GSE99414_1	0.00426711171085159	0.00229584963149133	NA	NA
GSE110581_1	0.00260677159091131	0.0360831898182165	NA	NA
GSE110581_2	0.00316455696202532	0.0445418263406262	NA	NA
GSE47799_1	-0.00415681686896277	-0.00892413127953214	NA	NA
GSE47799_2	-0.00451713699227696	-0.0187108158787881	NA	NA
GSE47799_3	-0.00475826652351385	0.0106678172397177	NA	NA
GSE111628_1	0.00411125117963127	0.0353054968474668	NA	NA
GSE111628_2	-0.000225610335328204	0.00552776865997462	NA	NA
GSE111628_3	-0.00270615169037698	0.0236799806625322	NA	NA
GSE5657_1	0.00539886665908629	-0.0302886241182621	NA	NA
GSE5657_2	0.00106014518218333	-0.0380244977502853	NA	NA
GSE13782_1	0.067239806257099	0.198404791892202	NA	NA
GSE41039_1	0.000997607129751792	0.0214697579721064	NA	NA
GSE84198_1	-0.00761685209014445	-0.0407405169475462	NA	NA
GSE84198_2	-0.0148596732633151	-0.0717139936635382	NA	NA
GSE84198_3	-0.00831992163024553	-0.0133912136977461	NA	NA
GSE114469_1	0.00685818494343955	0.0343004281680072	NA	NA
GSE108036_1	-0.00397278888486323	-0.0018910810580893	NA	NA
GSE60451_1	0.035699602495336	0.108679530124598	NA	NA
GSE47902_1	-0.00087560945503919	-0.101858544372021	NA	NA
GSE44325_1	-0.000369275596225065	0.000878507537056057	NA	NA
GSE4481_1	-0.00476872134037492	-0.026947601548167	NA	NA
GSE4481_2	0.00934155588698096	0.0846048038185649	NA	NA
GSE4481_3	0.00301695478723404	0.0736130066428559	NA	NA
GSE102292_1	0.0259919430555587	0.0551067055822271	NA	NA
GSE102292_2	-0.00909669710264742	-0.0215173008648461	NA	NA
GSE102292_3	-0.0244466105177328	-0.116040766371316	NA	NA
GSE102292_4	-0.0548849659911296	-0.195716825097992	NA	NA
GSE41898_1	-0.0501248904527255	-0.13607772605976	NA	NA
GSE87605_1	0.0361052097174128	0.121768584803794	NA	NA
GSE87605_2	0.0227791100436274	0.110741456662115	NA	NA
GSE87605_3	0.0430851207711114	0.162796032921816	NA	NA
E-GEOD-54216_1	0.000755795007810794	-0.00664536764006798	NA	NA
E-GEOD-54216_2	-0.00585144092221901	-0.034691397151432	NA	NA
E-GEOD-54216_3	-0.0181820478707997	-0.0591880177149616	NA	NA
E-GEOD-6119_1	0.0962901004947617	0.291639237898706	NA	NA
E-GEOD-6119_2	0.0965402590260432	0.292621662552933	NA	NA
E-GEOD-6119_3	0.0919899185941955	0.290887665937394	NA	NA
E-GEOD-8077_1	-0.00803533506866899	-0.0632004754847368	NA	NA
E-GEOD-8077_2	-0.00307763835998683	0.0140868675397715	NA	NA
E-GEOD-8077_3	0.00415257543285495	0.0632887109149809	NA	NA
GSE103416_1	0.0490920005385008	0.14624797982076	NA	NA
GSE103416_2	0.0215964505986709	0.071214331196534	NA	NA
GSE103416_3	-0.00136856498477229	0.0118928305437094	NA	NA
GSE19950_1	0.00615481285544625	0.0309505494297796	NA	NA
GSE30322_1	-0.0159070060830588	-0.0894678396194239	NA	NA
GSE30322_2	-0.00962186932096535	-0.0396245638634736	NA	NA
GSE30322_3	0.000337225029884304	-0.0156560891428637	NA	NA
GSE42295_1	0.00408548584692416	0.0202650110130241	NA	NA
GSE42295_2	0.00620645276870853	0.000250309332754171	NA	NA
GSE42295_3	0.00714707459902271	-0.00746963019015863	NA	NA
GSE66554_1	-0.0463199902351106	-0.139329782398808	NA	NA
GSE66554_2	-0.0497149208008338	-0.118472729489041	NA	NA
GSE66554_3	-0.0213161797552152	-0.0674118587525862	NA	NA
GSE66554_4	-0.00227719581274157	0.0179771462776212	NA	NA
GSE74898_1	-0.00588882449793302	-0.0554532439310705	NA	NA
GSE74898_2	-0.00718023969641151	-0.0466176636974023	NA	NA
GSE74898_3	-0.010401269709726	-0.0516634815249427	NA	NA
GSE79176_1	0	-0.0149304070441589	NA	NA
GSE79176_2	0.000944205066850457	-0.0146933747024907	NA	NA
GSE79176_3	-7.7972709551657e-05	-0.00235243965839291	NA	NA
GSE85785_1	0.0267520388939883	0.0774380172174263	NA	NA
GSE16981_1	0.00772603401950806	0.0313751008200951	NA	NA
GSE16981_2	-0.0236748684046011	-0.0673903876572485	NA	NA
GSE16981_3	0.0186039240028436	0.0688679817963196	NA	NA
GSE16981_4	0.0186039240028436	0.0688679817963196	NA	NA
GSE16981_5	0.00983765891400759	0.0412317275049541	NA	NA
GSE16981_6	-0.0121999292184789	-0.0470817669763797	NA	NA
GSE16981_7	0.00115418878209625	0.0071843039740545	NA	NA
GSE29859_1	0.0231502644193864	0.0874192344604031	NA	NA
GSE29859_2	-0.000819048793521602	-0.00691311282468144	NA	NA
GSE23492_1	-0.000769736597181388	-0.0159718629125131	NA	NA
GSE23492_2	0.00359118487255929	0.0309029220460027	NA	NA
GSE23492_3	-0.0247062258746912	-0.0991606219125063	NA	NA
GSE23492_4	-0.0203447343502383	-0.0701555706836101	NA	NA
GSE23492_5	0.0206808369038317	0.0848587422300455	NA	NA
GSE44991_1	-0.00297936029403143	-0.00315018192996273	NA	NA
GSE44991_2	-0.00784066380996788	-0.0585538941163037	NA	NA
GSE39796_1	-0.00969644694368008	-0.0302591209622406	NA	NA
GSE39796_2	-0.01683126903473	-0.0504252807421195	NA	NA
GSE39796_3	0.00523425130954755	0.0154329023330255	NA	NA
GSE18394_1	-0.00297612715878479	-0.0218979022907904	NA	NA
GSE18394_2	-0.00805362312249179	-0.000539239477861811	NA	NA
GSE18394_3	-0.00256198243641935	-0.0230523627683861	NA	NA
GSE29233_1	0.0184553668561858	0.0642861590370623	NA	NA
E-MEXP-2291_1	0.00815511265918209	0.0236666685634016	NA	NA
E-MEXP-2291_2	-0.00219673335236533	0.0109292090838443	NA	NA
E-MEXP-2291_3	-0.00343851979495081	0.0119293690663655	NA	NA
GSE18738_1	-0.014942149596295	-0.0354236754839242	NA	NA
GSE107363_1	-0.00933623973061999	-0.0398569521614626	NA	NA
GSE85761_1	-0.00747034610769868	-0.0026260899199665	NA	NA
GSE89179_1	-0.0164372646868116	-0.0721940646225614	NA	NA
GSE89179_2	0.00843094058803676	0.0212163615253245	NA	NA
GSE89179_3	-0.00624412083170459	-0.0166052904302732	NA	NA
GSE89179_4	-0.0100278264629271	-0.0197893274963464	NA	NA
GSE89179_5	0.0224136534822438	0.0487780567050255	NA	NA
GSE89179_6	0.00408019337472569	0.0141297157598352	NA	NA
GSE89179_7	0.0154782569732941	0.0422197458286228	NA	NA
E-GEOD-57723_1	0.0488529071326417	0.142306719474122	NA	NA
E-GEOD-57723_2	0.0165291186904376	0.020837475578733	NA	NA
E-GEOD-57723_3	0.0376953231666655	0.102301577568497	NA	NA
E-GEOD-83930_1	-0.000601252681813744	-0.000892784418486331	NA	NA
GSE100268_1	0.0407090430374914	0.0925981232130276	NA	NA
E-GEOD-55769_1	0.00790554162717774	0.0125332486447151	NA	NA
E-GEOD-55769_2	0.00320014975187389	0.0331782807816168	NA	NA
E-GEOD-55769_3	0.014859344217221	0.0473852702674087	NA	NA
E-GEOD-69110_1	0.0013065159274342	-0.0339483245240594	NA	NA
E-MTAB-4304_1	-0.00109654389463082	0.0383940687952239	NA	NA
E-MTAB-4879_1	-0.00267275906817083	0.00433330045393369	NA	NA
E-MTAB-4879_2	-0.00448214040553938	0.00067984639278163	NA	NA
E-MTAB-4879_3	0.00309356534171126	0.0154695630237357	NA	NA
E-MTAB-4879_4	-0.0111850163456567	-0.0351196160807448	NA	NA
Cytokine_Explant_1	0.0111192923660345	0.039410844386473	NA	NA
Cytokine_Explant_2	0.0582607932419915	0.171386517615973	NA	NA
Cytokine_Explant_3	0.0703775619149284	0.20960499075354	NA	NA
Cytokine_Explant_4	-0.0127162409296529	-0.0359494042457046	NA	NA
Cytokine_Explant_5	0.027490913834778	0.08878331949642	NA	NA
FN1_Explant_1	0.0274023392190847	0.185427655604727	NA	NA
E-MTAB-6266_1	-0.0186815677004583	-0.0545884415272317	NA	NA
E-MTAB-6266_B_1	-0.0188603491265486	-0.0676534456788559	NA	NA
E-MTAB-6266_B_2	-0.011981386632548	-0.0308613320117088	NA	NA
E-MTAB-6266_B_3	0.00534982259926431	0.0442046598380014	NA	NA
GSE74220_1	0.0544651340847576	0.21231993941986	NA	NA
GSE114007_1	-0.00424173184886003	0.00790110895091893	NA	NA
GSE109503_1	-0.0223433502323039	-0.0706421190436459	NA	NA
GSE109503_2	0.00523781117630783	-0.00750910641186768	NA	NA
GSE109503_3	-0.0302137088727115	-0.0847643173123889	NA	NA
GSE109503_4	-0.00775415156423507	-0.0170747990392447	NA	NA
GSE109503_5	0.00445630369415943	0.0278576659621309	NA	NA
GSE109503_6	0.00106950955220098	0.0233116829882339	NA	NA
GSE109108_1	0.0244766689628563	0.0722598939621916	NA	NA
GSE109108_2	0.0384697396155275	0.0796299208683361	NA	NA
GSE109108_3	-0.00183169534917965	0.00275942327839173	NA	NA
GSE109108_4	-0.00360557574645807	0.0190776776650723	NA	NA
GSE70667_1	0.00187226283314068	0.00504487298434483	NA	NA
GSE87608_1	-0.00405753158017443	-0.0686979968919503	NA	NA
GSE87608_2	0.0123636884256154	-0.0209497798402597	NA	NA
GSE87608_3	-0.00248959552640703	-0.0206901108273972	NA	NA
GSE87608_4	-0.0165977358674836	-0.0408782045124016	NA	NA
GSE90890_1	-0.0267283666702256	-0.063907691321571	NA	NA
GSE97118_1	-0.00193149774170004	-0.00588289656863505	NA	NA
GSE97118_2	-0.00455643415816316	0.00681705493834136	NA	NA
GSE97118_3	0.00269838086142324	0.020278050359992	NA	NA
GSE97118_4	0.000871802207241954	-0.00318328790992129	NA	NA
GSE97118_5	0.00435241225310033	0.0391583198967049	NA	NA
GSE97118_6	-0.00695597245933386	0.0222860029185425	NA	NA
GSE97118_7	-0.00643662314693988	-0.0177758497716826	NA	NA
GSE107592_1	0.0157781921457315	0.0712743605461226	NA	NA
GSE92641_1	0.0228455061174401	0.0585046973555943	NA	NA
GSE107849_1	0.0136102681300743	0.0450157000638858	NA	NA
E-ERAD-89_1	0.00280527713878848	-0.00619669791958967	NA	NA
E-ERAD-89_2	-0.00373134328358209	-0.00968558499904516	NA	NA
E-ERAD-89_3	-0.00446496446615674	-0.00419769995618948	NA	NA
E-ERAD-89_4	0	-0.0100072708560109	NA	NA
E-GEOD-45893_1	0	-0.0604115453771914	NA	NA
E-GEOD-53105_1	0.00774499916272562	0.0232177326740555	NA	NA
E-GEOD-53105_2	-0.00254252431716169	-0.0370019286302161	NA	NA
E-GEOD-54461_1	-0.0140447970631647	-0.0467072921821666	NA	NA
E-GEOD-54461_2	-0.0112882442246771	-0.0381555213750165	NA	NA
E-GEOD-54461_3	0.000440697330329139	-0.0161211008857128	NA	NA
E-GEOD-54461_4	0.0144144156655863	0.00181065681901901	NA	NA
E-GEOD-54461_5	0.0306664799043869	0.0854229416522152	NA	NA
E-GEOD-54461_6	0.0363277554572771	0.111193660439919	NA	NA
E-GEOD-54461_7	0.0265993210852091	0.0955414631614844	NA	NA
E-GEOD-54461_8	0.0190077378731201	0.0915989200685908	NA	NA
E-GEOD-73372_1	-0.0435255457441513	-0.130100953165419	NA	NA
E-GEOD-73372_2	-0.00482376634385642	0.0121658711161455	NA	NA
E-GEOD-73372_3	0.0519949626392331	0.175622289827206	NA	NA
E-GEOD-75549_1	0.085334984816066	0.344220327130478	NA	NA
E-GEOD-76988_1	0.016554955317818	0.0529900027907396	NA	NA
E-MTAB-2923_1	-0.036179318316447	-0.142962004465516	NA	NA
E-MTAB-2923_2	0.0308441510512792	0.150588601843144	NA	NA
E-MTAB-2923_3	0.0157027009669588	0.0696865236552608	NA	NA
E-MTAB-2923_4	0.00315399662571922	0.0121982615548402	NA	NA
E-MTAB-3428_1	0.0407707656695143	0.170046088656476	NA	NA
E-MTAB-3428_2	-0.0124953445213592	-0.0591507399880241	NA	NA
E-MTAB-3428_3	0.00259833906836555	0.0373589226808409	NA	NA
E-MTAB-3428_4	0.0385273767434337	0.154513231753943	NA	NA
GSE102856_1	0.0145222082915069	0.0779320604889104	NA	NA
GSE103492_1	0.00596431493496942	0.0260143147608125	NA	NA
GSE103492_2	0.022937238325361	0.0624107776517931	NA	NA
GSE103492_3	0.0198945824211889	0.0654610466510468	NA	NA
GSE103492_4	0.00189839392461151	0.0233458575955088	NA	NA
GSE103492_5	0.0166022499437743	0.00697455347585012	NA	NA
GSE103492_6	0.0201550098170216	0.0276303122539457	NA	NA
GSE103492_7	0.00632407898066537	0.0242646778932877	NA	NA
GSE103492_8	0.0187359092921837	0.035441454202706	NA	NA
GSE103492_9	0.0180220449432741	0.0426734944790109	NA	NA
GSE103492_10	-0.00464837701535523	0.00900928494701222	NA	NA
GSE106259_1	-0.0747157310763059	-0.206813098366546	NA	NA
GSE110303_1	-0.0024108509890786	-0.00734968101946453	NA	NA
GSE110303_2	0.00521021070734858	0.0561220615927541	NA	NA
GSE110303_3	0.00292993890294362	0.0220621209736108	NA	NA
GSE110300_1	-0.00312295900594051	-0.0322487324764246	NA	NA
GSE110300_2	9.58939749672093e-05	-0.119878660359708	NA	NA
GSE110300_3	-0.00151731876744507	-0.0167422801075498	NA	NA
GSE110281_1	0.00899316180176273	0.0500122259600462	NA	NA
GSE110281_2	0.0138157725290824	0.0589552325528248	NA	NA
GSE110281_3	0.00641683564281609	0.0137973884532513	NA	NA
GSE104459_1	-0.000207871065351844	-0.0183818820888955	NA	NA
GSE104459_2	0.000923402047707588	0.00199003823990634	NA	NA
GSE104459_3	-0.00461962844111324	-0.0209688924055067	NA	NA
GSE110051_1	0.000826765925732069	0.0202264634618686	NA	NA
GSE110051_2	0.0025349045791097	0.0326338505686852	NA	NA
GSE110051_3	0.0054092480001922	0.0373933737756978	NA	NA
GSE112694_1	-0.0040912124575309	0.00855137014814018	NA	NA
GSE112694_2	0.00836708014560702	0.038693455664854	NA	NA
GSE112694_3	-0.0284099877309362	-0.0884758099472665	NA	NA
GSE112694_4	-0.00281466929358528	-0.0157932951027693	NA	NA
GSE97232_1	0.00613496932515337	0.0578564435934682	NA	NA
GSE114079_1	-0.00101626532547585	0.0232264601783372	NA	NA
GSE114079_2	0.000967058555586969	-0.00213411788921794	NA	NA
GSE114079_3	-0.00190347467207965	-0.0233087094720282	NA	NA
GSE114079_4	0.00469365802639206	0.0246073730871685	NA	NA
GSE104828_1	0.0629969487425894	0.198864365777427	NA	NA
GSE114521_1	-0.000964732941477128	0.0449616591455243	NA	NA
GSE114521_2	0.00804153328664115	0.0497085616384419	NA	NA
GSE112413_1	-0.00439651338094547	-0.039968878682883	NA	NA
GSE112413_2	0.00942461768678848	0.0522565845665609	NA	NA
GSE101909_1	0.00592838931988064	0.0172326896836586	NA	NA
GSE101909_2	-0.00904245754343148	-0.0181764251126196	NA	NA
GSE114919_1	-0.0124017005845997	-0.0419693600360041	NA	NA
GSE114919_2	0.00519407120395397	0.0155362255342151	NA	NA
GSE114919_3	-0.0128752692765511	-0.0507756406593457	NA	NA
GSE114919_4	-0.0144167409607831	-0.0516072697004702	NA	NA
GSE114919_5	0.00780813847903227	0.0254524583768687	NA	NA
E-MTAB-5879_1	0.0166101020364105	0.0628674994736365	NA	NA
E-MTAB-5879_2	0.0205924859872471	0.0646643605134167	NA	NA
E-MTAB-5879_3	0.0231606474169538	0.0836924754042756	NA	NA
E-MTAB-5879_4	0.0260514401067382	0.0840497186879201	NA	NA
E-MTAB-5879_5	0.0124735094332261	0.0251417552903582	NA	NA
E-MTAB-5879_6	0.0277146762272594	0.0973497150849424	NA	NA
E-MTAB-5879_7	0.0323172878309522	0.0790774426049103	NA	NA
E-MTAB-5879_8	0.0170540879606412	0.0385417204693293	NA	NA
E-MTAB-5879_9	-0.00587161728958815	-0.0651975482833554	NA	NA
E-MTAB-5879_10	0.0231244599098746	0.0277162129530256	NA	NA
E-MTAB-4294_1	0.0315836269355975	0.088029051032091	NA	NA
E-MTAB-4294_2	0.0288988504706584	0.0891154540546626	NA	NA
E-MTAB-4294_3	0.0138328718225767	0.0249446751337213	NA	NA
E-MTAB-3186_1	0.0230920294409703	0.110686955766309	NA	NA
E-MTAB-3186_2	0.0253425607189172	0.0841326028832562	NA	NA
E-MTAB-3186_3	0.0207468569664241	0.055836362099379	NA	NA
E-MTAB-3186_4	0.0123170212594429	0.0519875586259943	NA	NA
GSE114919_Rat_1	-0.0114208175045637	-0.0496737903245527	NA	NA
GSE114919_Rat_2	0.0195329732781268	0.0716869679020821	NA	NA
GSE114919_Rat_3	-0.0178923932936536	-0.0504139518963123	NA	NA
GSE114919_Rat_4	-0.0171602867240482	-0.074487525906449	NA	NA
GSE114919_Rat_5	0.00494550743771395	0.0158429074014366	NA	NA
