comparisonID	jaccard	cosine	sigjaccard	chrDir
22659600_1	-0.00898690143138501	-0.0190351890832086	NA	NA
24361742_1	-0.0245891076086423	-0.119225318020077	NA	NA
GSE72258_1	0.000242248062015504	0.0123152042730232	NA	NA
GSE72258_2	0	0.0262299957762958	NA	NA
GSE69531_1	-0.0333620508780738	-0.050510978453712	NA	NA
GSE69531_2	-0.125268591701423	-0.256609532056281	NA	NA
GSE69531_3	-0.123729738047682	-0.298734123656407	NA	NA
GSE69531_4	-0.0333620508780738	-0.050510978453712	NA	NA
GSE58203_1	-0.00375459127182993	-0.0121843365530732	NA	NA
GSE58203_2	-0.0133236886323282	-0.0363991837975626	NA	NA
GSE58203_3	-0.0203473341017051	-0.0296872007336024	NA	NA
GSE58203_4	-0.0345725133469297	-0.0497377565615563	NA	NA
GSE58203_5	-0.00350672434367697	-0.0167912772245621	NA	NA
GSE58203_6	-0.0229470086788245	-0.0765788331797249	NA	NA
GSE58203_7	-0.050727267606271	-0.0842088109259048	NA	NA
GSE58203_8	-0.0681986230599217	-0.118766723839138	NA	NA
GSE59642_1	0.0417679018703319	0.0839583618109965	NA	NA
GSE59642_2	-0.0159566013689029	-0.0338223862083737	NA	NA
GSE59642_3	-0.0625454478393931	-0.142571581317259	NA	NA
GSE64922_1	0.0159837187000987	0.00986947149790262	NA	NA
GSE60162_1	-0.00623126487551929	0.00307441789628516	NA	NA
GSE31685_1	0.0127558803453256	0.0378325879279441	NA	NA
E-MEXP-3890_1	-0.0240325059481698	-0.0180623297018864	NA	NA
GSE31980_1	-0.0213604713440659	-0.027961866688907	NA	NA
GSE15615_1	0.00791908476622822	0.0242895684751851	NA	NA
GSE15083_1	-0.000467071977100728	0.000359533479048783	NA	NA
GSE108035_1	-0.00320149134768825	-0.0148930953014806	NA	NA
GSE108035_2	-0.0482216418985683	-0.0853512859986103	NA	NA
GSE108035_3	-0.0476896344904773	-0.0954002293185142	NA	NA
GSE21959_1	0.00651289007530656	0.00684105754080172	NA	NA
GSE21959_2	-0.000856658554934943	0.00338020203485559	NA	NA
GSE24742_1	-0.00161809305338372	-0.00602594235617484	NA	NA
GSE24742_2	0.000728050965791696	0.03908044747006	NA	NA
GSE24742_3	0.0065135967772177	0.0390226167243867	NA	NA
GSE74668_1	0.00129393569821067	-0.00428278720925133	NA	NA
E-GEOD-10024_1	-0.00359194868896325	-0.00666715076591789	NA	NA
E-GEOD-10024_2	-0.00524983105305462	-0.011381217898678	NA	NA
E-GEOD-12860_1	-0.00168883378006857	-0.0125215351335663	NA	NA
E-GEOD-12860_2	0.0094975413247855	0.0101581400082294	NA	NA
E-GEOD-12860_3	0.0104341731597352	0.0185293875345113	NA	NA
E-GEOD-12860_4	0.00959668394153119	0.0212719079421476	NA	NA
E-GEOD-12860_5	-0.00017390170912053	-0.00609842736629825	NA	NA
E-GEOD-12860_6	0.0130519764244624	0.0209687498795566	NA	NA
E-GEOD-12860_7	0.00458678047712688	0.00331932843362678	NA	NA
E-GEOD-12860_8	4.01950856529845e-05	-0.00777828660953876	NA	NA
E-GEOD-14359_1	-0.0537152913445291	-0.121187554583121	NA	NA
E-GEOD-14359_2	0.0290718993171216	0.0803932139133153	NA	NA
E-GEOD-1919_1	-0.00250413491681416	-0.00976451152354295	NA	NA
E-GEOD-1919_2	-0.00293426662828118	0.0125284498916883	NA	NA
E-GEOD-1919_3	0.00419095247292705	0.0226636546626398	NA	NA
E-GEOD-1919_4	0.00188444655557083	-0.0158305162088808	NA	NA
E-GEOD-1919_5	0.00283834863307553	0.00452315979040387	NA	NA
E-GEOD-1919_6	0.00276397646323675	-0.0116162510753004	NA	NA
E-GEOD-1919_7	0.00522719407880788	0.0178860508025601	NA	NA
E-GEOD-1919_8	0.00447896530549423	-0.0032219398961248	NA	NA
E-GEOD-1919_9	0.00222062189106833	0.0319787143205474	NA	NA
E-GEOD-19664_1	-0.0302490522045401	-0.0616977399201328	NA	NA
E-GEOD-19664_2	0.0221013008794387	0.0439504708402523	NA	NA
E-GEOD-19664_3	0.0207281836682249	0.0355346241973644	NA	NA
E-GEOD-19664_4	-0.0177867956908729	-0.0504656397336144	NA	NA
E-GEOD-19664_5	0.014423367155438	0.0327004268180226	NA	NA
E-GEOD-19664_6	-0.00392992873254438	-0.0306974200097689	NA	NA
E-GEOD-43923_1	0.0516362018004585	0.125380424638495	NA	NA
E-GEOD-51812_1	0.034261267502805	0.0700773202423032	NA	NA
E-GEOD-51812_2	0.0459999691569884	0.0957026415798028	NA	NA
E-GEOD-68760_1	-0.0152939127665855	-0.016616115379662	NA	NA
E-GEOD-82107_1	-0.00537806332594821	-0.016658334204601	NA	NA
E-GEOD-9451_1	0.00928957014983069	0.0141515007607589	NA	NA
E-GEOD-9451_2	0.0218891665061911	0.0492227503863596	NA	NA
E-GEOD-9451_3	0.0407906354954768	0.100268719097696	NA	NA
E-GEOD-9451_4	0.0452081197812243	0.0954207926466632	NA	NA
E-MEXP-2019_1	0.0124659110522589	0.0305839747255982	NA	NA
E-MEXP-2019_2	-0.0247039130845932	-0.0511788948815461	NA	NA
E-MEXP-2019_3	0.0193169927828337	0.0483387511322693	NA	NA
E-MEXP-2019_4	-0.00683843876527294	-0.0161289204210195	NA	NA
E-MEXP-2276_1	-0.004565140291937	-0.0545212262175469	NA	NA
E-MEXP-2488_1	0.0313621855796611	0.0529190435771924	NA	NA
E-MEXP-3129_1	-0.00382226032552326	-0.0503176353662509	NA	NA
E-MEXP-3474_1	0.0144963790906641	0.0315813690129114	NA	NA
E-MTAB-3010_1	-0.0329234372636623	-0.0543307627944615	NA	NA
E-MTAB-3010_2	-0.02946648882903	-0.0480704692403133	NA	NA
E-MTAB-3010_3	0.00288658783609855	0.0112913246239498	NA	NA
E-MTAB-3010_4	0.0233178401280194	0.0632059992094201	NA	NA
E-MTAB-4152_1	-0.00944797415712335	-0.0533749713772144	NA	NA
E-MTAB-4152_2	-0.00254166710290585	-0.0555833412550359	NA	NA
E-MTAB-4152_3	-0.0163449727471524	-0.0956854020526087	NA	NA
GSE100609_1	-0.00214775122100105	-0.0176000102756557	NA	NA
GSE100786_1	-0.000261407010746522	-0.0173549051154328	NA	NA
GSE100786_2	0.00140055586421878	0.00562229553291917	NA	NA
GSE103697_1	0	-0.00393051027569416	NA	NA
GSE103697_2	0	0.0164703218237442	NA	NA
GSE103697_3	0	0.00232456439988126	NA	NA
GSE104113_1	0.00489668751200274	0.007969118023563	NA	NA
GSE104113_2	-0.0118722382462949	-0.0302934085055094	NA	NA
GSE104113_3	0.00489668751200274	0.007969118023563	NA	NA
GSE10575_1	0.040756287467136	0.131685307110514	NA	NA
GSE10575_2	0.0111818332171942	0.0483996729512178	NA	NA
GSE10575_3	-0.0418283532772609	-0.0818987949252877	NA	NA
GSE13604_1	-0.000737969782379149	-0.0275947266727838	NA	NA
GSE13837_1	0.00117018878940498	-0.00755816095772686	NA	NA
GSE13837_2	-0.00483195746864113	-0.051733220141787	NA	NA
GSE13837_3	-0.00113619998808958	-0.0166194072889428	NA	NA
GSE13837_4	-0.016008979478226	-0.0304519771389848	NA	NA
GSE13837_5	-0.000775027944657423	0.000505925155609387	NA	NA
GSE13837_6	-0.00673252731893054	-0.0286826706643724	NA	NA
GSE13837_7	-0.00424387298289337	-0.0244191964599705	NA	NA
GSE13837_8	-0.0213299578441863	-0.0370313213489027	NA	NA
GSE13837_9	0.00878581045918237	0.00552345098566131	NA	NA
GSE13837_10	0.0035578493780524	-0.00490214960490743	NA	NA
GSE13837_11	0.00599284086473697	0.0139623202794373	NA	NA
GSE13837_12	0.00887200747967364	0.0183950474356034	NA	NA
GSE13837_13	-0.00348043480110431	0.00504968977510025	NA	NA
GSE13837_14	-0.00682293952866052	-0.021629700713006	NA	NA
GSE13837_15	-0.0189868293700903	-0.0281825130153375	NA	NA
GSE13837_16	-0.0307676774498206	-0.0589436311433426	NA	NA
GSE13837_17	0.000307346153352609	0.00562118551125017	NA	NA
GSE13837_18	-0.00371259579787235	-0.0188406229291312	NA	NA
GSE13837_19	-0.00779528365632345	-0.00199039301464276	NA	NA
GSE13837_20	-0.00400490804566211	-0.0133348441037999	NA	NA
GSE13837_21	0.00499483824429752	0.00254230106994223	NA	NA
GSE13837_22	0.000909212487823684	-0.00173179200354679	NA	NA
GSE13837_23	-0.00521886409493325	-0.0263116994364915	NA	NA
GSE13837_24	-0.0236654864723111	-0.0508406336840748	NA	NA
GSE16464_1	-0.0380262115754732	-0.112852808127362	NA	NA
GSE16464_2	-0.00624003086840289	-0.0111697104632355	NA	NA
GSE19060_1	0.00381174922644455	0.0415559252476419	NA	NA
GSE27372_1	-0.00920776866140074	-0.0537969750693673	NA	NA
GSE27390_1	0.00246580824882135	0.0149664090652399	NA	NA
GSE29106_1	0.00959241769478058	0.00979765545023044	NA	NA
GSE29107_1	0.0220320054453806	0.0241065557525304	NA	NA
GSE29107_2	0.0120730780677781	0.0320979041030344	NA	NA
GSE29745_1	-0.0475979068028359	-0.0808535532380759	NA	NA
GSE29745_2	-0.0145785600405849	-0.0211638334259674	NA	NA
GSE29745_3	-0.0615348320351914	-0.118057936575163	NA	NA
GSE35546_1	-0.000348003628338306	-0.00193744465512926	NA	NA
GSE35546_2	-0.00123670219941659	-0.00471715740838989	NA	NA
GSE35546_3	-0.00148686991363411	-0.00250409898736166	NA	NA
GSE35546_4	-0.00040162828340079	-0.00761775501214597	NA	NA
GSE35546_5	0.00239168956386016	-0.00578190848658144	NA	NA
GSE35546_6	0.00427247609120793	0.00323393380807481	NA	NA
GSE35955_1	-0.00311861632049577	-0.00781131136114763	NA	NA
GSE35956_1	-0.00466607836003602	-0.0253219353064832	NA	NA
GSE35957_1	0.0237006162545521	0.0720755649389986	NA	NA
GSE35958_1	0.00309700152883202	-0.00501736654240383	NA	NA
GSE39340_1	0.00444166807466291	0.0467098567699432	NA	NA
GSE39340_2	0.0135933934698357	0.0821910492565375	NA	NA
GSE39340_3	-0.00931570238709562	-0.0434277685585014	NA	NA
GSE39795_1	0.00613421542776003	0.0463296541934197	NA	NA
GSE39795_2	0.0319274021047165	0.103650820271159	NA	NA
GSE39795_3	0.0231830266839243	0.0958255502821952	NA	NA
GSE41038_1	0.0056334817169147	-0.000315631229526897	NA	NA
GSE41038_2	0.00281610404557574	0.00737512490888519	NA	NA
GSE41038_3	-0.000978891457747513	0.0215604913010026	NA	NA
GSE41992_1	-0.0248424291200417	-0.0373942765686094	NA	NA
GSE42235_1	0.018629377041368	0.105721937571016	NA	NA
GSE42235_2	0.0245976315695818	0.11787710930211	NA	NA
GSE42235_3	0.0256553379815609	0.115818404014707	NA	NA
GSE42235_4	0.0250349105335644	0.107782351276261	NA	NA
GSE45233_1	-0.000607587738702096	0.0117987959253437	NA	NA
GSE45233_2	0.0191437267626963	0.103037617232267	NA	NA
GSE45233_3	-0.000303193403532903	0.00375445473781194	NA	NA
GSE45233_4	-0.0257989699176787	-0.0718025806031194	NA	NA
GSE46053_1	-0.0117750260949159	-0.0266648972408093	NA	NA
GSE46053_2	-0.00281386563739125	-0.0185323433298205	NA	NA
GSE46750_1	0.00826116280052436	0.0625409568068191	NA	NA
GSE51588_1	0.0327744135108116	0.0551708536466666	NA	NA
GSE51588_2	0.0578826337871109	0.106481456216159	NA	NA
GSE51588_3	-0.0401523720087282	-0.0904035325417138	NA	NA
GSE52817_1	-0.0398056755666799	-0.0926628795297842	NA	NA
GSE52817_2	-0.00142325013978652	0.00730448634819319	NA	NA
GSE52817_3	-0.000736791966627036	-0.00170567289184137	NA	NA
GSE52817_4	-0.0200183056223789	-0.0637317931176228	NA	NA
GSE55235_1	-0.0169754287457615	-0.0551532832864357	NA	NA
GSE55235_2	0.00933497165782338	0.000865087667417691	NA	NA
GSE55235_3	0.0181252948801255	0.0432811027456291	NA	NA
GSE55457_1	-0.00349773380372057	-0.0015837924561273	NA	NA
GSE55457_2	0.00456165728200199	0.0283961428930321	NA	NA
GSE55584_1	0.00131837911358944	0.00920508171079996	NA	NA
GSE57218_1	0.000191377853709777	0.00524156522249327	NA	NA
GSE60762_1	0.000689189293902662	-0.00940165418849679	NA	NA
GSE62914_1	0.0139367272613531	0.0323062678254282	NA	NA
GSE62914_2	0.0139801918758075	0.0149339599152905	NA	NA
GSE62914_3	0.00625676404432416	0.0111507289025214	NA	NA
GSE62914_4	0.0260822912561242	0.045882031419597	NA	NA
GSE64394_1	-0.0272304411563994	-0.0977590541843704	NA	NA
GSE66635_1	-0.0016908540937242	-0.0284136009170975	NA	NA
GSE68038_1	-0.0128336676330005	-0.0489020984068042	NA	NA
GSE68428_1	0.00115648844931449	0.00420769492915263	NA	NA
GSE68428_2	0.00349504827257054	0.0150354174904272	NA	NA
GSE68428_3	-0.016863593601922	-0.0298809558504203	NA	NA
GSE69459_1	-0.0520734603414643	-0.189971504520328	NA	NA
GSE69459_2	-0.087652562105124	-0.233253684827074	NA	NA
GSE69459_3	-0.0308930863715324	-0.136452005798464	NA	NA
GSE69459_4	-0.0844186861596239	-0.220691957844479	NA	NA
GSE69992_1	-0.0150691814303808	-0.0474523846750051	NA	NA
GSE70719_1	0.0173805104237997	0.0322770630212221	NA	NA
GSE7116_1	0.00384152993239855	0.012756541223597	NA	NA
GSE7116_2	0.00450133610016979	0.0303923930954362	NA	NA
GSE7116_3	0.00143086739433141	0.0123270400345969	NA	NA
GSE72575_1	-0.00394199311215038	-0.0189268844295343	NA	NA
GSE72575_2	-0.00292315581857114	0.0143067673213759	NA	NA
GSE72575_3	-0.00486995000593204	-0.015588181833398	NA	NA
GSE72575_4	0.00144554289944361	0.00549963082210555	NA	NA
GSE75181_1	-0.0098726947980811	-0.0470203221847644	NA	NA
GSE75181_2	0.00151036127163744	0.0155037558968037	NA	NA
GSE75181_3	-0.0146655590838276	-0.0402182078220099	NA	NA
GSE75230_1	0.00237870264048225	0.013181589560888	NA	NA
GSE7669_1	-0.00367581418934951	-0.0525892063098841	NA	NA
GSE77916_1	-0.000259482469986129	-0.00657201168489419	NA	NA
GSE80614_1	-0.00129714992821011	-0.012429105587177	NA	NA
GSE80614_2	-0.00750014232518943	-0.0126558722712016	NA	NA
GSE80614_3	-3.47295559861706e-05	0.000864540635731653	NA	NA
GSE80614_4	-0.0051689960697727	-0.0241724762160878	NA	NA
GSE80614_5	0.00129282489794279	0.00104961280537176	NA	NA
GSE80614_6	-0.00203789982305504	0.0068915349569183	NA	NA
GSE80614_7	0.00318907636594839	0.0234401175386048	NA	NA
GSE80614_8	-0.00183535835115586	0.00982721305074676	NA	NA
GSE80614_9	-0.0020116129193728	-0.00354469097385864	NA	NA
GSE80614_10	-0.00393225609863017	-0.0197611686259158	NA	NA
GSE80614_11	-0.000511501847294441	0.0162720881883865	NA	NA
GSE80614_12	-0.00666494043287328	-0.0250306935345858	NA	NA
GSE80614_13	-0.00144760994055413	-0.00673255346117783	NA	NA
GSE80614_14	0.000194174232845633	0.0160710705704074	NA	NA
GSE80614_15	0.0112586159066601	0.0448441392084518	NA	NA
GSE80614_16	0.0179686446396638	0.0616470718371671	NA	NA
GSE85254_1	0.00929614465844824	0.0063025393320236	NA	NA
GSE86578_1	0.00380522845410302	0.00295885642858171	NA	NA
GSE86578_2	0.00101108120132231	-0.00444287602889685	NA	NA
GSE86578_3	-0.0149182166047405	-0.0560685501371073	NA	NA
GSE9329_1	0.00517062467349105	0.0156541654060814	NA	NA
GSE93698_1	-0.0114815572986255	-0.0119973794902408	NA	NA
GSE93698_2	-0.00764998287481552	0.000152105917004298	NA	NA
GSE93698_3	0.000651546603438288	0.0103294173722657	NA	NA
GSE93698_4	-0.0122865002852112	-0.00880238973088199	NA	NA
GSE93698_5	-0.00760346649952919	-0.00408653109566138	NA	NA
GSE93698_6	0.00419077849248532	0.0332769579950074	NA	NA
GSE93698_7	0.0134680001270181	0.0396284562040509	NA	NA
GSE93698_8	0.00536937010022396	0.0121087612051237	NA	NA
GSE93698_9	0.0089540684895963	0.0140140922469735	NA	NA
GSE93698_10	0.0058979118702727	0.0184975336748988	NA	NA
GSE93698_11	-0.00786024483133192	-0.0205592315928374	NA	NA
GSE93698_12	0.00239196532354953	-0.00785734074288752	NA	NA
GSE93698_13	-0.00862213261346422	-0.0355062201478949	NA	NA
GSE93698_14	-0.00770682312546746	-0.0328789440671983	NA	NA
GSE93698_15	0.0068019393621031	0.00575221648540962	NA	NA
GSE93720_1	-0.0101504238865946	0.0158452390538285	NA	NA
GSE93720_2	-0.0076292173832855	0.00457940859033435	NA	NA
GSE93720_3	-0.0157264090445919	-0.0115551033708142	NA	NA
GSE93720_4	-0.0128717795448577	-0.0114539851573673	NA	NA
E-MTAB-5564_1	-0.012032954213449	-0.0275019667527822	NA	NA
GSE77753_1	-0.00648554111109175	-0.0561210108576467	NA	NA
GSE43861_1	0.00366822711791689	0.0141266965137842	NA	NA
GSE112809_1	-0.000740375123395854	-0.00342919904562907	NA	NA
GSE111946_1	-0.0491715102859482	-0.126214201000662	NA	NA
GSE111946_2	-0.00212188442282222	-0.0485950654910945	NA	NA
E-MTAB-3201_1	-0.00104607442008713	-0.00330374472593295	NA	NA
E-MTAB-6700_1	-0.0145996421762318	0.00134699635248514	NA	NA
GSE54749_1	-0.000501899233689653	-0.0305095672917695	NA	NA
GSE57218_B_1	-0.00896724670218335	-0.0265950062522528	NA	NA
GSE57218_B_2	-0.00921123923873078	-0.0486789762517717	NA	NA
GSE57740_1	0.00097166051190112	0.0925708338870434	NA	NA
GSE52992_1	-0.0319694358545169	-0.17256812114307	NA	NA
GSE17160_1	0.00233976535099931	-0.00978324831617537	NA	NA
GSE17160_2	0.00368949000271389	-0.0315625870517779	NA	NA
GSE17160_3	-0.00579292170939215	-0.0954176329643447	NA	NA
GSE17160_4	-0.00284509340355488	-0.0583608033586526	NA	NA
GSE17160_5	0.00117419298898837	-0.0282778862749863	NA	NA
GSE17160_6	-0.000505106001860679	-0.0256815624373876	NA	NA
GSE17160_7	-0.0239391649032134	-0.163141568789117	NA	NA
GSE17160_8	-0.0130663032009106	-0.0658125675710822	NA	NA
GSE17160_9	0.0618855353040301	0.0861737802605621	NA	NA
GSE17160_10	0.0629092041875796	0.0938549960920151	NA	NA
GSE17160_11	0.0437029338249843	0.0588737289614969	NA	NA
GSE17160_12	0.0481829079334218	0.0804902116582106	NA	NA
GSE22971_1	-0.000725579210036566	0.0196152949192771	NA	NA
GSE22971_2	0.000989067802281948	-0.0416091416512335	NA	NA
GSE22971_3	-0.0269284361598789	-0.0652022689445495	NA	NA
GSE22971_4	-0.0430695632079426	-0.0912470495741012	NA	NA
GSE13590_1	-0.0142754540521356	-0.0622298141876761	NA	NA
GSE13590_2	0.0004953065353724	-0.0363218006384441	NA	NA
GSE99731_1	-0.00143752977652278	-0.103087662300445	NA	NA
GSE99731_2	-0.000952099164029383	-0.057860661283209	NA	NA
GSE99731_3	0.0114765209473918	0.0173445955686624	NA	NA
GSE27492_1	0.000743984367880421	0.0294501102083211	NA	NA
GSE27492_2	-0.00524763911051562	-0.0449566670810671	NA	NA
GSE27492_3	-0.0248163794058168	-0.104301668875613	NA	NA
GSE27492_4	-0.00930988205583027	-0.0471820772997072	NA	NA
GSE27492_5	-0.00450411647148446	-0.0443928823059465	NA	NA
GSE27492_6	0.00467552974930101	0.0477294314330934	NA	NA
GSE27492_7	0.00668917353437353	0.0464927254422247	NA	NA
GSE27492_8	0.00969905644744279	0.0711416491518232	NA	NA
E-GEOD-15069_1	0.00507149090805597	0.0839443764959053	NA	NA
E-GEOD-15069_2	0.0150308130678399	0.216703343992482	NA	NA
E-GEOD-15069_3	0.062981935849838	0.140890739042341	NA	NA
E-GEOD-15069_4	-0.0114624204343808	-0.116174381221177	NA	NA
E-GEOD-15118_1	0.00340533637679264	0.0103597303812975	NA	NA
E-GEOD-15118_2	0.000738279694483445	0.0287001220421229	NA	NA
E-GEOD-15118_3	-0.0179997631284495	-0.0796071141465301	NA	NA
E-GEOD-15118_4	-0.0194910218988123	-0.0826059326629944	NA	NA
E-GEOD-16007_1	0.0509585786862094	0.275252872588657	NA	NA
E-GEOD-17473_1	-0.0101095731496271	-0.0377798731814027	NA	NA
E-GEOD-18647_1	-0.031519606946982	-0.153068462979683	NA	NA
E-GEOD-18647_2	-0.0149273969727012	-0.0604990724045416	NA	NA
E-GEOD-18647_3	0.0228716889319465	0.0832389449952706	NA	NA
E-GEOD-18647_4	0.0465608402699137	0.135159932242704	NA	NA
E-GEOD-18648_1	-0.0284313384018217	-0.1533829822594	NA	NA
E-GEOD-18648_2	-0.054629891165177	-0.220551875195083	NA	NA
E-GEOD-2154_1	0.004413044430022	0.0816808340013547	NA	NA
E-GEOD-2154_2	0.0051349823723903	0.0870715533321161	NA	NA
E-GEOD-2154_3	0.0083510167386828	0.105819442147495	NA	NA
E-GEOD-2154_4	0.0106334468301065	0.0715960054237717	NA	NA
E-GEOD-26475_1	-0.0104086049467857	-0.0680474476308971	NA	NA
E-GEOD-26475_2	0.00106703505409756	-0.0584388869588714	NA	NA
E-GEOD-26475_3	0.00493269531796673	-0.0154901405784613	NA	NA
E-GEOD-33567_1	0.123019300822166	0.23803719400311	NA	NA
E-GEOD-33567_2	-0.0354310548777529	-0.082758304864879	NA	NA
E-GEOD-37287_1	-0.00916138454672605	-0.019559234516699	NA	NA
E-GEOD-37287_2	0.0280101896227492	0.077164811625585	NA	NA
E-GEOD-37287_3	0.0029450126509662	0.0121905344397958	NA	NA
E-GEOD-51994_1	0.0639885116131433	0.188146540160026	NA	NA
E-GEOD-51994_2	0.0643992564248768	0.15925850323926	NA	NA
E-GEOD-51994_3	0.0160524232121923	0.0533205156825206	NA	NA
E-GEOD-65077_1	0.000275105478578097	0.0162164056042368	NA	NA
E-MEXP-1244_1	-0.000143969667951194	0.0148012446455463	NA	NA
E-MTAB-1123_1	0.0106665264477055	0.036322844301585	NA	NA
E-MTAB-1123_2	0.011063218370471	0.0453109531169895	NA	NA
E-MTAB-1123_3	0.00199922118550323	-0.00948509466016081	NA	NA
E-MTAB-1123_4	0.0017280106113301	-0.0308568307768014	NA	NA
E-MTAB-1391_1	0.0251337379283035	0.0747500041608427	NA	NA
E-MTAB-1391_2	0.117819690241783	0.216089308700485	NA	NA
E-MTAB-1391_3	0.115113518544524	0.230619343835187	NA	NA
E-MTAB-2450_1	-0.0228952060031284	-0.0941504007674796	NA	NA
E-MTAB-2450_2	-0.0190765598524492	-0.123930217382807	NA	NA
E-MTAB-2450_3	-0.031210175665851	-0.0758618846511518	NA	NA
E-MTAB-2450_4	-0.0284453790898909	-0.0853756314972009	NA	NA
E-MTAB-5023_1	0.0135222660933974	0.0556959872970737	NA	NA
E-MTAB-5326_1	0.000209930996136729	0.0014437269531817	NA	NA
E-MTAB-5326_2	-0.00657635315243381	-0.014149959265528	NA	NA
E-MTAB-5326_3	0.018683459420596	0.0248922369722571	NA	NA
GSE102588_1	-0.000636796349407052	-0.0277376112358458	NA	NA
GSE104793_1	0.0972539238180737	0.243582160723596	NA	NA
GSE104794_1	0.0216484728507566	0.115688046943243	NA	NA
GSE104795_1	0.0186335296832558	0.12421215962556	NA	NA
GSE105139_1	0.000247892910262766	0.0689953504577077	NA	NA
GSE105139_2	0.0106731975753226	0.115686533656983	NA	NA
GSE105139_3	0.0106384203319572	0.0828850622500434	NA	NA
GSE10555_1	-0.0539387688016771	-0.162884208176645	NA	NA
GSE10556_1	-0.0156279685622968	-0.0969349923667676	NA	NA
GSE106631_1	0.0368960355109009	0.120177680645593	NA	NA
GSE13104_1	-0.00997609240206854	-0.0541744585571822	NA	NA
GSE13104_2	-0.0160656677744731	-0.0481216219576431	NA	NA
GSE13104_3	0.0275045471953744	0.0528812208027517	NA	NA
GSE16749_1	0.0189818330410599	0.034947070745557	NA	NA
GSE16749_2	-0.00727584424307223	-0.0449917204736479	NA	NA
GSE16749_3	-0.00105118874388336	0.00127813412532753	NA	NA
GSE17348_1	-0.0374938263211955	-0.132603825955374	NA	NA
GSE17563_1	-0.067372387842205	-0.115390662380428	NA	NA
GSE17563_2	0.0319282832524253	0.0668038088590632	NA	NA
GSE17569_1	0.0808956603679319	0.128142416742516	NA	NA
GSE17569_2	0.524814773862231	0.8656808056807	NA	NA
GSE17570_2	0.120799219451158	0.283402351025386	NA	NA
GSE18991_1	-0.000242365487154629	-0.0481636081782076	NA	NA
GSE18992_1	0.000242365487154629	-0.0286838056514774	NA	NA
GSE19299_1	-0.0145251407401262	-0.0101684519869726	NA	NA
GSE20850_1	-0.0206092760136046	-0.0482994849714658	NA	NA
GSE21093_1	0.0366107761626654	0.0791691856199258	NA	NA
GSE21523_1	0.00173991805181974	0.00346822014858493	NA	NA
GSE21639_1	0.000209624961512305	0.0363907733619297	NA	NA
GSE21639_2	-0.00657198583158661	-0.0343777101786682	NA	NA
GSE21639_3	-0.00411887308645299	-0.0111320337312607	NA	NA
GSE21639_4	-0.0118995739763936	-0.0438503989792514	NA	NA
GSE21710_1	0.00295392204689135	0.00318607301327494	NA	NA
GSE21710_2	0.00747915846158123	0.0167767253500869	NA	NA
GSE21710_3	0.00238154600197823	0.00434158546576326	NA	NA
GSE22925_1	0.0115739358518699	0.0459067733104049	NA	NA
GSE22925_2	0.0148234518329067	0.0472782844610038	NA	NA
GSE26499_1	0.0167037435143005	0.0453683271404245	NA	NA
GSE30160_1	0.0328284184154411	0.101256411820449	NA	NA
GSE30628_1	-0.00730815616619077	-0.00368359516534089	NA	NA
GSE30628_2	-0.0109156106539027	-0.0379453180779998	NA	NA
GSE32163_1	0.0118930632164806	0.0437313672076776	NA	NA
GSE33656_1	0.106014071205171	0.23332483610173	NA	NA
GSE33754_1	0.00278525372262124	0.086479532987623	NA	NA
GSE33754_2	0.00277848017419016	0.0832291426361099	NA	NA
GSE33754_3	-0.00997535459927044	-0.0191326778717264	NA	NA
GSE34570_1	0.0403952308709015	0.140825252274475	NA	NA
GSE35003_1	0.00702606148917715	0.0505965054423337	NA	NA
GSE35466_1	0.00407598760458247	-0.00282775947113024	NA	NA
GSE35466_2	0.00531813994076878	0.0197663440154072	NA	NA
GSE35466_3	0.00915057789402347	0.0282065981881251	NA	NA
GSE35466_4	0.00428090818811688	0.0406131386510711	NA	NA
GSE35466_5	0.00778632259291405	0.050936218831494	NA	NA
GSE36925_1	4.41006286123807e-07	-0.0155860940918312	NA	NA
GSE36925_2	-0.0390149484026131	-0.150579688315588	NA	NA
GSE36925_3	-0.0481412096830565	-0.185473401360065	NA	NA
GSE37219_1	-0.0379397274415687	-0.0664559109054213	NA	NA
GSE37676_1	-0.021682760651791	-0.0857146725679851	NA	NA
GSE41342_1	0.00638367934597067	0.0926987447012279	NA	NA
GSE41342_2	0.00112321213003054	0.0167176969800711	NA	NA
GSE41342_3	0.00218742204480659	0.0468667272534886	NA	NA
GSE41342_4	0.00392253089137193	0.0487060911144393	NA	NA
GSE41997_1	-0.0103934157448375	-0.107250382688227	NA	NA
GSE43242_1	0.00116495619521947	0.0807791297060767	NA	NA
GSE43242_2	-0.00405626863997922	-0.0173133067548393	NA	NA
GSE43663_1	0.000977596751916601	0.113246867879657	NA	NA
GSE43854_1	0.00465621952616153	0.0447083597089173	NA	NA
GSE45656_1	-0.0249330657250499	-0.0509222998281	NA	NA
GSE45656_2	0.0505899086789932	0.0885028620297763	NA	NA
GSE45656_3	0.0368849812159888	0.0535499759150673	NA	NA
GSE45793_1	0.00947396539149426	0.016688422884621	NA	NA
GSE45793_2	-0.0234506588067093	-0.0579316909904572	NA	NA
GSE45793_3	-0.00324674243780771	0.00212172798187984	NA	NA
GSE45793_4	-0.0155549033650412	-0.016550228797721	NA	NA
GSE45793_5	-0.0426150245091395	-0.08324074312367	NA	NA
GSE46390_1	0.00135637993971947	-0.00678450797782602	NA	NA
GSE48438_1	-0.045906318514399	-0.144056651462168	NA	NA
GSE50549_1	-0.00851990609531324	-0.0227102648947891	NA	NA
GSE50549_2	-0.0146253289657341	-0.0350343776044683	NA	NA
GSE51098_1	0.089407774532555	0.255467302024907	NA	NA
GSE53857_1	0.0148321391749602	0.193253903811692	NA	NA
GSE53857_2	0.00462270007993823	0.132342862853944	NA	NA
GSE53857_3	-0.00121720387188941	0.0509462805824869	NA	NA
GSE53982_1	0.0377101745508247	0.123756883404429	NA	NA
GSE53982_2	0.00823335532108441	0.111161019708639	NA	NA
GSE54779_1	-0.0417539156865562	-0.0721204160872652	NA	NA
GSE55900_1	-0.000247892788215369	0.039651894900422	NA	NA
GSE57104_1	-0.00745571407758731	-0.0862981876332314	NA	NA
GSE59387_1	0.0117883886468839	0.0414656099995987	NA	NA
GSE60401_1	-0.0236075358021402	-0.0923528103842447	NA	NA
GSE60401_2	-0.0194192475282522	-0.0291855742870274	NA	NA
GSE60651_1	-0.0360279436135174	-0.125182310149883	NA	NA
GSE60737_1	0.0176594705201163	0.0689905739666158	NA	NA
GSE60761_1	-0.00149867903224308	-0.0100007306692517	NA	NA
GSE60761_2	0.000254135731975721	-0.00241034674288129	NA	NA
GSE60761_3	0.00338069137817646	0.0347985536257331	NA	NA
GSE60761_4	0.00422414414532377	0.0268066576618495	NA	NA
GSE63017_1	0	0.00626359305843809	NA	NA
GSE63017_2	-0.000230459300753406	0.0172018200109123	NA	NA
GSE63017_3	0.00264009372478668	0.0514436907386109	NA	NA
GSE63017_4	-0.000490806874923345	0.0187838979845654	NA	NA
GSE63939_1	0.0205265628328917	0.0483879119424123	NA	NA
GSE63939_2	0.0185519587900131	0.00557379864470171	NA	NA
GSE64141_1	0.0302932811699194	0.0421591655949105	NA	NA
GSE64965_1	0.0347101137198655	0.074809207635166	NA	NA
GSE65745_1	0	-0.0184093507566123	NA	NA
GSE65745_2	0.000494559841740851	-0.0143512311054882	NA	NA
GSE65745_3	-9.81271212323808e-07	-0.0246556515424367	NA	NA
GSE66416_1	-0.00248593975333381	-0.0246783140708494	NA	NA
GSE66862_1	0.0239167919972777	0.174664350076005	NA	NA
GSE69108_1	-0.0102323278144161	-0.022115165433182	NA	NA
GSE71565_1	-0.0230136100090873	-0.0580288646619868	NA	NA
GSE72261_1	-0.00478747736766042	-0.0323483954917603	NA	NA
GSE72261_2	-0.0204347566753276	-0.0644412586980254	NA	NA
GSE72261_3	-0.0216197533603397	-0.0532101966798778	NA	NA
GSE7683_1	-0.00269726379192609	0.00431000575540209	NA	NA
GSE7683_2	-0.0109986044327115	-0.0733589601748683	NA	NA
GSE78980_1	0.00202180744947779	0.0562016381277012	NA	NA
GSE78980_2	-0.000718967950809879	-0.0723988684760414	NA	NA
GSE78980_3	-0.00247428333173902	-0.0163400029606334	NA	NA
GSE78980_4	-0.00695266422801791	-0.0793707668088302	NA	NA
GSE78980_5	0.00121387235578765	0.0283333301392122	NA	NA
GSE78980_6	0.000725683455630363	0.0230409581000409	NA	NA
GSE78980_7	-0.00642668299194434	-0.0501149711160161	NA	NA
GSE78980_8	0.00373809781034235	0.00241066210382289	NA	NA
GSE78980_9	0.000790011635492041	-0.0300222133458909	NA	NA
GSE78980_10	0.0074589247905041	0.0155189677579724	NA	NA
GSE81399_1	-0.0142618760660686	-0.0813880292974413	NA	NA
GSE84609_1	-0.0286978661470884	-0.101086041724526	NA	NA
GSE84907_1	-0.0119177660836911	-0.0439085199773706	NA	NA
GSE84907_2	-0.000414067704501621	-0.00762311493445994	NA	NA
GSE84907_3	0.00588918835085455	0.0523730675329878	NA	NA
GSE90127_1	0.041328909277153	0.0602242495460452	NA	NA
GSE90127_2	0.00747071412665546	0.0230945420379676	NA	NA
GSE90127_3	0.0309919286926797	0.0411301415341377	NA	NA
GSE9247_1	0.00857957241387855	0.0420443653084563	NA	NA
GSE9247_2	0.0335615842203111	0.0747409724881671	NA	NA
GSE9247_3	0.00583564835408282	0.0810980270513884	NA	NA
GSE99306_1	-0.0105988614057817	-0.0251565971233392	NA	NA
GSE99306_2	0.0276972002981555	0.0740046111457734	NA	NA
GSE99306_3	-0.0341311578733566	-0.143973819405836	NA	NA
GSE99306_4	0.0248747691387527	0.0651716599880959	NA	NA
GSE99306_5	0.0486429145764858	0.138497718415201	NA	NA
GSE99306_6	0.0664912039175248	0.165719865004192	NA	NA
GSE99306_7	-0.0132104336960883	-0.111877968995702	NA	NA
GSE99306_8	0.0121532722113956	0.0384182922137334	NA	NA
GSE99306_9	0.0511067636358002	0.130104406010673	NA	NA
GSE99306_10	-0.028222286534258	-0.250024631530233	NA	NA
GSE99306_11	0.0229462312378163	0.0697997617703541	NA	NA
GSE99306_12	0.0328130617312122	0.0743389551152381	NA	NA
GSE99306_13	-0.000662474237332612	-0.013565818605155	NA	NA
GSE99414_1	0.00176556528001286	0.0125461730385291	NA	NA
GSE110581_1	0.00141679058716172	0.0186346508980592	NA	NA
GSE110581_2	0.000229620139655616	-0.0335725237129997	NA	NA
GSE47799_1	0.0147696534892007	0.187705070954181	NA	NA
GSE47799_2	-0.000324539117930127	0.00338583788270134	NA	NA
GSE47799_3	0.017918048479822	0.125359254734598	NA	NA
GSE111628_1	0.00121761203452649	0.00881325603212317	NA	NA
GSE111628_2	-0.00338684256079007	-0.0708366638439614	NA	NA
GSE111628_3	-0.00302442276905426	-0.046937824702331	NA	NA
GSE5657_1	0.00464305667419079	0.0896915415190493	NA	NA
GSE5657_2	0.00393681905624432	0.123565027353543	NA	NA
GSE13782_1	0.0368219146325581	0.15650978262319	NA	NA
GSE41039_1	0.00095479180001197	0.0211878940300345	NA	NA
GSE84198_1	0.00280184346506313	0.0805847179556258	NA	NA
GSE84198_2	0.00858491904791927	0.0953912625895662	NA	NA
GSE84198_3	-0.059630447578018	-0.0906840196253536	NA	NA
GSE114469_1	-0.0393688662772486	-0.168200709037471	NA	NA
GSE108036_1	0.000987228392625364	0.0490788564201975	NA	NA
GSE60451_1	-0.00314032218807821	-0.0578680666917707	NA	NA
GSE47902_1	0.000211729208368671	0.0374779074644738	NA	NA
GSE44325_1	-0.00264337320806827	-0.0143488891442398	NA	NA
GSE4481_1	-0.00293337080603127	-0.0920245068329432	NA	NA
GSE4481_2	-0.0169743675282959	-0.126853228558871	NA	NA
GSE4481_3	0.000508461539943889	-0.0569795078713952	NA	NA
GSE102292_1	-0.0248766411747012	-0.0837505991502018	NA	NA
GSE102292_2	0.0171146882372286	0.145524417954914	NA	NA
GSE102292_3	0.0857220602932968	0.244502044097149	NA	NA
GSE102292_4	0.0839308113561436	0.181514231613088	NA	NA
GSE41898_1	0.0702617465221347	0.188974135180533	NA	NA
GSE87605_1	-0.0082705508944972	-0.0522214471685694	NA	NA
GSE87605_2	-0.0311451626413094	-0.103035096942774	NA	NA
GSE87605_3	-0.0423398115225349	-0.113171661065968	NA	NA
E-GEOD-54216_1	0.10975860603468	0.293414008957097	NA	NA
E-GEOD-54216_2	0.131798809480306	0.324337308010329	NA	NA
E-GEOD-54216_3	0.0397375010657781	0.15223555019953	NA	NA
E-GEOD-6119_1	-0.00980021327993968	-0.0176176997635872	NA	NA
E-GEOD-6119_2	-0.0136504214651898	-0.0184060883251964	NA	NA
E-GEOD-6119_3	-0.00580651792740904	-0.00749480587337485	NA	NA
E-GEOD-8077_1	-0.0103015339079909	-0.0839302426715598	NA	NA
E-GEOD-8077_2	-0.00122040601163299	-0.0753748511563853	NA	NA
E-GEOD-8077_3	0.00545021604398738	0.0240826238987686	NA	NA
GSE103416_1	-0.0318896933222222	-0.059873792261626	NA	NA
GSE103416_2	0.00652755533600616	0.000328642798999998	NA	NA
GSE103416_3	-0.0135510400358035	-0.0515903898385466	NA	NA
GSE19950_1	0.00212750098034844	-0.0160734307039601	NA	NA
GSE30322_1	6.4836629658678e-05	0.024932350154756	NA	NA
GSE30322_2	-0.00192549203597202	0.0148263609597418	NA	NA
GSE30322_3	0.00649212112914999	0.00744322681041051	NA	NA
GSE42295_1	0.000465279403528001	-0.0625352008009978	NA	NA
GSE42295_2	0.00469170916431516	0.0156802245832746	NA	NA
GSE42295_3	0.0119719290266541	0.0360380267470836	NA	NA
GSE66554_1	0.0152608028064224	0.0160704684005187	NA	NA
GSE66554_2	0.000209642614444238	0.00489461228979122	NA	NA
GSE66554_3	0.0122294810217388	0.0470207274620272	NA	NA
GSE66554_4	0.00376397089737228	0.00647100610441218	NA	NA
GSE74898_1	0.00376000580141285	0.00019965540350188	NA	NA
GSE74898_2	0.00131487493460793	-0.00718549370533042	NA	NA
GSE74898_3	0.0380434013472955	0.0968051739787373	NA	NA
GSE79176_1	0.000488993717865684	0.00360495251662283	NA	NA
GSE79176_2	-0.000985048881039202	0.0158847806642795	NA	NA
GSE79176_3	-0.00147466251930978	0.0137474016010292	NA	NA
GSE85785_1	0.018057977248676	0.129664227741498	NA	NA
GSE16981_1	0.0245224747913027	0.0349494809593566	NA	NA
GSE16981_2	0.0354618939048198	0.108262363943472	NA	NA
GSE16981_3	-0.00286252683686096	-0.0315914415609224	NA	NA
GSE16981_4	-0.00286252683686096	-0.0315914415609224	NA	NA
GSE16981_5	-0.00433143282896141	-0.0552750921560796	NA	NA
GSE16981_6	0.00144610583007676	-0.0193977589162327	NA	NA
GSE16981_7	0.0004487024622958	0.0529115372190834	NA	NA
GSE29859_1	0.00547046225547957	0.049780359387145	NA	NA
GSE29859_2	0.00115412087612788	0.0750740615699864	NA	NA
GSE23492_1	0.0291233831171209	0.0798124927633947	NA	NA
GSE23492_2	-0.0158811879837519	-0.0355292784247815	NA	NA
GSE23492_3	0.0340805263634909	0.0772453114180271	NA	NA
GSE23492_4	0.00559616358792671	0.00571712665405036	NA	NA
GSE23492_5	-0.00563885662780722	0.0118132742719542	NA	NA
GSE44991_1	-0.00180392917558187	-0.0266829162746529	NA	NA
GSE44991_2	0.00441323536283109	0.0897200694654202	NA	NA
GSE39796_1	0.0347056529413684	0.0873121423691537	NA	NA
GSE39796_2	0.0106331349631265	0.0140310237341709	NA	NA
GSE39796_3	0.0328993296747149	0.111189087204836	NA	NA
GSE18394_1	-0.0655617226545743	-0.148660877106665	NA	NA
GSE18394_2	-0.0249640343391153	-0.0509083721678192	NA	NA
GSE18394_3	-0.043987702775254	-0.122826322298102	NA	NA
GSE29233_1	-0.0131153412069215	-0.0424212117128352	NA	NA
E-MEXP-2291_1	0.00743396556348104	0.0392317071542823	NA	NA
E-MEXP-2291_2	0.0675994460848756	0.182346719855796	NA	NA
E-MEXP-2291_3	-0.0529444972610105	-0.127728899163997	NA	NA
GSE18738_1	0.0105846896999512	0.0297827537589059	NA	NA
GSE107363_1	0.00328953686683188	0.0295595639080648	NA	NA
GSE85761_1	0.00199211318221679	-0.00489296099201795	NA	NA
GSE89179_1	0.0666722580300865	0.134311442188618	NA	NA
GSE89179_2	-0.00519842408927496	-0.0289868162247003	NA	NA
GSE89179_3	0.00157038336359401	0.00769847561252378	NA	NA
GSE89179_4	0.00807105028543642	0.0216016275551819	NA	NA
GSE89179_5	0.0162749087460894	0.0185554488244497	NA	NA
GSE89179_6	0.0120222176460959	0.0292385902365577	NA	NA
GSE89179_7	0.00317033842131611	0.00591287602985769	NA	NA
E-GEOD-57723_1	-0.0113959333282132	-0.00617508684832795	NA	NA
E-GEOD-57723_2	0.00477808502348778	0.0336808049781881	NA	NA
E-GEOD-57723_3	-0.000457542572123069	0.0106676585169883	NA	NA
E-GEOD-83930_1	-0.00139881712844884	-0.0148351602551799	NA	NA
GSE100268_1	-0.0032460554826871	-0.0364315381530428	NA	NA
E-GEOD-55769_1	-0.00249913001877577	-0.0257414774562378	NA	NA
E-GEOD-55769_2	-0.0010060412330896	-0.00665249141947765	NA	NA
E-GEOD-55769_3	-0.00722519456411135	-0.035211502084102	NA	NA
E-GEOD-69110_1	0.00443779008051803	0.0300415946496397	NA	NA
E-MTAB-4304_1	0.00663655816525733	0.0379844664239398	NA	NA
E-MTAB-4879_1	0.0251476562692175	0.0631883015202121	NA	NA
E-MTAB-4879_2	0.00720337489743997	0.00489944642778553	NA	NA
E-MTAB-4879_3	0.00671515924793335	0.0151948216075999	NA	NA
E-MTAB-4879_4	0.0381563152030331	0.0762548840132709	NA	NA
Cytokine_Explant_1	0.0279925115983025	0.0716040167470681	NA	NA
Cytokine_Explant_2	0.0122958927856464	0.0300409277177096	NA	NA
Cytokine_Explant_3	0.0174467855504306	0.0302136895583953	NA	NA
Cytokine_Explant_4	0.00527452894572692	0.00341539229372984	NA	NA
Cytokine_Explant_5	0.0265700931319457	0.0640432544830016	NA	NA
FN1_Explant_1	0.00765981389932345	0.0761750671469212	NA	NA
E-MTAB-6266_1	-0.0190711788268901	-0.0495056209751124	NA	NA
E-MTAB-6266_B_1	-0.0392532692409756	-0.0922050988802869	NA	NA
E-MTAB-6266_B_2	0.00160344534611012	0.00446420161086544	NA	NA
E-MTAB-6266_B_3	0.0275424461114163	0.112810536701541	NA	NA
GSE74220_1	-0.00152126661468688	0.0128818873138133	NA	NA
GSE114007_1	0.0154717186026972	0.0355109708496353	NA	NA
GSE109503_1	-0.0284210990937133	-0.0739328010972458	NA	NA
GSE109503_2	-0.0159055725933513	-0.0385839802736676	NA	NA
GSE109503_3	-0.0177965307233683	-0.0605990295215334	NA	NA
GSE109503_4	-0.0437373355177986	-0.0821821055817434	NA	NA
GSE109503_5	-0.0342445371027074	-0.105910445554461	NA	NA
GSE109503_6	-0.0381389962459165	-0.0696524512895567	NA	NA
GSE109108_1	0.00951568304532412	0.0119368761656118	NA	NA
GSE109108_2	0.0274243312828845	0.0525030451526272	NA	NA
GSE109108_3	0.00147073453821843	0.00689564121709447	NA	NA
GSE109108_4	-0.000466636170868939	-0.0344342998177537	NA	NA
GSE70667_1	0.00123149173776337	-0.0263233837000851	NA	NA
GSE87608_1	0.00114732002601808	0.00833260491967786	NA	NA
GSE87608_2	0.00218788452489863	0.000656031363324603	NA	NA
GSE87608_3	-0.00354177202599976	-0.0363698405101552	NA	NA
GSE87608_4	-0.00616866631879236	-0.0316093854656525	NA	NA
GSE90890_1	0.0185990976841973	0.0648731472374247	NA	NA
GSE97118_1	0.0884009106372947	0.237649631807398	NA	NA
GSE97118_2	0.0110634283454587	0.0489245562993566	NA	NA
GSE97118_3	0.119789723221726	0.299529607492678	NA	NA
GSE97118_4	0.00205482956703974	-0.0200399136412284	NA	NA
GSE97118_5	0.0251026238072659	0.186087387113564	NA	NA
GSE97118_6	0.0213919059691748	0.0795262640832922	NA	NA
GSE97118_7	0.00749631855762141	0.10413961102034	NA	NA
GSE107592_1	0.0237781949001807	0.00655631141936185	NA	NA
GSE92641_1	0.0415820997100086	0.125538157385045	NA	NA
GSE107849_1	-0.0284922393842518	-0.0913121892596416	NA	NA
E-ERAD-89_1	0.000972154656879192	0.00471273695849195	NA	NA
E-ERAD-89_2	-0.000487437603418804	-0.000459615022741592	NA	NA
E-ERAD-89_3	0.00217988238446212	0.0125624112600885	NA	NA
E-ERAD-89_4	0.000968805010154562	0.00294073648850067	NA	NA
E-GEOD-45893_1	0	0.014939714294353	NA	NA
E-GEOD-53105_1	-0.00900604419465426	-0.0639279561385635	NA	NA
E-GEOD-53105_2	-0.0150617296556242	-0.0443039218952182	NA	NA
E-GEOD-54461_1	0.00223812722470308	-0.024340277236128	NA	NA
E-GEOD-54461_2	-0.00323026498899863	-0.0230217277545797	NA	NA
E-GEOD-54461_3	-0.0136361608885578	-0.03181800603492	NA	NA
E-GEOD-54461_4	-0.0418079816274084	-0.0695483482130865	NA	NA
E-GEOD-54461_5	-0.0599501466318472	-0.104646866046131	NA	NA
E-GEOD-54461_6	-0.0680910494047652	-0.115765479758617	NA	NA
E-GEOD-54461_7	-0.0752700534127807	-0.123663574085278	NA	NA
E-GEOD-54461_8	-0.0804185930155584	-0.148057705260964	NA	NA
E-GEOD-73372_1	-0.0302708636794733	-0.0576182226239961	NA	NA
E-GEOD-73372_2	0.00846935047408427	0.0181666258472329	NA	NA
E-GEOD-73372_3	0.0323713730490764	0.0900720808045606	NA	NA
E-GEOD-75549_1	0.0106026181937859	0.120413813433699	NA	NA
E-GEOD-76988_1	0.00929349410223116	0.0784615638469489	NA	NA
E-MTAB-2923_1	-0.0199842457732316	-0.0562311060179024	NA	NA
E-MTAB-2923_2	-0.0403167803229077	-0.102804576550072	NA	NA
E-MTAB-2923_3	-0.15730233968363	-0.290057263534576	NA	NA
E-MTAB-2923_4	0.0815251628195127	0.162732761562621	NA	NA
E-MTAB-3428_1	0.0651270796670483	0.164238300913588	NA	NA
E-MTAB-3428_2	0.000616964012312631	0.040354171180719	NA	NA
E-MTAB-3428_3	0.0142925360370726	0.061783244632951	NA	NA
E-MTAB-3428_4	0.0721747215079015	0.172801276132039	NA	NA
GSE102856_1	-0.00302981941278348	-0.0532153034998537	NA	NA
GSE103492_1	-0.0106643266361099	-0.0170357223685405	NA	NA
GSE103492_2	0.00863457440398415	0.0650770198189307	NA	NA
GSE103492_3	0.000790425196867367	0.0189586283617955	NA	NA
GSE103492_4	-0.0123254461264883	-0.0332832274515848	NA	NA
GSE103492_5	-0.00797808213913982	-0.0369119679224947	NA	NA
GSE103492_6	-0.0120355069052367	-0.0659401113133167	NA	NA
GSE103492_7	-0.00336944788624915	-0.0351574031648252	NA	NA
GSE103492_8	0.00179546487060249	-0.0153416564605664	NA	NA
GSE103492_9	-0.00208975431501349	-0.0422038752857008	NA	NA
GSE103492_10	-0.00200231753669304	-0.0355458888632723	NA	NA
GSE106259_1	0.00496986679332399	0.00863394306134036	NA	NA
GSE110303_1	0.00415649237056413	-0.00942699820987698	NA	NA
GSE110303_2	0.0016063810210045	0.0227458229592916	NA	NA
GSE110303_3	0.00804650962043948	0.0435646562533832	NA	NA
GSE110300_1	0.0025663783348865	0.0863637201970401	NA	NA
GSE110300_2	0.000275771779052787	0.11198898382633	NA	NA
GSE110300_3	0.00414760169157599	0.0738748567677337	NA	NA
GSE110281_1	-0.0676756847026897	-0.300603469475799	NA	NA
GSE110281_2	-0.0426334970181321	-0.188272856707623	NA	NA
GSE110281_3	0.0218111149361892	0.112815012671755	NA	NA
GSE104459_1	0.00210415791668475	-0.00510054161601712	NA	NA
GSE104459_2	-0.0011121647026981	-0.0204605797288281	NA	NA
GSE104459_3	0.00653043696427576	0.0119691753100686	NA	NA
GSE110051_1	0.050386183608251	0.0989730568262472	NA	NA
GSE110051_2	0.03288210882924	0.105362916921028	NA	NA
GSE110051_3	0.0662024142240897	0.147101631623164	NA	NA
GSE112694_1	-0.0424710152156538	-0.0518265372272567	NA	NA
GSE112694_2	-0.0260393862331643	-0.0488415000910616	NA	NA
GSE112694_3	0.062940255094493	0.123570487200156	NA	NA
GSE112694_4	0.047873331214972	0.0829642754495091	NA	NA
GSE97232_1	-0.00321085531905967	-0.0433978050502985	NA	NA
GSE114079_1	-0.000727805461217936	0.0193633896528561	NA	NA
GSE114079_2	0.00198254907285275	0.0568609365105949	NA	NA
GSE114079_3	0.00469178864636803	0.129663375733626	NA	NA
GSE114079_4	0.00958315039761932	0.0879640866167403	NA	NA
GSE104828_1	-0.0283228501229234	-0.0653111015412105	NA	NA
GSE114521_1	0.00101693083513755	0.060150018974003	NA	NA
GSE114521_2	0.0140326397140896	0.0587101062409267	NA	NA
GSE112413_1	-0.00442796541353977	0.0270801818023358	NA	NA
GSE112413_2	-0.0337550870795125	-0.0782430995173367	NA	NA
GSE101909_1	0.00972454791107364	0.0184717156555913	NA	NA
GSE101909_2	0.00863526491906349	0.0213446695147613	NA	NA
GSE114919_1	-0.137808991692634	-0.281833948268477	NA	NA
GSE114919_2	-0.0508651668901907	-0.111529696875678	NA	NA
GSE114919_3	-0.117033714034385	-0.206301940392277	NA	NA
GSE114919_4	-0.074376432542089	-0.138496583752651	NA	NA
GSE114919_5	0.0230616429300382	0.0482273341682766	NA	NA
E-MTAB-5879_1	0.0351946062840308	0.109240993981653	NA	NA
E-MTAB-5879_2	-0.0054200508955149	0.000244594006715488	NA	NA
E-MTAB-5879_3	0.0110879949219441	0.0556508462580402	NA	NA
E-MTAB-5879_4	-0.0361688697738658	-0.0736045586582089	NA	NA
E-MTAB-5879_5	0.0465577774036798	0.133641917970106	NA	NA
E-MTAB-5879_6	-0.0198708256163895	-0.0349535248223927	NA	NA
E-MTAB-5879_7	-0.0115027925829461	-0.0665531010833096	NA	NA
E-MTAB-5879_8	-0.0194238563939676	-0.130947348195355	NA	NA
E-MTAB-5879_9	0.0174351018731978	0.06674177627131	NA	NA
E-MTAB-5879_10	-0.0224371254712128	-0.0914121678864585	NA	NA
E-MTAB-4294_1	-0.0398231700901907	-0.0862831180506941	NA	NA
E-MTAB-4294_2	-0.0311778909928256	-0.057214895141214	NA	NA
E-MTAB-4294_3	0.00670867203781898	0.0239576138874598	NA	NA
E-MTAB-3186_1	-0.0840459152626195	-0.156476711227103	NA	NA
E-MTAB-3186_2	-0.0476438509121748	-0.0937452512366072	NA	NA
E-MTAB-3186_3	-0.0114199711116597	-0.0224973950953282	NA	NA
E-MTAB-3186_4	-0.0259432045235159	-0.0447972299033159	NA	NA
GSE114919_Rat_1	-0.0669339520934132	-0.135446196634616	NA	NA
GSE114919_Rat_2	-0.0110481074140075	-0.0279317630467492	NA	NA
GSE114919_Rat_3	-0.093631307027619	-0.185145334123346	NA	NA
GSE114919_Rat_4	-0.065833804705637	-0.123087524507497	NA	NA
GSE114919_Rat_5	-0.0066556144694109	-0.0109688788283998	NA	NA
