comparisonID	jaccard	cosine	sigjaccard	chrDir
22659600_1	0.00194383016677099	0.014188221676981	0.00016963944121216	0.012140833266821
24361742_1	0.00795952109250421	0.010762549926264	0.00375359927387508	0.013776031767227
GSE72258_1	0	0.00868514098812587	0	-0.00129006403124034
GSE72258_2	0	0.0250201616446334	0	0.0212668728908886
GSE69531_1	-0.00478130932284383	-0.0160360489787037	NA	NA
GSE69531_2	-0.0119906025249028	-0.0534349748570889	NA	NA
GSE69531_3	-0.00379024472821466	-0.0371510342461006	NA	NA
GSE69531_4	-0.00478130932284383	-0.0160360489787037	NA	NA
GSE58203_1	-0.00310061914695987	0.00775088477588168	-0.0056793059125964	0.00727469914865719
GSE58203_2	-0.00504324769427896	0.00492045386801313	-0.00807145669733058	0.0018067874853915
GSE58203_3	-0.00196096416828571	-0.015128435555024	0.00233938499800466	0.00244481642239172
GSE58203_4	0.00580985819596588	-0.0249791785379715	0.00582016059347844	0.00215199968412767
GSE58203_5	-0.00296628672313273	0.026459218363854	-0.00720638057594579	0.00578120416352349
GSE58203_6	-0.0067655374304387	-0.00742375757584286	-0.0146721222174355	0.000432047213887168
GSE58203_7	-0.00602019483517145	-0.0337982872009142	-0.00346722291478506	0.00140419181330639
GSE58203_8	-0.00214261094015023	-0.048495388856961	0.00188729742556617	0.00193840585462728
GSE59642_1	-0.00138322580270755	0.0213027164698201	NA	NA
GSE59642_2	0.00338009330094061	0.00213643839499731	NA	NA
GSE59642_3	-0.00360748666077879	-0.0238999825456442	NA	NA
GSE64922_1	0.00257009041309435	0.0323638739239233	0.0068738903486605	-0.00193848281847695
GSE60162_1	0.000985631093014391	-0.065259010464081	NA	NA
GSE31685_1	0.00350580106891046	0.0614118523213988	0.00496605616672835	3.1857242483428e-05
E-MEXP-3890_1	-0.00556880075813155	-0.0461296753259971	-0.00987174984562388	-0.00133064458963116
GSE31980_1	0.00724597371873852	0.0475837058686789	0.00842273180036127	0.0157217559294778
GSE15615_1	0.00029239186265419	0.0295037658094028	0.0041514190510687	0
GSE15083_1	0.00293605727955237	0.0162818754535313	NA	0.00649889054615984
GSE108035_1	0.000216335230947589	-0.0362513208437317	-0.00317455404628456	0.00673411471199889
GSE108035_2	0.0034819722519326	-0.0255705017949178	0.00481658306033566	-0.000341790904471209
GSE108035_3	0.00347236331976905	-0.0307195488102103	0.00559867554688444	-0.00285277617466199
GSE21959_1	-0.0028030303030303	0.00369238480806687	-0.00130917361300392	-0.00282346950136522
GSE21959_2	-0.00290560007570212	0.0123651651527203	0.00056197028477435	0.00445328414439047
GSE24742_1	0.00124335094694186	0.00437943964336261	NA	0.00504222104345686
GSE24742_2	0.000443065336089603	0.0241080474772378	NA	-0.00181117311083503
GSE24742_3	-0.00134370630541285	-0.0178544277942837	NA	-0.0110631700269774
GSE74668_1	0.0074227525613669	-0.00291056924252861	NA	NA
E-GEOD-10024_1	0.00252935558476643	-0.00377906679719048	NA	NA
E-GEOD-10024_2	0.005330509611189	0.0112333497288669	NA	NA
E-GEOD-12860_1	-0.00123886449581078	0.0250495935942503	NA	NA
E-GEOD-12860_2	-0.000791563673019547	0.0296195606054222	NA	NA
E-GEOD-12860_3	0.000849346199472294	0.0234854187572518	NA	NA
E-GEOD-12860_4	0.00240973922551385	0.0469583337193512	NA	NA
E-GEOD-12860_5	-0.000904739379122119	0.0327365472725973	NA	NA
E-GEOD-12860_6	-0.00367263231612486	0.0264655410722539	NA	NA
E-GEOD-12860_7	0.00263664663388603	0.0382525202077314	NA	NA
E-GEOD-12860_8	0.00228548671987043	0.0160861619436348	NA	NA
E-GEOD-14359_1	-0.00636573709592748	-0.0758279338826979	-0.00837558754624413	-0.0179517972128932
E-GEOD-14359_2	0.0159050844839903	0.104930341003247	0.0230322646665154	0.0183321454919034
E-GEOD-1919_1	0.0113498056940927	0.00158276863451517	NA	NA
E-GEOD-1919_2	0.00273310532946382	-0.0483102637609999	NA	NA
E-GEOD-1919_3	-0.00229516932896484	-0.063565219011216	NA	NA
E-GEOD-1919_4	0.0112934693454929	0.0167552798065241	NA	NA
E-GEOD-1919_5	0.00614085680835845	-0.0320328092792904	NA	NA
E-GEOD-1919_6	0.0045792391942368	0.0192594462026303	NA	NA
E-GEOD-1919_7	-0.000956057249592605	-0.0171910625885807	NA	NA
E-GEOD-1919_8	-0.00900513925610566	-0.0170430068841398	NA	NA
E-GEOD-1919_9	0.00729177080063416	0.00527858715353743	NA	NA
E-GEOD-19664_1	0.00424856309565874	0.0214063358546011	NA	NA
E-GEOD-19664_2	0.00398068879343536	0.00921690813661601	NA	NA
E-GEOD-19664_3	-0.0121205750401181	-0.0119459638677464	NA	NA
E-GEOD-19664_4	0.00134033153101189	0.0336332667404395	NA	NA
E-GEOD-19664_5	0.00302608454297717	0.0151881680957011	NA	NA
E-GEOD-19664_6	-0.014549335223961	-0.0258162247319113	NA	NA
E-GEOD-43923_1	-0.0126027730342701	-0.036308245426806	0.00085743034330576	-0.0235191063041468
E-GEOD-51812_1	-0.00709457960858193	-0.00927921078911506	-0.00240742413794413	0.000924476019590954
E-GEOD-51812_2	-0.00724912371500933	-0.0232924146280238	-0.0036936853592839	-0.0149221886312753
E-GEOD-68760_1	0.013444283253853	0.0386727878644241	0.00639903713935988	0.0215012693338434
E-GEOD-82107_1	0.0144973209089401	0.0255607269268886	-0.00501924672555362	0.0141931094915418
E-GEOD-9451_1	-0.00540364084639496	0.0174621535342862	0.000139978578947939	0.0122006678051392
E-GEOD-9451_2	-0.0104891708754675	-0.00653320362536379	-0.0130544907911589	0.00058332266457559
E-GEOD-9451_3	0.00857327209911486	0.0370040582507976	0.0103578533724986	0.0152656062942961
E-GEOD-9451_4	0.00469209783808443	0.0195433863174102	0.010701472270748	0.0135383805823045
E-MEXP-2019_1	-0.00576844994234953	-0.0118413418701812	0	-0.0061988288594705
E-MEXP-2019_2	-0.00510675983333519	-0.0440638910528064	-0.0161451365383896	-0.00260877221047384
E-MEXP-2019_3	-0.0057487708667877	0.00660961361208968	NA	-0.00543530888720384
E-MEXP-2019_4	-0.00831403638994158	-0.0131078024034999	-0.00592856925788751	-0.00415214562967197
E-MEXP-2276_1	0.0013107928691632	-0.0234070265692602	NA	0.00407793397971239
E-MEXP-2488_1	-0.0041798693017854	-0.0112277397318292	0.000861893165194701	-0.0102041057205321
E-MEXP-3129_1	-0.00262166931191602	-0.0260718288903486	-0.00881106934648965	-0.00328757303379608
E-MEXP-3474_1	-0.00312185714336975	-0.0625178978816809	NA	-0.00439426972991405
E-MTAB-3010_1	0.000597479538707545	-0.0206127658329036	NA	NA
E-MTAB-3010_2	0.00262359587501157	-0.0147863381018118	NA	NA
E-MTAB-3010_3	0.00108418234482688	-0.00478008454507317	NA	NA
E-MTAB-3010_4	0.00296115254103227	0.0437902504500835	NA	NA
E-MTAB-4152_1	-0.00065970848827214	-0.0130758688434232	0.00105825397828592	-0.0139065932247035
E-MTAB-4152_2	0.00191980395087227	-0.0264921504769095	0.00391680724058757	0.00288085608048511
E-MTAB-4152_3	0.0027950974760008	-0.0327551962525076	0.00557701485224983	-0.0129788783822361
GSE100609_1	-0.00289578995839101	0.00114545012731709	NA	0.00124802548758817
GSE100786_1	0.00273979642303978	-0.0169221700955884	0	0.00302841305878675
GSE100786_2	0.0077756132527723	0.0158497338869593	NA	0.00873776998656606
GSE103697_1	0	-0.00240436920550651	NA	NA
GSE103697_2	0	0.00144235140960966	NA	NA
GSE103697_3	0	0.00571799203795741	NA	NA
GSE104113_1	-0.00213599379779273	0.0304908763587261	NA	NA
GSE104113_2	-0.00792295107633409	0.0197840589333	NA	NA
GSE104113_3	-0.00213599379779273	0.0304908763587261	NA	NA
GSE10575_1	-0.000973931822614949	0.0154980804968227	0.00155763239875389	-0.0102629503708981
GSE10575_2	-0.0139238980344888	-0.0714057663084668	-0.00786566733605419	-0.0228318075713661
GSE10575_3	0.000935213113297355	-0.0298366237710875	0.00485261862587783	-0.00499790340154468
GSE13604_1	-0.00718889368975383	-0.0158093611202458	-0.0133335365718083	-0.0192836453018579
GSE13837_1	-0.00182482802495232	-0.00505326402561689	-0.00111358574610245	-0.00888977052770156
GSE13837_2	-0.00562132678799571	-0.0116660524174547	-0.0196830030906748	-0.00485107412374022
GSE13837_3	-0.00964202001834806	-0.0179493000288783	-0.0145140401855056	0.000546392578081353
GSE13837_4	-0.00153781531538248	-0.0150649569222671	-0.00426630061124017	-0.00825598206390656
GSE13837_5	-0.00580054180958999	-0.0156889959154734	-0.00121065375302663	-0.00492103858472737
GSE13837_6	-0.00412894390032235	-0.0136444871053897	-0.0141992625514867	-0.00107898428569408
GSE13837_7	-0.007631216583018	-0.0167688363629043	-0.00652387910038446	0.00292659919231235
GSE13837_8	-0.000609794514123749	-0.00965417091139324	-0.000430438421669344	0.00120734878589682
GSE13837_9	0.0108436075449006	0.0289502834736176	0.0157933973428445	0.00745415110131892
GSE13837_10	0.0165122368209129	0.0254262654429412	0.021828805082292	0.00434515349845183
GSE13837_11	0.0066071208805883	0.0240088080255649	0.0126093222386372	0.0142414525836292
GSE13837_12	0.013782543107232	0.0211731383843753	0.0191337834661018	0.0124737206671662
GSE13837_13	0.00279530420004832	-0.00414721762998342	-0.00166952326540976	0.0131260305830007
GSE13837_14	-0.0039376643697788	-0.00338404801350473	-0.00608239609367768	0.00565540668396452
GSE13837_15	-0.00372094847383813	-0.0180405136301596	-0.00263043984153383	0.00472459716352428
GSE13837_16	-0.00394218502218692	-0.0261745879297816	-0.00220423997098713	-0.00436421943490389
GSE13837_17	0.00052926089869503	0.000371208026815046	-0.00408152319656744	-0.00216772016780732
GSE13837_18	0.000699605490318119	0.00482705082482204	0.00174202589083144	0.00549592664697933
GSE13837_19	-0.00297088168131234	-0.00236007459724103	0.00395142537172758	0.0107518330155287
GSE13837_20	0.00793908736754572	0.001548970621341	0.00960678118013513	0.00953562824849207
GSE13837_21	0.014621538359414	0.0204500597197319	0.0165019682277549	0.0139300039845562
GSE13837_22	0.0106669487158668	0.0164409954154449	0.0137043702379545	0.0158926641685262
GSE13837_23	0.00607574331535839	0.00618292035822976	0.0135229069203774	0.0104891530058216
GSE13837_24	0.00430813893500094	-0.00843191158874922	0.00828189686357664	4.86113682378157e-06
GSE16464_1	-0.00537657178318983	-0.0784440167906172	NA	NA
GSE16464_2	-0.00120142088529087	0.0556627516246134	NA	NA
GSE19060_1	-0.00463777069946151	-0.0195722620690459	0	-0.00355127433316194
GSE27372_1	0.00456814432672619	0.0127978299477161	0.0111163524623677	0.0110541245919042
GSE27390_1	-0.00110443004637947	0.0395771529593949	-0.00259949092981786	0.0045947850947184
GSE29106_1	0.00381247946681903	0.00154255106058792	NA	NA
GSE29107_1	0.0013891345440494	-0.00474024052512656	NA	NA
GSE29107_2	0.00384986549150229	0.0329125483318646	NA	NA
GSE29745_1	0.000901335028668796	-0.0376971929160223	NA	NA
GSE29745_2	0.00725457554128797	0.0175076474069918	NA	NA
GSE29745_3	0.000660543879887933	-0.0194474407504414	NA	NA
GSE35546_1	0.00341238803697702	0.0415576291205164	NA	NA
GSE35546_2	0.00597496249179406	0.0415031441355474	NA	NA
GSE35546_3	0.00535252507426403	0.0417006472908006	NA	NA
GSE35546_4	0.00103747420088594	0.00916137415042475	NA	NA
GSE35546_5	0.0020276742766725	0.00911956885908117	NA	NA
GSE35546_6	0.000649031320074283	0.0144156804547051	NA	NA
GSE35955_1	-0.00368880708266787	0.000405069783101898	0.000533758352188025	-0.00165485201604789
GSE35956_1	6.0618691034655e-05	0.0743250039171614	-0.00138298113866374	0.00113698661844776
GSE35957_1	-0.00604384444349643	0.0333698122343521	-0.00606708320447869	-0.00233655596756824
GSE35958_1	-0.00360721362062853	0.0503694210640864	-0.000876631644991659	0.00250766786706537
GSE39340_1	0.000414154959027125	0.043500451157009	0.00475675675675676	0.00346334239145536
GSE39340_2	-0.00676145467465072	2.21679748199537e-05	-0.00381679389312977	-0.0145994753398411
GSE39340_3	0.00868379112433349	0.043772687663603	0	0.0143867649965211
GSE39795_1	-0.000251917509915869	0.00830378609146973	NA	0.00774020356432968
GSE39795_2	-0.0015088993710282	0.0100764440072959	0.0023739336263281	0.000266646296888277
GSE39795_3	-0.00420786789667541	0.00586742203742959	0.00346618289260422	-0.00648013887800381
GSE41038_1	0.00189222565454823	0.00428428402049392	NA	0.00213923321891332
GSE41038_2	0.00695230817014295	0.0259362811891617	NA	0.0109010264457021
GSE41038_3	-0.00514571512002476	0.0062027373553034	NA	-0.00740841245916376
GSE41992_1	-0.00501605297274255	-0.0293326694042969	NA	NA
GSE42235_1	0.0119819222056515	0.0441017077116776	0.0352714797632113	0.00173073706131658
GSE42235_2	0.00362922706941594	0.0435644871733881	0.00182119402416432	-0.0116701109711862
GSE42235_3	0.00938773500364205	0.048735694256057	0.00458995810687197	-0.00110712448299333
GSE42235_4	0.00619910867795774	0.0391253889117516	0.00523434543568315	0.00227548322449447
GSE45233_1	-0.00973329873097642	-0.0395753542977497	NA	-0.00187980800794172
GSE45233_2	-0.000659721187134921	0.0100429177097014	0.00117924528301887	-0.00286699799762821
GSE45233_3	0.00262221487495718	0.0135621095814468	NA	0.00637339236824463
GSE45233_4	-0.00726486242104154	-0.037996949234913	0.00292397660818713	-0.00872539502275421
GSE46053_1	-0.000225413520303404	-0.0198560652079487	-0.00709126616537355	-0.0102165902421303
GSE46053_2	-0.00362161288245496	-0.0203200010572691	-0.0093405771360974	-0.00645529057336099
GSE46750_1	7.17636366723588e-05	0.0405936333025446	0.00220670315009938	-0.00694535917698241
GSE51588_1	-0.00971640004927143	-0.016892625560059	-0.0120672151296891	-0.0194665594261211
GSE51588_2	-0.00184085063198749	0.0343949763915722	-0.00520702607246394	-0.0192039183237214
GSE51588_3	-0.0130753803374839	-0.0844694247996578	-0.0156508956658903	-0.00979972568193056
GSE52817_1	-0.00594190708129592	-0.0243566276970065	NA	NA
GSE52817_2	-0.00259915169277826	-0.0473537673401569	NA	NA
GSE52817_3	-0.00301404583290295	-0.0306265973692184	NA	NA
GSE52817_4	-0.00319991020497196	0.024552693730557	NA	NA
GSE55235_1	0.00535543190809005	0.0147474665646216	0.013389106696958	0.0180702588597903
GSE55235_2	0.005124764019151	-0.000112689454070387	0.000161022615141263	-0.00271998387245107
GSE55235_3	-0.00606123810321151	-0.0114366643055256	-0.00943762609852672	-0.00829808942486386
GSE55457_1	0.00210148447201453	0.0261484610395394	0.00333465277568697	6.82378149881877e-05
GSE55457_2	-0.00394446106192119	-0.0228513269712198	-0.00254870786881974	0.00557772681179009
GSE55584_1	0.00278174172024657	0.039780283085356	-0.00197971658794109	-0.00741853628612569
GSE57218_1	0.000836835606927689	-0.0264581864019758	0.000377100785426297	-0.0070042832754497
GSE60762_1	0.0130617496419613	0.0394388832760703	NA	0.000924172915352186
GSE62914_1	0.00867686584040817	0.020600285368999	NA	0.0034364682597677
GSE62914_2	0.00961414375888522	0.0393694675846682	NA	0.00251676439619476
GSE62914_3	0.00604922490122969	0.0169045140610244	0.00113122171945701	-0.0116657843867216
GSE62914_4	0.00245168174038591	0.0342115004083213	0.00116279069767442	0.00358753947859317
GSE64394_1	0.00164913063781041	-0.0274357868063473	NA	0.00119709730388262
GSE66635_1	-0.00200471100085492	-0.01483700687409	NA	-0.00021694791122221
GSE68038_1	-0.00627234679981674	-0.0163107446217525	-0.0020339848970665	-0.0123964318534345
GSE68428_1	0.00811923884694718	-0.00149230818738973	0.0112023526558651	0.00515778621296161
GSE68428_2	0.00887071603646177	0.000390886935219841	0.0117916928475818	0.00704109491898025
GSE68428_3	0.00449917053254588	-0.0264866875501167	0.0140165864464239	0.0030312067201064
GSE69459_1	-0.00515895683334555	-0.0167728999526957	NA	NA
GSE69459_2	-0.00725074849499676	-0.026083549674629	NA	NA
GSE69459_3	-0.0115459375893983	-0.00863197329805784	NA	NA
GSE69459_4	-0.00297467516133554	-0.0175782067513582	NA	NA
GSE69992_1	-0.010066425521476	-0.0478455952728063	-0.0117846510048775	-0.00567821216674495
GSE70719_1	0.00130897871814759	0.0724849591938823	0.00158898305084746	-0.00320631663424372
GSE7116_1	0.000953278472232063	0.0386565624726803	0.00219941348973607	0.00994382601525459
GSE7116_2	-0.0021983543222349	0.00854904642980891	0	0.00330934266020103
GSE7116_3	-0.00413618176188997	-0.0314247535599365	0.000390579641300102	-0.00133912603313703
GSE72575_1	0.00120234958440783	0.0202256096327639	0.0073804680906835	0.00632826018732059
GSE72575_2	-0.00723588068961648	0.00444044357028425	-0.00643531477791767	-0.00231687186188871
GSE72575_3	-0.00230217220426582	0.0161279482636155	-0.000982288514117422	0.0057233645743461
GSE72575_4	0.000705218617771509	0.0333347045017343	0	0.00294977640178879
GSE75181_1	0.00297429317622129	-0.00899708617372701	0.00321607032221232	0.00969611912837057
GSE75181_2	0.00897941378450035	0.0210767105881844	0.00549052461017644	0.0168070435767259
GSE75181_3	0.00312879131493498	-0.00711401678146203	0.00330906113376	0.0107308487058117
GSE75230_1	-0.00153498819076741	-0.00346137531849211	-0.00280135804851078	-0.00727057266521266
GSE7669_1	0.0029013073888691	0.00926942312979735	-0.00286302395209581	0.000316023666412195
GSE77916_1	0.000258346908887463	0.00598498949331137	0	-0.00552754831201765
GSE80614_1	0.00276920177994231	0.00258585406455823	0.00561797752808989	-0.0102973931987058
GSE80614_2	-0.00230229014108261	0.00637285596277642	-0.0131982718765444	-0.0176680467924172
GSE80614_3	0.00138504155124654	0.0226883941508043	0.00387596899224806	-0.0052959045729765
GSE80614_4	-0.00869894479219238	-0.0119838827028035	-0.0171567715468217	-0.0232675018215462
GSE80614_5	4.89891724583524e-05	0.0183589093113668	-0.000801351004190763	-0.00235528255114635
GSE80614_6	0.0062522907170009	0.0365838706808933	0.00658765334363699	0.00792751706605299
GSE80614_7	0.0031345922895084	0.0394807837810269	0.00811594126644901	-0.00927879604443654
GSE80614_8	0.00430960129534925	0.0179916489009184	0.00670995969996582	-0.00225622786863131
GSE80614_9	0.000232493395410551	0.0021116715245374	0	-0.003596757852077
GSE80614_10	-0.00135047867369856	-0.00339548881937151	-0.00674985819625638	-0.0200820264042983
GSE80614_11	0.000125906203887855	0.0136041702846427	NA	-0.00365482703282232
GSE80614_12	-0.01008461944372	-0.00803937523469419	-0.0130288323572748	-0.0114834382765193
GSE80614_13	-0.00995838620661172	-0.0181777355014693	-0.0264535127561761	-0.024184423737892
GSE80614_14	-0.00945523963378826	-0.00544715121518525	-0.0174534374097749	-0.0180033587442765
GSE80614_15	-0.00821265311588731	0.0188902442713056	-0.016357568278563	-0.0176697460025842
GSE80614_16	-0.00858179525168997	0.024625524688896	-0.0161171682264683	-0.0253990293392895
GSE85254_1	0.0126889895675863	0.00679890036963332	0.0099761359101336	0.010610236360142
GSE86578_1	0.00115870014235487	0.0105116450620005	0.0187412402980266	0.0224184589219502
GSE86578_2	0.00299920913688143	0.0231278809211344	0.00982834994462901	0.0145905320782989
GSE86578_3	0.00598547914336517	0.00236955967483714	0.00829956710201829	0.0097555494436132
GSE9329_1	0.0063693040619295	0.017136700078874	NA	NA
GSE93698_1	0.000346433461368206	-0.0067718337813827	0.00168970023179868	0.00405707668223714
GSE93698_2	-0.0031653209107331	-0.00956831599494115	-0.000626453915665071	0.00821101087694857
GSE93698_3	-0.00617876808153155	-0.0282614927661179	-0.00404208690715862	-0.00136361391741593
GSE93698_4	-0.00415271237282059	-0.0269845509853769	-0.0037666133692351	-0.00599923514862975
GSE93698_5	-0.00208126124127487	-0.00259374078212716	-0.000674625317682157	0.00284694895945847
GSE93698_6	-0.00385923246051431	-0.00408124838165366	-0.00181271056958367	-0.0144549486528464
GSE93698_7	-0.0111162000158669	-0.0352610058243139	-0.0135918505321013	0.00195306740532871
GSE93698_8	-0.0110184620414153	-0.048780531256461	-0.00699888736733995	-0.00627423400106375
GSE93698_9	-0.00383207201316118	0.00733665939636489	-0.00243872539262698	-0.00621003511029086
GSE93698_10	-0.00913790437870006	-0.0349280586295503	-0.00856736496297111	-0.0079412321578858
GSE93698_11	-0.000924776063226907	-0.0404809167654455	-0.00427707269739292	-0.0117551275793909
GSE93698_12	-0.00285483031847258	0.00942913791898879	-0.00016222221742548	-0.00886603437915891
GSE93698_13	0.0064445407360306	0.00421419648853027	0.00257607491829857	-0.00720049496212836
GSE93698_14	0.00599854398073283	0.0546634611572261	0.00745995549242371	0.0122369181458906
GSE93698_15	0.00269377746630854	0.036055823674501	0.000860234661130106	0.00177138529201904
GSE93720_1	-0.000974313601332322	-0.00648591080009764	NA	NA
GSE93720_2	0.0101264640433283	0.0122321792398699	NA	NA
GSE93720_3	-0.00279008469196053	-0.0126727421974528	NA	NA
GSE93720_4	0.0107471822358063	0.00756209142785035	NA	NA
E-MTAB-5564_1	-0.0146128067440484	-0.0695661322572372	-0.0237610616404316	-0.00207094404626747
GSE77753_1	-0.00701503220856679	-0.0433518267098661	NA	-0.00716445775484671
GSE43861_1	0.00116644247772276	0.0271807081646365	NA	NA
GSE112809_1	0.000702247191011236	0.0120183383171984	NA	NA
GSE111946_1	0.00169929375896885	-0.045691703605695	NA	NA
GSE111946_2	0.00351789211925332	-0.0345808242527253	NA	NA
E-MTAB-3201_1	-0.00658203386180796	-0.0294628231732812	-0.00993078789851126	-0.0164311722425621
E-MTAB-6700_1	-0.00269542223272017	-0.00722645402583839	0.00147534675364851	0
GSE54749_1	0	-0.0092126898107041	NA	-0.0125804003345996
GSE57218_B_1	5.36373766302526e-05	-0.0026119683902646	0.00777175207107686	0.000745809981494767
GSE57218_B_2	0.00321285849363163	-0.0041300987811089	0.0114715503242231	0.0113918357315281
GSE57740_1	0.00571033500308888	0.079159594371036	NA	NA
GSE52992_1	0.0109632836874587	0.0134590827425469	0.0117993178087875	0.0122251950364575
GSE17160_1	0.000162306856416609	-0.0241885448856553	NA	NA
GSE17160_2	0.00105952669515264	0.00349437151608154	NA	NA
GSE17160_3	0.00159517232533065	-0.0203574999865831	NA	NA
GSE17160_4	-0.00437273957323534	-0.0255864105910779	NA	NA
GSE17160_5	0.000273864402193706	-0.0454451847998182	NA	NA
GSE17160_6	0.00044560193395964	-0.00212520673976319	NA	NA
GSE17160_7	-0.0105330466434636	-0.105820860915412	NA	NA
GSE17160_8	-0.00425570567189589	-0.039968878682883	NA	NA
GSE17160_9	-0.0010553634779566	0.0162516042744682	NA	NA
GSE17160_10	-0.000660304938005483	0.0191786210351742	NA	NA
GSE17160_11	-0.000506414003354425	-0.0137190778848214	NA	NA
GSE17160_12	-0.00356039275418299	0.0100910319452824	NA	NA
GSE22971_1	-0.00282157520937175	0.0394356971942068	NA	-0.0261876422811921
GSE22971_2	-0.0165628277976281	-0.0846281707123413	NA	-0.0337557374585449
GSE22971_3	0.0227055705825946	0.0267179718866893	0.00577308537140909	0.0212056478891433
GSE22971_4	0.0127664967864731	-0.0147747381716635	0.00722919409319258	0.0209057706420336
GSE13590_1	0.000661027683253075	-0.0275517932531867	-0.00336907047719552	0.00557939716236499
GSE13590_2	1.34894512491233e-06	-0.02485361849271	-0.00297619047619048	0.00368283959003351
GSE99731_1	0.00376236011486204	0.00539265542316073	NA	0.00588820636897965
GSE99731_2	-0.00357946923311909	-0.0197271713382952	NA	-0.0211373025136666
GSE99731_3	-0.010759014733516	-0.0104981894503701	-0.0114499429386088	0.00143353395040297
GSE27492_1	0.0090158382269563	0.0255425568192407	0	0.0168021420616243
GSE27492_2	0.0056092915327463	0.0258589870267963	0.00639775013196988	0.00537449028544016
GSE27492_3	0.0103834550931215	0.00624047392685841	0.0200728084091764	0.0060295752214801
GSE27492_4	0.015687289978062	0.0183905626526243	0.0299179568832134	0.00306954031621084
GSE27492_5	0.00425855636186958	0.0217636303396253	0.00329533099591138	0.00314740659463319
GSE27492_6	-0.00242723038315233	-0.014565406304508	-0.00975339934474857	-0.000570777134898708
GSE27492_7	-0.002292074914371	-0.0194355681266427	-0.0120148754761419	-0.00758763629809858
GSE27492_8	0.00121886882659305	-0.00409778426274049	-0.00731075672527663	-0.00364182918530745
E-GEOD-15069_1	0.00492698295844233	0.106289873638432	0.0116473861406776	0.0133283172028273
E-GEOD-15069_2	0.000998685177514273	0.073776974726627	0.00918051766584603	0.00129038310559263
E-GEOD-15069_3	0.0103138039110893	0.0712092891668043	0.0180147332231901	0.00328066112549619
E-GEOD-15069_4	-0.00943330442804286	-0.0402565116522631	-0.0186271587056749	-0.010683816016878
E-GEOD-15118_1	-0.00067502591959505	0.00866708929339374	NA	NA
E-GEOD-15118_2	-0.00058547530507421	-0.00919245811895441	NA	NA
E-GEOD-15118_3	-0.00713994120242103	-0.0086477544812839	NA	NA
E-GEOD-15118_4	-0.00572645862855289	0.00166773685514612	NA	NA
E-GEOD-16007_1	-0.00758762406231865	-0.020265522151096	NA	NA
E-GEOD-17473_1	0.0368031893978154	0.0979060570351299	NA	0.057262144797632
E-GEOD-18647_1	-0.0138871478276135	-0.0952958928152626	NA	-0.0171116755146532
E-GEOD-18647_2	-0.0204593410368322	-0.0701572552593145	NA	-0.0225342864156277
E-GEOD-18647_3	-0.00263041269646952	-0.0385760255849081	NA	-0.0162235007367395
E-GEOD-18647_4	-0.0110356418570364	-0.0117948984295782	0.00527213044023733	-0.032301268539278
E-GEOD-18648_1	-0.0071623443059879	-0.0232237338708796	-0.0119861725377348	-0.0059324885514312
E-GEOD-18648_2	0.00541779623540661	-0.0225258600007589	-0.00648112559649286	0.0298257499291236
E-GEOD-2154_1	-0.000241169961057644	-0.00250822313600452	0.00245945811342151	-0.00144613086207264
E-GEOD-2154_2	-0.00693111335178444	-0.00513676584194135	0.000596489138111486	-0.00789807636751583
E-GEOD-2154_3	-0.00367683381059168	-0.0114989981520263	0.0010726589030112	0.00344499168495389
E-GEOD-2154_4	0.00964720099633842	0.0251271544195574	0.0151355783963379	0.0240695259944117
E-GEOD-26475_1	0.00586290360378861	-0.00497267386480725	-0.00152093203531925	0.00740932726931483
E-GEOD-26475_2	0.0109742430144785	0.0358487685539758	-0.00590111642743222	0.00281069438052871
E-GEOD-26475_3	0.0197558908653891	0.0745419566867715	0.0298755317131705	0.0258813601541171
E-GEOD-33567_1	-0.0219868395486569	-0.0205781267989006	NA	NA
E-GEOD-33567_2	0.0417510569885157	0.11797236471328	NA	NA
E-GEOD-37287_1	0.0349127527596439	0.129169221943362	NA	NA
E-GEOD-37287_2	0.0257721305675661	0.0810523626015336	NA	NA
E-GEOD-37287_3	0.00620568611217831	0.0293037848112914	NA	NA
E-GEOD-51994_1	-0.00355141293223342	-0.0299525851543775	0.00433118040201861	-0.0123079722887612
E-GEOD-51994_2	-0.00312792577481283	-0.0395171443080986	-0.00769131011110827	-0.0194689565135124
E-GEOD-51994_3	-0.00151231631033913	-0.0301174203438	-0.00484738868722212	-0.012694949349221
E-GEOD-65077_1	-0.000578703703703704	0.0448623614370843	NA	NA
E-MEXP-1244_1	0.00288776865378866	0.0754770786319385	NA	NA
E-MTAB-1123_1	0.0499036641365633	0.164112905096787	0.0677529612272862	0.0465751644761614
E-MTAB-1123_2	0.053116247075718	0.169268074655098	0.0830415809240121	0.033215517534218
E-MTAB-1123_3	0.0248241703245195	0.086241692393986	0.042588475776396	0.0156458555790892
E-MTAB-1123_4	0.0070592545584204	0.150794053173088	0.00173010380622837	0.043551473716096
E-MTAB-1391_1	-0.0126150221075062	-0.0400217594741833	-0.0164970623389102	-0.0240442894956766
E-MTAB-1391_2	-0.00441763915868645	0.0304724815218825	-0.00577349757609472	-0.00606501356579212
E-MTAB-1391_3	-0.00184205089722504	0.0580843210948989	-0.000525130055909298	0.00640181223633645
E-MTAB-2450_1	-0.00047288881194801	0.0147753832300819	0.00151427004190621	0.0131394429828433
E-MTAB-2450_2	0.00922797978573475	0.000308732651214608	-0.00321265439993186	0.0019934972763438
E-MTAB-2450_3	-0.00739851158179117	-0.0652083755471555	-0.00734435666997811	-0.00915937461901068
E-MTAB-2450_4	-0.00447966762875785	-0.0698546623488416	-0.00263845337251882	0.00135938439299607
E-MTAB-5023_1	-0.00106634686415797	0.0198696823708645	NA	0.0132933713830789
E-MTAB-5326_1	-0.00532597988313287	-0.0289775719736335	NA	NA
E-MTAB-5326_2	-0.00904900318717311	-0.0491208633470248	NA	NA
E-MTAB-5326_3	-0.00131221395648862	0.00728884996592626	NA	NA
GSE102588_1	-0.00909340280941703	-0.0600675496637244	-0.0165169007914839	-0.0287514232569993
GSE104793_1	0.0126736858789138	0.073057469195672	0.0175291293921418	0.00318598433328055
GSE104794_1	0.0161610680401757	0.020969990446143	0.019866423898682	0.0106377637267551
GSE104795_1	0.0151834463951815	0.0136878537281281	0.0224076332775176	0.00206600213358384
GSE105139_1	-0.000586840060524271	0.0305129202351619	NA	0.00349556266572734
GSE105139_2	-0.00574816033149598	-0.0166049422994878	NA	-0.0125000251626007
GSE105139_3	-0.0133265514409753	-0.0345860986592131	0	-0.0382884352752405
GSE10555_1	0.0156165588960233	0.0619599802141368	NA	NA
GSE10556_1	-0.00569239310434352	-0.0416178550262747	-0.0176035492365915	-0.00168636223007707
GSE106631_1	-0.00617068879403196	0.011292639755109	-0.00415901871879835	-0.00747284794323151
GSE13104_1	-0.0322330347199607	-0.106464325710039	NA	NA
GSE13104_2	-0.0320295612081203	-0.144250094566028	NA	NA
GSE13104_3	-0.00249324014716932	-0.00893357528300393	NA	NA
GSE16749_1	-0.00143378488478519	0.0285150550033466	NA	NA
GSE16749_2	-0.00345208505177753	-0.00755084640334434	NA	NA
GSE16749_3	0.000788390417426421	-0.0462905943221991	NA	NA
GSE17348_1	-0.0189246718194087	-0.113451096051629	NA	NA
GSE17563_1	-0.000691669956402419	-0.0705137572908564	NA	NA
GSE17563_2	-0.00276296083997468	0.00591768683200197	NA	NA
GSE17569_1	-0.0280570240371352	-0.0684962290663514	NA	NA
GSE17569_2	0.00440940814319924	0.0547695244790269	NA	NA
GSE17570_1	-0.00436445580293873	0.0270801818023358	NA	NA
GSE17570_2	-0.0287157163995471	-0.0518460632495478	NA	NA
GSE18991_1	-0.00058411214953271	-0.0464360940691521	NA	0.00288800859308043
GSE18992_1	0	-0.00308456908411395	NA	-0.0122882084306046
GSE19299_1	0.00973364155281744	0.0320290718348075	0.0071654880251107	0.0230077326013173
GSE20850_1	0.0012189793847098	-0.0201370619193423	NA	NA
GSE21093_1	0.00434439501844745	0.0346973952812131	NA	NA
GSE21523_1	0.0289373303514404	0.084148575020633	NA	NA
GSE21639_1	-0.00214632557129338	0.000911771406556334	NA	NA
GSE21639_2	0.000465163590643821	0.0069336291413341	NA	NA
GSE21639_3	-0.00184695140458902	-0.0133129931153901	NA	NA
GSE21639_4	-0.00665305055822571	-0.0116949403296047	NA	NA
GSE21710_1	-0.0155170151422792	-0.0351093882200984	NA	NA
GSE21710_2	-0.0133718132276728	-0.0263314507788866	NA	NA
GSE21710_3	-0.0168534143435081	-0.034084372260294	NA	NA
GSE22925_1	0.027457173704745	0.088618497259347	0.0325856625619948	0.0464712983378854
GSE22925_2	0.0141468050898278	-0.00604902291509816	0.00244030435135843	0.0076977054875107
GSE26499_1	0.00037543937388579	-0.0199880518874555	NA	NA
GSE30160_1	-0.00997044871861666	0.0279062819182757	-0.00334875214813529	-0.00308598942212059
GSE30628_1	0.0101217688090719	-0.0198822565623366	0.00779525174812371	-0.00138817530183203
GSE30628_2	0.00916120171354583	0.0273592134369245	-0.0054486467216463	0.0183470889600236
GSE32163_1	0.010138769073965	0.0867939641153772	NA	0.0109567470594127
GSE33656_1	-0.0124764845366797	0.00955775141757445	NA	NA
GSE33754_1	-0.00405842826405603	-0.0161515741611826	-0.0039773663188598	0.00265343995600877
GSE33754_2	-0.00269056597679987	0.00243325317778564	0.000602044232363381	-0.00523072830827044
GSE33754_3	-0.0144327815242818	-0.0300779464836271	-0.0204328005760983	0.00297080590254712
GSE34570_1	0.00514149672163226	0.0521420080162108	NA	NA
GSE35003_1	0.0121843124073042	0.0864032255015401	NA	NA
GSE35466_1	0.00594918445291012	0.0439217181707264	NA	NA
GSE35466_2	0.00193348968195148	-0.0214266852933363	NA	NA
GSE35466_3	0.00457356286274682	0.0097586520326375	NA	NA
GSE35466_4	0.00359714795458548	0.0215053818804182	NA	NA
GSE35466_5	0.00601415691171509	-0.00434024205886435	NA	NA
GSE36925_1	-0.00198230181150127	0.00943611672408849	NA	NA
GSE36925_2	-0.00801619897369815	-0.0297840174744752	NA	NA
GSE36925_3	-0.00854618047444165	-0.0324183383359818	NA	NA
GSE37219_1	-0.00215985338015431	-0.055198617332471	NA	NA
GSE37676_1	-0.0222138745135959	-0.121021297524726	-0.0336694616763304	-0.0335709235790905
GSE41342_1	-0.0124142494022023	0.00677648486527729	-0.0148667630508741	-0.00592094822816112
GSE41342_2	-0.00896776948207477	-0.0178035047841591	NA	-0.0138785475873747
GSE41342_3	-0.00401231666716791	0.000181640009655311	NA	-0.00793935645528401
GSE41342_4	-0.00685250019040706	-0.0273042359410973	0.00297722885120834	0.00804568384136806
GSE41997_1	0.0265953987845997	0.10630300047641	0.0128596970679134	0.0174095058992052
GSE43242_1	0.000157119118104015	0.0679474691650454	0.0107894606157172	0.0171869528931248
GSE43242_2	-0.0063404662918951	0.00846643008920024	1.97016605685337e-05	0.0148469551816654
GSE43663_1	-0.00404707423864491	-0.0478252468252018	0.00625	-0.0340789060469065
GSE43854_1	0.0164090607411106	0.0168478903303185	NA	NA
GSE45656_1	0.00432594785104542	0.00773853882763041	NA	NA
GSE45656_2	-0.00140299356256536	0.0445063327603103	NA	NA
GSE45656_3	-0.00168890557441194	0.0561978279003362	NA	NA
GSE45793_1	-0.00613152603351297	-0.0604428232162118	0.000394474847643561	0.0075513560054185
GSE45793_2	0.00266552430121356	-0.0410285993376582	0.00500853083201096	-0.00141495193177233
GSE45793_3	-0.00131284886105944	-0.0703561519739632	0.00459922209961439	-0.0135421876005864
GSE45793_4	0.0119223833370643	-0.0203627807460246	0.0108467440192755	-0.0106837830292497
GSE45793_5	-0.0211761048575966	-0.104206694279185	-0.00769459781535281	-0.000589738222796694
GSE46390_1	-0.00873916149428269	-0.0513828220441768	NA	NA
GSE48438_1	0.0113572960287457	0.0117659875952181	NA	0.0120145512910743
GSE50549_1	-0.00509069487748224	0.00226567742781867	-0.00232959478812282	-0.0108319657194765
GSE50549_2	0.00433245908977896	0.025352725651046	0.00738232914172706	0.00599394358801488
GSE51098_1	-0.00743749430439808	-0.0053861415043194	-0.00340430565446275	-0.029081302829121
GSE53857_1	0.000795610799460971	-0.000842411040375602	-0.016901776384535	-0.00913810119950272
GSE53857_2	0.00565994707841892	0.021974856232849	0.036231884057971	0.0307083030256473
GSE53857_3	0.00137562816451498	0.000999003551505496	0	-0.000311594791985864
GSE53982_1	-0.00197020913709695	-0.00361411015263616	0.00169535155236512	-0.000936356524370741
GSE53982_2	0.00412206983568126	0.017887273198159	0.00822772007767448	0.000107567767761311
GSE54779_1	0.00189451468980896	-0.0387044313206266	-0.00410043812074288	0.00310860644720079
GSE55900_1	0	0.028986876864631	0	-0.00296619583968391
GSE57104_1	-0.0036693482692942	-0.0687654047802951	NA	-0.00576533102882839
GSE59387_1	0.00632612186143252	0.0187019389613343	NA	NA
GSE60401_1	-0.00558119704852319	0.0270135604726171	NA	NA
GSE60401_2	-0.00349605137911198	-0.0153588678249673	NA	NA
GSE60651_1	-0.00824827953610497	-0.0104349168169137	NA	NA
GSE60737_1	-0.0029190661243755	-0.000255144064999362	NA	NA
GSE60761_1	0.00138550365433927	-0.00802359267991015	0.00210970464135021	-0.00354774263268747
GSE60761_2	0	0.0112358938417969	NA	0.00119397440613275
GSE60761_3	-0.00130993995124457	0.0146152341180294	-0.00366650725330783	-0.00426804135196868
GSE60761_4	-0.0046816704324515	0.00227021667234137	-0.00343295406271169	-0.00830163949739031
GSE63017_1	-0.00058411214953271	0.0241769641583976	NA	-0.000256657585181609
GSE63017_2	0.0021186272800748	0.0214693792197623	NA	0.0050223589993411
GSE63017_3	-0.00525038987166754	-0.00864250852836602	-0.000360772357723577	-0.032942510225454
GSE63017_4	-0.00218888536978145	0.0130897680777435	NA	-0.00922907996274775
GSE63939_1	-0.0181729932775199	-0.0740479594258795	-0.0193814638317263	-0.0358536438534048
GSE63939_2	-0.013325914492627	-0.0117546259878668	-0.0157671698202159	-0.031944203499551
GSE64141_1	-0.0197735567853092	-0.0535602332452515	NA	NA
GSE64965_1	0.00450785675673359	0.0553204498202506	0.00223307014874774	-0.00459462139336841
GSE65745_1	0	-0.0441424240142339	NA	-0.0135055655715275
GSE65745_2	0.00290697674418605	-0.0286463995577296	0.0133333333333333	-0.0128390288506035
GSE65745_3	0.00232286459465334	-0.0332907584648995	0.0107843137254902	-0.028934741221941
GSE66416_1	-0.00051175723529668	-0.0135007932378451	NA	NA
GSE66862_1	0.00428435729956435	0.0363708965253094	0.00866729951726927	-0.00238621656600518
GSE69108_1	0.00308881231186307	-0.003869025421597	0.00222487300280541	0.00862759260677117
GSE71565_1	-0.0429829920991766	-0.14045702199584	NA	NA
GSE72261_1	0.00232146412857309	0.0279415401038145	-0.00354912228128007	-0.000288656616497462
GSE72261_2	-0.000385889180077365	-0.00705864678419467	0.000641001603441608	0.0134388021173924
GSE72261_3	0.00732046239176641	0.0121386492982008	0.00481327066950745	0.0136706861404214
GSE7683_1	-0.000868818274185426	0.0245692249228997	-0.00517334665093639	-0.00679172899950134
GSE7683_2	-0.00813537575718997	-0.0656250858325861	-0.0159029534051422	-0.0289518629204348
GSE78980_1	0.00166577307638584	0.00354287073391001	NA	NA
GSE78980_2	-0.000119450252514513	-0.058435814115324	NA	NA
GSE78980_3	-0.00207839598613997	-0.0407570548114321	NA	NA
GSE78980_4	-0.00241154411616082	-0.0571237461866012	NA	NA
GSE78980_5	-0.00159535292397856	-0.000489692231496154	NA	NA
GSE78980_6	0.00141314457974556	-0.0185328995722144	NA	NA
GSE78980_7	-0.00174931566122655	-0.0111312457776218	NA	NA
GSE78980_8	-0.00513527054376082	0.0112796953131081	NA	NA
GSE78980_9	-0.00298624659121926	0.000160180585573305	NA	NA
GSE78980_10	-0.000178999483194363	0.0206527184092347	NA	NA
GSE81399_1	-0.0157836318578446	-0.0703722304274876	NA	-0.0182572447901125
GSE84609_1	0.0025539678245215	-0.00415341577499436	0.00314898008653061	0.00550989968104758
GSE84907_1	-0.00509426286163281	-0.0302715188750792	-0.00599111561232913	0.00547531773734354
GSE84907_2	0.000276899783228569	-0.0118548694152193	0.000458557585460548	0.00908735058433751
GSE84907_3	0.00841132403359409	0.0259686600089692	0.0132107048636988	0.0161874039521453
GSE90127_1	-0.00376049644887632	0.00514282659519096	NA	NA
GSE90127_2	-0.00656919535879324	-0.0411238460646345	NA	NA
GSE90127_3	0.00193555587170912	0.0269588732673534	NA	NA
GSE9247_1	-0.00438194184887015	0.0135785731780675	-0.00875642782693447	-0.009080810882125
GSE9247_2	0.00351025639267531	0.0525389664634404	0.00306441136155793	0.00434321737248762
GSE9247_3	0.00283639882529581	0.0120320250321725	0.00385745566770837	-0.00179237793342997
GSE99306_1	-0.00593332597439396	-0.0771036520447029	-0.000977968529014879	0.00512436018338624
GSE99306_2	-0.0150555656788874	-0.0998025706481401	-0.007588782721811	-0.0189533917931956
GSE99306_3	0.0194579697575591	0.0437846097334209	0.000820373315944086	0.0348371153814631
GSE99306_4	-0.0108793469989776	-0.0737562992262696	-0.00472862168488133	-0.0188175398859717
GSE99306_5	0.00231506014065845	-0.0338480383031029	0.00339757997492391	-0.0178337789786814
GSE99306_6	-0.0117723680300941	-0.0694155401679262	-0.00284371219379884	-0.0241812914921671
GSE99306_7	0.0337717850631458	0.0924448824021185	-0.000480412418725387	0.0362301631961567
GSE99306_8	-0.0166238071003458	-0.118313506112851	-0.00850536279393906	-0.0162118257716635
GSE99306_9	-0.0206952114524359	-0.114491793802219	-0.0128951863551516	-0.0354569449063088
GSE99306_10	0.0244806248176172	0.0313047835827912	0.0272697010934808	0.0542217291613271
GSE99306_11	0.00431263118282305	-0.0448340887401469	0.000396134902888284	-0.0201541246532652
GSE99306_12	-0.0155993256027582	-0.0877278952291285	-0.00206660808831251	-0.0382883157525137
GSE99306_13	0.0388126863868729	0.0700623387372337	0.0233562812744307	0.0331374116414795
GSE99414_1	0.00308595169837667	0.0590505910723461	-0.000793917288358884	-0.00752918926818337
GSE110581_1	0.00591639351117802	0.0172591931352225	0.00811011904761905	0.00323708712461499
GSE110581_2	0.00270275621732932	0.0181265908460094	0	0.00395433893732069
GSE47799_1	-0.00314213741486877	-0.0433573170022956	-0.00252896328477724	-0.0507170799490314
GSE47799_2	0.000654692533636907	-0.0219672474961788	0.00176411090120892	0.00362706606348088
GSE47799_3	-0.00348472223514014	-0.00996619656775623	-0.00403835521016064	-0.0229954238480061
GSE111628_1	0.00240940684745815	0.027971482683699	NA	NA
GSE111628_2	-0.00083533070138204	0.0298060179957942	NA	NA
GSE111628_3	0.00114597075338362	0.037368407027421	NA	NA
GSE5657_1	0.00939126007890045	0.130225170538609	0.0185424596879945	0.0500924428454364
GSE5657_2	0.0108483498270513	0.11393991797094	0.0134342633816982	0.0404955702043743
GSE13782_1	-0.00149837430764698	-0.0217158806052842	0.00366105464313816	0.005863480248311
GSE41039_1	-0.00101754807532097	0.00845809154259426	0.00892857142857143	-0.00785160317977614
GSE84198_1	0.00461263405488498	0.0672901145430382	0.00564687168610817	0.00464462459270308
GSE84198_2	0.00243250572011553	0.0536376587769445	0.00119011365482079	0.00171846862547934
GSE84198_3	0.00467313192671486	-0.0196454707650923	0.00425111055943961	0.0252621826155129
GSE114469_1	-0.033976901526714	-0.0988943108337463	NA	NA
GSE108036_1	0.000883069903741146	0.0768964590997045	0.00314465408805031	-0.00395669283086445
GSE60451_1	0.0291229309916323	0.0244481904472255	0.0129110265037887	0.0161884358294863
GSE47902_1	-0.00261953510779236	-0.0544396858923485	NA	NA
GSE44325_1	0.00933676867449094	0.00342236252702809	NA	NA
GSE4481_1	0.00117909721568258	-0.0263642567691294	NA	0.00717665926742622
GSE4481_2	0.0125304136078951	0.050724746573868	0.00643184325070508	0.0135728850971936
GSE4481_3	0.000574638045635725	0.0247855961728329	NA	-0.00216053689618054
GSE102292_1	0.000677275321119675	-0.0183166244949403	NA	NA
GSE102292_2	-0.0180605193526584	-0.0600108213527451	NA	NA
GSE102292_3	-0.00958644858852106	-0.0266644228623833	NA	NA
GSE102292_4	-0.00145555652773077	0.0320757264206791	NA	NA
GSE41898_1	0.00476072332880132	0.0374679781506117	0.0139396868764524	0.000991968713066439
GSE87605_1	0.0184198431147085	-0.0217351490971022	-0.0212899215427564	-0.04985575267719
GSE87605_2	-0.0872975593942413	-0.222215345712933	-0.103659610830528	-0.101282844173515
GSE87605_3	-0.0450304748338716	-0.187084588604967	-0.0398392244567907	-0.0754279421388589
E-GEOD-54216_1	-0.00681746764806805	-0.0167073808428144	0.000817966122721175	-0.0074257610661994
E-GEOD-54216_2	-0.00399081988214229	0.0111510527587761	0.00306488970826447	0.00507966545158716
E-GEOD-54216_3	-0.000787821821432652	0.0517059903987655	0.00507671541098074	-0.00683881722588515
E-GEOD-6119_1	0.0124211684386613	0.0486024147677952	0.0152546532239171	0.00378927366316078
E-GEOD-6119_2	0.0095175134248216	0.0424727704625461	0.0129768704748005	0.00723004264643169
E-GEOD-6119_3	0.00758571765320628	0.0405424889301614	0.0112664312089536	0.0130758627851651
E-GEOD-8077_1	0.0138216638533672	0.0218310289991136	0.019805009999967	-0.000326172088215768
E-GEOD-8077_2	-0.00396138191172191	-0.0557013957184933	-0.00811520220862601	-0.0160717254741603
E-GEOD-8077_3	-0.015558773503337	-0.0542622830247381	-0.0113581828002431	-0.00607706781535403
GSE103416_1	-0.00328584202358543	-0.0398210722822946	-0.00540981970854334	-0.000454067990832697
GSE103416_2	-0.0106927299155911	-0.0546288830283408	-0.010538263119311	-0.0286067763973067
GSE103416_3	-0.0150052199252331	-0.0432382384596094	-0.0196146321445419	-0.0203098950088875
GSE19950_1	0.0215472833519831	0.0928708084210583	0.0258435420511692	0.0321719958247236
GSE30322_1	-0.0173708354612247	-0.0612768625970788	-0.00344310178105192	-0.0191423832106629
GSE30322_2	-0.00777797773209431	-0.0309330316402701	0.00562765309282889	0.0164389214375835
GSE30322_3	-0.00142060770332315	-0.0417501956496363	0.000671105866955931	-0.000676095044057534
GSE42295_1	-3.54597082005172e-06	0.00200733938217796	NA	0.0107166951655069
GSE42295_2	0.0295339820825377	0.0886698351297105	0.0438818108934041	0.0247003317278247
GSE42295_3	0.0279568468850968	0.0824682124777669	0.0288421763334078	0.0289325797269556
GSE66554_1	-0.0339570289516255	-0.119473441196292	-0.0280613738495677	-0.0683944815366484
GSE66554_2	-0.050517188207013	-0.122401342637073	-0.0544207166065883	-0.0470028906619828
GSE66554_3	-0.014194651652577	-0.0322110403630306	0.00122850122850123	-0.0112158085461257
GSE66554_4	-0.00518058617213541	0.0217186098205205	-0.00499114693004471	-0.0220988238792011
GSE74898_1	0.0210559456326995	0.043220491314341	0.0187418937369785	0.00011606931069091
GSE74898_2	0.0179664825896384	0.0564056979008484	0.01831852876135	0.0111490298956798
GSE74898_3	0.0142553173772569	0.034277458003433	0.0169235691092526	0.0111496166339258
GSE79176_1	-9.89127510405623e-06	-0.0248021041516274	NA	NA
GSE79176_2	-0.00101383867129406	-0.00308379691498899	NA	NA
GSE79176_3	0.000253099256823201	0.018872714989441	NA	NA
GSE85785_1	-0.00337781348430373	-0.017906729201078	-0.00898305959633371	-0.00955373996039556
GSE16981_1	-0.0161777963921102	-0.0498746851315039	-0.0220632911666212	-0.02899904504763
GSE16981_2	-0.00401524125097293	0.033280415306063	0.00257942873917036	-0.0207442782356551
GSE16981_3	-0.0160577581308259	-0.0658491975621577	-0.0196426700404875	-0.0241894011281948
GSE16981_4	-0.0160577581308259	-0.0658491975621577	-0.0196426700404875	-0.0241894011281948
GSE16981_5	0.00371548927352988	0.00699132671260825	0.00558004355642473	0.0101698072676611
GSE16981_6	0.00154886763492024	-0.0240519273176417	0.0175969294821754	0.00642038609101142
GSE16981_7	0.00257663609247112	0.0681599717981145	-0.000194798836103184	-0.00707790763444034
GSE29859_1	-0.00268693377167464	-0.00691239793575151	0.000636898337744004	-0.0191657455944282
GSE29859_2	-0.012591989563728	-0.0360395717914257	-0.0330742154642893	-0.0307695765582933
GSE23492_1	-0.0103546754979344	-0.0274512813086239	NA	NA
GSE23492_2	-0.0101235372192751	-0.048537274065737	NA	NA
GSE23492_3	-0.00433789797726212	-0.0201860792370282	NA	NA
GSE23492_4	-0.00469208717887904	-0.0444347904746424	NA	NA
GSE23492_5	0.00112781493984225	0.0225225055235853	NA	NA
GSE44991_1	-0.00526214188426451	-0.0196793632580793	0.00833320304967976	0.019039292471124
GSE44991_2	-0.00492007156159621	-0.0177211068572915	NA	-0.00751737861065747
GSE39796_1	0.00420949735619667	0.0215491164222127	NA	NA
GSE39796_2	0.0114006104940209	0.0421467420895381	NA	NA
GSE39796_3	-0.0021996518718828	-0.0183771242926554	NA	NA
GSE18394_1	0.00407490391685418	0.0367135317171717	0.00252308614933059	0.0239527857494142
GSE18394_2	0.00476922333162571	0.00451410045453974	0.00775196152111619	0.017159805761311
GSE18394_3	0.00192211316977399	0.036076314964443	-0.00205010062617343	0.0196641403084522
GSE29233_1	0.00432446079438005	-0.0113878689836788	NA	NA
E-MEXP-2291_1	0.00662542180831765	0.0124410043960641	NA	NA
E-MEXP-2291_2	0.00724411249643078	0.0411865690241156	NA	NA
E-MEXP-2291_3	-0.00745372717404956	-0.0255608991926207	NA	NA
GSE18738_1	-0.00808647866388686	-0.0247769541569535	-0.0121958250607482	-0.0107674381944708
GSE107363_1	0.000250543177008898	0.0331681709257531	NA	NA
GSE85761_1	-0.00742874196680244	-0.0260325760959384	NA	NA
GSE89179_1	0.00514695814433037	0.0521323239362868	NA	NA
GSE89179_2	-0.00824651040888416	-0.0228593548089364	NA	NA
GSE89179_3	-0.00643730532310247	-0.00101170146282687	NA	NA
GSE89179_4	0.00087708491543835	-0.00461465017056834	NA	NA
GSE89179_5	0.00729117016190637	0.0319212572888663	NA	NA
GSE89179_6	0.00181807199362012	0.039276035801904	NA	NA
GSE89179_7	-0.00112800341111228	0.00504286417195977	NA	NA
E-GEOD-57723_1	0.00703114848210439	0.000193457226994785	NA	NA
E-GEOD-57723_2	0.00646585726552118	0.032841000755517	NA	NA
E-GEOD-57723_3	0.00940988409262499	0.0388779138877375	NA	NA
E-GEOD-83930_1	-0.00125559389004504	-0.0131410294067302	NA	NA
GSE100268_1	0.00113099852237575	-0.00153159471837981	NA	NA
E-GEOD-55769_1	0.00217466244716704	0.035088473621199	-0.00461974345214138	-0.00487009144401347
E-GEOD-55769_2	-0.000572737686139748	0.0400375404391711	-0.0028735632183908	0.00726087077420443
E-GEOD-55769_3	0.004187133583393	0.0230267120489559	-0.00240214414575509	-0.00368503409684834
E-GEOD-69110_1	0.00570777820213662	0.0421981048947544	0.0158947655253958	0.0066029611473618
E-MTAB-4304_1	-0.00436573925216164	-0.0913750518639425	-0.000148449725669471	0.00284397287474974
E-MTAB-4879_1	0.00248176012287749	0.0181992994249529	0.00550718114109376	0.00616242858259228
E-MTAB-4879_2	-0.00615374333654124	-0.0263550032525553	-0.00550850787527093	-0.000696500860439627
E-MTAB-4879_3	-0.013060773070695	-0.0343609755213527	0.00487598372582649	0.000437543532546998
E-MTAB-4879_4	0.000479344612621342	0.0339749044177736	0.00464199269584787	-0.0113055948550995
Cytokine_Explant_1	0.0065076293058977	-0.00936617558486878	0.00334197295980735	0.0101695767249892
Cytokine_Explant_2	0.00222739064207597	-0.00677376681104961	0.0124595144559495	-0.0045237735313091
Cytokine_Explant_3	0.00763999177375692	0.00254261741119996	0.00726833586021137	0.00651057200787049
Cytokine_Explant_4	-0.00751046423831247	-0.0146989242712636	0.00538298317811653	-0.0019442154691412
Cytokine_Explant_5	0.0049513559476549	-0.00475252326350353	-0.000809836029386774	-0.0145855988545322
FN1_Explant_1	0.0042289232401784	0.0211947522444766	0.00278165511487614	0.00684427431706898
E-MTAB-6266_1	-0.00401850189830941	-0.0259350530777763	0.00519606333032006	0.00408662364268947
E-MTAB-6266_B_1	-0.00502019679901583	-0.0176943715836377	-0.000467213252735662	0.00283164586856821
E-MTAB-6266_B_2	-0.0046870181938685	-0.0304690519591116	0.00417933257529399	0.0148467417793828
E-MTAB-6266_B_3	-0.0083973915330763	-0.0137430063539862	-0.00438259313410724	-0.00173855999540055
GSE74220_1	0.00248777368623212	-0.00331093453139447	0.0022766246196816	-0.00295846189836228
GSE114007_1	0.000401741308145343	-0.0309732493076524	-0.00017675838392898	0.00572840975157515
GSE109503_1	0.0121640116460724	0.0292381848238669	-0.00218681853853341	-0.00300890954707081
GSE109503_2	0.00968594196311586	0.0285033793913689	0.00796015280528888	-0.00116839203554342
GSE109503_3	0.00375196779599127	0.0118461300861713	-0.0160523665783868	-0.00358249506465364
GSE109503_4	-0.000269243869193053	-0.033694955939455	-0.00726619045489211	-0.00438701154932779
GSE109503_5	-0.0125124251756975	-0.058722622359985	-0.020567553698431	0.0101356455048313
GSE109503_6	-0.00815811084606957	-0.0219011205294987	-0.00938544410074601	-0.0178207288604186
GSE109108_1	-0.00336658975429115	-0.0092548903891681	-0.00151057401812689	-0.00571879699021895
GSE109108_2	0.00284594301715959	0.0620383079036469	-0.00045731298294875	-0.00394851961392343
GSE109108_3	-0.00190605795032066	-0.0216520287565525	NA	0.00744782185081482
GSE109108_4	0.00264428300766489	-0.0469249747576422	0	-0.013445724993114
GSE70667_1	0.00084004817784672	-0.0705246423536971	0.00384615384615385	0.00221173955173397
GSE87608_1	-0.0108926270050145	-0.0960077137330966	NA	-0.0476429744726123
GSE87608_2	-0.0399953977290354	-0.115097290984335	-0.016124871001032	-0.0296830438958419
GSE87608_3	-0.0208397420020428	-0.10457156222998	-0.0051195681813338	0.00703695886405437
GSE87608_4	-0.0140643365891094	-0.0418928810475823	-0.0112530802436632	0.0292422863880528
GSE90890_1	-0.0136083260926345	-0.115055011565056	-0.00738568776729887	-0.0322649734933668
GSE97118_1	-0.00358371192186734	0.00151250206335736	NA	NA
GSE97118_2	-0.0510886554290978	-0.132517851529768	NA	NA
GSE97118_3	-0.00572746826548657	0.0063646674242888	NA	NA
GSE97118_4	-0.0515638272107445	-0.126287542192513	NA	NA
GSE97118_5	-0.0155867871480825	-0.0219833037265525	NA	NA
GSE97118_6	-0.0306683217365402	-0.0467280852521483	NA	NA
GSE97118_7	-0.0100301677142376	-0.0392705799294571	NA	NA
GSE107592_1	0.00339438762499196	0.0338826820811969	-0.00472740567302434	-0.0085389700315061
GSE92641_1	-0.00907968532573445	0.00390530173113901	-0.0150973757513053	-0.0206569899978794
GSE107849_1	0.00100524904757435	-0.041718181268227	-0.00156448842386598	-8.79262356276184e-05
E-ERAD-89_1	0.00168069507328316	0.0116046487659512	NA	NA
E-ERAD-89_2	-0.000677506775067751	-0.0134211508906184	NA	NA
E-ERAD-89_3	-0.0005488467624754	-0.0104367902452252	NA	NA
E-ERAD-89_4	-0.00070323488045007	0.038584904776341	NA	NA
E-GEOD-45893_1	0	0.0620650798103548	NA	NA
E-GEOD-53105_1	-0.00460663838154999	-0.040039560584231	-0.000488934351043189	-0.0362867948201526
E-GEOD-53105_2	0.00649197660234187	0.0927645521975975	0.00316236828616579	0.026946301502826
E-GEOD-54461_1	-0.00128108747637831	-0.0329157699753342	-0.00475981334602282	0.00424849846860728
E-GEOD-54461_2	0.0143232436703056	0.0260587624058891	0.0159968965168877	0.0200335674625527
E-GEOD-54461_3	0.0191788665043889	0.0352219971542459	0.0163751029819513	0.0139466444050379
E-GEOD-54461_4	0.013434886254082	0.0261037667812816	0.0120357635124419	0.0155885578758401
E-GEOD-54461_5	-0.00147675313155754	-0.0240558678569527	0.00328877717036852	0.0191299069327651
E-GEOD-54461_6	-0.00496622858864253	-0.0310253832444932	-0.000992577597868333	0.00744085339416393
E-GEOD-54461_7	0.00168217219294202	-0.027689869680937	0.00305114058561782	0.00508582666281507
E-GEOD-54461_8	-0.00157331014425082	-0.0504561970904769	-0.00170839865608479	-0.00540821629496625
E-GEOD-73372_1	0.00666911312082137	0.0423679501460221	NA	NA
E-GEOD-73372_2	0.00348459423380112	-0.00653399026964288	NA	NA
E-GEOD-73372_3	-0.00266334693617027	-0.0596666715745222	NA	NA
E-GEOD-75549_1	0.000675410838940117	0.0213492059065927	NA	NA
E-GEOD-76988_1	-0.00480877981286414	0.00490456881960827	NA	NA
E-MTAB-2923_1	-0.00736882198380714	-0.0271183617571457	NA	NA
E-MTAB-2923_2	0.00920006487343057	0.0239921761487864	NA	NA
E-MTAB-2923_3	0.00833919615006629	0.00425941974858321	NA	NA
E-MTAB-2923_4	0.0328930621610093	0.107369373153796	NA	NA
E-MTAB-3428_1	-0.00353200158662481	-0.0122099228773067	NA	NA
E-MTAB-3428_2	-0.0301516385805536	-0.0667893748274421	NA	NA
E-MTAB-3428_3	0.0492232829514259	0.0730279348042162	NA	NA
E-MTAB-3428_4	0.00652342337293041	0.0202805136269832	NA	NA
GSE102856_1	-0.00481064201249671	-0.05866687772781	NA	NA
GSE103492_1	0.0297821072107714	0.0372652315802327	0.0324639876286871	-0.00679329956676179
GSE103492_2	-0.0135049431598869	-0.0355359603789999	-0.00764314973248194	-0.00909359362642854
GSE103492_3	-0.0135907647636896	-0.0453511369555555	-0.00143021165224928	-0.00859661133717178
GSE103492_4	0.00496165022145412	-0.0227358283487184	0.0223277658226239	-0.00274602673216365
GSE103492_5	0.0479382632508796	0.133286099264643	0.000816186101426016	0.0154959536879267
GSE103492_6	0.0576168271574438	0.118523216034025	0.0142083094356588	0.0195982618521707
GSE103492_7	-0.00163003276307978	-0.0119484598301496	0.00950727664345209	-0.00667577309285369
GSE103492_8	0.016897736113482	0.078025914778811	0.00554625063535663	0.0036257275495621
GSE103492_9	0.0277208502626187	0.0834563749180896	0.0151697136895575	-0.00410038194518279
GSE103492_10	0.00889505156694642	0.00584440029564121	0.00165562913907285	0.0012213177828786
GSE106259_1	-0.00367991425843538	0.00473055805909124	-0.00714753764624428	0.00624990987421206
GSE110303_1	0.00268941456727689	-0.0518976033160639	NA	NA
GSE110303_2	-0.0079809717269898	-0.0258483881211441	NA	NA
GSE110303_3	0.0294789837300237	0.0726742650808986	NA	NA
GSE110300_1	-0.0197695559827415	0.00261969126945944	NA	NA
GSE110300_2	0.00274242717217348	0.0912744458111114	NA	NA
GSE110300_3	0.00901792754183925	0.0750771743396131	NA	NA
GSE110281_1	-0.0270829942130473	-0.158610542484324	NA	NA
GSE110281_2	-0.0120855509590945	-0.0744721421246665	NA	NA
GSE110281_3	0.0199519657940592	0.0888354013530331	NA	NA
GSE104459_1	0.0303745742271287	0.0942753121138961	-0.00307799360447527	0.0104572139566732
GSE104459_2	0.0232861237955513	0.00305731371308845	0.0368370481389162	0.0237690285634402
GSE104459_3	0.00673367109519604	0.0375290939468524	-0.00106316513514604	0.0227979752236845
GSE110051_1	-0.0359897937349416	-0.171796347182526	-0.0386395756590032	-0.102043641580036
GSE110051_2	-0.0199716087101015	-0.0773957175469447	-0.0315972514539104	-0.0593266243173862
GSE110051_3	-0.0325763747057232	-0.185672887939336	-0.0298335279179113	-0.0852583142644776
GSE112694_1	-0.00289524886497482	-0.0526992666881224	-0.00652096700044203	-0.00102337492058898
GSE112694_2	-0.0127004323152131	-0.0676281334923189	-0.0128774433146142	0.000440185547245087
GSE112694_3	0.000330622514696892	0.0348496687446386	-0.00158169524624092	-0.00506064615157176
GSE112694_4	-0.00245931170982963	-0.00471571920072615	-0.00660364305872143	-0.0033454961161691
GSE97232_1	0.00118987660538907	0.0502220553040393	0.00077956852576813	0.0105401910728464
GSE114079_1	-0.000576203774580069	0.067660040419149	NA	NA
GSE114079_2	0.00217606765258415	0.106972400298186	NA	NA
GSE114079_3	0.0098160642591926	0.150769340683979	NA	NA
GSE114079_4	0.0349792074379672	0.123921257461069	NA	NA
GSE104828_1	0.0103736518512339	0.0100389497051927	NA	NA
GSE114521_1	0.00416748728383088	0.0261023430815469	0.00430900526611954	0.00103666183189943
GSE114521_2	0.0209851715598891	0.00476098034695746	0.0139538750917902	-0.022710047376701
GSE112413_2	0.0466769573904447	0.0607264041825957	0.0410222273465088	0.0296314390639092
GSE101909_1	0.0495701754463617	0.11339465158386	0.0812983411380154	0.0544215588232728
GSE101909_2	0.0355824699962345	0.0865095898131075	0.0371475084787725	0.0248841137023005
GSE114919_1	0.0073002862805016	-0.00892169252860468	0.00296956095326176	0.0249078519457605
GSE114919_2	-0.0348004002419153	-0.134301581379207	-0.0182640651738069	0.0212734325060254
GSE114919_3	0.00442631381464298	0.00390052994260084	0.00131026998130418	0.0180498345218347
GSE114919_4	0.0152526580686396	0.0614234219284765	0.00933885698743838	-0.00275951704978179
GSE114919_5	-0.00717189457398849	-0.0392040778914603	-0.000606719346770337	-0.0136366595233954
E-MTAB-5879_1	-0.00176497701415592	-0.0088042116523055	-0.0104063765956936	0.0344486772793333
E-MTAB-5879_2	0.00147318773832294	-0.0528165351530361	-0.000970655462488493	-0.00329010181937293
E-MTAB-5879_3	0.00535201682402512	-0.00215005886443304	0.00636565835211874	0.00873847574047673
E-MTAB-5879_4	0.00510839900593877	-0.0180147593969289	-0.00618331938541924	0.00802367249017594
E-MTAB-5879_5	0.00384341455265911	0.0253653500997546	-0.00254654121270733	-0.00954946290691658
E-MTAB-5879_6	0.00659076738661182	-0.025361989380254	-0.00975581922570527	-0.0106201277039193
E-MTAB-5879_7	0.00935124906083726	0.0379013361417417	-0.00144092219020173	0.0133949378315921
E-MTAB-5879_8	0.0111490597186003	0.0583159441627672	0	-0.0123710519234666
E-MTAB-5879_9	0.00780215906219594	0.0669423900716523	0.00224215246636771	0.00973366911684662
E-MTAB-5879_10	0.00935252173775783	0.0109976038476595	0	0.00234775071528803
E-MTAB-4294_1	-0.000247283921294264	0.0212102973948606	-0.004211376045696	-0.00243666574408615
E-MTAB-4294_2	-0.00147903970710481	0.0124115548360086	-0.00165972613851839	0.011004323322715
E-MTAB-4294_3	-0.00724027231179693	-0.00854499753560236	-0.0139944565587978	-9.33068841378268e-05
E-MTAB-3186_1	0.00685513357246888	-0.0340500613200204	0.00603502230349675	-0.00140443808738797
E-MTAB-3186_2	0.0174027434056476	0.0433662839902018	0.0138691840040042	0.01331610399611
E-MTAB-3186_3	0.0049547755902354	0.0175304347005092	0.00839246992448851	0.00520748825373177
E-MTAB-3186_4	0.00542001483636155	0.00543547325543302	0.00981533799405368	-0.000122209505744925
GSE114919_Rat_1	0.0115901958892363	0.0185986023214587	0.00805503784580269	-0.00385449984032115
GSE114919_Rat_2	-0.00827630552867617	-0.0774250418460484	-0.0158099275874388	-0.00663603987991575
GSE114919_Rat_3	0.0101793263892912	0.017841211948337	0.00668176645456621	0.00774459596381221
GSE114919_Rat_4	0.0121045706537919	0.0353969374627657	0.0104052992103903	0.00366788530864889
GSE114919_Rat_5	-0.00861370925810218	-0.0485706303968206	-0.00704164849938946	0.00269831363825982
