comparisonID	jaccard	cosine	sigjaccard	chrDir
22659600_1	0.00250856699289101	0.0156164235806335	0.0072469390801099	-0.00315174047454246
24361742_1	0.0043005634858569	0.0184255255593469	-0.000735219104121543	0.00923150716037237
GSE72258_1	0	-0.0063546824192783	0	2.33037677343168e-05
GSE72258_2	0	-0.0358330565447105	0	-0.00652492668621701
GSE69531_1	0.0146120783956974	0.0260542828246065	NA	NA
GSE69531_2	0.00906693737784123	0.0177652581357634	NA	NA
GSE69531_3	0.00181711757405479	-0.00377303167639631	NA	NA
GSE69531_4	0.0146120783956974	0.0260542828246065	NA	NA
GSE58203_1	-0.0230463538382143	-0.0800650115205421	-0.0281558736568832	-0.0228967858081147
GSE58203_2	-0.0242625800203376	-0.0820278745395196	-0.0248986939964128	-0.022341884348104
GSE58203_3	-0.0382507028232747	-0.0973272571138291	-0.0367959022690321	-0.0391425753238719
GSE58203_4	-0.0368737007818348	-0.085591596736337	-0.0351439283188339	-0.0294427231676821
GSE58203_5	-0.0314338235294118	-0.122091078351451	-0.0370535714285714	-0.0403696615147576
GSE58203_6	-0.0307726210462598	-0.11355207811262	-0.0370254316110508	-0.0277026141259315
GSE58203_7	-0.016424165851146	-0.0831783735989605	-0.0179654693958431	-0.0193609309724219
GSE58203_8	-0.00160996498724389	-0.0183782387624584	0.000846270138729224	0.000691709451428988
GSE59642_1	-0.000180550521749256	-0.0056773060520903	NA	NA
GSE59642_2	0.00618645064973421	0.00583775960732267	NA	NA
GSE59642_3	0.00717463012316572	0.0137070524406284	NA	NA
GSE64922_1	-0.0589046445200082	-0.141515302049604	-0.0714031424101789	-0.0651501881581203
GSE60162_1	-0.0101004627325798	-0.0259245288567676	NA	NA
GSE31685_1	0.00456224126668665	-0.00487253987691807	0.00885507507698751	0.00620753419195569
E-MEXP-3890_1	0.000317348336326111	-0.00672622497007419	-0.00107146257212709	0.0271101080821647
GSE31980_1	0.00297906202210248	-0.0115475455220477	0.00102461934005266	-0.00159753966110784
GSE15615_1	-0.0362756094918861	-0.171127183431634	-0.0481727226870408	0
GSE15083_1	0.0127836441352937	0.0759059397031095	NA	0.00881870702774833
GSE108035_1	0.0038772640090947	0.0187568166254248	0.00468319022294974	0.0100439754844267
GSE108035_2	0.00773013083853753	0.0354844765305023	0.0070981201391702	0.0117505978416255
GSE108035_3	0.00336561657052792	0.0270741889632028	0.00269584663006505	0.00989132915299478
GSE21959_1	0.0129986170317176	0.0260936445913813	0.0150514642573721	0.00201057359779297
GSE21959_2	0.00727184993894399	0.020427637150607	0.00917083927462444	0.000552321241976414
GSE24742_1	-0.000932492248762816	-0.0148083878914386	NA	0.00190927600960158
GSE24742_2	0.00193529201084016	0.0056658089090944	NA	-0.00600453518667286
GSE24742_3	-0.000251402967345724	-0.0213413818599057	NA	-0.0107408984552106
GSE74668_1	-0.0114192730292138	-0.0398796629175485	NA	NA
E-GEOD-10024_1	-0.0198150510631576	-0.038238428151373	NA	NA
E-GEOD-10024_2	-0.0440325445360364	-0.0897942159414513	NA	NA
E-GEOD-12860_1	-0.0381086264304217	-0.0842374844230785	NA	NA
E-GEOD-12860_2	0.015552315914867	0.0322209408133615	NA	NA
E-GEOD-12860_3	0.0062145931546529	0.0071769864466332	NA	NA
E-GEOD-12860_4	0.00922765732454978	0.0246753663142985	NA	NA
E-GEOD-12860_5	0.00307181540324406	0.004739394812301	NA	NA
E-GEOD-12860_6	0.0165415557768228	0.0403274610647827	NA	NA
E-GEOD-12860_7	0.00892884896493639	0.0307477237455587	NA	NA
E-GEOD-12860_8	-0.00783622672706398	-0.0160555559003588	NA	NA
E-GEOD-14359_1	-0.00505341993776888	-0.0332288402204742	-0.00701437012288413	-0.0157486603225078
E-GEOD-14359_2	-0.00748794312694837	-0.0249307511843642	-0.0103842244024532	0.0054163290842049
E-GEOD-1919_1	-0.0394510769874609	-0.0935177273120548	NA	NA
E-GEOD-1919_2	-0.0188509741395024	-0.0650932966727042	NA	NA
E-GEOD-1919_3	-0.00332536991843088	-0.0224631948151472	NA	NA
E-GEOD-1919_4	-0.0374154906593191	-0.0852857139087135	NA	NA
E-GEOD-1919_5	-0.02133951238894	-0.0751489055282527	NA	NA
E-GEOD-1919_6	-0.00989956485338688	-0.0300254104443464	NA	NA
E-GEOD-1919_7	-0.00786165843830038	-0.0295197489587029	NA	NA
E-GEOD-1919_8	-0.00572950922583425	-0.0291358591996121	NA	NA
E-GEOD-1919_9	0.00214029458849314	0.0088323073436302	NA	NA
E-GEOD-19664_1	-0.00677188094465714	-0.00830888797131671	NA	NA
E-GEOD-19664_2	-0.011855307550316	-0.0432984594514452	NA	NA
E-GEOD-19664_3	0.0273965887728587	0.095985915653736	NA	NA
E-GEOD-19664_4	-0.00984211351298412	-0.0179936108285777	NA	NA
E-GEOD-19664_5	-0.0225950761920289	-0.0471658995958899	NA	NA
E-GEOD-19664_6	0.0187663475543539	0.0867427403000911	NA	NA
E-GEOD-43923_1	-0.00917600244179456	-0.0321947615953255	-0.00527268792970455	-0.0324051488661438
E-GEOD-51812_1	0.0112671981360724	0.0740726056175681	0.00968260951578285	0.0157535442419163
E-GEOD-51812_2	0.0129486554286967	0.076563626999994	0.0111539254717739	0.0274407862885637
E-GEOD-68760_1	-0.0454934227093343	-0.138057538019172	-0.0445446366861871	-0.0357106494769597
E-GEOD-82107_1	-0.0137202714967945	-0.0324003250056323	-0.0215316591378914	-0.0227689756529536
E-GEOD-9451_1	0.00796483314016629	0.015731305040464	0.00803255018727523	0.00882235292477497
E-GEOD-9451_2	-0.000382989258419937	-0.0105249559703867	0.000619084320242353	0.0118698713964257
E-GEOD-9451_3	-0.00186067042831742	-0.0119830442262034	-5.64525084467693e-05	0.00235398649963759
E-GEOD-9451_4	0.012010493571764	0.0302141543726178	0.00829014866623082	0.0184866741456037
E-MEXP-2019_1	0.00599608875371508	0.0453629317606302	NA	0.0154450450497174
E-MEXP-2019_2	0.023208927393315	0.061517913787338	-0.00565354417250506	-0.00449309688763026
E-MEXP-2019_3	0.00903691977156014	0.0653546109924002	NA	0.0280687901044223
E-MEXP-2019_4	-0.00704560984993651	0.00667018206579545	0.00727339202743811	-0.00623864911795911
E-MEXP-2276_1	-0.00591790612067807	-0.0263022958246418	NA	-0.0118803005702475
E-MEXP-2488_1	-0.0053999030525769	-0.012103773187577	-0.0106017422703891	-0.0207743966893697
E-MEXP-3129_1	-0.00967230438451896	-0.0123154613303024	-0.0150805984563359	-0.0100132584433671
E-MEXP-3474_1	0.00767372707360209	0.0148075371183559	NA	-2.49284133540415e-05
E-MTAB-3010_1	-0.00121519197646276	0.00975108515567721	NA	NA
E-MTAB-3010_2	-0.00890941655346728	-0.0202857693363122	NA	NA
E-MTAB-3010_3	0.00350323997364529	0.0169342166064982	NA	NA
E-MTAB-3010_4	-0.00307906040698254	0.000208179817552644	NA	NA
E-MTAB-4152_1	-0.00475031872937906	0.0100993383938482	0.000153807474328185	0.00828496576842611
E-MTAB-4152_2	-0.0021345344078752	-0.0148277488459706	-0.000261292881330066	-0.0153341002603623
E-MTAB-4152_3	-0.0101551392316733	-0.00022961201389004	-0.0103113720094762	-0.0032373273672719
GSE100609_1	0.0101300016743787	0.00732912034351258	NA	0.00152811614955165
GSE100786_1	0.000709836358776028	0.00278356379885184	-0.00173010380622837	0.00188753667502974
GSE100786_2	-0.00145434383603548	0.0215138163078999	NA	0.0037676714098182
GSE103697_1	0	-0.0157121395014975	NA	NA
GSE103697_2	0	0.00740378240664041	NA	NA
GSE103697_3	0	0.00203741120687662	NA	NA
GSE104113_1	-0.0166971257994822	-0.0451549403064579	NA	NA
GSE104113_2	-0.00685291843114637	-0.00315703586044332	NA	NA
GSE104113_3	-0.0166971257994822	-0.0451549403064579	NA	NA
GSE10575_1	0.00827519896642241	0.00463304926833113	0	0.00456206993729597
GSE10575_2	0.000353388468470267	-0.000576371180241088	-0.00511102347885325	0.0129529372365331
GSE10575_3	-0.00146789634074794	-0.00223341175661095	0.00208636591368875	-0.00183720002354308
GSE13604_1	0.0059050589633398	0.0172565207115003	0.00892460313940771	0.0162790845992086
GSE13837_1	0.00172742006197014	-0.0114496993272663	0	-0.00391462955644543
GSE13837_2	0.00538512017293059	-0.0149159646307679	0.00170696085920999	8.73813796757258e-06
GSE13837_3	-0.0249667913629607	-0.0645846959536711	-0.0200156697570391	-0.0202407817529624
GSE13837_4	-0.045591918730546	-0.101736130017491	-0.0458029932450174	-0.0387091645451263
GSE13837_5	0.00359735715370019	0.00581819334179355	0	-0.00878947534069808
GSE13837_6	0.000313627152631883	-0.0440842521032089	0.000560596548170436	-0.00441458528805138
GSE13837_7	-0.017222100816017	-0.054187570839564	-0.0104698021030471	-0.0101723908713685
GSE13837_8	-0.0502279014686898	-0.113019124241326	-0.0523226502421045	-0.048369986727957
GSE13837_9	-0.01589028956569	-0.02808625425498	-0.0111770992138224	0.00244764246656739
GSE13837_10	-0.0115598898800561	-0.00522085766188435	-0.0086699036129124	0.00124620179117074
GSE13837_11	-0.0166302176881512	-0.0293521403972739	-0.0106657898703235	-0.000478401567018651
GSE13837_12	0.00716624165929641	-0.000509342470063826	0.00145896156766974	-0.00184118071354097
GSE13837_13	-0.0283921981030993	-0.0867918309712979	-0.02115039542766	-0.0241917859406879
GSE13837_14	-0.0338257631209798	-0.086904791940553	-0.0328723948411242	-0.028700964903223
GSE13837_15	-0.0419463830206557	-0.115977626990183	-0.0384670865411411	-0.0455353084814123
GSE13837_16	-0.0578675223390362	-0.143508251767916	-0.0591068617118232	-0.0596202636381469
GSE13837_17	-0.0292378992319789	-0.0831691942282651	-0.0186088009431858	-0.0295023725106032
GSE13837_18	-0.0269240526432506	-0.0847269899134372	-0.0267678927858569	-0.0289005359633832
GSE13837_19	-0.0395163406710772	-0.106705060619357	-0.0369677650562019	-0.0328880819095567
GSE13837_20	-0.0471950422661135	-0.124044397618576	-0.0510455555657419	-0.0589362823812148
GSE13837_21	-0.0109014254991079	-0.0203394369411181	-0.00140601087365152	0.00395423828225362
GSE13837_22	-0.0170604945021018	-0.0203199800567775	-0.00833161740671497	0.00242073647824154
GSE13837_23	-0.0219715044170702	-0.0286457513491765	-0.00994098845115884	-0.00957770570927863
GSE13837_24	-0.0324002435061748	-0.0641077756062671	-0.0187704226452253	-0.0196647949227523
GSE16464_1	0.00907353105574866	0.032469013347553	NA	NA
GSE16464_2	-0.00631563287774402	-0.0210936239214042	NA	NA
GSE19060_1	0.000676785588697158	-0.00138065962902031	0	-0.00362481061073138
GSE27372_1	0.000628726989888514	0.0140302952532007	0.00416393222372045	-0.0073615824099723
GSE27390_1	-0.0216406399965211	-0.0454271581371233	-0.0272105765912717	-0.0272883404976257
GSE29106_1	-0.00224308777479469	-0.0160430490573741	NA	NA
GSE29107_1	0.010463961034405	0.0184462692827128	NA	NA
GSE29107_2	-0.0270041385160882	-0.0971246803719389	NA	NA
GSE29745_1	0.000399865543616651	-0.00612344877286853	NA	NA
GSE29745_2	-0.0168254751757351	-0.0665393172511038	NA	NA
GSE29745_3	0.000813838070469213	6.6837896509525e-05	NA	NA
GSE35546_1	-0.000653863972280655	-0.00944160397831188	NA	NA
GSE35546_2	-0.0028567303123298	-0.00716698232287629	NA	NA
GSE35546_3	-0.00131974489088591	-0.00623460040562272	NA	NA
GSE35546_4	-0.00803286638217008	0.00288642494894772	NA	NA
GSE35546_5	-0.00732756195424133	0.00575655816407902	NA	NA
GSE35546_6	-0.00715999103011619	0.00796832805858324	NA	NA
GSE35955_1	0.0130949661665242	0.0584385464262285	0.00948854199722211	0.0116592789537707
GSE35956_1	0.00284204597294302	0.0338874872380541	-0.0150824360938404	-0.0126194677341796
GSE35957_1	0.017595893330866	0.0234172843961131	0.0145392264152474	0.0165084683486606
GSE35958_1	-0.00518312963747225	-0.0173683160052172	-0.00872076875352022	-0.00858000470981961
GSE39340_1	0.0238607147867914	0.0562909252482562	0.00586743117165451	0.0364519505666384
GSE39340_2	0.00908879888961763	0.0493526071130276	0.0107374050098508	0.0135908245812974
GSE39340_3	0.00910464298509839	0.0023592952653753	NA	0.0015969894913871
GSE39795_1	-0.00135157314266099	0.0109673474723986	NA	0.00390979913268898
GSE39795_2	-0.00392721126178609	-0.00836157473355081	0.00845760754735523	-0.00245776516887609
GSE39795_3	-0.00368233107783743	-0.021074651123106	-0.00618977401323686	-0.00604836264402668
GSE41038_1	0.00492500132158989	0.0129842385698052	NA	0.00584031969380944
GSE41038_2	-0.00548800695318198	0.01202591102213	NA	0.00467051542102252
GSE41038_3	0.00175190735094837	0.00181260713068658	NA	0.00558955380902568
GSE41992_1	0.0289275023158629	0.0435958691067725	NA	NA
GSE42235_1	-0.00410279419970739	-0.0110596199312575	-0.00379787480150394	-0.00682030669210991
GSE42235_2	-0.00529371384294964	-0.0387703257503208	-0.0170391856587292	0.00483634420739619
GSE42235_3	-0.01647950774984	-0.0414598628126652	-0.0238861516774262	-0.016287756519254
GSE42235_4	-0.0113118047890249	-0.0313969752782146	-0.0198019567126422	-0.0215607808373385
GSE45233_1	-0.00637700019900104	-0.0375761418497054	NA	-0.0139849081652052
GSE45233_2	-0.00955069140680033	-0.0169613901955031	-0.0031055900621118	-0.00152903755712482
GSE45233_3	0.00392818188079468	0.00725110945991924	NA	0.0055117646822396
GSE45233_4	-0.0125555628252413	-0.017860586575443	0	-0.00547541583853545
GSE46053_1	-0.0168239247350638	-0.042658193817487	-0.0244502921236583	-0.0189745105207616
GSE46053_2	-0.0286882952811799	-0.0611111861181626	-0.0254638773848416	-0.0261377195272232
GSE46750_1	-0.00822046378738038	-0.0337531670223557	-0.0061026936026936	0.00221066395178355
GSE51588_1	-0.00834977566941803	-0.0267044227961462	-0.0104248271789143	-0.0406482682798472
GSE51588_2	-0.0139018854549944	-0.0296835785247094	-0.0128569812599702	-0.021568130993463
GSE51588_3	-0.00679029660219731	0.00255813778092424	-0.00684735377015098	-0.0294356872635561
GSE52817_1	2.57332599199432e-05	0.0115971620876007	NA	NA
GSE52817_2	0.000230079757958789	-0.0244070598001378	NA	NA
GSE52817_3	-0.00231513216797347	-0.0223157819870823	NA	NA
GSE52817_4	-0.000400530418717626	0.0276696831312086	NA	NA
GSE55235_1	-0.0367783922732459	-0.0894547134912319	-0.0459028302662381	-0.0263522151766235
GSE55235_2	-0.029096752321328	-0.0588193380675208	-0.0339687038333759	-0.0233095858426021
GSE55235_3	0.00248602566767584	0.00100774726457174	0.00417379456378097	0.00925077763322762
GSE55457_1	-0.0397288894007568	-0.106085235281377	-0.0489926673892544	-0.0496753059642064
GSE55457_2	-0.0336406618895804	-0.0844903484561528	-0.0422012659648447	-0.0215002548286134
GSE55584_1	-0.022069271538423	-0.0688551824613389	-0.0267909571344686	-0.0345656195358239
GSE57218_1	-0.00391254767803075	-0.00631843326127519	-0.00075880758807588	-0.0111083721224941
GSE60762_1	-0.0318161495185675	-0.0639925746196522	NA	-0.0319368247166132
GSE62914_1	0.000759162623151345	0.0171306994122182	NA	0.00397260483815421
GSE62914_2	-0.0066021745751433	-0.011796568015801	NA	0.00406924708212092
GSE62914_3	-0.00262097128678441	-0.010381666668086	-0.00294117647058824	-0.0113830173306912
GSE62914_4	0.00865935537214173	0.0209817637723537	0	0.00943417657492581
GSE64394_1	-0.0147256064430162	-0.0375290937628626	NA	-0.0104263475836431
GSE66635_1	0.00523601255278579	0.0138229337646211	NA	0.00887205387205387
GSE68038_1	0.00449742142072493	0.00108782755167202	-0.00467089880974751	-0.00176586676537184
GSE68428_1	-0.0465005911923075	-0.0990843098953515	-0.0466811167216345	-0.0395643513951792
GSE68428_2	-0.045978124208774	-0.107705182619509	-0.0525303424188414	-0.0324461401970287
GSE68428_3	-0.0439865803624325	-0.0998743279082369	-0.0505144852369739	-0.0352595789985929
GSE69459_1	0.00234387595888822	0.0157469533200067	NA	NA
GSE69459_2	0.0102367150290314	0.0215185940143075	NA	NA
GSE69459_3	0.00663560165735727	0.0204538587390053	NA	NA
GSE69459_4	0.0123613026817449	0.0233983827875941	NA	NA
GSE69992_1	-0.00490186062571886	-0.0154254399741357	-0.00184383320313706	-0.003823264798497
GSE70719_1	0.00150973489311739	0.0097480221688558	0.00117817905234596	0.00056825724254607
GSE7116_1	0.00533555944371884	0.0177990074154142	0.00682309117168424	0.00195653803374715
GSE7116_2	-0.0129535330948659	-0.0550993971454389	-0.0113636363636364	-0.0193361499181083
GSE7116_3	-0.0190837679151941	-0.0630683975011384	-0.014173445717805	-0.0142518593404119
GSE72575_1	-0.0130330643160087	0.00404972411919477	-0.0121034054722777	-0.018144556384461
GSE72575_2	-0.0099023343729291	0.00717725806518442	-0.00531304377001539	-0.00439929835074652
GSE72575_3	-0.00853504277805692	0.0156973918564593	-0.00678500602321583	-0.00759234379924035
GSE72575_4	-0.00411158057334969	-0.0391912544507339	-0.00159235668789809	-0.0180866776665957
GSE75181_1	-0.00845206195855227	-0.0159245174468339	-0.00772005499319529	0.0237789745098343
GSE75181_2	-0.0521414878896502	-0.126339934742127	-0.0616742513311361	-0.0384482510549681
GSE75181_3	-0.0143843466180632	-0.0370811924534653	-0.0143965813979574	0.0204443320409009
GSE75230_1	-0.00520127299883005	-0.000137063077928054	0.00162575794278207	-0.0059755733488532
GSE7669_1	0.0157122755770875	0.0574619839034925	0.000315865946492308	0.0157384020574843
GSE77916_1	0.000381702934871455	0.00482055581152647	-0.00224215246636771	-0.00326424776940322
GSE80614_1	-0.00978260869565217	-0.0415744002781487	-0.0123456790123457	-0.00208946703321734
GSE80614_2	-0.00526772125818178	-0.0381664908929224	-0.00699251837685353	-0.00319030406134885
GSE80614_3	-0.00700934579439252	-0.0441757256133719	-0.00742574257425743	-0.00262447505975856
GSE80614_4	-0.000286443086225311	-0.0115000877268432	0.00192862192160288	-0.00204524117632133
GSE80614_5	-0.00226712247851384	-0.0152710666291964	0.000589312257979004	-0.012074602653211
GSE80614_6	-0.00704996029340459	-0.0125325356410094	-0.00393927249811186	-0.0118526602673371
GSE80614_7	0.00194397521517141	0.000995806540877701	0.00969148541806849	0.00339886089741269
GSE80614_8	0.00724831542945095	0.0139909730015499	0.00525683552067406	0.01737243295718
GSE80614_9	-0.00860724233983287	-0.036630036490167	-0.00835866261398176	0.00519331071992136
GSE80614_10	-0.00521356085863017	-0.0336679748912561	-0.00293702144764864	-0.00553172869748278
GSE80614_11	-0.00593824228028504	-0.038790476624963	NA	-0.00316733467363599
GSE80614_12	-0.00562525175369346	-0.00442865854047027	0.00772854262823543	-0.00531144133449244
GSE80614_13	0.00230133278966199	0.00320491651876076	0.0112014503637894	0.000956738858406794
GSE80614_14	-0.00522651363632306	-0.00736695619132539	-0.0102612257024022	-0.00160860818919768
GSE80614_15	-0.0033135742363885	-0.0100949153186608	-0.00736566300112776	0.00591034271579719
GSE80614_16	-0.00322673822615466	-0.00223042947476421	-0.000144441179876479	0.00637563256671608
GSE85254_1	-0.0448936142939759	-0.106815631818629	-0.0600136482677629	-0.0600891943822463
GSE86578_1	-0.0189490745976102	-0.0575838016858	-0.0236363636363636	-0.0334710539245205
GSE86578_2	-0.0201339285714286	-0.0762290530891928	-0.0314166577186012	-0.0315643459367594
GSE86578_3	-0.0257949721680114	-0.0646511719541457	-0.0325460889044321	-0.0311598801795194
GSE9329_1	0.0112808382381474	-0.00201293603409532	NA	NA
GSE93698_1	0.00373650210584232	0.0179678729550562	0.00736998388308432	-0.00119164337064722
GSE93698_2	0.00615269759815066	0.016880293110383	0.00907342074106112	-0.0161540263015673
GSE93698_3	0.0155684012908667	0.0479878819366501	0.0211385821811319	-0.00116693337861426
GSE93698_4	0.00348128132989956	0.0168500166179844	0.0093786603019651	-0.00462132314876039
GSE93698_5	0.024431759774568	0.0734992743896969	0.0245530896889785	0.0278000207728882
GSE93698_6	0.00750533484150781	-0.00931975267240953	0.00114005446015551	0.00265435290011561
GSE93698_7	0.0263765469913691	0.0479196321619267	0.0210638756544827	0.0209291058351434
GSE93698_8	0.00155301765430521	-0.00887111535808688	0.0016354445435623	0.00222408788522766
GSE93698_9	0.0464273643045701	0.113590990636457	0.0562491195523595	0.039138908015432
GSE93698_10	0.0269746951206863	0.0582225004166197	0.036261582497033	0.0348482750929583
GSE93698_11	-0.00146356628746659	0.000775498742408098	-0.000521493212669684	-0.00211376516493042
GSE93698_12	0.041670297397132	0.112060537699202	0.0512452907845723	0.0417938266395678
GSE93698_13	-0.0253595793908531	-0.0598733979856048	-0.0183091472480147	-0.0180792306698946
GSE93698_14	0.0320532270277681	0.0842211183133224	0.0424149826554047	0.0356446180530531
GSE93698_15	0.0388030876969993	0.110782373572577	0.0416691995275615	0.0399910387883967
GSE93720_1	-0.0543232680459899	-0.179860355212968	NA	NA
GSE93720_2	-0.0491370439153768	-0.129818930478356	NA	NA
GSE93720_3	-0.0573826089088568	-0.161894367735142	NA	NA
GSE93720_4	-0.0403237510638935	-0.100693233856918	NA	NA
E-MTAB-5564_1	-0.00126030945126558	0.00960920276053104	-0.00400160281677733	-0.0101629422646443
GSE77753_1	-0.00197078570865068	-0.0139944113286728	NA	0.0128095748002801
GSE43861_1	0.00880103721530485	0.00204942949116842	NA	NA
GSE112809_1	0.0015527950310559	-0.00716217626512103	NA	NA
GSE111946_1	0.00277850609438473	0.00632669416414705	NA	NA
GSE111946_2	-0.00613986213179215	-0.00485895090191609	NA	NA
E-MTAB-3201_1	-0.00631433517340605	-0.019356167420277	-0.00524202606235559	0.00461459552368644
E-MTAB-6700_1	-0.0441274286836338	-0.169249714401672	-0.0457663290573321	0
GSE54749_1	-0.0024330900243309	0.000901224479435532	NA	-0.00121393611671695
GSE57218_B_1	-0.00554991519019398	-0.00864510750016841	-0.00426301177464415	-0.016618687587287
GSE57218_B_2	-0.00824876277659023	-0.00567391168145841	-0.0103120489304008	-0.00831721279855605
GSE57740_1	0.0042202203008205	-0.0158137344694275	NA	NA
GSE52992_1	-0.00161773155827571	0.0206961647363267	0.00293188952818469	9.55363544390599e-05
GSE17160_1	-0.00775021929380286	-0.068622866504371	NA	NA
GSE17160_2	-0.00576779764954887	-0.0481140342001972	NA	NA
GSE17160_3	0.000183384048648287	-0.0123584294363713	NA	NA
GSE17160_4	-0.0444341782715703	-0.170789387963663	NA	NA
GSE17160_5	-0.00604805047755314	-0.0916717888734825	NA	NA
GSE17160_6	-0.00746708479282157	-0.0994987939472191	NA	NA
GSE17160_7	-0.00805706651972078	-0.0173582635261824	NA	NA
GSE17160_8	-0.0742528624623668	-0.206813098366546	NA	NA
GSE17160_9	0.0143167475470577	0.0475665917486544	NA	NA
GSE17160_10	0.0122370340877799	0.0391397934701439	NA	NA
GSE17160_11	0.0208155798662003	0.0482126087764112	NA	NA
GSE17160_12	0.00229335697780657	0.010995800566319	NA	NA
GSE22971_1	-0.0084911084744256	-0.00975021148308439	NA	-0.0197943899024089
GSE22971_2	0	-0.0241281751986276	NA	0.0101144048779733
GSE22971_3	-0.0321544723628346	-0.0685894253550345	-0.0341808565572552	-0.0229269084440221
GSE22971_4	-0.0309013431438255	-0.0781599665095655	-0.0256452425233895	-0.0159906211297181
GSE13590_1	0.00892940011900947	0.065813156084562	0.0257688299433981	0.0410961693290725
GSE13590_2	5.8344759182006e-06	0.0155807742546787	0	0.00443405317098697
GSE99731_1	0.00669675083534965	0.0241507557257546	NA	0.0267392850687927
GSE99731_2	0.00355642679902716	0.0391770710183657	NA	-0.00198032384862532
GSE99731_3	0.0350966305036081	0.0726534071354094	0.0284203490516285	0.0194741584234338
GSE27492_1	0.00192075593888905	0.0135458314952865	0	0.0169720518185991
GSE27492_2	-0.00310039791759417	-0.043446064520235	-0.0113174856318944	0.0034589725475903
GSE27492_3	-0.018033664526814	-0.0513882954685941	-0.0196351505418203	-0.0161708997115465
GSE27492_4	-0.0147501610023032	-0.051136873887709	-0.0219488930214631	-0.0186712890284319
GSE27492_5	-0.0166694649279543	-0.0524824555366011	-0.0254127827455087	-0.0377780622349227
GSE27492_6	-0.00347999903041274	0.0224045078687291	-0.0329265213135023	-0.0358761960691926
GSE27492_7	-0.0166579395099675	-0.0148831636746188	-0.0409683832344787	-0.0319434199492844
GSE27492_8	0.000387798301904344	0.00545836317604455	-0.0269688998395361	-0.00697229582762761
E-GEOD-15069_1	0.0104596108550038	0.0468753449183132	0.00666317041503494	0.0051786728516888
E-GEOD-15069_2	0.0144027606262046	0.0597534382160878	0.0207632992548952	0.0213159629573221
E-GEOD-15069_3	-0.00586318767145776	-0.0290626251988358	-0.00838398061401002	-0.0110193985775156
E-GEOD-15069_4	0.00595666563276833	0.0388062889799479	0.003470388325659	0.0190613145895586
E-GEOD-15118_1	0.00144636736058858	0.00748426537193462	NA	NA
E-GEOD-15118_2	0.00160771704180064	0.0234837042874499	NA	NA
E-GEOD-15118_3	-0.00273941975589131	-0.0264887953043004	NA	NA
E-GEOD-15118_4	-0.00236650372488305	-0.0314130751436716	NA	NA
E-GEOD-16007_1	0.0180666206699942	0.0399668276387303	NA	NA
E-GEOD-17473_1	-0.00367554812748103	-0.0127259132497363	NA	-0.000325569831755966
E-GEOD-18647_1	-0.00695856253606929	-0.0344402074040377	NA	0.00490631996040361
E-GEOD-18647_2	-0.00355940794677537	-0.0115149350973125	NA	-0.0136895233378922
E-GEOD-18647_3	-0.00840774056650521	-0.041198586536191	NA	-0.0116974381970612
E-GEOD-18647_4	-0.00582531946426848	-0.0156000432835789	-0.00150240384615385	-0.0137719589189142
E-GEOD-18648_1	-0.0103674920441848	-0.0412286274418865	-0.0184024600631802	-0.0307061018682687
E-GEOD-18648_2	-0.0174505266951787	-0.0387819554037271	-0.0113123333438845	-0.0116749054840231
E-GEOD-2154_1	-0.00297943643483291	-0.00196770685800046	-0.00564915564915565	0.00192917890415917
E-GEOD-2154_2	-0.0133102780963932	-0.0906031445056934	-0.015775172687567	-0.0199697442258499
E-GEOD-2154_3	0.0101604888724429	-0.0199014500277736	0.0187165604482493	0.00210378008127368
E-GEOD-2154_4	0.010362640116282	0.0137601281490153	0.0157253548656127	0.00520036560008503
E-GEOD-26475_1	1.78303346874461e-05	-0.0375329913776469	0.00615600166031752	0.00599174358410522
E-GEOD-26475_2	0.00153604154390936	-0.0388728521755445	-0.00360562917478191	0.00405910204728691
E-GEOD-26475_3	0.00312210649903395	-0.0723629994404967	0.00757342939711616	0.00147668298088466
E-GEOD-33567_1	0.00548014569135354	0.0416767124861665	NA	NA
E-GEOD-33567_2	0.000843526667263304	-0.00645340408425798	NA	NA
E-GEOD-37287_1	0.0028013084963175	-0.00222569260795785	NA	NA
E-GEOD-37287_2	0.00437667519022277	0.00374596118598642	NA	NA
E-GEOD-37287_3	0.0014886864635656	0.00510100732911342	NA	NA
E-GEOD-51994_1	-0.00433909348759768	-0.018818638869875	-0.00487274148323358	-0.00843070471553444
E-GEOD-51994_2	-0.00354220589005938	-0.0254035697523445	-0.00274252458778609	-0.00942365192287865
E-GEOD-51994_3	0.000793629995746689	-0.0198013473608825	-0.0015157899717157	-0.0066560927462145
E-GEOD-65077_1	-0.00101560261224982	-0.070467672870431	NA	NA
E-MEXP-1244_1	-0.0144726959113835	-0.007358625646182	NA	NA
E-MTAB-1123_1	-0.0252303110101765	-0.1036126996535	-0.0014209093417752	0.00158008467505035
E-MTAB-1123_2	-0.0075062414553384	-0.04034775305	-0.00392867461691629	-0.00876195489175802
E-MTAB-1123_3	0.00629751149814603	0.0661149992113604	0.00653730148361391	-0.0026903670884519
E-MTAB-1123_4	0	-0.0423793638114713	0	0.00926327211837212
E-MTAB-1391_1	-0.00922416498802993	-0.0631126269326667	-0.00472177991986413	0.00166044079072846
E-MTAB-1391_2	0.00679928701122885	0.00198960247557898	0.000628571014019144	0.00839283081653714
E-MTAB-1391_3	0.0150484989913016	0.0343789157020259	0.00778927832538134	0.014999837515663
E-MTAB-2450_1	-0.0203824548251126	-0.0445415576207724	-0.0219882304082777	-0.0197208727940772
E-MTAB-2450_2	-0.0201313073641612	-0.0814275485406476	-0.0149772962335578	-0.0104908630956737
E-MTAB-2450_3	-0.00184561641309979	-0.00729702079447979	-0.00139158859191845	0.00345812167557328
E-MTAB-2450_4	0.00546614285555652	0.0193195744587321	-0.00121102741896914	-0.0100104637739142
E-MTAB-5023_1	0.00426325472871625	-0.0156966521090286	NA	-0.00859291115155306
E-MTAB-5326_1	-0.0011232926146443	-0.0162306897858249	NA	NA
E-MTAB-5326_2	-0.00753323054526192	-0.0145157538007564	NA	NA
E-MTAB-5326_3	-0.0127741993873372	-0.0477084497998389	NA	NA
GSE102588_1	-0.00509745444299595	-0.000844626917436899	0.00383758625387846	-0.0115761759582249
GSE104793_1	-0.0117901663031613	-0.0249255647451513	-0.0171629674690349	-0.0132278380560261
GSE104794_1	-0.0218088836406978	-0.0417170820760958	-0.0259463834515932	-0.0220718067605296
GSE104795_1	-0.0199093298835673	-0.05025340160107	-0.0249359379884196	-0.026277959446157
GSE105139_1	-0.00161290322580645	-0.0256457236028467	NA	-0.00976591850869578
GSE105139_2	-0.0686076429150168	-0.23221818255128	NA	-0.0989375320020481
GSE105139_3	-0.0586921815892526	-0.229728169620277	-0.00657894736842105	-0.0903855816500989
GSE10555_1	0.006110725101683	0.0171087928208066	NA	NA
GSE10556_1	0.00613005271864754	0.0137233414292966	0.0156311496547973	0.0109033245748941
GSE106631_1	-0.0639174822838692	-0.152875475796513	-0.0795952014016114	-0.0846978316955563
GSE13104_1	-0.0167783666810183	-0.0665587502056278	NA	NA
GSE13104_2	-0.0103975788151297	-0.0544045646884789	NA	NA
GSE13104_3	-0.0197336140227328	-0.100319968418087	NA	NA
GSE16749_1	0.00531756781974248	0.0537170845547894	NA	NA
GSE16749_2	-0.0120088086224864	-0.0259886928180962	NA	NA
GSE16749_3	0.0121281247460923	0.0260007656105901	NA	NA
GSE17348_1	0.0251501458033656	0.0589560873188015	NA	NA
GSE17563_1	-0.0182966331245495	-0.0714438260938158	NA	NA
GSE17563_2	0.0125875753593737	0.0427170334122832	NA	NA
GSE17569_1	-0.000655566910122985	0.0177357600797859	NA	NA
GSE17569_2	-0.0060467239004793	-0.00337986109596522	NA	NA
GSE17570_1	0.00529197703030412	0.00863394306134036	NA	NA
GSE17570_2	0.00593470253486935	0.0220972140590196	NA	NA
GSE18991_1	0	-0.0055765887949835	NA	-0.000915523313747166
GSE18992_1	0	-0.00983913060497349	NA	-0.00340332722203961
GSE19299_1	0.00500796562469547	0.00261175786315775	0.00346682484851133	0.0110595627900546
GSE20850_1	-0.0355334018896002	-0.0952913700977838	NA	NA
GSE21093_1	0.0416870381101627	0.118899407306996	NA	NA
GSE21523_1	0.00523915917250282	-0.0166125185239919	NA	NA
GSE21639_1	0.00478083174851784	0.033371213607725	NA	NA
GSE21639_2	0.00312820926571377	0.0501782380235066	NA	NA
GSE21639_3	0.00606095361088478	0.0232724471588822	NA	NA
GSE21639_4	0.0114133963343354	0.0217989705360826	NA	NA
GSE21710_1	0.0162026676250202	0.0517052080225566	NA	NA
GSE21710_2	0.0128888424884528	0.0484740892512407	NA	NA
GSE21710_3	0.0147965185461731	0.0444797526929357	NA	NA
GSE22925_1	-0.000406494297907754	-0.0130771516251269	-0.00198750404904783	-0.00369294059378486
GSE22925_2	-0.00132291039895654	-0.0229003149099743	0.00356751386523429	-0.011344123821358
GSE26499_1	-0.0126363677275315	-0.0636628854254944	NA	NA
GSE30160_1	0.0797893941800383	0.201978528724832	0.0806704530178565	0.100611004820474
GSE30628_1	-0.00409441355438539	-0.00986885720998164	0.000127391622194477	0.00396505649438823
GSE30628_2	0.00491190441521724	-0.00594204181087227	0.00918556841252365	0.00789615622827049
GSE32163_1	0.00469724540482584	0.00826508353130315	NA	0.0191835370016981
GSE33656_1	0.00566324130522981	0.0339006271804869	NA	NA
GSE33754_1	-0.0224379648401407	-0.0858150450638142	-0.0150944677686544	-0.0183632398285481
GSE33754_2	-0.00377579470080419	-0.0602361521754449	-0.00678083971493405	-0.0268571896155981
GSE33754_3	0.00192583112488353	-0.0189298600506262	-0.00573648685484167	-0.0160326646008554
GSE34570_1	0.00698717747927458	0.0232240465601803	NA	NA
GSE35003_1	-0.0028372646468046	-0.0113253237182305	NA	NA
GSE35466_1	-0.138981698614414	-0.310819539012693	NA	NA
GSE35466_2	-0.109402935173633	-0.33595891337469	NA	NA
GSE35466_3	-0.130275224944902	-0.316903492741527	NA	NA
GSE35466_4	-0.104603868112529	-0.284141989910603	NA	NA
GSE35466_5	-0.11098654092768	-0.309393941314059	NA	NA
GSE36925_1	-0.00156047363071207	-0.0611471571470161	NA	NA
GSE36925_2	-0.0205151573977665	-0.0475145091173071	NA	NA
GSE36925_3	-0.0243210549290535	-0.0426945051919145	NA	NA
GSE37219_1	-0.00276961798975508	-0.0240550080749046	NA	NA
GSE37676_1	-0.00664639629815977	0.0111633521176239	-0.00793514513154596	-0.00256961292941142
GSE41342_1	-0.00134468569334268	0.0410711019479542	-0.0117007905450691	0.025208399167901
GSE41342_2	-0.00730530302938924	-0.00159005854549264	NA	0.00419274540187541
GSE41342_3	-0.00115596313823489	-0.0520624080775504	NA	-0.00978944428811406
GSE41342_4	-0.00123096459973552	0.0515105674890684	-0.00170068027210884	-0.00362805601386567
GSE41997_1	0.0137988749893797	0.029773005218466	0.00183979737770682	-0.0105721842040687
GSE43242_1	-0.00906092346743781	-0.0070126497148883	-0.0146528421288805	-0.0124343362298527
GSE43242_2	-0.00713082830360616	-0.0231961140954959	0	-0.0176468859437453
GSE43663_1	0.00114832799911709	0.0345294174356692	-0.00238095238095238	0.00544931345698908
GSE43854_1	-0.00533925865266679	-0.0143082367736788	NA	NA
GSE45656_1	-0.00729376166317705	-0.01537496252625	NA	NA
GSE45656_2	0.00659711686600335	0.0524193001829829	NA	NA
GSE45656_3	0.0177518519421214	0.0906173010918618	NA	NA
GSE45793_1	-0.00798403097873528	-0.0333395422196632	-0.00665737135794635	0.00680252907614659
GSE45793_2	-0.0110153367161596	-0.0375678865341787	-0.00181563603309408	-0.0255513385732348
GSE45793_3	-0.0053073151725179	-0.0334784884666341	-0.00715072796975352	-0.0117364150021418
GSE45793_4	-0.0136971602440056	-0.0449584084626098	-0.0124194857019371	-0.000388479677056484
GSE45793_5	-0.00381646586456483	-0.0124880246205935	0.00331803988552557	-0.0167175334504096
GSE46390_1	0.00375364893676776	0.042856786045912	NA	NA
GSE48438_1	-0.00871361341702695	-0.0295073404993293	NA	0.00049609970653793
GSE50549_1	0.00573397174625315	0.00772815653718437	0.00315102919888428	0.0118062486534787
GSE50549_2	0.00286493005861596	0.00570194671682384	-9.02896989228106e-05	0.00817717946530921
GSE51098_1	-0.00474980179237429	-0.0147999433509674	0.00884947961459124	0.0201253609555657
GSE53857_1	-0.00425704410992377	0.00509077616703923	0.00917431192660551	-0.0244340463458111
GSE53857_2	0.00223973812292717	-0.00442866303686485	0.00561797752808989	0.00915836335654669
GSE53857_3	-0.00421929823440033	0.000371534334645	0	-0.00619232450942104
GSE53982_1	0.0108865183181232	0.0246454970898964	0.00183149943034064	-0.00620285900928635
GSE53982_2	-0.0269926419464781	-0.142739805337448	-0.036792299827519	-0.0652213666652419
GSE54779_1	-0.0734315475125425	-0.231363721856664	-0.0757794825329481	-0.0731972350326941
GSE55900_1	0.00122249388753056	-0.0565548876877184	0.00347222222222222	-0.0400722547775783
GSE57104_1	0.00286160137450896	0.0210284299202043	NA	0.00134296910547194
GSE59387_1	-0.0208909458452793	-0.0534187806754178	NA	NA
GSE60401_1	0.0062407347910248	0.0478188870160814	NA	NA
GSE60401_2	0.00420634396594123	0.0183523599389359	NA	NA
GSE60651_1	0.0344303825721831	0.110949260376031	NA	NA
GSE60737_1	-0.0351129919549764	-0.214898100566998	NA	NA
GSE60761_1	-0.00689655172413793	-0.105761485804775	0	-0.0360769434980753
GSE60761_2	0.00490196078431373	0.0567043441680084	NA	0.012731107805264
GSE60761_3	-0.0364599656094183	-0.18486453120175	0	-0.0516826324277311
GSE60761_4	-0.0716070414478509	-0.27129186410189	0	-0.0814930253679873
GSE63017_1	0	0.0151856204037653	NA	0.00338462331509761
GSE63017_2	0.000369182577565632	-0.0200067481509107	NA	0.00670759490097626
GSE63017_3	0.00983909348039579	0.0102892781107599	0.0088962140488858	0.00830058723430934
GSE63017_4	-6.69830243093068e-05	0.00231567233674235	NA	0.0131311596901544
GSE63939_1	0.00814668230616195	0.0306796591087476	0.00934860279209027	0.0273704648055683
GSE63939_2	0.000895705258774179	-0.0197794247762485	8.4236904253434e-05	0.00685344978342463
GSE64141_1	0.0102683424208948	0.0432288597844291	NA	NA
GSE64965_1	-0.0158864271680724	-0.0672032509266031	-0.0219926449098918	-0.0342025273551736
GSE65745_1	0.00122249388753056	0.0183495525244255	NA	0.0111380347430587
GSE65745_2	0.00121065375302663	0.0370534529316594	0.00609756097560976	0.00843867795057947
GSE65745_3	0.00121065375302663	0.0381244593514776	0.00520833333333333	0.0127872893403301
GSE66416_1	0.0307819651809762	0.0614473282808254	NA	NA
GSE66862_1	-0.0134578252295036	-0.0435313730058563	-0.0168069743371654	-0.0183132873938298
GSE69108_1	-0.00488800346938254	-0.0229763720807999	-0.0152738276400069	-0.0133061863055891
GSE71565_1	0.00833980554924908	-0.00956996822614306	NA	NA
GSE72261_1	0.000733014785610028	-0.0112037700334996	0.0136667397020158	0.0022201840623347
GSE72261_2	0.00369640764629402	-0.00822544600581752	0.00216665552632399	-0.00593120120111889
GSE72261_3	-0.00155678289960968	-0.00241141250777354	0.00515516532432347	-0.009185776508339
GSE7683_1	0.000747012374193759	0.024569402865357	0.00601958647799315	0.00967371241083778
GSE7683_2	-0.00723596894529833	0.023145376452084	-0.00134680594586781	-0.00364859974392811
GSE78980_1	0.00554056053530943	-0.00613728816194901	NA	NA
GSE78980_2	-0.00391680376737657	0.0460024354433308	NA	NA
GSE78980_3	0.0153737375491079	0.0286380626860077	NA	NA
GSE78980_4	-0.0084800352203839	-0.0313397172883209	NA	NA
GSE78980_5	-0.00271829619655707	0.0035000471759337	NA	NA
GSE78980_6	0.000350329275204724	-0.00581249050583976	NA	NA
GSE78980_7	0.00358443854303788	0.0156281031114133	NA	NA
GSE78980_8	0.00803565179211023	0.0323704134648082	NA	NA
GSE78980_9	-0.00378152251858524	0.00763225471017794	NA	NA
GSE78980_10	-0.00127429616024937	0.0167568392932193	NA	NA
GSE81399_1	-0.00223539845481638	0.010347790529175	NA	-0.0169060358009457
GSE84609_1	0.0301336786512948	0.0832841996208961	0.0287071692740681	0.0420239575348527
GSE84907_1	-0.0116857246705274	-0.0519585044002243	-0.000779087617213355	-0.00799455474328941
GSE84907_2	-0.0238769384003166	-0.065880042362078	-0.0167514678722266	-0.00754933307070239
GSE84907_3	-0.0105515308551362	-0.025377827282031	-0.0139749722108529	-0.0213085462582444
GSE90127_1	-8.44505185390552e-05	0.00565972736772271	NA	NA
GSE90127_2	-0.000319560111050901	0.0068463376063546	NA	NA
GSE90127_3	0.00188350370737559	0.0013213267157948	NA	NA
GSE9247_1	0.00378752235032874	0.00485707171706861	0.0029006875929123	-0.0010751245784994
GSE9247_2	0.00318205753308723	0.00632521242960799	0.00154979265413234	0.0042348816629393
GSE9247_3	0.00879186410200044	0.035564287646115	0.00926816033780251	0.00300732415758073
GSE99306_1	0.0069433238086863	0.00443842562028279	0.012626519051539	0.0164606538575036
GSE99306_2	0.00434992357181253	0.000703275179445616	0.00594294231222994	0.000779967624318802
GSE99306_3	0.00407107947298051	0.00496697674238275	0.00966523887213469	0.00177441221846589
GSE99306_4	0.00380355574995265	-0.000771891280605114	0.00458931224563166	0.00532302310687254
GSE99306_5	0.0042291928625064	0.00323960947165612	0.00228137150323629	-0.00360570478301109
GSE99306_6	0.00616328031152498	0.00693126674657147	0.00201404261027077	0.00011795604044125
GSE99306_7	-0.011635151637165	-0.0094952062064047	-0.00878151260504202	0.00137974688003597
GSE99306_8	0.000767012600613376	-0.0181319351880487	0.00120280331506645	0.00308540947908886
GSE99306_9	-0.00110964434781451	-0.0147680325069311	-0.00215114937484143	0.00208666637232037
GSE99306_10	0.000443888373122907	-0.00237344378313324	0.00160892087453478	-0.00315663049962091
GSE99306_11	0.000238189786781209	-0.0137959793575793	0.00486703875808905	-4.24729019485141e-07
GSE99306_12	0.00524432342951248	0.000882244891771899	0.00316662044579576	0.00782437412549918
GSE99306_13	-0.0106253582738123	-0.0212200039847236	-0.0030294313279161	-0.00926868133741967
GSE99414_1	-0.0130016129138767	-0.0791117931753662	-0.0026050241821558	0.00755622430531434
GSE110581_1	-0.00347496812826059	-0.0255733051406429	-0.00406240739430015	0.00345121882466605
GSE110581_2	-0.000830683415649925	-0.0244378403009895	0	-0.00846612115991961
GSE47799_1	0.00621404305203406	0.00398391919103415	0.00569104125438524	0.0104971042471042
GSE47799_2	-0.00131173147224992	0.00600771172608185	0.00456917526638141	0.00452978617103361
GSE47799_3	0.00333534270890209	-0.00266014297383665	-0.00129258076156456	-0.00788056573389257
GSE111628_1	-0.0139290911356156	-0.11424590150813	NA	NA
GSE111628_2	-0.00849399293798624	0.0717053337170446	NA	NA
GSE111628_3	-0.0131910869141157	-0.0110614480898631	NA	NA
GSE5657_1	0.00495990554176627	0.0270337130547183	0.00868003662417714	0.0182580444104501
GSE5657_2	-0.000829844497607655	0.00657982964623778	0	0.00686491822954181
GSE13782_1	-0.0322926412561217	-0.103464500057767	-0.0431516843250589	-0.0325523272458656
GSE41039_1	0.009363174288446	-0.02174602852122	0.0178279764029139	-0.0139541809851088
GSE84198_1	0.00492758058389418	0.0272603753467225	0.0024390243902439	0.0140380671560828
GSE84198_2	0.00545674674852627	0.0148832008864898	0.00665132025311786	0.0111406741308884
GSE84198_3	0.00738056212898807	0.015535789359436	0.00309766720770203	-0.00316670769321788
GSE114469_1	-0.0100830068077599	-0.0282179090314667	NA	NA
GSE108036_1	-0.000623614190687361	0.02929386626977	0	0.00730446544184381
GSE60451_1	0.00255316670421932	-0.0148190876546995	0.00329148898073854	-0.0082913025508072
GSE47902_1	-0.00235294117647059	0.0159679902696498	NA	NA
GSE44325_1	-0.000475171591244055	0.0208537314664811	NA	NA
GSE4481_1	-0.00144472387183281	-0.0201440970865716	NA	-0.00865000573486402
GSE4481_2	-0.00999899467687161	-0.0446116766373575	-0.000957456738089149	-0.00733697566392767
GSE4481_3	0	-0.0546095786122287	NA	-0.0153478833459397
GSE102292_1	-0.00971299130056615	-0.00202672724698157	NA	NA
GSE102292_2	0.0203703277491165	0.0780215445688787	NA	NA
GSE102292_3	-0.00606048041888342	-0.00660701664138724	NA	NA
GSE102292_4	0.00812065280089454	0.0513105161155477	NA	NA
GSE41898_1	0.0167360013801553	0.0478220069337938	0.0182020545685035	0.0146160195277607
GSE87605_1	-0.0220244727248199	-0.0599460082480938	-0.0255324893206323	-0.0238906446517169
GSE87605_2	0.00507532641516172	-0.014394493089721	0.00517506322871587	0.012741942673932
GSE87605_3	-0.0152137629072748	-0.0488246493958009	-0.0147832779048809	0.00103890153717763
E-GEOD-54216_1	-0.00873783866693472	-0.0399479531673899	-0.0110201902566048	-0.0018037750872924
E-GEOD-54216_2	-0.00273278304135823	-0.0263123550372266	-0.00786666677992138	-0.00779892389087378
E-GEOD-54216_3	0.00930906609104766	0.0156492927686368	0.0101315768393431	0.00157148839490702
E-GEOD-6119_1	-0.027807487155387	-0.079327692440656	-0.0248265007113837	-0.0356704671965493
E-GEOD-6119_2	-0.0286459296852065	-0.0805650483954921	-0.024817242824434	-0.0149056253481032
E-GEOD-6119_3	-0.0263823514533507	-0.0804440264976121	-0.0240328455194431	-0.0308153113055109
E-GEOD-8077_1	0.0149089095126887	0.0344814833820808	0.00972744360902255	0.03353191901579
E-GEOD-8077_2	0.00333329988535706	0.00203661391735088	0.00605839636305117	0.0157465167600064
E-GEOD-8077_3	-0.00607604553358314	-0.0283329906166161	-0.00294191021681814	-0.019665832738971
GSE103416_1	-0.010594647429636	-0.0295710670013369	-0.0101736944070263	0.000344244894943665
GSE103416_2	-0.00698811110836275	-0.0234856512639144	-0.00100834675775465	0.00448314540826277
GSE103416_3	0.000749171707140707	0.00877918787554549	0.00528599131330443	0.0126353014289897
GSE19950_1	-0.00299025115010632	-0.0240273817899822	0.00471128862007131	0.0144774883074769
GSE30322_1	0.00812133862851921	0.0173621660047909	0.00165223432090199	0.00522563486172658
GSE30322_2	0.00793804393509514	0.0223026546056578	-0.00274552188727695	0.0149857866765542
GSE30322_3	0.00939187223108662	0.0209076676210117	0.00754508252167188	0.0137877213522743
GSE42295_1	0.00581965660702943	0.0340920088469098	NA	0.015949435382874
GSE42295_2	-0.00874894722422348	-0.00412575881172288	0.000284067965085578	-0.003961869542946
GSE42295_3	-0.0111481857629901	-0.0183472038517027	0.00460419596535749	-0.0140252027386171
GSE66554_1	0.0267592949701279	0.0973973809141909	0.0253011904949609	0.00734989186890204
GSE66554_2	0.0229095046953634	0.0605757724060921	0.013671845626078	-0.0138332029140268
GSE66554_3	0.0325993949166815	0.115690538958325	0.00164473684210526	0.0377345276826361
GSE66554_4	0.0157040766029429	0.0887915170567727	0.0136030728695754	0.0214740602671637
GSE74898_1	0.00103377195238769	-0.0176926473345675	-0.00163520801232666	-0.00353463924429875
GSE74898_2	-0.00356644348734709	-0.0159564208345308	-0.00295832558301636	-0.0160520055099079
GSE74898_3	-0.00192858277221018	-0.0121250923910602	-0.0017956027128659	-0.00168093777268042
GSE79176_1	0	0.0196883431025336	NA	NA
GSE79176_2	0.00152439024390244	0.00842767535729599	NA	NA
GSE79176_3	-0.00159235668789809	-0.00859350733890171	NA	NA
GSE85785_1	-0.00346031145648086	-0.0257674374805748	0.00557676531835679	-0.011264183416878
GSE16981_1	-0.00528558863279396	-0.0286532176836452	0.000112132335015117	0.0016186244944319
GSE16981_2	0.00383149817972687	0.0340581226428826	0.00272451535043617	0.00749941051456096
GSE16981_3	-0.00715964379442948	-0.0466557260493486	-0.00131851875884576	-7.31701044691009e-05
GSE16981_4	-0.00715964379442948	-0.0466557260493486	-0.00131851875884576	-7.31701044691009e-05
GSE16981_5	-0.00142811234014569	-0.0123486588432258	-0.00244705770108818	0.00504872257001777
GSE16981_6	0.00857029236857563	0.00389548414298669	0.00929764029942545	0.0125586712604147
GSE16981_7	0.00367244269683294	-0.0191253244942544	0.00894155563416264	-0.00694307187988788
GSE29859_1	-0.0206653397876128	-0.0763812219095617	-0.00966383246732798	-0.0405361456837008
GSE29859_2	-0.0194218970740011	-0.0463139454588951	-0.0177967635861476	-0.0359761415956545
GSE23492_1	0.01330420192371	0.0221610724717103	NA	NA
GSE23492_2	0.0071081651486096	0.00377202505752557	NA	NA
GSE23492_3	0.0119718647589458	0.0394731758913335	NA	NA
GSE23492_4	0.011514935862184	0.0408501287396237	NA	NA
GSE23492_5	-0.00724840570289204	-0.0257080824957617	NA	NA
GSE44991_1	0.0116262693002912	-0.00774786659498803	0.00684427475359862	0.0060951415114618
GSE44991_2	0.0143470355839291	0.0494561286155655	NA	0.0278573259865086
GSE39796_1	0.00529161145547655	0.0118612338423477	NA	NA
GSE39796_2	0.0119923284380468	0.00931761550648524	NA	NA
GSE39796_3	0.00485350337843091	0.00632627690987198	NA	NA
GSE18394_1	0.00585219177940053	0.0139683241219765	0.00603714288901962	0.0119000796593568
GSE18394_2	0.0114864346207833	0.0285064935664231	0.00257721320202586	0.0353936307867403
GSE18394_3	-0.00243469591670346	-0.00536587708080791	0.000609746127389966	0.000310103424604566
GSE29233_1	-0.00201674048406176	-0.02158536905392	NA	NA
E-MEXP-2291_1	0.00252723779962931	0.00901778913625999	NA	NA
E-MEXP-2291_2	-0.00188907731711242	0.00639310824760702	NA	NA
E-MEXP-2291_3	0.00228520413422713	0.00254375100519862	NA	NA
GSE18738_1	0.0033519273239114	0.0253140136768845	0.0116341253665658	0.0148423694201327
GSE107363_1	0.0221554389116015	0.0405791680913185	NA	NA
GSE85761_1	0.00710925324287639	0.040583761906312	NA	NA
GSE89179_1	-0.000219620290203473	0.00759169648077238	NA	NA
GSE89179_2	0.00493619713886531	-0.000198406613772028	NA	NA
GSE89179_3	0.0149571588904868	0.0366533356649995	NA	NA
GSE89179_4	0.016187710621539	0.0443326066226459	NA	NA
GSE89179_5	-0.0199774266217137	-0.0433271427038598	NA	NA
GSE89179_6	-0.0151032390179593	-0.0409605675176547	NA	NA
GSE89179_7	-0.0202714134793824	-0.0526088539618785	NA	NA
E-GEOD-57723_1	-0.0390896824199518	-0.10891493283397	NA	NA
E-GEOD-57723_2	0.0148227542496777	0.026216700086999	NA	NA
E-GEOD-57723_3	-0.0304269437643103	-0.0897704659176684	NA	NA
E-GEOD-83930_1	0.000955393993299702	0.0171319395091795	NA	NA
GSE100268_1	-0.0133692863331971	0.0050869017218919	NA	NA
E-GEOD-55769_1	-0.00471060033008544	0.00499713437875848	-0.0105283135299769	-0.0174753696160243
E-GEOD-55769_2	0.00226244343891403	-0.00849014017601757	0.00377267063547003	-0.0163404341364224
E-GEOD-55769_3	-0.00522331836543818	-0.0109708743374645	-0.0090064808778983	-0.0255437349310924
E-GEOD-69110_1	-0.0146905265693539	-0.0453635256469737	-0.022918487294162	0.00347347193594419
E-MTAB-4304_1	0.00337516913156431	-0.00315672518740922	0.00231757417944164	-0.00185599432939885
E-MTAB-4879_1	-0.0103478555745021	-0.0340356309823909	8.69159646567988e-05	-0.0077550185741497
E-MTAB-4879_2	0.00278254354498086	0.0120317589035345	0.00619144247417023	0.000471556185927877
E-MTAB-4879_3	-0.000405662783126535	0.00246472930936326	-0.00153846153846154	-0.00541540878712941
E-MTAB-4879_4	-0.00407695892138644	-0.00299354162497076	0.0027027027027027	0.0212253034213064
Cytokine_Explant_1	-0.00492560924825836	-0.0333460170641926	-0.0110488231795525	-0.012298883332333
Cytokine_Explant_2	-0.0207211007650777	-0.0676263163549209	-0.0263916132255803	-0.00872751636158987
Cytokine_Explant_3	-0.0318172891432482	-0.109802004976374	-0.0457103994848398	-0.0426228558794096
Cytokine_Explant_4	0.0220279990356409	0.0545262059841776	0.0175334684854209	0.02553080375357
Cytokine_Explant_5	-0.00760244311128614	-0.0388588889458936	-0.0174675184299724	-0.00844344207825133
FN1_Explant_1	-0.00563171694274126	-0.0437862285723135	-0.0120406856773488	-0.00873600327050483
E-MTAB-6266_1	-0.00287526270533477	-0.0102629353813988	-0.00260027165179094	-0.00774492505008575
E-MTAB-6266_B_1	-0.00112331349176082	0.00794662048614038	0.0063903502645028	0.000143334389744475
E-MTAB-6266_B_2	-0.00286069598067159	-0.0261397943316212	-0.00337905679428266	-0.0114661053391795
E-MTAB-6266_B_3	-0.00287397638343709	-0.0388203628953764	-0.0139671090040083	0.0141440320685604
GSE74220_1	-0.0263978800217872	-0.0781077590959397	-0.040371566619106	-0.0300945616523255
GSE114007_1	-0.00508785049434716	-0.0108331937271845	-0.00464901654408979	0.00189031526962026
GSE109503_1	0.00376755052873187	0.0195938896221414	0.0094243462993684	-0.00316070645019745
GSE109503_2	-0.00395739429007049	-0.0100981648415934	0.00390918606093076	-0.00823364857335773
GSE109503_3	0.00468179775920768	0.0346566586155346	0.00797289124773484	0.00923123117856771
GSE109503_4	0.00409441659207393	-0.00778052430857344	0.00506025511753778	-0.00617309109891543
GSE109503_5	0.00292389884707969	0.0146162111811336	0.0104262939906979	0.00085068381229576
GSE109503_6	0.000770619490870258	0.00578812389938782	0.00169586223389449	-0.00319742518750401
GSE109108_1	-0.0322046089114425	-0.0908936799063519	0.0003050958664431	0.00835095780412285
GSE109108_2	-0.048321708444689	-0.113746634267682	-0.073866209085768	-0.0858363030961451
GSE109108_3	0.000541384064111337	-0.0111142625008195	NA	0.00214865462507805
GSE109108_4	-0.0037291110503079	0.0255665260173606	-0.00158730158730159	0.0229649094185799
GSE70667_1	-0.0035236637096411	0.0205218765773207	0.00194552529182879	0.0317133416108671
GSE87608_1	0.00268275004733924	-0.00252391944738699	NA	-0.000760413715691043
GSE87608_2	-0.0131933556977397	-0.0420046584406443	-0.00153846153846154	0.00930455630865163
GSE87608_3	0.000916710082972966	0.0268412278618713	0.00279388693097982	-0.00309193789671366
GSE87608_4	0.0157621185488441	0.0692301587988066	0.00574132406399261	0.0143036834407656
GSE90890_1	0.0142380698054417	0.0776280330863917	0.0099253112033195	0.00288319967162749
GSE97118_1	-0.0125732028322533	-0.0527122283715992	NA	NA
GSE97118_2	-0.00396538474499104	-0.00648393483356798	NA	NA
GSE97118_3	-0.0206454625029243	-0.0947277063083573	NA	NA
GSE97118_4	-0.000144510779395965	-0.00284781801016594	NA	NA
GSE97118_5	-0.0116736070669855	-0.075857278913295	NA	NA
GSE97118_6	-0.0121736303444578	-0.0640098360571502	NA	NA
GSE97118_7	0.00961595076828409	0.00499167869869984	NA	NA
GSE107592_1	-0.0111872983115521	-0.048158796290156	-0.006106105531824	0.00732415316824473
GSE92641_1	-0.0366654712659122	-0.114677873157277	-0.0574001244847645	-0.0501259241801183
GSE107849_1	-0.000198821446724531	0.0165982214781295	0.00498152800504658	-0.00492228202499651
E-ERAD-89_1	0.00144508670520231	-0.00298953612326738	NA	NA
E-ERAD-89_2	0.00299855703096035	0.00716898479327903	NA	NA
E-ERAD-89_3	-0.00260553442873885	-0.0100306809038886	NA	NA
E-ERAD-89_4	0.00118764845605701	0.011751809387223	NA	NA
E-GEOD-45893_1	0	0.0217931987331396	NA	NA
E-GEOD-53105_1	0.0033106947436134	0.0573523237358863	0	-0.0168478194569558
E-GEOD-53105_2	-0.00554081455818232	0.01538230824422	-0.00275850123013902	0.0069954568270287
E-GEOD-54461_1	0.000514096219083177	0.0366115635071136	0.00462660350084484	0.00103306786032632
E-GEOD-54461_2	-0.00404760302905091	0.0107749626041046	-0.00353998378846745	-0.0233705321041566
E-GEOD-54461_3	-0.00443010313794578	-0.000939470280438698	-0.00887854833105358	-0.0273871344013773
E-GEOD-54461_4	-0.0129608537964956	-0.0195399679406164	-0.0172443502070287	-0.0329445898859204
E-GEOD-54461_5	-0.0222036771593399	-0.053143791379745	-0.0203680449422364	-0.0598947475354228
E-GEOD-54461_6	-0.0197137334896883	-0.0493048922050091	-0.0178200471047709	-0.0390271456876706
E-GEOD-54461_7	-0.0101796047759322	-0.0264197156695928	-0.00443658663708506	-0.0272552639130615
E-GEOD-54461_8	-0.00576346016430772	-0.0129501327550755	0.00101017497781706	-0.0133806672182825
E-GEOD-73372_1	0.0283101625511569	0.0850169420246474	NA	NA
E-GEOD-73372_2	0.0257451611900393	0.00813369591768657	NA	NA
E-GEOD-73372_3	-0.0168372299107985	-0.0992904587883402	NA	NA
E-GEOD-75549_1	-0.0345897138831757	-0.160256891932383	NA	NA
E-GEOD-76988_1	0.0385113215852421	0.091088102973285	NA	NA
E-MTAB-2923_1	0.0196800152558415	0.0471080317045035	NA	NA
E-MTAB-2923_2	-0.0150692634155598	-0.0522967775534052	NA	NA
E-MTAB-2923_3	-0.00729928836308791	-0.028205005257017	NA	NA
E-MTAB-2923_4	0.00125218416271468	-0.00864016466525821	NA	NA
E-MTAB-3428_1	-0.0162484554984831	-0.0525596684539668	NA	NA
E-MTAB-3428_2	0.00982346336090901	0.014294837414252	NA	NA
E-MTAB-3428_3	0.00640224680319398	0.0299121847002527	NA	NA
E-MTAB-3428_4	-0.0129814888090556	-0.0447848899418639	NA	NA
GSE102856_1	-0.0263602957959656	-0.0968414674607327	NA	NA
GSE103492_1	-0.00685431538332177	0.0035669288780816	-0.0141030504765213	-0.00596521102184078
GSE103492_2	-0.0181783008701771	-0.0445411265269258	0.0029378230465187	-0.00509190511276452
GSE103492_3	-0.0137612754148908	-0.0179576187272105	-0.0117104054141323	0.0344079908169887
GSE103492_4	0.00080042869812829	0.016957159807802	0.0110444256669822	0.0193761542392365
GSE103492_5	-0.0309789373285616	-0.0899222902350182	-0.0176238767957692	-0.00167110404781651
GSE103492_6	-0.0270756038802286	-0.082205008035182	-0.0197625926986595	-0.0187118693113763
GSE103492_7	0.00167475137918837	0.00545623332340185	-0.01781753557224	-0.0183332266702063
GSE103492_8	-0.0389695598199238	-0.11166587325436	-0.0130036582095404	-0.045295969320485
GSE103492_9	-0.0335906849959671	-0.0995556462306373	-0.00418639681349622	-0.056442249424162
GSE103492_10	0.00351055703298257	0.0181483223729149	0	0.00800921130675732
GSE110303_1	0.00568637721679438	0.0279619906425598	NA	NA
GSE110303_2	0.0100782827052364	-0.0200500049481477	NA	NA
GSE110303_3	0.00662980392815214	0.0151973300764266	NA	NA
GSE110300_1	0.0151356527625292	0.0407274686594453	NA	NA
GSE110300_2	-0.0107786403199247	0.0020817536836094	NA	NA
GSE110300_3	0.00887338312437522	0.0136002357775157	NA	NA
GSE110281_1	-0.0106078072209156	-0.0167819137340831	NA	NA
GSE110281_2	-0.00178301758649387	-0.0236056064815158	NA	NA
GSE110281_3	0.00323497588458161	-0.00913535665572229	NA	NA
GSE104459_1	-0.00152062115400362	0.00232730433399201	0.00311804627143612	-0.0222506876501515
GSE104459_2	0.000861343384423795	-0.00546106275705367	-0.00209346701464225	-0.0046065661927633
GSE104459_3	0.00147627244837073	0.00703449609040601	0.0015015015015015	-0.00527502907538997
GSE110051_1	-0.00234490481344874	0.0118488190536924	-0.000826342515994291	-0.0146087925244008
GSE110051_2	-0.0106085122004706	-0.0297073942381273	-0.00855278093808995	-0.00552974462821966
GSE110051_3	-0.00384687023949095	-0.010337272008319	-0.00447864062302522	-0.00331400161079479
GSE112694_1	0.00266785082009373	0.00432191626851946	0.00665477326019458	-0.000482159760664526
GSE112694_2	-0.00439115121946544	-0.0177535986686425	-0.00332508009115011	-0.00711269874504924
GSE112694_3	-0.00591064850865618	-0.00813286151491163	-0.0132090033314661	-0.0206965164241818
GSE112694_4	-0.00361218107813593	-0.037431525943227	-0.00576838147601668	-0.0296662810610602
GSE97232_1	-0.00399899501695909	-0.0601873134243363	0.00273279352226721	-0.011573273583987
GSE114079_1	-0.00150012894362561	0.0218394402123786	NA	NA
GSE114079_2	-0.0015527950310559	-0.00579427692283477	NA	NA
GSE114079_3	-0.0012502712085051	0.0370596076817885	NA	NA
GSE114079_4	-0.00362900198581892	0.0557854965955696	NA	NA
GSE104828_1	-0.0766479545636205	-0.25631235985404	NA	NA
GSE114521_1	-0.00301935040532764	0.00635260965669824	-0.00290182373253491	-0.000795403426982374
GSE114521_2	-0.0130267072418407	-0.0254502591426607	-0.0174191666345437	-0.0150783769776018
GSE112413_1	-0.00469112903337481	0.00473055805909124	-0.00714753764624428	0.00626337569514478
GSE112413_2	-0.00183752707361546	0.0229175802413902	0.00284118053525197	0.00102527443442538
GSE101909_1	-0.00804788884102312	0.00846582514998224	-0.00169598394030212	0.00479412160113774
GSE101909_2	0.00428886234455482	0.0220667819379047	0.0141848469258767	-0.000573474970737847
GSE114919_1	0.0090786496829695	0.0214416702543794	0.00582275667646515	0.0174547946957595
GSE114919_2	0.00401991186379675	0.0276132069589583	0.00556930624930669	0.00657238459048529
GSE114919_3	0.0114486721912538	0.0471471089807983	0.0128440851001933	-0.00181736594377529
GSE114919_4	0.00520696814212859	0.0137399638345136	0.00752102978777273	-0.00223237901858923
GSE114919_5	-0.0150510010193405	-0.0359111993099357	-0.00684495683697117	0.00296157140096523
E-MTAB-5879_1	-0.00439812695740419	-0.0336655303202421	-0.00830543985152358	0.011489274390997
E-MTAB-5879_2	-0.00691917867290749	-0.0117639170994416	-0.0108191240504297	0.00698225100882176
E-MTAB-5879_3	-0.0150737168534283	-0.0798299882311609	-0.0218879660437796	-0.00111405013007817
E-MTAB-5879_4	-0.00637534189260265	-0.0327809329125305	-0.0134462679554303	0.000277395441118769
E-MTAB-5879_5	-0.0058249039756123	-0.0410861419378414	-0.0128628265394446	-0.00954702380702658
E-MTAB-5879_6	-0.006506010086082	-0.0427459277354045	-0.0159869127433374	0.0129923701745588
E-MTAB-5879_7	-0.00734747689291322	-0.0617703483400637	-0.00191570881226054	-0.0164622638520002
E-MTAB-5879_8	-0.00490270539775444	-0.038028818116114	0	-0.00263780052631153
E-MTAB-5879_9	-0.000480036306492061	-0.020369756513109	0	-0.0302652131771688
E-MTAB-5879_10	-0.0276321503373252	-0.0692752823938938	0	0.0051024463592198
E-MTAB-4294_1	-0.0100395326711555	-0.017102007423557	-0.0183519597296364	-0.0104866295626381
E-MTAB-4294_2	-0.00286922088742573	-0.0111028449798803	-0.0042206959447606	0.00430725931928381
E-MTAB-4294_3	0.00194100627903246	0.00513029752716487	0.0124307822417372	-0.0134697540029139
E-MTAB-3186_1	-0.00448723901627702	-0.0142208767567014	-0.00144245323586801	-0.00579537568994566
E-MTAB-3186_2	-0.00170572392885382	-0.00054198204393972	-0.000168839708857775	-0.0238555871335176
E-MTAB-3186_3	-0.0155538361102421	-0.0309699886905247	-0.0225293543664264	-0.0107722353614015
E-MTAB-3186_4	-0.0123583311522797	-0.0245027435758239	-0.0121877816020333	0.0231170007628412
GSE114919_Rat_1	0.0137015362989874	0.0455337690499477	0.0121298320775779	0.00652966456904494
GSE114919_Rat_2	-0.00843135864972425	-0.0389010361819316	-0.00579111469331285	-0.00854531592812167
GSE114919_Rat_3	0.0184902646685647	0.0534712493736577	0.0162674504204053	0.00714717522135918
GSE114919_Rat_4	0.00975489727505905	0.0565730024357476	0.0112166995198091	-0.0467814060145237
GSE114919_Rat_5	-0.00630440296583101	-0.0135443895962488	-0.00100893670242512	-0.00655856945709609
