comparisonID	jaccard	cosine	sigjaccard	chrDir
22659600_1	0.00165016501650165	-0.0220791555285255	0	-0.0108220337266656
24361742_1	0	0.000952981228664738	0	0
GSE72258_1	0.0625	-0.0111339246802703	0	0
GSE72258_2	0	-0.0152645472339825	NA	0
GSE69531_1	-0.000760234187520569	-0.00709794397775216	NA	NA
GSE69531_2	0.00023479786224737	-0.00747285546847701	NA	NA
GSE69531_3	0.00233465396797369	0.0029541214676818	NA	NA
GSE69531_4	-0.000760234187520569	-0.00709794397775216	NA	NA
GSE58203_1	-0.0163158753467124	0.000483035677917387	0	0.00697194362019912
GSE58203_2	-0.00184468524251806	-0.0167461513571092	0	0.00491514921440861
GSE58203_3	-0.000619578686493185	-0.0235907347556829	0.000625	-0.00526396153041356
GSE58203_4	-0.000447564822408448	0.00276776217166897	0.001072179578291	0.00128462259818818
GSE58203_5	0.0053475935828877	0.00969322367753504	0	0.00676037666926216
GSE58203_6	-0.000856745909231244	-0.00301184489149189	0.000819672131147541	0.00239054157174227
GSE58203_7	-0.000686148636076067	-0.00623520968715525	0.000498504486540379	0.000632346872212681
GSE58203_8	-0.000405698965051317	0.0175003775169509	0.000375375375375375	-0.00679351131598323
GSE59642_1	0.000744047619047619	-0.0437417190706904	NA	NA
GSE59642_2	0.0010883758086448	0.00410197806200212	NA	NA
GSE59642_3	-0.000301386377335744	0.0587963221668771	NA	NA
GSE64922_1	-0.00252525252525253	-0.0193977119817885	-0.00154320987654321	-0.00289389676474811
GSE60162_1	0.00163934426229508	0.0224714137438476	NA	NA
GSE31685_1	0	-0.0494190188688145	0	0
E-MEXP-3890_1	0.000581234784401686	-0.0161040940136699	0.00061012812690665	-0.00267187441287572
GSE31980_1	-0.000478653102233203	-0.00758013360133125	1.16645929612513e-05	0
GSE15615_1	-0.000124130967434148	-0.0234780566874548	-0.000138029865442861	0
GSE15083_1	0	-0.0057069180916462	NA	-0.00266160663411612
GSE108035_1	8.94466768688275e-05	0.0180533418136983	-0.000268817204301075	-0.00269297069297069
GSE108035_2	-0.000170414688284327	0.0613889463116892	-0.000415606258288635	0.00119483449152623
GSE108035_3	0.000235953620220069	0.0753608254482078	1.08814022906664e-07	0.00468419463738946
GSE21959_1	0	-0.0132415746227545	0	-0.000142318327518502
GSE21959_2	0.00120481927710843	-0.0153102882384582	0	-0.00403794384181848
GSE24742_1	0.00628930817610063	0.0135197439183305	NA	0.00270224054389709
GSE24742_2	-0.024390243902439	-0.0255861807492694	NA	0.00426562091390743
GSE24742_3	0	0.0137760736941188	NA	0.00663456536527457
GSE74668_1	0.00352112676056338	0.00340125112889032	NA	NA
E-GEOD-10024_1	-0.00089126559714795	0.005573528131885	NA	NA
E-GEOD-10024_2	-0.00155923939997941	-0.000170463651111326	NA	NA
E-GEOD-12860_1	0	-0.0100283530736963	NA	NA
E-GEOD-12860_2	0.00128865979381443	0.00546967843930233	NA	NA
E-GEOD-12860_3	3.27025662357817e-07	-0.000471712979127338	NA	NA
E-GEOD-12860_4	0	0.00141601889857136	NA	NA
E-GEOD-12860_5	-0.000252908447142135	0.00448261475510074	NA	NA
E-GEOD-12860_6	0.00124378109452736	0.00481817569589541	NA	NA
E-GEOD-12860_7	-0.000354358610914245	-0.00225211141248835	NA	NA
E-GEOD-12860_8	0	-0.000390997275416735	NA	NA
E-GEOD-14359_1	0.000448430493273543	0.0506343547958128	0.000451263537906137	0.00955575931390705
E-GEOD-14359_2	0.00080108972204887	-0.0325504006475927	-0.00089126559714795	-0.00306489454035798
E-GEOD-1919_1	0	0.0247108567301242	NA	NA
E-GEOD-1919_2	-0.00108459869848156	0.0261671264571235	NA	NA
E-GEOD-1919_3	-0.00410593578369244	0.0175401355245811	NA	NA
E-GEOD-1919_4	-0.00134048257372654	0.00644920615833172	NA	NA
E-GEOD-1919_5	-0.00146627565982405	0.016588029692875	NA	NA
E-GEOD-1919_6	-0.00151515151515152	-0.0117660518429261	NA	NA
E-GEOD-1919_7	-0.00246305418719212	-0.0107461024108632	NA	NA
E-GEOD-1919_8	-0.00186567164179104	-0.0110337013305429	NA	NA
E-GEOD-1919_9	0	0.00397943189829166	NA	NA
E-GEOD-19664_1	-0.000704225352112676	0.00858763041871059	NA	NA
E-GEOD-19664_2	-0.000973393900064893	-0.00646682645476944	NA	NA
E-GEOD-19664_3	-0.000862812769628991	-0.0382431557410466	NA	NA
E-GEOD-19664_4	-0.00045475216007276	-0.00958669906893174	NA	NA
E-GEOD-19664_5	-0.000515995872033024	0.00782921871872816	NA	NA
E-GEOD-19664_6	-0.000610500610500611	-0.0289194027935038	NA	NA
E-GEOD-43923_1	-0.000320619551388782	-0.00543308718701913	0	0.00202271049792767
E-GEOD-51812_1	-0.00047739304620545	0.0127360142346869	-0.000232172350611577	-0.00218035766909992
E-GEOD-51812_2	-0.000475269513092235	0.0135225812876629	-0.000226078808083368	-0.00807879654905521
E-GEOD-68760_1	-4.07645472363233e-07	0.00919132945271302	0	0.000336063414069398
E-GEOD-82107_1	0.00346020761245675	0.00752041525427176	0	-0.00287679225659791
E-GEOD-9451_1	0	-0.0429315930553981	0	0.00135851870823066
E-GEOD-9451_2	0.000551267916207277	-0.0313000624035049	0	-0.00226904503057371
E-GEOD-9451_3	-0.000512295081967213	0.00577973070199558	0	0.0052558233787434
E-GEOD-9451_4	0.000274970883899975	-0.0026334954310341	-0.000562429696287964	0.00375419766752138
E-MEXP-2019_1	-0.000467870763028513	-0.0351968016470585	0	-2.88468466806864e-06
E-MEXP-2019_2	-0.0021338400384397	0.0136558700671095	0	0.00924601288678959
E-MEXP-2019_3	-0.0006462551876651	-0.0396303692542272	NA	-0.00205957544101581
E-MEXP-2019_4	-0.000624219725343321	-0.0196649271495994	0	-0.00206951278969153
E-MEXP-2276_1	0.00595238095238095	0.0109965237940646	NA	0.0115797010835134
E-MEXP-2488_1	0.000424088210347752	-0.0123739677217564	0.000730994152046784	-0.000235254885354557
E-MEXP-3129_1	0.00427350427350427	0.00735606256409225	0	4.10869657237476e-05
E-MEXP-3474_1	0.000344115622849277	0.0074611319719948	NA	0
E-MTAB-3010_1	-0.000330510324419846	0.0367902074907285	NA	NA
E-MTAB-3010_2	-0.000438390715301693	0.0239108479540376	NA	NA
E-MTAB-3010_3	0.00144508670520231	-0.0149934395595406	NA	NA
E-MTAB-3010_4	0	-0.0330756584339349	NA	NA
E-MTAB-4152_1	0.00324675324675325	0.000527851295968458	0.00162866449511401	0.00265031947571317
E-MTAB-4152_2	-0.00316455696202532	0.0156766752520447	0	-0.00369846678787186
E-MTAB-4152_3	0.000850340136054422	0.0118892483294655	0.002	-0.00501361985707588
GSE100609_1	0	-1.32806124838405e-05	NA	0.00289817104429459
GSE100786_1	0	-0.00786240863475749	NA	0.00436938858616611
GSE100786_2	-0.00602409638554217	-0.0130688056658011	NA	-0.00409035409035409
GSE103697_1	0	0.0055836966182217	NA	NA
GSE103697_2	0	-0.00838578522379115	NA	NA
GSE103697_3	0	0.00772898776816358	NA	NA
GSE104113_1	-0.00126262626262626	0.00941615518496207	NA	NA
GSE104113_2	0.00100200400801603	-0.0255529853949029	NA	NA
GSE104113_3	-0.00126262626262626	0.00941615518496207	NA	NA
GSE10575_1	-0.000963391136801541	-0.0107685236222867	0	-0.00433941153346034
GSE10575_2	0	0.014490924245265	0	-0.00377925467179198
GSE10575_3	-0.000811315410979465	0.0691666002105441	-0.000193798449612403	-0.00204355743506096
GSE13604_1	0	-0.00625065194678257	0	0.00543406187272544
GSE13837_1	0.0138888888888889	0.0101853805439367	0	0.000372892637967986
GSE13837_2	-0.00204790138867218	-0.00387916101556515	0	-0.00407011923238117
GSE13837_3	-0.00352112676056338	-0.0138573571893359	0	-0.00622519841269841
GSE13837_4	-0.00134228187919463	-0.0132784251351194	0	-0.00295624217872492
GSE13837_5	0.0144927536231884	0.00849568893614496	0	0.00180705119168782
GSE13837_6	-0.00387581724934424	0.000155667684653478	0	-0.00526779281470032
GSE13837_7	-0.00354609929078014	-0.0220994969611446	0	-0.00296874016790024
GSE13837_8	-0.000504540867810293	-0.0132530582701172	0.000547645125958379	-0.00890890399902495
GSE13837_9	0.000959692898272553	0.00861097567208132	0	0.00410110554394298
GSE13837_10	0.000122705932565088	0.00477652412295944	0.00121065375302663	-2.61973429682174e-05
GSE13837_11	0.000761393341434405	0.0126853048546481	0.0021973334866914	0.00142394718230194
GSE13837_12	0.00160771704180064	0.00838285010611133	0.00129198966408269	0.00142156756408229
GSE13837_13	0.00483091787439614	0.0129486968391964	0	0.0043608889248685
GSE13837_14	-0.00114135676776337	-0.0112507705519318	0	0.000338802113223586
GSE13837_15	-0.00191570881226054	-0.0157036984742906	0	-0.00421867948935001
GSE13837_16	-0.00163870478523671	0.00224045959868573	0	1.72221210461131e-05
GSE13837_17	0.00636942675159236	0.0135390397193201	0	0.00624060514851286
GSE13837_18	-0.00371134020618557	-0.00389431809721058	0	1.09706979120102e-05
GSE13837_19	-0.00355871886120996	-0.0121562942279458	0	-0.00919643980142201
GSE13837_20	-0.0022271714922049	-0.000628107729855302	0	-0.0077232619968984
GSE13837_21	0.000853242320819113	0.0120291263482525	0.00124378109452736	0.00947328670870833
GSE13837_22	0.00180590145124066	0.00433155040725705	0.00131233595800525	0.00517557230770463
GSE13837_23	0.00269606344158359	0.0065364782148735	0.00247982106389186	0.00793458347698799
GSE13837_24	-0.000718436675467651	0.0131503924506096	0.00099403578528827	0.00922327352936882
GSE16464_1	-0.00219298245614035	0.0717614608813958	NA	NA
GSE16464_2	0.000208680483271283	-0.0714730006770952	NA	NA
GSE19060_1	0	-0.00977900585684055	0	-0.00013932805310226
GSE27372_1	-0.00347093669011477	0.0239307325383019	-0.0036231884057971	0.00137887153339351
GSE27390_1	-0.00166112956810631	-0.0268717311961112	0	0.0028413946403705
GSE29106_1	-0.000809908653716238	-0.0219250712112976	NA	NA
GSE29107_1	0.000330113143127444	-0.010761191390493	NA	NA
GSE29107_2	0.000407964596680858	-0.0216480290330506	NA	NA
GSE29745_1	-0.000432224283206559	0.0708513017311677	NA	NA
GSE29745_2	0.00041702495540806	0.00783265953301417	NA	NA
GSE29745_3	-0.000162418392917114	0.0489328860577829	NA	NA
GSE35546_1	0	-0.0259299447151137	NA	NA
GSE35546_2	-0.0053475935828877	-0.0238928584683178	NA	NA
GSE35546_3	-0.00304878048780488	-0.0178176568542014	NA	NA
GSE35546_4	-0.00270298554810268	-0.0319879649241319	NA	NA
GSE35546_5	-0.00230680507497117	-0.0276104636108972	NA	NA
GSE35546_6	-0.00346740638002774	-0.0246087126357925	NA	NA
GSE35955_1	0.0031201248049922	0.0056464525823596	0.00392670157068063	0.00839936393166343
GSE35956_1	0.000796178343949045	-0.046591233598868	0	0.00137984588112465
GSE35957_1	-0.00112612612612613	-0.0467448379158137	0	-0.00201964846929589
GSE35958_1	-0.000400962309542903	-0.0398702051554872	0	-0.00376567092676919
GSE39340_1	0.00308641975308642	-0.00615794921704583	NA	0.00296697626418989
GSE39340_2	0.0045045045045045	-0.0214631754756382	0	0.00447356238313791
GSE39340_3	-0.00260416666666667	0.017421561906581	0	0.00276275621323813
GSE39795_1	0	-0.0011608001890026	NA	2.39121780450406e-05
GSE39795_2	0	-0.00640498857625417	0	-0.00661890654757359
GSE39795_3	0	-0.00746605223345324	0	-0.00766861462876994
GSE41038_1	0.000657074698772682	0.00604373550865458	NA	-1.58710041599365e-05
GSE41038_2	0.00282485875706215	-0.00548690940555353	NA	0.00154302959501558
GSE41038_3	0	-0.0173924754931628	NA	-0.00248504377941691
GSE41992_1	0.000935167093596891	0.0100103845956936	NA	NA
GSE42235_1	0.0065359477124183	-0.0187130149173962	0	0.00592444833782552
GSE42235_2	0.00429184549356223	-0.0235853437317409	0	-0.00133533191064866
GSE42235_3	0.00251889168765743	-0.0378184792625251	0	-0.00254554239244655
GSE42235_4	0.0026246719160105	-0.0302489980048282	0	3.57052951723263e-06
GSE45233_1	0	0.0120477588193679	NA	0.0001636666288228
GSE45233_2	-0.0036231884057971	-0.015530256370968	0	-0.00819672131147541
GSE45233_3	0.00606060606060606	0.00410095407462891	NA	0.00355108919857121
GSE45233_4	0.0022883295194508	0.0277071508852118	0	-4.18383689214374e-05
GSE46053_1	0.00142045454545455	0.0102960253633422	0	0.00262832302026574
GSE46053_2	0.00148809523809524	0.0189183898231501	0	0.00622280801710763
GSE46750_1	0.00246305418719212	-0.0205405328127654	NA	0
GSE51588_1	0.000428197052592434	-0.0522130976337822	-0.000493583415597236	0.0056740705782419
GSE52817_1	0.000334803119025857	0.00912014836314909	NA	NA
GSE52817_2	-0.00109562317666514	0.0108306328498185	NA	NA
GSE52817_3	-0.000537039103028951	-0.0277944086380782	NA	NA
GSE52817_4	0.000707332900713822	-0.0034089850477111	NA	NA
GSE55235_1	-0.00563325563325563	0.0171659770391251	0	-0.0029069562962067
GSE55235_2	-0.00185873605947955	-0.0124516743926109	0	-6.32491040750797e-05
GSE55235_3	-0.00229357798165138	-0.0274675665121308	0	-0.00611959599163848
GSE55457_1	2.23713646532436e-05	0.0146416694366923	0.00413223140495868	-0.00430930267116641
GSE55457_2	-0.00378787878787879	0.00698678794234416	0	-0.00444725138132954
GSE55584_1	0.00335570469798658	0.0247508465199841	0	0.00179387472137273
GSE57218_1	0	-0.00646635828753725	0	-0.00499237492844876
GSE57218_2	-0.00171431731460488	-0.016898351870984	0	-0.00429571280421085
GSE57218_3	0.00347222222222222	-0.015564762632824	0	-0.00597386641130812
GSE60762_1	-0.00141242937853107	-0.0154800411151131	NA	-0.00275365194026743
GSE62914_1	9.68538011242824e-07	-0.00285767462708197	NA	0.00080574753961639
GSE62914_2	0.000542185851139193	-0.0108507176337032	NA	0.00660043584203975
GSE62914_3	0.000473567366735588	-0.0225875642275084	0	0.00553093077639023
GSE62914_4	-0.000724900326205147	-0.0011013295503438	0	-0.00524197578550039
GSE64394_1	-0.00114678899082569	0.039134287080756	NA	-0.0108309666852696
GSE66635_1	0	-0.00326259924639184	NA	0.00402443406395976
GSE68038_1	0.00274093525606789	-0.00855275832395521	0	-0.00134241808817835
GSE68428_1	0	0.00140554020629296	0	-0.00354609929078014
GSE68428_2	0	-0.00479801186535358	0	-0.00236681370885646
GSE68428_3	-0.0010752688172043	0.00618736499462379	-0.00131578947368421	-0.000440480431574125
GSE69459_1	0.00203097699178628	0.00732252152398698	NA	NA
GSE69459_2	0.0016	0.00447085076103081	NA	NA
GSE69459_3	0.00392156862745098	0.00494552629986961	NA	NA
GSE69459_4	0.00182220127575319	0.00833129808621283	NA	NA
GSE69992_1	0	0.00614632873715604	0	0.00297363695521454
GSE70719_1	-0.000818330605564648	-0.0439838655260166	-0.000822368421052632	-0.00325728620775707
GSE7116_1	-0.00573038073038073	-0.0141239338662862	0	-0.00356259790470775
GSE7116_2	0	0.0156444682752947	NA	-0.0122527156714487
GSE7116_3	0.0062888198757764	0.0268970902826851	0	0.00122564880239813
GSE72575_1	0.00595238095238095	0.0333217060268386	0	0.0102880225863585
GSE72575_2	0	-0.00838266018702474	0	-0.00171059277800851
GSE72575_3	0	0.0244904858117476	0	0.00280755415996637
GSE72575_4	0	-0.0334634132411283	0	-0.00264933153440451
GSE75181_1	0.00315457413249211	0.0418558633407573	0	0.0125315616173571
GSE75181_2	-0.0010752688172043	0.000144040064596601	0	0.00514333788000373
GSE75181_3	0.00264550264550265	0.0401770770286649	0	0.0132588011078314
GSE75230_1	0	0.0034977319246229	0	-0.00265127741313593
GSE7669_1	-0.0072463768115942	-0.0170998392437124	0	-0.00289360503467298
GSE77916_1	0	0.0130106212287143	0	0
GSE80614_1	0.0153846153846154	0.0309397984796853	0	0.00307291188232196
GSE80614_2	0.00746268656716418	0.00268956417811282	0	0.00239269503924815
GSE80614_3	0.032258064516129	0.0232436069211575	0	0.00409893742343371
GSE80614_4	0.00377358490566038	0.0109270535634735	0	0.00198785712296533
GSE80614_5	0.00122850122850123	0.00052030671139162	0	-0.00282064504241066
GSE80614_6	0.00121654501216545	-0.0090139258422669	0	-0.00574891509900554
GSE80614_7	0	-0.0155713265738749	0	-0.00164496057432673
GSE80614_8	-0.00110132158590308	-0.00718399852898229	0	1.59214059563184e-06
GSE80614_9	0.0175438596491228	0.0300583181934537	0	0.00224608556256686
GSE80614_10	0.0103092783505155	0.0130539855556551	0	0.00172989933063403
GSE80614_11	0.0434782608695652	0.00403078063087699	NA	-0.00150123322360654
GSE80614_12	0.0050761421319797	-0.00980901553883369	0	0.0029579278941264
GSE80614_13	0.00242718446601942	-0.00764767715580907	0	0.00480235145134272
GSE80614_14	0.00190114068441065	-0.023809476864591	0	0.00207441255531195
GSE80614_15	0.00144092219020173	-0.0327926966583064	0	-0.000438041204025378
GSE80614_16	0.00101626016260163	-0.0446130302382984	0	-0.00384502111837283
GSE85254_1	-0.000945179584120983	0.00407014130803359	0	0.00200873759378892
GSE86578_1	0.00564971751412429	0.0326713827758952	0	0.00970302327206586
GSE86578_2	0.00645161290322581	0.0287440222652098	0	0.00936388209576571
GSE86578_3	-0.00142857142857143	0.00760230352642199	0	0.0122055756579656
GSE9329_1	0	-0.0373048458103271	NA	NA
GSE93698_1	-0.000244607662433937	0.000601490639740195	-0.000646834860466089	-0.00364000865249059
GSE93698_2	-2.78024142856748e-05	0.0015266880313972	-0.000383108486024317	0.00197678923640462
GSE93698_3	-0.000279439486089058	-0.0113033037157976	-0.000364963503649635	-0.00398898452427506
GSE93698_4	-0.000571202465012314	-0.00313885189950816	-0.000723923131767561	-0.00142208950154236
GSE93698_5	-0.000208699527656028	-0.0104514425220325	-0.000284900284900285	-0.00728082895038989
GSE93698_6	0.00177935943060498	0.00196540345440434	0	0.00150483667951389
GSE93698_7	0.00148809523809524	-0.0202185208043887	0	0.00154415909871676
GSE93698_8	-0.00348432055749129	-0.00965097660304895	0	0.00420383653214562
GSE93698_9	7.48160273886462e-07	-0.0219869366833178	0.000834724540901503	0.0052674033774765
GSE93698_10	0.00093984962406015	-0.0231425998248226	0	-0.0027297780490733
GSE93698_11	-0.00289017341040462	-0.0106394687578159	0	-0.00213574423647272
GSE93698_12	5.29766521298672e-07	-0.0217923831194512	0.00108459869848156	0.00556692993725362
GSE93698_13	-0.0028387703373978	0.0156134303739841	0	0.00202688990265179
GSE93698_14	-0.0018348623853211	-0.0022583678241361	0	-0.00554917690564237
GSE93698_15	0.000444444444444444	-0.0146280919853723	0.00062111801242236	0.000949208720297148
GSE93720_1	-0.00156686533805178	-0.0106623038509535	NA	NA
GSE93720_2	-0.000494071146245059	-0.0109931673245657	NA	NA
GSE93720_3	-0.00128990275355425	0.00350765454919753	NA	NA
GSE93720_4	-0.00111739999550794	-0.00301866685474943	NA	NA
E-MTAB-5564_1	0.000659630606860158	-0.0022211548337001	0	0.00294726312405643
GSE77753_1	-0.00306748466257669	0.0308464025291196	NA	0.00847491030164993
GSE43861_1	0.000526315789473684	-0.0120456586772475	NA	NA
GSE112809_1	0	0.00231817331663823	NA	NA
GSE111946_1	0.00168350168350168	0.0579672699582504	NA	NA
GSE111946_2	0.0121951219512195	0.0256101388792341	NA	NA
E-MTAB-3201_1	0.000793650793650794	-0.00502161435957274	0	0.000583848830294349
GSE57740_1	0	0.00464954340105378	NA	NA
GSE52992_1	0.006268551788783	0.0214751002445225	0	-0.000467663076562149
GSE17160_1	0	0.00634606478527442	NA	NA
GSE17160_2	0	0.000985560475597459	NA	NA
GSE17160_3	0.00510204081632653	0.0140489549672874	NA	NA
GSE17160_4	-0.0019408060846556	0.0252022833019763	NA	NA
GSE17160_5	0	-0.00522646014785738	NA	NA
GSE17160_6	0	-0.0208804494452414	NA	NA
GSE17160_7	0.00437770037495955	0.00696812222046293	NA	NA
GSE17160_8	-0.00105042016806723	0.00926202531107558	NA	NA
GSE17160_9	-0.00038342396183963	-0.0410776202925865	NA	NA
GSE17160_10	-0.000799949537233493	-0.0428484426360285	NA	NA
GSE17160_11	-0.000431004565376078	-0.040244476746273	NA	NA
GSE17160_12	-0.000367884525300464	-0.0431617720855879	NA	NA
GSE22971_1	0	-0.0604527132716024	NA	-0.00682818423637891
GSE22971_2	0	0.0190974798952726	NA	0.00040374453315447
GSE22971_3	0.00158093605644583	-0.0112073874356142	-9.57843396436021e-07	-0.0153779382660324
GSE22971_4	0.000586757110627774	0.0163681175945132	-0.00105708245243129	-0.00817437069655623
GSE13590_1	0.00258792965627498	-0.019609983670491	0.00279329608938547	0.00313274487455579
GSE99731_1	0	-0.00382015951708626	NA	0.00813598874335959
GSE99731_2	0	0.00254534995340553	NA	-0.0033808763447724
GSE99731_3	-0.000361955183990684	0.0183234070607938	-0.000903214546688241	0.00010866865375062
GSE27492_1	0	-0.000193624943950681	0	-0.00543759706484582
GSE27492_2	0	0.0190927284194668	0	-0.00748527514890314
GSE27492_3	-0.00171821305841924	0.000592535291161444	0	-0.00884319348132084
GSE27492_4	-0.00158227848101266	-0.00810143155086709	0	-0.00574078403865638
GSE27492_5	-0.00216450216450216	-0.0227213776024897	0	-0.01462709090756
GSE27492_6	-0.00218340611353712	-0.0340289059878084	0	-0.00189380884760839
GSE27492_7	-0.00193050193050193	-0.0334658648865433	0	-0.009000801868998
GSE27492_8	-0.00171232876712329	-0.0405651752209446	0	-0.000492679764356591
E-GEOD-15069_1	0.01	-0.0262021812629521	0	-0.00313301353030293
E-GEOD-15069_2	0.00649350649350649	0.0210322957830316	0	0.00817928461419435
E-GEOD-15069_3	0.000276370380659583	-0.0139713766054111	-2.63006980561214e-05	0.0062653545703375
E-GEOD-15069_4	0	-0.0254992312281386	0	0.00300428252848309
E-GEOD-15118_1	0	0.0208447312645889	NA	NA
E-GEOD-15118_2	0	0.0263870825146254	NA	NA
E-GEOD-15118_3	-0.000741525423728814	0.0075792687858479	NA	NA
E-GEOD-15118_4	-0.000322943923685867	0.00833594534971138	NA	NA
E-GEOD-16007_1	0.00160771704180064	0.00234196117079451	NA	NA
E-GEOD-17473_1	-0.00248756218905473	0.0451204321767626	NA	-0.000179427120097084
E-GEOD-18647_1	0	0.0360653688673077	NA	-0.000503517727497498
E-GEOD-18647_2	0.00147048823609411	0.0185109527279876	NA	0.000802199606213536
E-GEOD-18647_3	0.00129198966408269	0.00987109964762749	NA	0.000151216710058159
E-GEOD-18647_4	0.000666116230479806	-0.0052717007109737	0	-0.00130110055126356
E-GEOD-18648_1	0.00190839694656489	-0.0285190980690629	0.00194552529182879	0.00555230705220524
E-GEOD-18648_2	0	0.0111372690137601	0	0.00102113540912052
E-GEOD-2154_1	0	0.00664819995642121	0	-8.40705105661227e-05
E-GEOD-2154_2	-1.3082155939299e-05	-0.023508615163797	0	-0.0035037299665036
E-GEOD-2154_3	-0.00273224043715847	-0.0581960208489013	0	-0.00598505163485142
E-GEOD-2154_4	0	-0.0502555747577836	0	-0.00942947684538776
E-GEOD-26475_1	0.00297619047619048	0.00481185859363126	0	0.00124643320919574
E-GEOD-26475_2	0	0.0168687165757196	0	-0.00530613344122348
E-GEOD-26475_3	0	0.0180135732580575	0	-0.002552966531663
E-GEOD-33567_1	-0.00075859709327859	-0.128906040138852	NA	NA
E-GEOD-33567_2	-0.000473682189619483	-0.00454528570047659	NA	NA
E-GEOD-37287_1	-0.000158390639253241	0.00863258822593659	NA	NA
E-GEOD-37287_2	0.000289549158068327	0.0170907361648777	NA	NA
E-GEOD-37287_3	-1.18344960305019e-08	0.000693396987004288	NA	NA
E-GEOD-51994_1	-0.000324929856411949	0.00694613634907189	0	-0.00108841755989231
E-GEOD-51994_2	-9.74818380022329e-05	0.000731967884695008	0	0.00107153870488439
E-GEOD-51994_3	-4.96197342852783e-08	-0.00587543844267959	0	0.00674746991342325
E-GEOD-65077_1	0	0.0184782796317504	NA	NA
E-MEXP-1244_1	0	-0.056807008699157	NA	NA
E-MTAB-1123_1	-0.00228310502283105	0.0421503379077	0	4.23004417323541e-06
E-MTAB-1123_2	0	0.0307193320202031	0	-0.00135554291269177
E-MTAB-1123_3	0	0.00133769490810328	0	0.00228275325624406
E-MTAB-1123_4	0	0.032617473572661	0	0.00690367263947134
E-MTAB-1391_1	0.00111810717604049	-0.010056721127334	0.00206611570247934	0.0068949735145548
E-MTAB-1391_2	-0.000865862300053863	-0.0598349425363964	-0.000570281698374243	-0.000372814996629031
E-MTAB-1391_3	-0.000709477495870382	-0.0692744891374548	-0.000354867233840475	0.000379609051486443
E-MTAB-2450_1	0.00126582278481013	-0.0343782392923079	0	0.000357311957279156
E-MTAB-2450_2	0	0.0310349107992166	0	-0.000582385636850943
E-MTAB-2450_3	0.000759878419452888	0.08929247895679	0.000777604976671851	0.0129277214592969
E-MTAB-2450_4	0	0.0497071325544971	0	0.00768939065614978
E-MTAB-5023_1	-0.00042989936975626	-0.0071176538445706	NA	-0.00172470440000102
E-MTAB-5326_1	0.00110369428551247	-0.00377185260116142	NA	NA
E-MTAB-5326_2	0.000794346398238724	0.00636098221803249	NA	NA
E-MTAB-5326_3	0.00107483730591227	0.0171181401612711	NA	NA
GSE102588_1	0.00274725274725275	-0.0230053955870875	0	0.00161246192962288
GSE104793_1	-0.00166424139026879	-0.0474545537376957	-0.00114522884359278	0.00214562138976741
GSE104794_1	-7.53681735276776e-07	0.025612530760733	0	0.00478377986716677
GSE104795_1	-1.54163968797206e-06	0.0320000249272335	0	0.00578219344369215
GSE105139_1	0	0.00696688696851298	NA	0.00509369574785381
GSE105139_2	-0.00423728813559322	-0.0392911310197656	NA	-0.00604942042397179
GSE105139_3	-0.00396825396825397	-0.0450124361183815	0	-0.00740487868344026
GSE10555_1	0.00143957918230175	0.00684210132468273	NA	NA
GSE10556_1	0.00515683147262095	-0.00119393928342317	0	-0.0011580225889257
GSE106631_1	-0.00217391304347826	-0.0478730328737804	0	-0.00868720654024606
GSE13104_1	0.000473811117930445	0.00502061152028579	NA	NA
GSE13104_2	0.000667228182280603	0.0260927646762954	NA	NA
GSE13104_3	-1.02221456359561e-05	0.0368199464837165	NA	NA
GSE16749_1	-0.000324883019042046	-0.0666652169999854	NA	NA
GSE16749_2	0	0.0177113804154078	NA	NA
GSE16749_3	-0.00133333333333333	-0.00348817280698498	NA	NA
GSE17348_1	0.00212626536514823	0.0501510392031162	NA	NA
GSE17563_1	0.000454960558368786	0.0465334401817031	NA	NA
GSE17563_2	-0.000644710216539271	-0.0842967612941108	NA	NA
GSE17569_1	0.000396088671323177	-0.0508082557428346	NA	NA
GSE17569_2	0.000517771913589751	-0.0617140827129735	NA	NA
GSE17570_1	0.000497890656717313	-0.0369802282954479	NA	NA
GSE17570_2	-0.000588928150765607	-0.0293773786354819	NA	NA
GSE18991_1	0	-0.00290203617922406	NA	-0.00579790672641661
GSE18992_1	0	0.0244024927622235	NA	0.00287446717102784
GSE19299_1	7.14350115718495e-05	0.0292010360973272	0.000710732054015636	0.0120046171640705
GSE20850_1	0	0.0183262283052052	NA	NA
GSE21093_1	0.00127388535031847	-0.0651864791497332	NA	NA
GSE21523_1	0.00087719298245614	0.0115842676582967	NA	NA
GSE21639_1	0	-0.0151801247009077	NA	NA
GSE21639_2	1.06673493770267e-05	0.0128316596856796	NA	NA
GSE21639_3	0.00588235294117647	0.00286995462922194	NA	NA
GSE21639_4	0.00348725348725349	0.0102217394246074	NA	NA
GSE21710_1	0.000246991616480332	-0.0630812318869584	NA	NA
GSE21710_2	0.000235709998060816	-0.0648768729585106	NA	NA
GSE21710_3	0.000603479901379428	-0.0584514606644213	NA	NA
GSE22925_1	0	0.0261974973276553	0	0.00604507535870699
GSE22925_2	-0.000691562932226833	0.00859931441986342	0	0.000775011807764492
GSE26499_1	-0.000391849529780564	-0.0158335175048924	NA	NA
GSE30160_1	9.79412744118633e-07	-0.0335048288532219	0.00072463768115942	-0.00645448681676021
GSE30628_1	-2.06913390193115e-07	-0.000171061445316916	0.000342935528120713	-0.00250490828097606
GSE30628_2	9.40617475060199e-05	-0.0108450248486527	0	0.000236224119639299
GSE32163_1	-0.00326797385620915	0.00265210307529206	NA	0.0020842475025286
GSE33656_1	-0.00123978443758543	-0.0860163640540467	NA	NA
GSE33754_1	-0.00431034482758621	-0.0625118898110214	0	-0.0106223266114644
GSE33754_2	0	-0.0784807897068866	0	-0.00379675537642689
GSE33754_3	0.00246305418719212	-0.0584789882346879	0	-5.19883080467385e-06
GSE34570_1	-0.00246805818717096	-0.0635392221554998	NA	NA
GSE35003_1	0	-0.0323465459076122	NA	NA
GSE35466_1	7.46450964957518e-05	-0.0354224789972313	NA	NA
GSE35466_2	-0.000974658869395711	0.00171973329544542	NA	NA
GSE35466_3	-0.00303951367781155	-0.0259096649710932	NA	NA
GSE35466_4	-0.00241545893719807	-0.0173627205121543	NA	NA
GSE35466_5	-0.00190114068441065	0.0172810229408924	NA	NA
GSE36925_1	0	-0.0396497924305449	NA	NA
GSE36925_2	-6.44682612570633e-05	-0.0060375931367935	NA	NA
GSE36925_3	-3.01152985716744e-05	-0.00507449510165681	NA	NA
GSE37219_1	0.00273346878197092	0.0650257718193648	NA	NA
GSE37676_1	0.00140056022408964	0.00123219715005521	0.00142450142450142	0.00611951429247491
GSE41342_1	0	-0.0344528605004183	0	-0.00747122352820034
GSE41342_2	0.008	-0.0156579303384328	NA	0.00574695800998757
GSE41342_3	0.0166666666666667	-0.00329332807566737	NA	-0.00992716771867821
GSE41342_4	0.00471698113207547	-0.04763742021752	0	-0.00567732472089895
GSE41997_1	0.00276243093922652	-0.0415218563064225	0	-0.00404161452205653
GSE43242_1	0.00337837837837838	-0.0343293340211769	0	-0.000352770407730199
GSE43242_2	0	-0.0310329150884203	0	0.00418168203033231
GSE43663_1	0	-0.00766490994045929	NA	0.00166504764352122
GSE43854_1	-0.000485069705637495	0.0763068806540188	NA	NA
GSE45656_1	-0.000273441743586098	-0.0106824314348223	NA	NA
GSE45656_2	2.33764363651294e-07	-0.0978611802188606	NA	NA
GSE45656_3	0.000273972602739726	-0.0954503544580461	NA	NA
GSE45793_1	0.000549450549450549	0.0371737389347594	0	0
GSE45793_2	0.000729106231830607	0.0236690305515322	0	0
GSE45793_3	0.00104166666666667	0.0202609067782898	0.000442477876106195	0
GSE45793_4	0.00124297265327603	0.0218629641499397	0.000820742042914118	0
GSE45793_5	0.000255127461669113	0.00656151263051132	0.000509683995922528	0
GSE46390_1	-0.00387596899224806	0.034590435315471	NA	NA
GSE48438_1	-0.00149591183476504	0.0022862260328077	NA	-0.00552533648383454
GSE50549_1	0.00429799426934097	-0.00325666349781356	0.00143266475644699	0.00660217575402254
GSE50549_2	0.00115275850475828	0.0032188713243981	0.00057739087445383	0.00962492828456684
GSE51098_1	0.00106550508552936	-0.0243321848857149	0	-0.00271182193136238
GSE53857_1	0.0072463768115942	-0.00776280220770509	0	0.00739186928695936
GSE53857_2	0	-0.00468569449415668	0	0.00507074587850946
GSE53857_3	0.0125	0.0168650001249472	0	0.00514599935444203
GSE53982_1	0.000131340253514281	-0.0129743273161085	0.00122249388753056	0.00382425481613963
GSE53982_2	-0.00847457627118644	-0.0160066342846704	0	-0.00379603064929415
GSE54779_1	-0.000500998003992016	0.0134165613310857	-0.000503018108651912	0.00667307500216549
GSE55900_1	0	-0.030434184477945	0	-0.00781412601846038
GSE57104_1	0	0.010882811309003	NA	-0.00182986319590399
GSE59387_1	-0.00020228146969094	0.0123008485512635	NA	NA
GSE60401_1	1.55441606495242e-07	-0.0187071243529204	NA	NA
GSE60401_2	-0.000388198757763975	-0.0163337044255351	NA	NA
GSE60651_1	0.00334448160535117	-0.00695984021379819	NA	NA
GSE60737_1	0.000407497962510187	-0.0346657794530013	NA	NA
GSE60761_1	0	-0.0298127851834508	0	-0.0064741209283358
GSE60761_2	0	-0.0617551155528688	NA	-0.00688865093039321
GSE60761_3	-0.00666666666666667	-0.0180091673780974	0	-0.0081481282287017
GSE60761_4	-0.00423728813559322	-0.00385020287494989	0	0.0134313052996243
GSE63017_1	0	-0.0252197521880675	NA	-0.015127567467993
GSE63017_2	0	-0.00897886015583361	NA	0.00796868642154167
GSE63017_3	0.00960410557184751	-0.00991160432443202	0	0.00040374135976292
GSE63017_4	-0.00229591836734694	-0.0189405973122894	NA	0.00183195023343722
GSE63939_1	0.00160132116546703	-0.0348965573429138	0.00082830068152709	0.0026632132534255
GSE63939_2	-0.000408326431984094	-0.0449526416837203	0.000419637017231068	0.0034058954193628
GSE64141_1	-0.00114680910294441	-0.0387839598273973	NA	NA
GSE64965_1	-0.000444837055792802	-0.0565967243727623	0.00044404973357016	-0.00885810948861366
GSE65745_1	-0.0625	-0.0149475313964811	NA	-0.0144226762033789
GSE65745_2	-0.03125	-0.0205411956291458	0	-0.00325888678121706
GSE65745_3	-0.03125	-0.0104331433031079	0	-0.00804297360651491
GSE66416_1	0.00162866449511401	-0.00043668440352265	NA	NA
GSE66862_1	-0.000972762645914397	-0.0365378481717743	0	0.00729987898771928
GSE69108_1	0.000537056928034372	-0.00893046022640189	0.000537634408602151	-0.000700771725161968
GSE71565_1	0.00275155316509861	0.0105651832472474	NA	NA
GSE72261_1	0	-0.0273962545952584	0	-0.00521412937882669
GSE72261_2	0.000929368029739777	-0.0100703356320165	0	-0.0083302724630677
GSE72261_3	0.000211623037315665	-0.027240544210952	0	-0.0115725866645897
GSE7683_1	0	-0.0287867395286432	0	0.00822454725615218
GSE7683_2	-0.00191570881226054	-0.00150937369056861	0	-0.00421382499695753
GSE78980_1	-0.00260416666666667	0.014246292509458	NA	NA
GSE78980_2	0	0.035038249837356	NA	NA
GSE78980_3	-0.0222222222222222	0.0435875082461495	NA	NA
GSE78980_4	0	0.028106051721091	NA	NA
GSE78980_5	0	-0.00113112765370689	NA	NA
GSE78980_6	0.0238095238095238	0.0477461953581511	NA	NA
GSE78980_7	-0.00149740961506323	-0.0172208512187896	NA	NA
GSE78980_8	-0.00064623746188856	-0.0272831524319588	NA	NA
GSE78980_9	-0.000715307582260372	-0.0248310856611876	NA	NA
GSE78980_10	-0.000183406113537118	-0.027646459201157	NA	NA
GSE81399_1	0	-0.0107051123558346	NA	0.0025850161908949
GSE84609_1	0.00469049242055377	0.00978429212759939	0.00235085011088403	0.00586210363448922
GSE84907_1	0.000915750915750916	0.0107628444553557	-1.68645439827301e-06	0.00855718514142183
GSE84907_2	-4.33110425834132e-06	0.0180498643901189	0.000853242320819113	0.00433080473688911
GSE84907_3	-0.00314465408805031	0.0120626239207118	0	-0.000399443382154191
GSE90127_1	0.000451303691731239	-0.0132205552457038	NA	NA
GSE90127_2	0.000733711232438206	0.00282725465139315	NA	NA
GSE90127_3	-0.000419514711407456	-0.0133398645426527	NA	NA
GSE9247_1	0	-0.0756495708767179	0	-0.00103078954114378
GSE9247_2	-2.38619063754241e-05	-0.0643573638005164	-2.41804424330096e-05	-0.00261776474598165
GSE9247_3	-0.0106136820925553	-0.0171086283831413	-0.00735294117647059	0.0053420821035916
GSE99306_1	-3.94710874284591e-07	0.0338973270415954	0	-0.00537782924339604
GSE99306_2	0.00127941810813913	0.0509856567601398	0	0.0105091257329955
GSE99306_3	-0.00273327886903705	-0.0298101310230458	-0.000919117647058824	-0.00996469736224948
GSE99306_4	0.001151948169901	0.0374164249840802	0.000232774674115456	0.0130178781657699
GSE99306_5	0.00192331424397084	0.0274540091421744	0.00111234705228031	0.00679382131727883
GSE99306_6	0.000907153910630511	0.0320816313999289	0.000912689975491287	0.00666009502896565
GSE99306_7	-8.29600132736018e-06	-0.0204411115502467	0	-0.00265976923563691
GSE99306_8	0.00141296966726001	0.0362050725098488	0.000462534690101758	0.00132498929966144
GSE99306_9	0.0013914003159779	0.0281598651918893	0.000682131884767799	0.0134082843871998
GSE99306_10	-0.00198412698412698	0.00818493354689894	0	-0.0152420320027356
GSE99306_11	0.00089166242065514	0.0257188549299271	0.000582750582750583	-0.00287349751630281
GSE99306_12	0.00122096677427649	0.0328642877107395	0.000283607487237663	0.00715160686468024
GSE99306_13	-0.00177531641551297	-0.0133780013918698	-0.00124378109452736	-0.00743887869651974
GSE99414_1	0	-0.0137655667450775	0	0.00417341558076488
GSE110581_1	0	0.0210604014136955	0	0.00208912794291982
GSE110581_2	0	0.0259308812021249	0	5.39884069455975e-06
GSE47799_1	0	0.00537337729027855	0	0.0021103582731829
GSE47799_2	0	0.0157892832176097	0	7.12218595611339e-06
GSE47799_3	0	-0.010453281657024	0	0.00417870567030202
GSE111628_1	-0.0172413793103448	-0.000515948214516765	NA	NA
GSE111628_2	0.0192307692307692	0.0169473137376162	NA	NA
GSE111628_3	0	0.0120936471045811	NA	NA
GSE5657_1	0	-0.00053386567993817	0	-0.00266278815897909
GSE5657_2	0	-0.0236187407139919	0	-0.00259641703663608
GSE13782_1	-1.31554021343334e-06	0.0309259104225809	0	0.00111043469847238
GSE41039_1	0	-0.0207061043404238	0	-0.0077564571749797
GSE84198_1	0	-0.0115215940507875	0	0.00201911373622462
GSE84198_2	-0.00609756097560976	-0.0115900095198439	0	0.000291474435642872
GSE84198_3	-0.000358667278935082	0.0342173855091793	-2.70527637103411e-07	0.00491954155180432
E-GEOD-54216_1	0.000414593698175788	-0.00921209777369383	0	0.000594343756101548
E-GEOD-54216_2	0.000775193798449612	-0.0314318446649097	0.000388500388500389	-0.000424693578867289
E-GEOD-54216_3	0	-0.0481183623300355	0	-0.00699734998589883
E-GEOD-6119_1	-2.72171712528608e-05	0.0295113612836617	0.000546580493128396	0.00893216974108694
E-GEOD-6119_2	-0.000600961538461538	0.0324403355771708	0	0.00324933106596305
E-GEOD-6119_3	-0.000533049040511727	0.0355988149842247	0	0.00835655347243919
E-GEOD-8077_1	0.0043859649122807	0.0331444477971199	0	0.00941342028745927
E-GEOD-8077_2	0	0.0247822358145692	0	0.00758118009087038
E-GEOD-8077_3	0	-0.0126828582942738	0	-0.00483606124813063
GSE103416_1	-1.12608199587835e-07	0.0546016470506247	0.000596567360086254	0.00401058201058201
GSE103416_2	0.00217743592084541	-0.00383233785113985	0.000924214417744917	-0.00504895960832313
GSE103416_3	0.00416019478611309	-0.00906783885847742	0.000941619585687382	0.00128203455295162
GSE19950_1	-0.0035377358490566	0.0550332770840287	-0.00118203309692671	0.000859773138254151
GSE30322_1	-0.00158730158730159	-0.0342862569161755	0	-0.00614936690431651
GSE30322_2	-0.00141643059490085	-0.000932807631347338	-0.001953125	0.00013277785929464
GSE30322_3	-0.00232558139534884	0.00538529844964004	0	-0.00508967238993916
GSE42295_1	-0.0666666666666667	0.040543979641551	0	-0.0023127887916076
GSE42295_2	0	-0.00188653996462471	0	-0.00518868778232329
GSE42295_3	0.00210970464135021	-0.0132127412827521	0	-0.00572782698363194
GSE66554_1	-0.000242470135972766	-0.0484572375382603	-0.000506884838238757	-0.00193521408842523
GSE66554_2	1.59154570919279e-06	-0.0449886290291264	-0.00109409190371991	-0.00156240986096956
GSE66554_3	1.97229322477827e-06	0.0125220078244325	0	0.00647216875605492
GSE66554_4	6.96264983970538e-08	-0.00198168177325861	-0.000129600829445308	0.00257718472004186
GSE74898_1	-0.00119760479041916	-0.0263039624089858	0	-0.00652317225921287
GSE74898_2	-0.000517063081695967	-0.0212022633429413	0	0.00190518327894566
GSE74898_3	0.00124181582774427	-0.0232667111483202	0	0.00135096590079259
GSE79176_1	0	0.000888138622103395	NA	NA
GSE79176_2	0	-0.00614108540268097	NA	NA
GSE79176_3	0	-0.00732795461148801	NA	NA
GSE85785_1	-0.00609756097560976	0.00700602165266857	0	0.00474413511977552
GSE23492_1	0	-0.0274188743934318	NA	NA
GSE23492_2	0	0.0313269541646288	NA	NA
GSE23492_3	-8.62262530584278e-05	-0.0166147548744253	NA	NA
GSE23492_4	0.000464880255647265	0.020110922084121	NA	NA
GSE23492_5	0.000606796116504854	0.00663612482328796	NA	NA
GSE44991_1	0	-0.0121901826749555	0	-0.00365035529440169
GSE44991_2	0	0.00927321983768978	NA	0.00230581599771628
GSE39796_1	-0.00034765809112453	0.00316928193417768	NA	NA
GSE39796_2	-0.00268319274688701	0.0114376033217262	NA	NA
GSE39796_3	-3.17259527337125e-07	-0.00892530521317579	NA	NA
GSE18394_1	-0.000187020502041702	-0.00507801840087756	0.000341120059402329	0
GSE18394_2	0.00085397096498719	0.0191554109887705	0	0
GSE18394_3	-0.000156510065370208	-0.0190902749363526	0.000378516722018613	0
GSE29233_1	0.00247524752475248	-0.000748451555360452	NA	NA
E-MEXP-2291_1	-4.00999312465205e-05	0.0028307803766002	NA	NA
E-MEXP-2291_2	0.000208131557522417	0.00648037894958386	NA	NA
E-MEXP-2291_3	0.00106178241652265	-0.00322036919500735	NA	NA
GSE107363_1	0	-0.0121466016827791	NA	NA
GSE85761_1	-7.2894058327212e-05	0.0203362939167907	NA	NA
GSE89179_1	-0.000786350225497913	-0.0532283546785584	NA	NA
GSE89179_2	0.000535905680600214	0.0201766928209811	NA	NA
GSE89179_3	0.000626718956146475	-0.0198342491625433	NA	NA
GSE89179_4	0	-0.0167275809677617	NA	NA
GSE89179_5	0.00069115924613255	-0.0199464186673641	NA	NA
GSE89179_6	0.00049800796812749	-0.015925510171944	NA	NA
GSE89179_7	-4.45418426069468e-07	-0.00287183303595984	NA	NA
E-GEOD-57723_1	-0.00102184129499253	-0.00401385968347113	NA	NA
E-GEOD-57723_2	0.0010183299389002	-0.0159597439831951	NA	NA
E-GEOD-57723_3	0.000389338218816119	-0.0223780541923358	NA	NA
E-GEOD-83930_1	0	-0.00563561150319374	NA	NA
GSE100268_1	-0.000561167227833895	0.00625487443573191	NA	NA
E-GEOD-55769_1	0	-0.0314155502390062	0	-0.00356330425008967
E-GEOD-55769_2	0	-0.0385192533602825	0	-0.00993377483443709
E-GEOD-55769_3	0	-0.0259012686591943	0	-0.0084198841297034
E-GEOD-69110_1	-0.00223214285714286	-0.0113571825887128	-0.00225225225225225	-0.00145653314122439
E-MTAB-4304_1	0	0.0336195082106293	0	0.0126266217044179
E-MTAB-4879_1	-0.00051440329218107	0.0050350060755527	0	-0.00847793945996421
E-MTAB-4879_2	9.43307910009856e-05	0.00967243200088375	0	0.00565606797864729
E-MTAB-4879_3	0.000352360817477097	-0.002623462422852	0	-0.00450224900868661
E-MTAB-4879_4	0.000463821892393321	-0.026357027458532	0	-0.00396812719088206
Cytokine_Explant_1	0.000387296669248644	-0.000727009475852592	0	0.000911995016985152
Cytokine_Explant_2	-0.00139865838314961	0.0390461171736006	-0.000477554918815664	-0.000425182905915228
Cytokine_Explant_3	-0.00153334002710198	0.0206753240559962	-0.00142727707703428	-0.0157728908773477
Cytokine_Explant_4	-0.00029139694852494	0.0321250964917682	0	3.19493337177347e-05
Cytokine_Explant_5	-0.000558176341383956	-0.00834594841502788	-0.000561797752808989	-0.0230751527165145
FN1_Explant_1	0	0.0130617676887897	0	-0.00946845215125374
E-MTAB-6266_1	0.00078555919677415	-0.0170101186307926	0	0.00364664893325114
E-MTAB-6266_B_1	0.0017871177568251	-0.0087208051207824	0	0.00237467059874848
E-MTAB-6266_B_2	0	-0.0233648930074254	0	-0.00120815331164343
E-MTAB-6266_B_3	-0.00335530856125822	-0.0162048465056145	-0.000373134328358209	-0.00720370412866958
GSE70667_1	0	0.0354579013270789	0	0.00146358885835789
GSE87608_1	0	-0.015086544949995	NA	-0.00527506506467434
GSE87608_2	-0.00276243093922652	-0.00794570162691561	0	-0.000182327094040534
GSE87608_3	-0.000624219725343321	0.0207567423517644	0	0.00187827743011587
GSE87608_4	-0.000733137829912023	0.0195685466979278	0	-0.00124442678286944
GSE90890_1	0.000700280112044818	0.0436188776518981	0	0.00832100012267909
GSE97118_1	0.0002710027100271	0.0252517770672402	NA	NA
GSE97118_2	0.00139275766016713	-0.017344306632616	NA	NA
GSE97118_3	-0.000304136253041363	-0.00576892528008199	NA	NA
GSE97118_4	0.00146412884333821	-0.0146827880661829	NA	NA
GSE97118_5	-0.0015527950310559	-0.0509423445928539	NA	NA
GSE97118_6	-4.21300977418264e-06	-0.0462760215896531	NA	NA
GSE97118_7	0	0.0175132874341952	NA	NA
GSE107592_1	-0.000683173477291124	-0.0104852506006063	-0.000640204865556978	-0.00616217263262954
GSE92641_1	-0.000726732009717685	-0.0681495980259825	0.0010351966873706	-0.00821630225313175
GSE107849_1	0	-0.00671148809180993	NA	NA
E-ERAD-89_1	0	-0.0112165733237523	NA	NA
E-ERAD-89_2	0	-0.0174598213500506	NA	NA
E-ERAD-89_3	0	-0.010656932677846	NA	NA
E-ERAD-89_4	0	0.0114296989206997	NA	NA
E-GEOD-45893_1	0	-0.0279839909552072	NA	NA
E-GEOD-53105_1	0	-0.00274941385969413	0	-0.0104797293960792
E-GEOD-53105_2	0.000644329896907216	-0.0629888967376928	0	-0.00304375380623951
E-GEOD-54461_1	0.000416319733555371	0.00410969912443357	0	-0.00407671829718707
E-GEOD-54461_2	0	-0.00346464791706221	0	-0.00550747256097793
E-GEOD-54461_3	0	0.00544537015819358	0	0.00197660153428821
E-GEOD-54461_4	-0.0009850426746447	0.0197426412762104	-0.000556792873051225	0.00154482412044469
E-GEOD-54461_5	-0.000227834117603845	0.0407610149053312	-0.000279798545047566	-0.000873135695853597
E-GEOD-54461_6	-0.00056535364998457	0.0429125809321621	-0.000273032839758155	-0.000206549127639801
E-GEOD-54461_7	-0.000307111905295935	0.0427622318351269	-0.000196881557477093	0.00184688668011115
E-GEOD-54461_8	-3.44019522791351e-05	0.04977592514538	-3.22633557675012e-05	0.00465922635775469
E-GEOD-73372_1	0.000512707140424405	-0.0137257426864329	NA	NA
E-GEOD-73372_2	0.000843170320404722	0.00253565072002501	NA	NA
E-GEOD-73372_3	-0.00209046069020494	0.0197680765037518	NA	NA
E-GEOD-75549_1	-0.00526315789473684	0.0103364969445895	NA	NA
E-GEOD-76988_1	-0.0023696682464455	-0.0371808503137832	NA	NA
E-MTAB-2923_1	-9.17891204925522e-08	-0.0552503363059228	NA	NA
E-MTAB-2923_2	2.66030850021306e-05	0.0689682988738324	NA	NA
E-MTAB-2923_3	-2.37602076734632e-05	0.0481024489223323	NA	NA
E-MTAB-2923_4	-0.000646737354836794	0.0279046833521273	NA	NA
E-MTAB-3428_1	-0.000336530534655991	0.052524034552768	NA	NA
E-MTAB-3428_2	0	-0.0601110902246204	NA	NA
E-MTAB-3428_3	2.68540001718658e-06	0.0312110375360984	NA	NA
E-MTAB-3428_4	5.64485893374028e-08	0.0555649191844732	NA	NA
GSE102856_1	0	-0.00475115918644224	NA	NA
GSE103492_1	0	0.0197004338049715	0	0.000446760197463638
GSE103492_2	0	-0.00241948626778586	0	-0.00567080888803435
GSE103492_3	0.000393700787401575	0.0332462724965545	0	0.00822875714006632
GSE103492_4	0.00046339202965709	0.0408510237714374	0	0.00895917008828248
GSE103492_5	-0.00163398692810458	-0.0315371136539272	0	-0.00270498007014231
GSE103492_6	0.00178161575430187	-0.00868416432142311	0	0.00681805517532107
GSE103492_7	0.00420512820512821	0.0251067962485436	0	0.00310591228049176
GSE103492_8	-0.000581376700025661	-0.0290405652654361	0.0072463768115942	-0.0048576545905051
GSE103492_9	-0.000905931993050385	-0.0149907489156377	0.0072463768115942	-0.00245002469649088
GSE103492_10	0	0.0193546949638197	0	0.0123297431888646
GSE106259_1	3.19652218386387e-06	0.0169465276269101	0	-0.00506570105229373
GSE110303_1	0.02	0.0156247905341253	NA	NA
GSE110303_2	0	0.0413163563812661	NA	NA
GSE110303_3	0	0.0238580507473767	NA	NA
GSE110300_1	0	-0.0223418964818063	NA	NA
GSE110300_2	0	-0.0130707238797695	NA	NA
GSE110300_3	0	0.0152871924819248	NA	NA
GSE110281_1	0	0.0338409696377821	NA	NA
GSE110281_2	0	0.0285783212576955	NA	NA
GSE110281_3	0	-0.00401379303407769	NA	NA
GSE104459_1	0.000522466039707419	0.0355656925227887	0	0.00482631296622505
GSE104459_2	0.000475285171102662	0.055517204208477	0	0.0033193289830458
GSE104459_3	-0.000894454382826476	-0.00181141363633404	0	0.00148528738475248
GSE110051_1	-0.000326006102279074	-0.0185596313671326	0	0.00411667431777893
GSE110051_2	0.000148793981495228	0.00232886994580626	0	0.0070711609380649
GSE110051_3	0.000115151534891376	-0.0130079724205028	0.00023396445337033	0.00544354535086617
GSE112694_1	0.000443325611734941	0.0224533157123494	0.000163612425567567	0.00259406020831258
GSE112694_2	0.00043609915441261	-0.00283303828334664	0.0003368626610001	0.00122796703571809
GSE112694_3	0.000308451573103023	-0.03941901012084	0.000413223140495868	-0.0103689279571168
GSE112694_4	-3.90556291438274e-05	-0.0611664169161736	-5.97235866675161e-05	-0.0127537314039865
E-MTAB-5879_1	0.000328515111695138	-0.00889409428357115	0	-0.00799409211418374
E-MTAB-5879_2	0.000544662309368192	0.028541449974217	0	0.00210597113112836
E-MTAB-5879_3	0.000727802037845706	-0.00254291238576926	0	0.0026833799230854
E-MTAB-5879_4	0.00110619469026549	0.0253064746482967	0	0.0124923166606627
E-MTAB-5879_5	0.000316055625790139	-0.0143101159396048	0	-0.0119726617479295
E-MTAB-5879_6	0.000869565217391304	0.0302308823115912	0	0.00394148864022644
E-MTAB-5879_7	0.00204081632653061	0.0109557961392303	0	0.00602890329388405
E-MTAB-5879_8	0.00245098039215686	-0.00382403317417621	0	0.00563332927851215
E-MTAB-5879_9	0.00126903553299492	-0.012369492294246	0	0.0134408602150538
E-MTAB-5879_10	0.00168918918918919	0.0105295581351286	0	0.0110458250097933
E-MTAB-4294_1	0.00251437229545199	0.0177034002420557	0.00216195401034217	-0.00977544796035074
E-MTAB-4294_2	0.00158746821564374	0.000853367308935518	0.00135320227352631	-0.00314107744490985
E-MTAB-4294_3	-0.00123152709359606	-0.0224183243506811	0	0.00695194091793438
E-MTAB-3186_1	5.74812184719305e-05	0.0432792408529142	0.00058173356602676	-0.000943936991024881
E-MTAB-3186_2	4.44444444444444e-05	-0.00163729848669143	0.00067842605156038	-0.000212348038434994
E-MTAB-3186_3	7.19034052367386e-05	-0.00600738962673128	0.000769230769230769	0.00730004966333339
E-MTAB-3186_4	0.000359624966963331	0.0060754399875871	0.00135531674615856	0.0056001224660543
