comparisonID	jaccard	cosine	sigjaccard	chrDir
22659600_1	-0.0183810982495094	-0.0411294615319516	NA	NA
24361742_1	-0.0226305673811195	-0.0577613063098758	NA	NA
GSE72258_1	0	0.0244231119431584	NA	NA
GSE72258_2	-0.00116279069767442	-0.0144049128777591	NA	NA
GSE69531_1	-0.0132912142865544	-0.0431506936311104	NA	NA
GSE69531_2	-0.0158594113242992	-0.0591662460213507	NA	NA
GSE69531_3	-0.0117208905917814	-0.0381112181679243	NA	NA
GSE69531_4	-0.0132912142865544	-0.0431506936311104	NA	NA
GSE58203_1	-0.00262908541171463	-0.0169836782800429	NA	NA
GSE58203_2	-0.00248481580579815	-0.0207894553506422	NA	NA
GSE58203_3	-0.0046697107073292	-0.0249707668803587	NA	NA
GSE58203_4	0.00105897941523747	-0.0318930860385728	NA	NA
GSE58203_5	-0.00400130855261813	0.00586967336102684	NA	NA
GSE58203_6	-0.00756998183661884	-0.0123295629605891	NA	NA
GSE58203_7	-0.00922284299330867	-0.0347518615083919	NA	NA
GSE58203_8	-0.00100068357523056	-0.0344509602208868	NA	NA
GSE59642_1	-0.00597689318060086	-0.0141570376986263	NA	NA
GSE59642_2	8.74197943102339e-05	-0.00907704022502001	NA	NA
GSE59642_3	0.0085610371101857	0.00711388962013027	NA	NA
GSE64922_1	-0.000689187038231207	-0.00172159591753167	NA	NA
GSE60162_1	0.00114931074746296	-0.0236671234736661	NA	NA
GSE31685_1	-0.000988906540858627	0.0390716388171747	NA	NA
E-MEXP-3890_1	-0.011670631719275	-0.0574854551867803	NA	NA
GSE31980_1	0.000809542767387868	-0.00936135307058423	NA	NA
GSE15615_1	-0.00559091420256747	-0.00015069028593176	NA	NA
GSE15083_1	0.0105281134606935	0.0204228330461472	NA	NA
GSE108035_1	-0.00202512903240706	-0.0375024425453331	NA	NA
GSE108035_2	0.00592801732548484	0.0365269718321859	NA	NA
GSE108035_3	0.00795309045768392	0.0449629009501928	NA	NA
GSE21959_1	-0.0133347990456343	-0.014672601463156	NA	NA
GSE21959_2	-0.00948778655369309	-0.0247315519744338	NA	NA
GSE24742_1	-0.0153911712815679	-0.0177966065944047	NA	NA
GSE24742_2	0.000113945505561965	0.015173341445499	NA	NA
GSE24742_3	-0.00534080087216979	-0.0146500680258014	NA	NA
GSE74668_1	-0.00145005618894422	-0.0181386143758084	NA	NA
E-GEOD-10024_1	-0.0148191303024475	-0.0263784126994895	NA	NA
E-GEOD-10024_2	-0.0153813077706483	-0.0115034681592104	NA	NA
E-GEOD-12860_1	-0.00497286942041267	0.0232491413719332	NA	NA
E-GEOD-12860_2	0.00644627243575959	0.0673033079065035	NA	NA
E-GEOD-12860_3	0.00955843175728438	0.0632244345534325	NA	NA
E-GEOD-12860_4	0.00752706713359407	0.0690486816613884	NA	NA
E-GEOD-12860_5	0.00617111394283858	0.0653455462202804	NA	NA
E-GEOD-12860_6	0.00488124755777364	0.0724780246105736	NA	NA
E-GEOD-12860_7	0.00515000724413449	0.0704822949416219	NA	NA
E-GEOD-12860_8	0.00172417492515141	0.0414779698006082	NA	NA
E-GEOD-14359_1	0.0122453266968138	0.0266946080174705	NA	NA
E-GEOD-14359_2	-0.00714937502902604	0.00420430377974925	NA	NA
E-GEOD-1919_1	0.00498973228319605	0.030378086858159	NA	NA
E-GEOD-1919_2	0.00505278946690896	-0.00111328991826961	NA	NA
E-GEOD-1919_3	-0.00427136024346185	-0.0215078756685154	NA	NA
E-GEOD-1919_4	0.0188886864634114	0.0302604248292963	NA	NA
E-GEOD-1919_5	0.00983420560566641	0.00637090557982773	NA	NA
E-GEOD-1919_6	0.0108135387167344	0.0128840282045196	NA	NA
E-GEOD-1919_7	-0.000161439845434668	-0.000375863853200389	NA	NA
E-GEOD-1919_8	0.0037778866861676	-0.00150699091017136	NA	NA
E-GEOD-1919_9	0.00382985725266706	0.00214392640757331	NA	NA
E-GEOD-19664_1	0.00170983769799173	-0.00331205578108477	NA	NA
E-GEOD-19664_2	0.00551689746075748	0.0506136264507098	NA	NA
E-GEOD-19664_3	-0.00240514894327928	0.0183388538464994	NA	NA
E-GEOD-19664_4	-0.00704004416983531	0.00769204642288915	NA	NA
E-GEOD-19664_5	0.00870807791299197	0.0723896885935276	NA	NA
E-GEOD-19664_6	-0.00627794165279277	0.0154227087252069	NA	NA
E-GEOD-43923_1	0.0267767275629286	0.0665812215491923	NA	NA
E-GEOD-51812_1	0.00436994775309356	0.0286700881564325	NA	NA
E-GEOD-51812_2	0.00525011760566346	0.0383721325919637	NA	NA
E-GEOD-68760_1	0.000924449790095235	0.00390557678086168	NA	NA
E-GEOD-82107_1	0.00120475238842348	-0.0432303507736467	NA	NA
E-GEOD-9451_1	-0.00936225248190105	-0.000717434244133468	NA	NA
E-GEOD-9451_2	-0.00207537778558596	0.0215952866886961	NA	NA
E-GEOD-9451_3	0.0104610761867128	0.055957421058294	NA	NA
E-GEOD-9451_4	0.0104765276824231	0.0549153631372283	NA	NA
E-MEXP-2019_1	-0.00223976122957186	-0.0162877085823279	NA	NA
E-MEXP-2019_2	-0.000762536292146308	-0.0343446583490138	NA	NA
E-MEXP-2019_3	-0.00299433403112946	-0.0110827159692186	NA	NA
E-MEXP-2019_4	-0.0150531734447471	-0.0297460037366132	NA	NA
E-MEXP-2276_1	0.00247499372402916	-0.00272487813781699	NA	NA
E-MEXP-2488_1	0.00398722375327303	0.00583756464550882	NA	NA
E-MEXP-3129_1	-0.00672592414850498	-0.0282518851330383	NA	NA
E-MEXP-3474_1	-0.00109206785375033	0.0116978561659184	NA	NA
E-MTAB-3010_1	0.00759491288574273	0.066347022251155	NA	NA
E-MTAB-3010_2	0.00616285878598856	0.0670544951158904	NA	NA
E-MTAB-3010_3	-0.00457085808785793	-0.00788049695149178	NA	NA
E-MTAB-3010_4	-0.00649023977342205	0.00145091028296857	NA	NA
E-MTAB-4152_1	0.00694174693392874	-0.00358808206110683	NA	NA
E-MTAB-4152_2	-0.00265951989634873	-0.00530337113683511	NA	NA
E-MTAB-4152_3	0.00139322544999536	-0.00756581935314378	NA	NA
GSE100609_1	0.0047001119210493	0.0304440155682016	NA	NA
GSE100786_1	-0.00523242212963117	-0.0125073177744537	NA	NA
GSE100786_2	-0.000440264291697425	0.0108084568695794	NA	NA
GSE103697_1	0	-0.00368870990485805	NA	NA
GSE103697_2	0	0.0017156152309028	NA	NA
GSE103697_3	-0.00117647058823529	0.00121614773450896	NA	NA
GSE104113_1	0.0143448127790022	0.045220616567117	NA	NA
GSE104113_2	0.00136390646274488	-0.00468425684079221	NA	NA
GSE104113_3	0.0143448127790022	0.045220616567117	NA	NA
GSE10575_1	0.0266290387800803	0.0551587969976213	NA	NA
GSE10575_2	0.0234811314401082	0.0653198200134449	NA	NA
GSE10575_3	0.0103837276503439	0.0302598019966154	NA	NA
GSE13604_1	-0.00353319696986054	-0.00111398389550639	NA	NA
GSE13837_1	-0.00866493377630805	-0.0268698666572116	NA	NA
GSE13837_2	-0.0175667497375655	-0.0301992543193978	NA	NA
GSE13837_3	-0.0258647517593128	-0.0434815746250995	NA	NA
GSE13837_4	-0.0151159731533476	-0.0392568368208749	NA	NA
GSE13837_5	-0.0120123005958101	-0.0200814624105753	NA	NA
GSE13837_6	-0.0184326196532868	-0.0422265264344565	NA	NA
GSE13837_7	-0.0262200089877761	-0.0491724361690221	NA	NA
GSE13837_8	-0.0166206874328318	-0.0363778667321341	NA	NA
GSE13837_9	0.0104272938381028	0.02834933042526	NA	NA
GSE13837_10	0.0107239705772843	0.0372484838615346	NA	NA
GSE13837_11	0.0163744572006448	0.0354085261722687	NA	NA
GSE13837_12	0.0167476359909377	0.0330585256715745	NA	NA
GSE13837_13	-0.00219401423086749	-0.0182418221878506	NA	NA
GSE13837_14	-0.00746271336818719	-0.0165980682009066	NA	NA
GSE13837_15	-0.00981702084020365	-0.0277036843176748	NA	NA
GSE13837_16	-0.0174780103303899	-0.0565895698660064	NA	NA
GSE13837_17	-0.00362932836242445	-0.0312417842577689	NA	NA
GSE13837_18	0.00155699463928399	-0.0276270903921619	NA	NA
GSE13837_19	-0.0124289653828751	-0.0398946628737336	NA	NA
GSE13837_20	-0.0173895109356002	-0.0421897223567161	NA	NA
GSE13837_21	0.0117948957420714	0.02463125708235	NA	NA
GSE13837_22	0.0109517770786779	0.0254432016941437	NA	NA
GSE13837_23	0.00845412838398646	0.0288790666016582	NA	NA
GSE13837_24	0.00417199942286121	-0.0102537802714669	NA	NA
GSE16464_1	-0.00899352479588827	-0.0487361265541955	NA	NA
GSE16464_2	-0.00689943771246264	-0.0201690306460456	NA	NA
GSE19060_1	-0.0157243871168693	-0.00773099999719477	NA	NA
GSE27372_1	-0.00845322897792927	-0.0141647185236353	NA	NA
GSE27390_1	-0.00685202082670403	0.0103045252987567	NA	NA
GSE29106_1	0.00101487336510338	0.0133037492213787	NA	NA
GSE29107_1	0.00221263719512874	0.0153857273931407	NA	NA
GSE29107_2	-0.00138720787992247	-0.00176018510474173	NA	NA
GSE29745_1	0.0103854334345809	0.0625133568340807	NA	NA
GSE29745_2	-0.00768295033553539	-0.0385457183267347	NA	NA
GSE29745_3	0.00242989155745979	0.0294600246174889	NA	NA
GSE35546_1	-0.0071732047881097	-0.0147825343490313	NA	NA
GSE35546_2	0.0021545734114849	-0.0125399978218947	NA	NA
GSE35546_3	-0.00697967015794827	-0.0170796436342314	NA	NA
GSE35546_4	-0.00999651060245234	-0.011789871871436	NA	NA
GSE35546_5	-0.00235565179074161	-0.0132473998362574	NA	NA
GSE35546_6	-0.00942832033815121	-0.0181942570628239	NA	NA
GSE35955_1	0.00462776153733657	0.00484396466455723	NA	NA
GSE35956_1	-0.00425347426409188	0.0213737504542268	NA	NA
GSE35957_1	-0.0131493425865477	0.023851300273833	NA	NA
GSE35958_1	-0.00265351301249274	0.0125826144200433	NA	NA
GSE39340_1	0.000291238671078933	0.00672379380890316	NA	NA
GSE39340_2	-0.0116281294192753	-0.0445905436553163	NA	NA
GSE39340_3	0.0114822258662851	0.0558441926898004	NA	NA
GSE39795_1	0.000527575684729317	-0.0047637235350173	NA	NA
GSE39795_2	-0.00138011203643801	-0.00286157435081005	NA	NA
GSE39795_3	-0.00668386458445353	0.000516736090823168	NA	NA
GSE41038_1	0.0115323270665447	0.0127818394104195	NA	NA
GSE41038_2	0.007245279458646	0.0265535270418219	NA	NA
GSE41038_3	0.00367344066255709	0.0140518900810774	NA	NA
GSE41992_1	-0.00491978343555035	-0.0284816023752675	NA	NA
GSE42235_1	0.00856061071478672	0.0506482559675224	NA	NA
GSE42235_2	0.0100763822481106	0.0450073340206171	NA	NA
GSE42235_3	0.00779400709216376	0.0514704574037063	NA	NA
GSE42235_4	0.0128858019684406	0.0464105742085045	NA	NA
GSE45233_1	0.00660332414222432	0.0301822973483729	NA	NA
GSE45233_2	0.0140466398463047	0.0350639330089563	NA	NA
GSE45233_3	0.0129545889826669	0.00764552632185291	NA	NA
GSE45233_4	0.00553653232110962	0.00580744471849801	NA	NA
GSE46053_1	-0.00342206156805893	-0.0126881469930174	NA	NA
GSE46053_2	-0.000497943235773079	-0.018714127524952	NA	NA
GSE46750_1	-0.00333606414501843	0.00318656172479523	NA	NA
GSE51588_1	-0.00895843556373146	-0.0318161484428665	NA	NA
GSE51588_2	0.00171668902540747	-0.000959648640112475	NA	NA
GSE51588_3	-0.00919938033248899	-0.0667915477231928	NA	NA
GSE52817_1	0.00132088159899096	0.0199822035270443	NA	NA
GSE52817_2	0.00471468883860713	-0.0132207888720732	NA	NA
GSE52817_3	-0.00313095401782007	-0.0111002539515535	NA	NA
GSE52817_4	-0.00451734180681165	0.023505560158822	NA	NA
GSE55235_1	0.0105073769971187	0.044376182346194	NA	NA
GSE55235_2	0.0115757335031615	0.0286288775120096	NA	NA
GSE55235_3	-0.00012956651524113	-0.00113169244581705	NA	NA
GSE55457_1	0.00254635792037014	0.0553606185255738	NA	NA
GSE55457_2	-0.00363247382677042	-0.00290438417216422	NA	NA
GSE55584_1	0.00815208021336862	0.0647500633258157	NA	NA
GSE57218_1	-0.00109476695605576	-0.032393423031596	NA	NA
GSE60762_1	0.00458903401555022	0.0129857761468032	NA	NA
GSE62914_1	0.010059944030372	-0.00757910151053955	NA	NA
GSE62914_2	-0.0016171316603426	-0.0257964837882824	NA	NA
GSE62914_3	-0.00582836202689797	-0.0362780345261533	NA	NA
GSE62914_4	0.014824018296443	0.0848469967696588	NA	NA
GSE64394_1	0.00722211002618498	-0.00434215357522439	NA	NA
GSE66635_1	-0.0039736983000937	-0.00267869847817786	NA	NA
GSE68038_1	-0.0170554037438269	-0.0343637576470993	NA	NA
GSE68428_1	0.0106451167106285	-0.00385803018283856	NA	NA
GSE68428_2	0.00252259457751768	-0.00140744552104943	NA	NA
GSE68428_3	-0.00661912506952042	-0.0240181619832318	NA	NA
GSE69459_1	-0.0406386341567401	-0.103277199157492	NA	NA
GSE69459_2	-0.0374012822108355	-0.120382092271477	NA	NA
GSE69459_3	-0.0192081992864934	-0.0420508516186915	NA	NA
GSE69459_4	-0.03296027976838	-0.102038516014944	NA	NA
GSE69992_1	-0.00456782829319545	-0.0341638822065497	NA	NA
GSE70719_1	5.5308978999439e-05	0.02177435744386	NA	NA
GSE7116_1	-0.00188381780308584	0.023721058466095	NA	NA
GSE7116_2	0.00546451165286855	0.0279671299010732	NA	NA
GSE7116_3	0.00946152709927301	-0.000578943618447472	NA	NA
GSE72575_1	0.00720246439893788	-0.00478501852424275	NA	NA
GSE72575_2	-0.0021239923101923	0.00670555255106738	NA	NA
GSE72575_3	0.00133488200289799	-0.00281189625122713	NA	NA
GSE72575_4	0	0.0116989018159441	NA	NA
GSE75181_1	0.00492741334103101	-0.000624289016083573	NA	NA
GSE75181_2	0.00130449306326799	-0.0154645368300942	NA	NA
GSE75181_3	0.00350236586046375	-0.00116225648552905	NA	NA
GSE75230_1	-0.00809346621234358	-0.00649893385175237	NA	NA
GSE7669_1	-0.00699796244395079	-0.00109291830388395	NA	NA
GSE77916_1	0.0020746887966805	-0.00538936819972918	NA	NA
GSE80614_1	-0.00455656337506324	-0.00280750407801064	NA	NA
GSE80614_2	-0.0117746753429959	-0.00355160274328504	NA	NA
GSE80614_3	0.000824398750021581	0.0102923057432663	NA	NA
GSE80614_4	-0.00287963137321701	-0.00164470435217988	NA	NA
GSE80614_5	-0.0027965465229529	0.00254902456464812	NA	NA
GSE80614_6	-0.00181389489907557	0.000472052368321019	NA	NA
GSE80614_7	0.00507599101683818	0.00991118175387781	NA	NA
GSE80614_8	0.0149062983796559	0.0111231488357156	NA	NA
GSE80614_9	0.000362321547299771	0.00438272369425221	NA	NA
GSE80614_10	-0.00165118679050568	-0.00628513655879001	NA	NA
GSE80614_11	0.000866213151927438	0.0200848471405922	NA	NA
GSE80614_12	-0.000110876580370775	0.00457065323569372	NA	NA
GSE80614_13	-0.00252291437864851	-0.0007687014846079	NA	NA
GSE80614_14	-0.000969471955226056	-0.0114878772607544	NA	NA
GSE80614_15	-0.00332794343485267	-0.00211808988188047	NA	NA
GSE80614_16	-0.00800080035639245	-0.000135771790448686	NA	NA
GSE85254_1	0.00210929346523082	-0.00101292645494935	NA	NA
GSE86578_1	-0.00897786501776323	0.00994208412924244	NA	NA
GSE86578_2	-0.00898088960768007	0.00065429215066918	NA	NA
GSE86578_3	0.00068031082185686	-0.0166448698577161	NA	NA
GSE9329_1	-0.00545759244865909	-0.0144319849880717	NA	NA
GSE93698_1	0.00499312220105705	0.0120431931622635	NA	NA
GSE93698_2	0.00723246701346023	0.0137355515100225	NA	NA
GSE93698_3	-0.00177647252427743	-0.0195245026781485	NA	NA
GSE93698_4	0.00329231121534362	-0.0129650819016701	NA	NA
GSE93698_5	-0.0012082772333382	-0.00297629984442388	NA	NA
GSE93698_6	0.00576298565488054	-0.000512210402948031	NA	NA
GSE93698_7	-0.022216636532989	-0.0552565119607192	NA	NA
GSE93698_8	-0.00848713178581978	-0.0672270653957929	NA	NA
GSE93698_9	-0.0144855616360989	-0.0282056772974074	NA	NA
GSE93698_10	-0.0257065170702424	-0.0589912693048469	NA	NA
GSE93698_11	-0.015776304690318	-0.0606388828821287	NA	NA
GSE93698_12	-0.0147146119198116	-0.0260455391442834	NA	NA
GSE93698_13	0.01056579273039	0.0132425953505414	NA	NA
GSE93698_14	0.00242082806345026	0.0347295887424451	NA	NA
GSE93698_15	-0.00516788106663137	0.0141151153235845	NA	NA
GSE93720_1	0.00293745296018427	-0.00112833963743334	NA	NA
GSE93720_2	0.00239935566713965	0.0010561168139644	NA	NA
GSE93720_3	-0.000832204748896025	-0.00563250797894867	NA	NA
GSE93720_4	0.000940189910147203	-0.00790218613296578	NA	NA
E-MTAB-5564_1	-0.000181037081810735	-0.0222516353212753	NA	NA
GSE77753_1	-0.00910744064822635	0.0184606646234004	NA	NA
GSE43861_1	-0.000848958589867232	0.0123434456999933	NA	NA
GSE112809_1	0	0.0061898309553692	NA	NA
GSE111946_1	0.00251116213499874	-0.0241945764848562	NA	NA
GSE111946_2	0.0031848805509062	-0.0145665456326242	NA	NA
E-MTAB-3201_1	-0.0257301671079443	-0.0603294883584443	NA	NA
E-MTAB-6700_1	-0.00442001840345699	-0.00531652541513661	NA	NA
GSE54749_1	0	-0.0153041234274122	NA	NA
GSE57218_B_1	-0.0151987251872318	-0.0420746892155634	NA	NA
GSE57218_B_2	-0.0108645750935227	-0.0420286222156854	NA	NA
GSE57740_1	-0.00620669923450365	-0.0142634104503307	NA	NA
GSE52992_1	-0.00530280297701399	-0.0142268511196277	NA	NA
GSE17160_1	0.00212557696171899	0.00583361302821218	NA	NA
GSE17160_2	0.00300617680641618	0.01823732330247	NA	NA
GSE17160_3	0.00459374863414693	-0.0235507946984543	NA	NA
GSE17160_4	0.00420098493374146	0.0139583476443708	NA	NA
GSE17160_5	0.0148167486794971	0.0109540990780922	NA	NA
GSE17160_6	0.00738616667064367	0.0274139249319066	NA	NA
GSE17160_7	-0.00369181947556808	-0.0433651047860668	NA	NA
GSE17160_8	0.0063574794425801	0.0137973884532513	NA	NA
GSE17160_9	-0.00838074313541312	-0.0313351796162384	NA	NA
GSE17160_10	-0.0104036517739449	-0.0310573060369684	NA	NA
GSE17160_11	-0.0167052912864087	-0.0436372941702531	NA	NA
GSE17160_12	-0.00948408723300206	-0.0310125652161026	NA	NA
GSE22971_1	-0.0152287453367367	-0.00721722114497554	NA	NA
GSE22971_2	0.011037527593819	0.0476071967203139	NA	NA
GSE22971_3	-0.00709931158618539	-0.0419177481960022	NA	NA
GSE22971_4	-0.00384486529083767	-0.025952951534144	NA	NA
GSE13590_1	0.00355354540881184	-0.00512828066308658	NA	NA
GSE13590_2	-0.00116009280742459	-0.0070285879453791	NA	NA
GSE99731_1	-0.00433581141905699	-0.0213314096042495	NA	NA
GSE99731_2	-0.00148864961458665	-0.013878104037701	NA	NA
GSE99731_3	-0.00267113523906024	0.0387648430581587	NA	NA
GSE27492_1	0.00643239054995348	0.0418367931836416	NA	NA
GSE27492_2	0.0190485016397099	0.0580659384966997	NA	NA
GSE27492_3	0.0158835093824578	0.0420779329516767	NA	NA
GSE27492_4	0.019061539621505	0.0294898152016586	NA	NA
GSE27492_5	0.00778055640645906	0.0335356248696584	NA	NA
GSE27492_6	-0.0106821832586282	-0.0249818451926482	NA	NA
GSE27492_7	-0.0127643079817921	-0.0302843593290695	NA	NA
GSE27492_8	-0.0156294924039731	-0.0195595543504227	NA	NA
E-GEOD-15069_1	0.0107421914343371	0.022279801075234	NA	NA
E-GEOD-15069_2	-0.00525540078736158	0.0584298096480186	NA	NA
E-GEOD-15069_3	0.00267969711265381	0.0143726544718898	NA	NA
E-GEOD-15069_4	-0.0207776734888828	-0.0729357830847959	NA	NA
E-GEOD-15118_1	-0.0025151063575601	-0.0272810364137408	NA	NA
E-GEOD-15118_2	0.00117096018735363	0.0153203990551548	NA	NA
E-GEOD-15118_3	-0.00542611349975279	-0.00405735647811172	NA	NA
E-GEOD-15118_4	-0.00253368058219506	-0.0286630529723779	NA	NA
E-GEOD-16007_1	0.0282889250372641	0.0916358914210288	NA	NA
E-GEOD-17473_1	-0.0110086704595268	-0.0484061671972946	NA	NA
E-GEOD-18647_1	-0.049627392576704	-0.158884902636958	NA	NA
E-GEOD-18647_2	-0.0234907274382994	-0.0595493037895797	NA	NA
E-GEOD-18647_3	-0.0620158929174883	-0.160758708690766	NA	NA
E-GEOD-18647_4	-0.0250640726061511	-0.0534884652533826	NA	NA
E-GEOD-18648_1	-0.0614459631455312	-0.120230789624687	NA	NA
E-GEOD-18648_2	-0.0314529037503961	-0.0646703807070401	NA	NA
E-GEOD-2154_1	-0.0126308071520329	0.00465143403938739	NA	NA
E-GEOD-2154_2	-0.000998560268099269	0.032242708729402	NA	NA
E-GEOD-2154_3	0.0116641694806599	0.0138520075941664	NA	NA
E-GEOD-2154_4	-0.00360946822097102	-0.040568879576761	NA	NA
E-GEOD-26475_1	0.0074371773527617	-0.00744949027269299	NA	NA
E-GEOD-26475_2	0.00172512003653174	0.0116920678247812	NA	NA
E-GEOD-26475_3	0.0165657867822594	0.0597906702565003	NA	NA
E-GEOD-33567_1	-0.0101003905023291	-0.038977617861625	NA	NA
E-GEOD-33567_2	0.00584517807715263	0.0446145060492299	NA	NA
E-GEOD-37287_1	-0.000854394386142106	-0.0152999223857421	NA	NA
E-GEOD-37287_2	0.0053918742242914	0.0262695567570587	NA	NA
E-GEOD-37287_3	0.00680604860277931	0.0630133196560315	NA	NA
E-GEOD-51994_1	-0.017202565564624	-0.0805722397966952	NA	NA
E-GEOD-51994_2	-0.0165881965571004	-0.0884505530779805	NA	NA
E-GEOD-51994_3	-0.0153841123443378	-0.0537566823051008	NA	NA
E-GEOD-65077_1	0.00035593909809391	-0.0164892723973293	NA	NA
E-MEXP-1244_1	-0.00835440847094463	0.0091027972744946	NA	NA
E-MTAB-1123_1	0.0241517438621098	0.0917313942781447	NA	NA
E-MTAB-1123_2	0.0216236657982847	0.104183573501762	NA	NA
E-MTAB-1123_3	0.0154072767406076	0.0701047200648058	NA	NA
E-MTAB-1123_4	0.00452488687782805	0.0993840786310156	NA	NA
E-MTAB-1391_1	-0.0167808136730807	-0.0259727748333738	NA	NA
E-MTAB-1391_2	-0.00747997530498756	0.00438716129630329	NA	NA
E-MTAB-1391_3	-0.00239360511533959	0.0185803547222974	NA	NA
E-MTAB-2450_1	-0.0086326896320948	-0.0357348962330718	NA	NA
E-MTAB-2450_2	-0.00844780376987079	-0.0281368386411474	NA	NA
E-MTAB-2450_3	-0.0133192916763382	-0.0222174118402519	NA	NA
E-MTAB-2450_4	-0.0214768747328108	-0.0419652255969555	NA	NA
E-MTAB-5023_1	0.00575785738463322	0.0423777135788042	NA	NA
E-MTAB-5326_1	0.00375007307876435	0.0349031707587657	NA	NA
E-MTAB-5326_2	-0.0014920108885332	0.0315651455550202	NA	NA
E-MTAB-5326_3	0.00583829245277891	0.00142647244841664	NA	NA
GSE102588_1	-0.00349748812956031	-0.049169504907156	NA	NA
GSE104793_1	0.0151968226067801	0.0572719104392793	NA	NA
GSE104794_1	0.00898272822303198	0.0153399860407135	NA	NA
GSE104795_1	0.0156299838638514	0.0438234060183501	NA	NA
GSE105139_1	0.00117096018735363	0.0588709428070364	NA	NA
GSE105139_2	-0.00376593335617403	0.0277247417103308	NA	NA
GSE105139_3	-0.00443557347506233	-0.00390332411649363	NA	NA
GSE10555_1	-0.00432701633977833	-0.023195139630073	NA	NA
GSE10556_1	0.000242560792432914	-0.0372393858734469	NA	NA
GSE106631_1	-0.00155803476796953	0.0192279152469625	NA	NA
GSE13104_1	-0.00759327449160908	-0.0103520023166143	NA	NA
GSE13104_2	-0.00634249530427844	-0.0353440261732534	NA	NA
GSE13104_3	0.00152165359602441	-0.0164362040224094	NA	NA
GSE16749_1	-0.00378932423274812	-0.0115969399270527	NA	NA
GSE16749_2	0.00522233169830557	0.00460892203779255	NA	NA
GSE16749_3	-9.41152993020099e-05	-0.0133953048860708	NA	NA
GSE17348_1	0.0233288501466759	0.0199964444558585	NA	NA
GSE17563_1	0.00184145483115343	-0.0181099491693645	NA	NA
GSE17563_2	-0.00714624577032001	-0.034671522072622	NA	NA
GSE17569_1	0.0162103766362219	0.0429264820480518	NA	NA
GSE17569_2	0.015200331012192	0.0806017880095545	NA	NA
GSE17570_1	0.0217511165088948	0.112815012671755	NA	NA
GSE17570_2	0.0125473464947079	0.0687849776866988	NA	NA
GSE18991_1	0	-0.0511108330467322	NA	NA
GSE18992_1	0	-0.0177091430375571	NA	NA
GSE19299_1	-0.00112397904641646	-0.0308108611166556	NA	NA
GSE20850_1	-0.00204211336869792	0.0120997398675225	NA	NA
GSE21093_1	-0.00120739487205391	-0.0171139445366542	NA	NA
GSE21523_1	0.00456235444276469	0.00539952129983251	NA	NA
GSE21639_1	-0.000315850718975978	-0.0151425341235211	NA	NA
GSE21639_2	-0.000331127294392246	0.00925459449678393	NA	NA
GSE21639_3	-0.00215376326937542	-0.00723452625272242	NA	NA
GSE21639_4	-0.0003993036965607	0.0270060265825936	NA	NA
GSE21710_1	-0.0194415687954404	-0.0818646386984357	NA	NA
GSE21710_2	-0.0200242469571502	-0.0856050943113615	NA	NA
GSE21710_3	-0.0188918436720937	-0.0904330153781887	NA	NA
GSE22925_1	-0.00921434868278294	-0.0212750781348812	NA	NA
GSE22925_2	-0.0199071567746217	-0.0488848235714529	NA	NA
GSE26499_1	0.00153090798469631	-0.00182599237451323	NA	NA
GSE30160_1	-0.00142107193656914	-0.00127499927346869	NA	NA
GSE30628_1	-0.00260777619753125	-0.0659171637278672	NA	NA
GSE30628_2	-0.0015211548592957	-0.0160476629366876	NA	NA
GSE32163_1	0.0252200484773355	0.0801898569607925	NA	NA
GSE33656_1	-0.0180528463868506	-0.0448166085058018	NA	NA
GSE33754_1	-0.00560734152117641	0.00920812168341834	NA	NA
GSE33754_2	-0.00244820859173139	0.00171244828424269	NA	NA
GSE33754_3	-0.0228488425130558	-0.0531876361381495	NA	NA
GSE34570_1	0.0123922183082138	0.0217030470124248	NA	NA
GSE35003_1	0.00191485384441396	0.0526507933095278	NA	NA
GSE35466_1	-0.00637379123294663	0.0115373370257201	NA	NA
GSE35466_2	-0.00236370813188361	-0.00967837848288782	NA	NA
GSE35466_3	-0.000229710405864148	0.0179980087379765	NA	NA
GSE35466_4	0.00512652874948024	0.00204794021492716	NA	NA
GSE35466_5	-0.0060541548718348	-0.00986321669242663	NA	NA
GSE36925_1	-0.000850158458854111	-0.0179159144565438	NA	NA
GSE36925_2	-0.00735515599841014	-0.0249381835456366	NA	NA
GSE36925_3	-0.011853136650016	-0.0396590371411232	NA	NA
GSE37219_1	-0.00317130082897449	-0.00429447453066543	NA	NA
GSE37676_1	0.00962489883236926	-0.0415205586577669	NA	NA
GSE41342_1	-0.0304549243329388	-0.0593118584663225	NA	NA
GSE41342_2	-0.0139598534848303	-0.0253873529735004	NA	NA
GSE41342_3	-0.0056732782129976	-0.0134989051302768	NA	NA
GSE41342_4	-0.00825199898038584	-0.083467358429902	NA	NA
GSE41997_1	-0.00719767344782151	0.00792088067220867	NA	NA
GSE43242_1	-0.0137059195152396	-0.0293476248303449	NA	NA
GSE43242_2	-0.0258578514311965	-0.065229155224217	NA	NA
GSE43663_1	-0.00538586459640804	-0.0042014514307869	NA	NA
GSE43854_1	-0.00694187420621245	-0.0487382076036669	NA	NA
GSE45656_1	-0.000704900819918933	0.0100425590625215	NA	NA
GSE45656_2	-0.0111702671759093	-0.0286831770440665	NA	NA
GSE45656_3	-0.00896131978891936	-0.0178480761408509	NA	NA
GSE45793_1	-0.0139862093419201	-0.05861747066309	NA	NA
GSE45793_2	0.0029883927157926	-0.0216062913039379	NA	NA
GSE45793_3	-0.00749549317741568	-0.0583230035057823	NA	NA
GSE45793_4	-0.00415484373440541	-0.0666873565942606	NA	NA
GSE45793_5	-0.0129607966806842	-0.0999006927240025	NA	NA
GSE46390_1	-0.0082306015458661	-0.0304998708301106	NA	NA
GSE48438_1	-0.006643214790947	-0.0305242492166316	NA	NA
GSE50549_1	-0.00751583302811483	-0.0201690265863998	NA	NA
GSE50549_2	-0.00207429539897482	-0.0168019026137667	NA	NA
GSE51098_1	0.030303636728471	0.0724445642957981	NA	NA
GSE53857_1	0.00103786227115176	0.0375543173609824	NA	NA
GSE53857_2	0.0030467851366209	0.0605038821069397	NA	NA
GSE53857_3	-0.00497044729369549	0.000669032345716823	NA	NA
GSE53982_1	0.00694719661337828	0.0225471430281064	NA	NA
GSE53982_2	0.00352934077692098	0.0366390106812802	NA	NA
GSE54779_1	-0.0053951504811784	-0.0219686572062992	NA	NA
GSE55900_1	-0.00213675213675214	-0.00781851330384393	NA	NA
GSE57104_1	0.000868770836213992	-0.0145405683268672	NA	NA
GSE59387_1	0.0108340933191255	0.0204990172922905	NA	NA
GSE60401_1	0.00424875270682383	0.0411118109699506	NA	NA
GSE60401_2	0.00401725322941401	-0.0553577178016245	NA	NA
GSE60651_1	-0.0176931191696986	-0.0487581175332011	NA	NA
GSE60737_1	0.00545279277598471	0.0219612320274891	NA	NA
GSE60761_1	-0.001417004048583	0.00638386244836081	NA	NA
GSE60761_2	0	0.0110509666628968	NA	NA
GSE60761_3	0.00476416022017172	0.00913227625020773	NA	NA
GSE60761_4	0.0021527351202779	0.00688712132415449	NA	NA
GSE63017_1	0	0.00131538113076601	NA	NA
GSE63017_2	0.00180982796216533	0.0232656021858763	NA	NA
GSE63017_3	0.00164555752300741	0.0320063358248364	NA	NA
GSE63017_4	-0.000352284919403365	0.022849133596437	NA	NA
GSE63939_1	-0.00237728510814781	-0.0250635110812596	NA	NA
GSE63939_2	-0.00282772354250127	-0.00192189694611155	NA	NA
GSE64141_1	-0.0156595926630345	-0.0804744423581061	NA	NA
GSE64965_1	-0.00515876016279083	0.0362042254648611	NA	NA
GSE65745_1	0	-0.0162908716738683	NA	NA
GSE65745_2	0.00115473441108545	-0.0284455667467328	NA	NA
GSE65745_3	0.00329148654783759	-0.0315429247723471	NA	NA
GSE66416_1	-0.00350462401690057	-0.00332483904046576	NA	NA
GSE66862_1	0.0224617394550205	0.0640193167364687	NA	NA
GSE69108_1	-0.00442638965335171	0.0266065465337455	NA	NA
GSE71565_1	0.0017448708963083	-0.000467708952785455	NA	NA
GSE72261_1	-0.00819238411869844	-0.0273685853095244	NA	NA
GSE72261_2	-0.00793207347892178	-0.0641565627944677	NA	NA
GSE72261_3	-0.00956554842223137	-0.0611162063096375	NA	NA
GSE7683_1	-0.00868526711630067	0.0323212915444387	NA	NA
GSE7683_2	-0.00887610059103494	-0.0410445589320085	NA	NA
GSE78980_1	-0.00142012726680186	0.0141020675818347	NA	NA
GSE78980_2	8.68432479374727e-05	-0.0418775191588219	NA	NA
GSE78980_3	0.00406283941283323	0.010679014968081	NA	NA
GSE78980_4	-0.00326080863783231	-0.0330605597274458	NA	NA
GSE78980_5	0.000717698516653625	-0.00484200300993973	NA	NA
GSE78980_6	0.0040563332771125	0.00937297664775603	NA	NA
GSE78980_7	-0.00267908230577992	-0.0269631026130666	NA	NA
GSE78980_8	0.000977239394188873	-0.0149118267999852	NA	NA
GSE78980_9	-0.000926111146714486	-0.0203582744192641	NA	NA
GSE78980_10	-0.0042095536307593	-0.0150117155240117	NA	NA
GSE81399_1	0.00461033819158898	-0.00945941238411768	NA	NA
GSE84609_1	-0.0024159418731987	0.000902511994937897	NA	NA
GSE84907_1	-0.00629023192869615	-0.0220785706461053	NA	NA
GSE84907_2	-0.00411080429013789	-0.00618863177248502	NA	NA
GSE84907_3	-0.000715435003384233	0.0227160772462428	NA	NA
GSE90127_1	-0.00268481452378592	0.00579260666937548	NA	NA
GSE90127_2	-0.00269374725225299	-0.0300854331636436	NA	NA
GSE90127_3	0.000186448703877854	0.0215327044065887	NA	NA
GSE9247_1	-0.0155049121820848	-0.0165222905462434	NA	NA
GSE9247_2	-0.00517825903855802	-0.022858228731913	NA	NA
GSE9247_3	-0.00822172475247362	-0.0261275988423307	NA	NA
GSE99306_1	-0.0017103534018054	-0.0106541449421152	NA	NA
GSE99306_2	0.00939921553624978	0.0345089878066057	NA	NA
GSE99306_3	-0.0210189075288827	-0.0656780987517456	NA	NA
GSE99306_4	0.00630704236015261	0.0399045515542141	NA	NA
GSE99306_5	0.0106931984442171	0.0459968303370683	NA	NA
GSE99306_6	0.014795065913188	0.0509981608201342	NA	NA
GSE99306_7	-0.0201691878772662	-0.0280609780109284	NA	NA
GSE99306_8	0.00466646069331365	0.0102958614227733	NA	NA
GSE99306_9	0.00926569933910173	0.0445243289768309	NA	NA
GSE99306_10	-0.023551251237499	-0.0919316971782594	NA	NA
GSE99306_11	0.00531510280701556	0.0282542651174331	NA	NA
GSE99306_12	0.00866184206589289	0.0304546839215119	NA	NA
GSE99306_13	-0.00608633211865505	-0.00604835088792649	NA	NA
GSE99414_1	0.00302090084571135	0.056181037175136	NA	NA
GSE110581_1	-0.00135619529212207	0.0417090165491478	NA	NA
GSE110581_2	0.000888355565477852	-0.0159268993780469	NA	NA
GSE47799_1	0.000334764933125179	0.0208028981868455	NA	NA
GSE47799_2	-0.0151713656853918	-0.0544278501086773	NA	NA
GSE47799_3	0.00635020222168884	0.0630179889192375	NA	NA
GSE111628_1	0.00307169323266219	0.0303848161669298	NA	NA
GSE111628_2	0.0014173805733908	0.013273206246574	NA	NA
GSE111628_3	0.00426410160306657	0.0266116218780767	NA	NA
GSE5657_1	-0.00908441122839235	0.0292647799632299	NA	NA
GSE5657_2	0.00225999323765345	0.0445856643570646	NA	NA
GSE13782_1	0.0157341072149263	0.0330114438773737	NA	NA
GSE41039_1	0.00361956103195995	0.00718001331974033	NA	NA
GSE84198_1	0.00469843780014385	0.0369209601565763	NA	NA
GSE84198_2	0.00975505506328915	0.0535293609884666	NA	NA
GSE84198_3	-0.000378164631862087	-0.0147793828013371	NA	NA
GSE114469_1	-0.0205206536602933	-0.0733607985272193	NA	NA
GSE108036_1	-0.00060943479027737	0.0338576284879243	NA	NA
GSE60451_1	0.0207347555016199	0.0209658155119659	NA	NA
GSE47902_1	-0.000294158361018826	-0.0453648090630813	NA	NA
GSE44325_1	0.00844673318163631	0.0219889999574413	NA	NA
GSE4481_1	0.000844124199387357	0.014528938315064	NA	NA
GSE4481_2	-0.0140835005837988	-0.0577650103945072	NA	NA
GSE4481_3	-0.00207960559045931	-0.0207737505380714	NA	NA
GSE102292_1	-0.0161279747996823	-0.0560279083064915	NA	NA
GSE102292_2	0.0131382023799856	0.0102975960387681	NA	NA
GSE102292_3	0.0186346820573031	0.0644220662690147	NA	NA
GSE102292_4	0.00203144881552257	0.000509166977910031	NA	NA
GSE41898_1	-0.00754547842557835	-0.0364417106134481	NA	NA
GSE87605_1	0.0246091224217723	0.0476983599418348	NA	NA
GSE87605_2	0.0489262225798324	0.129646430301481	NA	NA
GSE87605_3	0.0473206286997736	0.131107635774684	NA	NA
E-GEOD-54216_1	0.0137497792403565	0.0169791613501035	NA	NA
E-GEOD-54216_2	0.00913258416271727	0.0177960016727614	NA	NA
E-GEOD-54216_3	-0.0104068565741766	0.00682696855973244	NA	NA
E-GEOD-6119_1	0.00882523195846391	0.020003195491332	NA	NA
E-GEOD-6119_2	0.00761209419292404	0.00717667771962025	NA	NA
E-GEOD-6119_3	0.00844582335010718	0.0113796243997729	NA	NA
E-GEOD-8077_1	0.00426988899690277	-0.00540046335848287	NA	NA
E-GEOD-8077_2	5.10718706272465e-05	-0.0173276069965981	NA	NA
E-GEOD-8077_3	-0.00237141182477298	-0.00640323232614903	NA	NA
GSE103416_1	0.0255691150954342	0.0408779616395294	NA	NA
GSE103416_2	-0.00189283203606035	-0.0211768525954167	NA	NA
GSE103416_3	-0.010414040330412	-0.0369613451315904	NA	NA
GSE19950_1	-0.00718865907199786	-0.00303376074350039	NA	NA
GSE30322_1	-0.00947613098532338	-0.0373983705473479	NA	NA
GSE30322_2	-0.0120352625543886	-0.0339839942918731	NA	NA
GSE30322_3	-0.00536957835952324	-0.0332931830665997	NA	NA
GSE42295_1	0.00598085917948187	0.0492655868121981	NA	NA
GSE42295_2	-0.0065082054756742	0.0144079199310729	NA	NA
GSE42295_3	-0.0115254136515469	-0.0298957295046962	NA	NA
GSE66554_1	-0.0162280021539881	-0.0926874906683912	NA	NA
GSE66554_2	-0.0116036696238801	-0.0553062293208759	NA	NA
GSE66554_3	0.00368420978011543	-0.00690506451462859	NA	NA
GSE66554_4	-0.00195151041387193	0.0570367007615065	NA	NA
GSE74898_1	-0.0382293753867324	-0.101016451485623	NA	NA
GSE74898_2	-0.0352510991635248	-0.0861996317878789	NA	NA
GSE74898_3	-0.0382014364358979	-0.117057209190922	NA	NA
GSE79176_1	2.61856879503937e-05	-0.0175785744816281	NA	NA
GSE79176_2	0	-0.021144455492949	NA	NA
GSE79176_3	0	-0.00687716511153532	NA	NA
GSE85785_1	0.00194349713238961	0.0569132108783543	NA	NA
GSE16981_1	-0.000323790536430586	-0.00595177841570874	NA	NA
GSE16981_2	-0.0189235003626364	-0.0343325637567203	NA	NA
GSE16981_3	0.00880667021390014	0.014770637091335	NA	NA
GSE16981_4	0.00880667021390014	0.014770637091335	NA	NA
GSE16981_5	-0.00467548829006597	-0.0574316551346278	NA	NA
GSE16981_6	-0.00287958478469032	-0.0112648924156	NA	NA
GSE16981_7	0.00309642643718723	0.0758724318043683	NA	NA
GSE29859_1	-0.00265642346577439	-0.0106718693718717	NA	NA
GSE29859_2	-0.00303414134662227	-0.0280268027412871	NA	NA
GSE23492_1	0.0086707547592133	0.000467208878355941	NA	NA
GSE23492_2	0.00823405984164879	0.0133095256105589	NA	NA
GSE23492_3	0.00218097110231696	-0.00871308904773515	NA	NA
GSE23492_4	-0.000173989905018047	-0.017095674294586	NA	NA
GSE23492_5	0.00743600582415661	0.00705496675442915	NA	NA
GSE44991_1	-0.00527384911842695	0.00450344316812157	NA	NA
GSE44991_2	0.00488491963777012	0.0652763005922593	NA	NA
GSE39796_1	-0.00921451423220306	-0.0137555847787861	NA	NA
GSE39796_2	-0.0129858148592178	-0.0219677567211225	NA	NA
GSE39796_3	0.00158413312776645	0.00588427120023216	NA	NA
GSE18394_1	-0.000841363824625239	-0.0216085516490759	NA	NA
GSE18394_2	-0.00249029999399718	-0.0218296217887477	NA	NA
GSE18394_3	0.00116184930352758	-0.00756964070131672	NA	NA
GSE29233_1	-0.00776924031890819	-0.022248073155426	NA	NA
E-MEXP-2291_1	-0.00213877942008084	-0.0383011610727182	NA	NA
E-MEXP-2291_2	0.00168731741495381	0.0554500072805509	NA	NA
E-MEXP-2291_3	-0.0107207215266343	-0.0849948435337092	NA	NA
GSE18738_1	-0.000447344505327223	-0.0130000573542454	NA	NA
GSE107363_1	-0.00558595683266967	0.0044849221214382	NA	NA
GSE85761_1	0.000314793398643752	0.0401631945535219	NA	NA
GSE89179_1	0.0026675291495718	0.0370203353773129	NA	NA
GSE89179_2	-0.000628514584544477	-0.0122985119237827	NA	NA
GSE89179_3	0.00309893202275608	0.00987515739977008	NA	NA
GSE89179_4	0.000427421991096218	-0.00548665869196726	NA	NA
GSE89179_5	0.000780874716931822	0.00350778841931339	NA	NA
GSE89179_6	0.00471540651887122	-0.00130667091815457	NA	NA
GSE89179_7	-0.00531558946438494	-0.00187210826309414	NA	NA
E-GEOD-57723_1	-0.00331964802435046	-0.0322546100037239	NA	NA
E-GEOD-57723_2	-0.00191775506728631	-0.0297634883315466	NA	NA
E-GEOD-57723_3	-0.00422396473816921	-0.0268743327256537	NA	NA
E-GEOD-83930_1	-0.0030849398895018	0.00975110184717445	NA	NA
GSE100268_1	0.0046060494090489	0.0112117419549451	NA	NA
E-GEOD-55769_1	0.011029696403197	0.00120314187329212	NA	NA
E-GEOD-55769_2	-0.000275541823635165	0.0063288811143746	NA	NA
E-GEOD-55769_3	0.00510309646969083	-0.00946685490614962	NA	NA
E-GEOD-69110_1	-0.0117029508030104	-0.0189618368202507	NA	NA
E-MTAB-4304_1	-0.0146216570619382	-0.0448551759019565	NA	NA
E-MTAB-4879_1	-0.000903865230163108	0.0107481679634303	NA	NA
E-MTAB-4879_2	0.00146422225070018	-0.00804731046984292	NA	NA
E-MTAB-4879_3	-0.0033279908003304	-0.0377550937593792	NA	NA
E-MTAB-4879_4	-0.00769175178234496	-0.00571918795749402	NA	NA
Cytokine_Explant_1	-0.00827691796061993	-0.0368885533106634	NA	NA
Cytokine_Explant_2	0.00897245480906566	0.0296191173460318	NA	NA
Cytokine_Explant_3	0.00427278350817634	0.00899162575212059	NA	NA
Cytokine_Explant_4	0.0107967290849324	0.0343325238629425	NA	NA
Cytokine_Explant_5	0.00758476942453296	0.0272083847613259	NA	NA
FN1_Explant_1	-0.00690697044348091	0.00188218917955816	NA	NA
E-MTAB-6266_1	-0.0192361946558412	-0.0534413238214624	NA	NA
E-MTAB-6266_B_1	-0.018216550198171	-0.0629418949889241	NA	NA
E-MTAB-6266_B_2	-0.0154956152891857	-0.0355487590161431	NA	NA
E-MTAB-6266_B_3	0.00815948058033908	0.0334020995202753	NA	NA
GSE74220_1	-0.00380470862549012	-0.0140277557518854	NA	NA
GSE114007_1	0.00534914552146546	0.0223181113592982	NA	NA
GSE109503_1	-0.00658079399347262	-0.0294195942930937	NA	NA
GSE109503_2	-0.00518344950145773	-0.0268184985565185	NA	NA
GSE109503_3	-0.00345930347018347	-0.0136231361165418	NA	NA
GSE109503_4	-0.00320711222695513	0.00374616018114294	NA	NA
GSE109503_5	0.00943001585332945	-0.000458405291201464	NA	NA
GSE109503_6	-0.00884159632102421	-0.0775518059066023	NA	NA
GSE109108_1	0.00536200160697179	0.0175911829782154	NA	NA
GSE109108_2	0.00707169193782454	0.0203908775879969	NA	NA
GSE109108_3	-0.000308137882810413	-0.002181062677418	NA	NA
GSE109108_4	-0.00212667550242938	-0.0300553676523662	NA	NA
GSE70667_1	0.00114942528735632	0.00588597109492543	NA	NA
GSE87608_1	-0.00816597209454352	0.0399345713796507	NA	NA
GSE87608_2	0.0193552859663612	0.0553107697158339	NA	NA
GSE87608_3	-0.00615652368354751	-0.00990372722296595	NA	NA
GSE87608_4	-0.0187523961405767	-0.0433424821679419	NA	NA
GSE90890_1	0.014115405734048	-0.000909936938311997	NA	NA
GSE97118_1	0.0140312268618834	0.0635569729612897	NA	NA
GSE97118_2	0.0227557790338547	0.0460509284721616	NA	NA
GSE97118_3	0.0276634944476876	0.0859409326773354	NA	NA
GSE97118_4	0.0143471830148005	0.0180377863989532	NA	NA
GSE97118_5	0.0177587664643972	0.0891520665257909	NA	NA
GSE97118_6	0.0139485397280236	0.051510146022895	NA	NA
GSE97118_7	0.00412639770156678	0.0620738537324857	NA	NA
GSE107592_1	-0.00198093241226745	-0.00326550530547855	NA	NA
GSE92641_1	-0.0105317545899369	-0.0135104170266729	NA	NA
GSE107849_1	0.00622392188099828	0.0211845216168844	NA	NA
E-ERAD-89_1	2.32740001489544e-06	-0.0136125113769784	NA	NA
E-ERAD-89_2	0	0.0074393416805775	NA	NA
E-ERAD-89_3	0.00073682252132508	0.00746043850942199	NA	NA
E-ERAD-89_4	0	0.0337376456089335	NA	NA
E-GEOD-45893_1	0	-0.0229680337153876	NA	NA
E-GEOD-53105_1	-0.000457566852597429	-0.0120295042190022	NA	NA
E-GEOD-53105_2	0.00423699166574991	-0.0034303247155641	NA	NA
E-GEOD-54461_1	0.00266566962674556	0.0118915336015491	NA	NA
E-GEOD-54461_2	0.000623876081627025	0.0141718694928712	NA	NA
E-GEOD-54461_3	0.00703862871658741	0.0360086853988408	NA	NA
E-GEOD-54461_4	0.00426715118255909	0.0304990506644073	NA	NA
E-GEOD-54461_5	0.00513629297660475	0.014821763198147	NA	NA
E-GEOD-54461_6	0.00385194669860112	0.00909266242110982	NA	NA
E-GEOD-54461_7	0.00188953409417629	0.0111119308921674	NA	NA
E-GEOD-54461_8	0.00248356637369332	0.0111785259582861	NA	NA
E-GEOD-73372_1	-0.0154067620593849	0.00144478546978077	NA	NA
E-GEOD-73372_2	-0.0119564698337263	-0.0304621725357047	NA	NA
E-GEOD-73372_3	0.00028379291047375	-0.0311263253958513	NA	NA
E-GEOD-75549_1	0.00167465059907303	0.0280356372623371	NA	NA
E-GEOD-76988_1	0.00318233481057315	-0.0218754575942671	NA	NA
E-MTAB-2923_1	-0.00873126404717133	-0.0762490818541431	NA	NA
E-MTAB-2923_2	0.00757541475016043	0.0579151819288665	NA	NA
E-MTAB-2923_3	-0.0029664165126376	-0.00672267605798491	NA	NA
E-MTAB-2923_4	0.0253203641405048	0.131635496970843	NA	NA
E-MTAB-3428_1	0.0192941331620975	0.113273023319121	NA	NA
E-MTAB-3428_2	-0.00169780068150707	-0.00723254198900652	NA	NA
E-MTAB-3428_3	0.0115606810589493	0.0401087583326467	NA	NA
E-MTAB-3428_4	0.0191065901521549	0.121769318836698	NA	NA
GSE102856_1	-0.0342563623498924	-0.0543395216592153	NA	NA
GSE103492_1	0.0122478261661739	0.010628339781149	NA	NA
GSE103492_2	0.000957763100600712	-0.0116906793624088	NA	NA
GSE103492_3	-0.00404419696382616	-0.001549409755976	NA	NA
GSE103492_4	0.0105063090863628	0.00814908973990501	NA	NA
GSE103492_5	0.00254305994747385	-0.0233787346768381	NA	NA
GSE103492_6	0.00343563757550327	0.0029697864775189	NA	NA
GSE103492_7	0.00334297876566418	0.0296930426517384	NA	NA
GSE103492_8	0.00424446138904979	0.0438565237985901	NA	NA
GSE103492_9	-0.00267701403719578	0.0446609830914316	NA	NA
GSE103492_10	-0.00213565740309246	0.000287474514312104	NA	NA
GSE106259_1	0.0030411098649723	-0.00913535665572229	NA	NA
GSE110303_1	0.0091113889805667	-0.0323981874382136	NA	NA
GSE110303_2	0.00135047820661346	0.0570694894874411	NA	NA
GSE110303_3	0.0242793165738371	0.0652713464146398	NA	NA
GSE110300_1	-0.00555337508926284	0.029399336818018	NA	NA
GSE110300_2	0.00370812188728734	0.0874769479760453	NA	NA
GSE110300_3	0.00937812057271816	0.105889123203939	NA	NA
GSE110281_1	-0.16841783447344	-0.382014244974486	NA	NA
GSE110281_2	0.188252457045818	0.48756115945725	NA	NA
GSE104459_1	0.0102176543424691	0.0482048576926469	NA	NA
GSE104459_2	0.0266024909741747	0.0804386240975938	NA	NA
GSE104459_3	-0.0010062987975282	-0.0037240498862249	NA	NA
GSE110051_1	0.0153521753777544	0.0826165377684902	NA	NA
GSE110051_2	0.0135553368641698	0.0578905907494018	NA	NA
GSE110051_3	0.0167475388393817	0.102940477260567	NA	NA
GSE112694_1	0.00522946220383626	-0.00241611657978875	NA	NA
GSE112694_2	0.000440798160745144	-0.0339058970739287	NA	NA
GSE112694_3	0.0113056287814836	0.0407973379590116	NA	NA
GSE112694_4	0.000574203146214401	-0.0183185496423079	NA	NA
GSE97232_1	-0.00333333333333333	-0.0431651355232907	NA	NA
GSE114079_1	0.00266769543947204	-0.0102156369576308	NA	NA
GSE114079_2	-0.00392156862745098	0.0703954922338052	NA	NA
GSE114079_3	0.00491185942226114	0.0382063028480233	NA	NA
GSE114079_4	0.00854336471051035	-0.0120616441037535	NA	NA
GSE104828_1	0.00555313295900267	0.0491021301754437	NA	NA
GSE114521_1	0.0124184593718306	0.0825561351837265	NA	NA
GSE114521_2	0.0425306104436892	0.137326130974038	NA	NA
GSE112413_1	0.0199362068945041	0.0888354013530331	NA	NA
GSE112413_2	-0.0272023217653522	-0.0883384953131307	NA	NA
GSE101909_1	0.00310353111481931	-0.0147325865351463	NA	NA
GSE101909_2	0.00481333793650231	0.0377351172475616	NA	NA
GSE114919_1	-0.0126410522921235	-0.0881982532748515	NA	NA
GSE114919_2	-0.00519169898369501	-0.0286196002709886	NA	NA
GSE114919_3	-0.00604865905798305	-0.0613446917654106	NA	NA
GSE114919_4	-0.00503019519344849	-0.0440634021675447	NA	NA
GSE114919_5	0.00493764464454889	0.014233652660934	NA	NA
E-MTAB-5879_1	0.0124879236528075	0.0280533142853191	NA	NA
E-MTAB-5879_2	-0.00498722902096494	-0.0374168037913613	NA	NA
E-MTAB-5879_3	0.000549229243754987	-0.0110095281501329	NA	NA
E-MTAB-5879_4	-0.00142742723350315	-0.0189609662293379	NA	NA
E-MTAB-5879_5	0.00562799025353533	0.0451859532786265	NA	NA
E-MTAB-5879_6	0.00310642449968168	-0.00622315469858357	NA	NA
E-MTAB-5879_7	0.0106618587195569	0.0490779427481741	NA	NA
E-MTAB-5879_8	0.00861774969938285	0.0303199239157179	NA	NA
E-MTAB-5879_9	0.0051039700673934	0.0388870609050518	NA	NA
E-MTAB-5879_10	-0.00867599329741059	-0.0628092585090582	NA	NA
E-MTAB-4294_1	-0.00216784530582223	-0.023208171964554	NA	NA
E-MTAB-4294_2	-0.00304711448483034	-0.0361737592380777	NA	NA
E-MTAB-4294_3	0.00403712461809473	-0.0269450246974868	NA	NA
E-MTAB-3186_1	0.00670646566505508	-0.013883086726151	NA	NA
E-MTAB-3186_2	0.00152914141106217	0.00446195485567848	NA	NA
E-MTAB-3186_3	0.00525284296703881	-0.00665597648703471	NA	NA
E-MTAB-3186_4	0.00700667129110761	0.0146626871781744	NA	NA
GSE114919_Rat_1	-0.00374816377918788	-0.0138513455582732	NA	NA
GSE114919_Rat_2	-0.000521851533527859	-0.0470168014777932	NA	NA
GSE114919_Rat_3	-0.0105389563872104	-0.0509745200375737	NA	NA
GSE114919_Rat_4	-0.0041437480114686	-0.0319170092492557	NA	NA
GSE114919_Rat_5	0.000896170891308848	-0.0437962401943042	NA	NA
