comparisonID	jaccard	cosine	sigjaccard	chrDir
22659600_1	-0.0013777062668169	-0.0310780246399693	-0.00764485574883122	-0.0139511464468974
24361742_1	0.0196071797612462	0.0560801460251939	0.0120725098595328	0.0340669433628591
GSE72258_1	-0.00153846153846154	0.0227559981909703	0	-0.00806831936158702
GSE72258_2	0	-0.0029051022816195	0	-0.00437992741834564
GSE69531_1	0.0276750585812234	0.0963625696086324	NA	NA
GSE69531_2	0.0294669472507805	0.120898964629975	NA	NA
GSE69531_3	0.0143049457129141	0.0422581671965089	NA	NA
GSE69531_4	0.0276750585812234	0.0963625696086324	NA	NA
GSE58203_1	0.0424678029712822	0.217546833942669	0.0223159071101826	0.0309770349454388
GSE58203_2	0.123133990557162	0.36112527705706	0.111087832193246	0.0367434376914599
GSE58203_3	0.149955023960248	0.474580738067842	0.117884080298074	0.130574102775815
GSE58203_4	0.0880839471010758	0.322744307018503	0.0611535077943579	0.0797853876409399
GSE58203_5	0.0113102072040983	0.159527714698605	0.0182430566293985	0.0398318174789727
GSE58203_6	0.118960092703238	0.351832213856728	0.103707103212882	0.109027781666684
GSE58203_7	0.130837694399776	0.41968044102747	0.0974848549963733	0.102552126494443
GSE58203_8	0.0532371386811252	0.177964268716961	0.033629758728703	0.0317121168587553
GSE59642_1	0.00367745519298156	0.000314562104789976	NA	NA
GSE59642_2	0.000890105164771601	-0.0161485113307258	NA	NA
GSE59642_3	-0.00109216321807797	-0.0188825933978339	NA	NA
GSE64922_1	0.0391763979959125	0.168259429757564	0.0265003578548656	0.0163523529512539
GSE60162_1	0.00500563080098042	0.00343073795558643	NA	NA
GSE31685_1	-0.00406530865919603	-0.0133658487293695	-0.00574789007380041	-0.00616504379314524
E-MEXP-3890_1	0.0336823607658645	0.162659662574558	0.0276231680529548	0.0425877436525075
GSE31980_1	0.0381694388274697	0.191290012589715	0.0361341456039499	0.0652615306590202
GSE15615_1	0.0429318551984894	0.261753047031512	0.0358123491846804	0
GSE15083_1	-0.00187727268027372	-0.0193963132930845	NA	-0.00408404660373164
GSE108035_1	-0.00848235741810448	-0.0200149611777005	-0.00772251294933221	-0.000199603673201393
GSE108035_2	-0.0117077685341159	-0.0736687415524085	-0.0107927852854149	-0.0281928542482771
GSE108035_3	-0.0163951000018183	-0.0870530632090649	-0.0145526956270101	-0.0346248875485135
GSE21959_1	0.0176315571952215	0.0364646665618828	0.015429150133045	0.00321024508799974
GSE21959_2	0.0226523336965102	0.0624455408810296	0.0199500041373828	0.0163364726031574
GSE24742_1	0.00295090254420028	0.0450867568831568	NA	0.0168540520508532
GSE24742_2	0.00293912124408855	-0.00701317064643245	NA	0.00603682227719071
GSE24742_3	-0.00304776062551429	-0.0353231240093994	NA	7.99562928049408e-05
GSE74668_1	0.025384365301222	0.132484135907777	NA	NA
E-GEOD-10024_1	0.0308256114574292	0.121883479138136	NA	NA
E-GEOD-10024_2	0.0435024689081484	0.171831197833961	NA	NA
E-GEOD-12860_1	0.0257432282294444	0.112653788583266	NA	NA
E-GEOD-12860_2	-0.0233729032545901	-0.0891362875975931	NA	NA
E-GEOD-12860_3	-0.0194877335353761	-0.0404199364557586	NA	NA
E-GEOD-12860_4	-0.0148264741141119	-0.0121584308471889	NA	NA
E-GEOD-12860_5	-0.00263050628960478	0.0159724802089576	NA	NA
E-GEOD-12860_6	-0.0259995758626616	-0.0932131712192218	NA	NA
E-GEOD-12860_7	-0.0151205474099123	-0.00988223204107018	NA	NA
E-GEOD-12860_8	-0.0027474613765357	0.0349301308301517	NA	NA
E-GEOD-14359_1	0.015142440991309	0.0198905942060177	0.00965424754531252	0.0106944988474326
E-GEOD-14359_2	0.00195010352385592	0.0395473533073557	0.00476867039323616	-0.00418431791322904
E-GEOD-1919_1	0.0112512006957876	0.0509280799156519	NA	NA
E-GEOD-1919_2	-0.000580315105739734	0.0278051270636676	NA	NA
E-GEOD-1919_3	-0.00351762366537713	0.00234136298881029	NA	NA
E-GEOD-1919_4	0.0227264394142021	0.0683601546159647	NA	NA
E-GEOD-1919_5	0.00603375602233528	0.0494520025036028	NA	NA
E-GEOD-1919_6	0.017993258582572	0.0431890789385117	NA	NA
E-GEOD-1919_7	0.00636606181893881	0.00581065954918611	NA	NA
E-GEOD-1919_8	0.00225550075837777	0.00565345024350642	NA	NA
E-GEOD-1919_9	-0.00191383457372312	-0.0015925489492756	NA	NA
E-GEOD-19664_1	0.0294749649678515	0.127657335277594	NA	NA
E-GEOD-19664_2	-0.00530667711285922	-0.00321886269688668	NA	NA
E-GEOD-19664_3	-0.0123931791117891	-0.0281596594156177	NA	NA
E-GEOD-19664_4	0.0470711566461992	0.183423203696858	NA	NA
E-GEOD-19664_5	-0.0168319708927253	0.00494623693075337	NA	NA
E-GEOD-19664_6	-0.0202084854719283	-0.0586012833419107	NA	NA
E-GEOD-43923_1	0.00696869114888339	0.0382172686376003	-0.00766061372223915	0.00263719189517509
E-GEOD-51812_1	-0.0132370899760517	-0.106901591604169	-0.0147711439423857	-0.0246221532569306
E-GEOD-51812_2	-0.0128318676494717	-0.10640645920676	-0.0141376949146955	-0.0250020780837578
E-GEOD-68760_1	0.05919188721114	0.260591674675316	0.0475169220390047	0.0405598427394994
E-GEOD-82107_1	0.0010876902049798	-0.0227514642538523	-0.00878720214858999	-0.0179831963452388
E-GEOD-9451_1	0.0184980734560722	0.0928187416733767	0.0167982760745875	0.0167372360535072
E-GEOD-9451_2	0.000391246103559392	0.0538368938203095	0.00240726361013771	0.00329696491016951
E-GEOD-9451_3	-0.0345523896856242	-0.113458677181454	-0.0391070676119346	-0.0378074475999647
E-GEOD-9451_4	-0.0250594912232612	-0.0753654554367319	-0.0225721052377544	-0.0104127648890535
E-MEXP-2019_1	0.00467300823738151	0.0298495615566657	0	0.00524830376646018
E-MEXP-2019_2	0.00151233805903564	-0.0217020858961658	0.00760853337296539	-0.0101362074023156
E-MEXP-2019_3	-0.000550287885046376	-0.000107070476752827	NA	0.00951472497875819
E-MEXP-2019_4	-0.00388078290628905	-0.0128274325450399	-0.00190489362772217	0.00402774409141133
E-MEXP-2276_1	-0.00588881848635484	0.0473724657324358	NA	-0.00515636055070303
E-MEXP-2488_1	-0.00290564646785329	-0.0137752765931785	-0.000565259690200381	-0.00380485795329412
E-MEXP-3129_1	0.00875583431161131	0.0746761653608294	0.0123004485106231	0.0140870314881497
E-MEXP-3474_1	-0.00726480843062491	-0.0479907496966951	NA	-0.000156165989954464
E-MTAB-3010_1	-0.00327527702596659	-0.0129433775581217	NA	NA
E-MTAB-3010_2	-0.00248519519834769	-0.00772039354770377	NA	NA
E-MTAB-3010_3	-0.00158986537959966	0.0299856566132548	NA	NA
E-MTAB-3010_4	0.0149421373698924	0.0403541848090515	NA	NA
E-MTAB-4152_1	-0.00676366477652757	-0.0458636718627105	-0.00188509139270352	-0.00444037056011254
E-MTAB-4152_2	0.0399269123114971	0.15804654057376	0.0415737723067369	0.0481193301094617
E-MTAB-4152_3	0.0263904771219384	0.0666629524941436	0.0261900904161242	0.0328354486268416
GSE100609_1	-0.00840526903328305	-0.0228239404394237	NA	0.0116188782762491
GSE100786_1	0.000404231358792282	0.0603871755866427	0	0.0162679392476774
GSE100786_2	-0.00222987045695644	0.0156588231863958	NA	-0.0043614749638659
GSE103697_1	0	0.00768389674145142	NA	NA
GSE103697_2	0	0.00302578745726346	NA	NA
GSE103697_3	0.00104166666666667	0.0120301042467756	NA	NA
GSE104113_1	0.00792220177679124	0.051765230565942	NA	NA
GSE104113_2	0.0365426946096041	0.122010873150939	NA	NA
GSE104113_3	0.00792220177679124	0.051765230565942	NA	NA
GSE10575_1	-0.00401408878294587	-0.0323484010853506	0.0023696682464455	0.00600421741096616
GSE10575_2	-0.00860948985572486	-0.00445615600876171	0.00207541106419826	-0.00377394376991915
GSE10575_3	-0.00799295998789519	-0.0460661238446259	-0.00840365745327327	-0.00743757924710665
GSE13604_1	0.0431198191013527	0.105663471582309	0.046949660136489	0.0467258325047004
GSE13837_1	0.0220096548798815	0.065309647285502	0.00459423837318772	0.0727780450002672
GSE13837_2	0.167560460354681	0.390415719385328	0.108071826236964	0.228711412533548
GSE13837_3	0.418948863159454	0.705609648736359	0.386828181960028	0.428939946427028
GSE13837_4	0.189570223756499	0.499698497842619	0.139368645760653	0.177739327012617
GSE13837_5	0.0461881276134856	0.29081058991379	0.0106715066936942	0.105548768485027
GSE13837_6	0.249253762667521	0.6582000408888	0.195867932478169	0.299721819020517
GSE13837_8	0.235160451757417	0.6573819298828	0.1731473323129	0.255149835109688
GSE13837_9	-0.0145183203819192	-0.058391866340647	-0.0262000598133159	-0.0172095616464753
GSE13837_10	-0.0424285767181469	-0.116813095813167	-0.0447258735855133	-0.0381408197804511
GSE13837_11	-0.0476140900354481	-0.176358925445687	-0.0517249452201639	-0.0469433770802167
GSE13837_12	-0.077243431898177	-0.190337492272179	-0.0666739610623106	-0.0664136593226232
GSE13837_13	0.0192279559431244	0.0807590697035216	0.0179137582379407	0.0215564541447878
GSE13837_14	0.10676644294622	0.321554066595089	0.0809794270897799	0.0884609612574957
GSE13837_15	0.184686550495281	0.46328814088057	0.155055465058087	0.179417382962167
GSE13837_16	0.174321308264901	0.505141412599783	0.137241736543268	0.175384680154945
GSE13837_17	0.0287957689161788	0.162975337174424	0.013798982391646	0.020113605265247
GSE13837_18	0.129590521852316	0.381975859950593	0.0898580195011521	0.148411998342344
GSE13837_19	0.241358069017948	0.504046365876059	0.206218093193696	0.218063166572823
GSE13837_20	0.215357060016912	0.525532918347435	0.16227880483228	0.197852827153683
GSE13837_21	-0.0118441776517995	-0.0297302208294757	-0.00966739891293522	-0.00469627052113088
GSE13837_22	-0.0153218102191894	-0.00636697213661827	-0.0163392815582142	-0.0183431073401378
GSE13837_23	-0.0116874466501807	0.00409345123044451	-0.0144739345540706	-0.0209289499595565
GSE13837_24	0.0458867316023008	0.129672180636401	0.0304177764827314	0.00540716571798191
GSE16464_1	0.0215636748075537	0.0481227510940759	NA	NA
GSE16464_2	0.0212096126952863	0.0954181139270331	NA	NA
GSE19060_1	0.00745412147612159	0.0684806763765349	0	0.00983141810946836
GSE27372_1	0.00595891704954897	0.0150414289075048	0.0235805060363418	0.0166246090580759
GSE27390_1	-0.00442709117732912	-0.0130591389823436	-0.00473061993786219	-0.00246628771990724
GSE29106_1	0.000239400574941494	-0.0313946004266224	NA	NA
GSE29107_1	-0.00413888177139708	-0.0751294773992733	NA	NA
GSE29107_2	0.0108659901904639	0.0794651752186558	NA	NA
GSE29745_1	-0.0124305265120091	-0.0736815048677855	NA	NA
GSE29745_2	0.0299440165301381	0.119056658380872	NA	NA
GSE29745_3	-0.00676000037363688	-0.0244841269825513	NA	NA
GSE35546_1	0.0305679995078464	0.120805444167639	NA	NA
GSE35546_2	0.0375772572538218	0.121912509749588	NA	NA
GSE35546_3	0.0438631222421663	0.14492009866453	NA	NA
GSE35546_4	0.0321803095388412	0.121081423765961	NA	NA
GSE35546_5	0.0411918150412653	0.130980689156155	NA	NA
GSE35546_6	0.0453290253108704	0.135342114140935	NA	NA
GSE35955_1	0.00140680594293182	0.0242201002905519	0.00944343992541437	0.0154403244648625
GSE35956_1	0.00658933517522015	0.0532907887464437	-0.000513106832271727	0.0153706126455662
GSE35957_1	-0.00888352567384484	0.0247425731708405	-0.00557754522663657	-0.00212681981470977
GSE35958_1	-0.00205568909072685	0.0159651012378384	-0.00716207811683752	0.0036626040025675
GSE39340_1	-0.0231873939819967	-0.075516621854268	-0.00219298245614035	-0.0440189020582166
GSE39340_2	-0.0097328392967611	-0.027244362259401	-1.55183116076971e-05	-0.0303553264841148
GSE39340_3	-0.0163974377236893	-0.0460475337370562	0	-0.0220548219287715
GSE39795_1	0.00743366577359588	0.0021080835405328	NA	0.0017844972612079
GSE39795_2	0.00952855448642031	0.00668185926449106	0.000897993933767972	0.00670117349357324
GSE39795_3	0.00461429850048335	0.0069746823387526	-0.00181818181818182	0.0039404591646506
GSE41038_1	-0.00428791651462543	-0.0367243244236018	NA	-0.00882529282579768
GSE41038_2	-0.000539013152968274	-0.0281590985764398	NA	0.00515158921535632
GSE41038_3	0.0050001129468942	0.0125563271457823	NA	0.00935062929234783
GSE41992_1	-0.00348046744711559	-0.0401659471436392	NA	NA
GSE42235_1	-0.0168688660427469	-0.0376496735922453	-0.00684613061589264	-0.0170645968407117
GSE42235_2	-0.0013181559797144	-0.0179643935109097	-0.00812742552222491	0.00434720299953158
GSE42235_3	-0.00319665513181685	-0.00596838303179878	-0.000829297802936514	-0.000654938692797464
GSE42235_4	0.000125988509071168	-0.0160800051678387	-0.00325599131799595	-0.00325137815274227
GSE45233_1	-0.00501719199219101	0.0121821003324003	NA	-0.000467537204051206
GSE45233_2	-0.000593212290903892	0.0157115873963681	NA	-0.00459660324033478
GSE45233_3	-0.00417188094823414	-0.00379084331360312	NA	-0.0148540382808643
GSE45233_4	0.00539478017060173	-0.00374034843676396	0.00158351933401701	-0.00394336916697145
GSE46053_1	0.0306415279693434	0.133578386405939	0.0208001316794287	0.0160029138209745
GSE46053_2	0.034278266805953	0.149683222914313	0.0323686831189537	0.0363698223575751
GSE46750_1	0.0144529978926391	0.0553042978058879	0.0130752834316498	0.00293476416246616
GSE51588_1	0.0071543449705938	0.00237538408374399	0.00650959810473452	0.010784900911312
GSE51588_2	-0.00319196942636391	-0.0332622194251672	-0.00971467467459046	-0.00568953690291897
GSE51588_3	0.014385684817594	0.0500944751378419	0.0127503415569972	0.0109700452272137
GSE52817_1	0.0129078842110342	0.0483336516686468	NA	NA
GSE52817_2	0.0140241954206113	0.0390887973654385	NA	NA
GSE52817_3	0.0164469393947046	0.0734245262469661	NA	NA
GSE52817_4	-0.00314067802981293	-0.0027178622016566	NA	NA
GSE55235_1	0.00561706811706812	0.0326355521846071	-0.00452916378752155	-0.00324702333453295
GSE55235_2	0.00240259997199218	0.0125745797205813	-0.00381583038413753	0.00578653974416728
GSE55235_3	0.00705571014463462	-0.0105751032041778	0.00433405384131319	0.0212325098491578
GSE55457_1	0.00647054303659589	0.0467787879157734	-0.0031745685884137	-0.0243060768235655
GSE55457_2	0.0217728783969825	0.028146181703619	0.0103609808630823	0.00134388981166557
GSE55584_1	0.00315509796101451	0.0056123166290675	0.00255308304663788	-0.00513461744473369
GSE57218_1	0.0133005951864513	0.112050413706397	0.0273364934981744	0.0143288176092988
GSE60762_1	-0.00191121900253208	0.0285648836893826	NA	-0.0125010288808372
GSE62914_1	-0.00400147649322757	-0.00218014030049901	NA	0.00721501529830732
GSE62914_2	-0.00436038465646244	0.00968972689047682	NA	-0.00279526567911509
GSE62914_3	-0.00104230425080515	0.00144229665103998	0	-0.0168988019675363
GSE62914_4	-0.00571174717657925	-0.0328161152226673	0	0.00934369599519168
GSE64394_1	0.0120221575028828	0.0349283095298254	NA	0.0108905683661033
GSE66635_1	-0.0015787112994417	-0.0198421468292378	NA	0.00523059729822537
GSE68038_1	-0.00230790749886576	-0.00807285660442992	0.00569787309405551	-0.00307355200650529
GSE68428_1	0.0445862072521535	0.164434484952911	0.0445119338498325	0.0383792042762614
GSE68428_2	0.0362119577031022	0.161107833949072	0.0306609572217814	0.0294870389342326
GSE68428_3	0.036593063683173	0.142076556657776	0.0374610164723526	0.0301435373231446
GSE69459_1	0.0313866163409071	0.0614895298926499	NA	NA
GSE69459_2	0.0291914543335142	0.0816534591770481	NA	NA
GSE69459_3	0.00112210431215623	0.014844761845803	NA	NA
GSE69459_4	0.0233739929799767	0.0550616917139404	NA	NA
GSE69992_1	-0.00673963101245395	-0.00267098782368599	-0.00159526306370748	-0.00257271647616938
GSE70719_1	-0.0050436600536264	-0.00110254611651829	-0.00942721128210946	-0.00491602175548858
GSE7116_1	0.00474751779396872	0.0353153584072804	-0.00281054024863394	0.0013529214662977
GSE7116_2	-0.000326007097341139	0.0603908908424676	-0.0185185185185185	0.00167972344759288
GSE7116_3	0.00800793432857081	0.0145767586441119	0.00551335350778927	-0.0058708252951426
GSE72575_1	-0.00312206538887177	0.0233071948685109	-0.00497492566773314	-0.00877032222531314
GSE72575_2	-0.000176106992461424	-0.0208812620067439	-0.000199738116869474	0.0136603237576791
GSE72575_3	-0.00210479096518706	0.000126833300805565	-0.000901017314924167	0.00443867994202627
GSE72575_4	0.0026190707149093	0.0580355454668175	0	0.0053350853494822
GSE75181_1	0.00555983550363531	0.0718561653691853	0.0137421688067991	-0.0117471740367876
GSE75181_2	0.0408515553132466	0.177207855149621	0.0336076356724848	0.0241566328803057
GSE75181_3	0.0143667015113695	0.108953580765304	0.0154887344554718	0.00303032901044385
GSE75230_1	-0.00370656588666914	-0.037510242054872	-0.0148978195032897	-0.0115054267630366
GSE7669_1	0.0167137029610651	0.0985424745595106	0.00977891156462585	0.0343233608830539
GSE77916_1	0.000560091606093797	0.0131517797550344	-0.00253807106598985	-0.0101415015355237
GSE80614_1	-0.0152116541777193	-0.041452590049548	-0.00340614289337833	-0.020957650401624
GSE80614_2	0.0168813248764068	0.0468752652662238	0.0251193209563179	0.0296892860510255
GSE80614_3	-0.0126890950041676	-0.0657671124000904	-0.00739314593762033	-0.0289804207976211
GSE80614_4	0.0221450084527799	0.0601377887103118	0.0251512453007623	0.0296550071851139
GSE80614_5	0.00141726353473811	-0.00650698758312473	-0.00961465957267301	-0.0103182909901431
GSE80614_6	0.00251061604343521	-0.0102516794396173	-0.0108908200452228	-0.0128429011117249
GSE80614_7	0.00484783358552477	-0.023332331102548	-0.00545246449691135	-0.00484667354726907
GSE80614_8	-0.00660842718077553	-0.0482181173110467	-0.0180575201640319	-0.0109503465232779
GSE80614_9	-0.0155662722747662	-0.0101409486433516	-0.00888391190742814	-0.00801360846741702
GSE80614_10	-0.00840647845759247	0.0640425651061427	0.0110413420164688	0.0108822567462205
GSE80614_11	-0.0145879166334728	-0.013579215246436	NA	-0.0113604515892842
GSE80614_12	0.022668570220863	0.083063068180168	0.0285427086305819	0.0378402012647332
GSE80614_13	-0.00307725819831282	0.0123506034102367	-0.000719389754172819	-0.00023597818886438
GSE80614_14	-0.00971606835829363	-0.0239277836286299	-0.0176585814235739	-0.0190986646922893
GSE80614_15	-0.0110962374695875	-0.022466054608659	-0.0172859497051555	-0.0166585695146772
GSE80614_16	-0.00478509904813443	-0.0191508185905779	-0.00741276454146146	-0.015754237664665
GSE85254_1	0.0578999646480815	0.196858324825063	0.0478996485040682	0.0502186327797892
GSE86578_1	-0.00262952131479174	0.0495140399929533	0.0140556618957673	0.0028433869520394
GSE86578_2	0.00793562938645164	0.0751476694750846	0.0213288123117319	0.0210081279243743
GSE86578_3	0.0446140155704777	0.180972786568637	0.057529273134973	0.0433798446646577
GSE9329_1	0.0146802160579567	0.0212981633923175	NA	NA
GSE93698_1	0.00519971124354863	0.0280251964081491	0.00274244322497498	0.000254961090779146
GSE93698_2	0.00353566907446806	0.00223607227106524	-0.00223274082499924	-0.00984827464901231
GSE93698_3	0.00633003791275639	0.0221658705945965	0.00554993515500692	0.00437152124775728
GSE93698_4	0.0072578447184397	0.0327052706647799	0.00410244053600405	-0.00415653574032449
GSE93698_5	0.00393117821687023	0.0123871637734896	0.00472959364026154	0.00410571653082636
GSE93698_6	-0.0114836776639965	-0.0715958525042811	-0.00294122807064633	-0.0117294742709333
GSE93698_7	0.00467622535815558	-0.0143129177868112	0.0139049510466181	0.00938091913438465
GSE93698_8	0.0097538244216348	0.00239022852693381	-0.000831294309555179	0.00226364819684128
GSE93698_9	0.00755600814246706	-0.0270611507153555	0.00886993902659555	0.0141761034524943
GSE93698_10	0.0298286984834312	0.0364217286273082	0.0337297585716529	0.0145545716548901
GSE93698_11	0.0203204607670071	0.0700941402457999	0.0163076890863377	0.0286019919663556
GSE93698_12	0.0129946485441874	0.0197942202492903	0.0235327893918968	0.0234812758472735
GSE93698_13	-0.00143229088772052	0.0176964379889961	-0.00661279551511532	0.00760490398119696
GSE93698_14	-0.00574835285854734	-0.0163466120613116	-0.00907283891703854	0.00990474333304785
GSE93698_15	-0.000701627303622304	-0.0265580074498068	0.00209700974120092	0.0101924531483381
GSE93720_1	0.0447466401692951	0.214811631145681	NA	NA
GSE93720_2	0.0500474365122028	0.210491986886583	NA	NA
GSE93720_3	0.0544061902571617	0.236765216937357	NA	NA
GSE93720_4	0.0514733895688162	0.220139708738114	NA	NA
E-MTAB-5564_1	0.00365412671027561	-0.00481210486504403	0.00347597719749092	-0.00257410330580855
GSE77753_1	0.00873628141710479	-0.0155308348676386	NA	0.000831030173631361
GSE43861_1	-0.00327476728889076	0.036159602970754	NA	NA
GSE112809_1	0	-0.0175097662400978	NA	NA
GSE111946_1	0.0109309261943933	0.0157231679423203	NA	NA
GSE111946_2	-0.00191690936828237	0.0078752035536424	NA	NA
E-MTAB-3201_1	0.0121431641852034	0.0344951768021923	0.00549603879507733	0.0125010497842896
E-MTAB-6700_1	0.0268116817130947	0.188652056936159	0.0179051374056191	0
GSE54749_1	-0.00151057401812689	0.00348808152651537	NA	-0.0112285787082535
GSE57218_B_1	0.0190388535185968	0.0694157487127078	0.0204812357857123	-0.00620663336018831
GSE57218_B_2	0.00656604504122234	0.0411291466253914	0.00557751719238408	-0.018559833918684
GSE57740_1	0.00298150003665779	0.00667416235353382	NA	NA
GSE52992_1	0.00617979191384865	0.000808500957409631	0.00703503169656542	-0.00426746560815347
GSE17160_1	0.00995391020473758	0.044202436708878	NA	NA
GSE17160_2	0.00485693685761253	0.0120303442574776	NA	NA
GSE17160_3	0.0109417736014718	0.0504492095440354	NA	NA
GSE17160_4	0.0287031288072115	0.0798076448315367	NA	NA
GSE17160_5	0.0089474936119184	0.0572255288372748	NA	NA
GSE17160_6	0.00867598646995961	0.0456355178568991	NA	NA
GSE17160_7	0.0167452283720423	0.0533319590430517	NA	NA
GSE17160_8	0.025540000268722	0.0897637841404317	NA	NA
GSE17160_9	-0.00708858512870926	-0.0255212188178683	NA	NA
GSE17160_10	-0.000244512742460169	-0.0186418433250942	NA	NA
GSE17160_11	-0.0111131318678927	-0.021235686291737	NA	NA
GSE17160_12	-0.00237452350086823	-0.0119260616662097	NA	NA
GSE22971_1	0.00235045758402288	0.0209575931991951	NA	0.00348553097215006
GSE22971_2	-0.0009765625	0.0144469937476901	NA	-0.00215969120026561
GSE22971_3	0.0161307879277424	0.0224798307040337	0.0117953327238466	0.0176522403084903
GSE22971_4	0.0128932260862761	0.0213670379405747	0.0102392165402741	0.00792362938678989
GSE13590_1	-0.0105008375842482	-0.0288406649008844	-0.00551162310767253	-0.0118116978797698
GSE13590_2	-0.00303030303030303	-0.0227756113493756	0	-0.00410581949155119
GSE99731_1	-0.00294396100039163	0.0236664504371717	NA	-0.00618043302522477
GSE99731_2	-0.00275540253778528	-0.0370698129118272	NA	-0.00343313273094267
GSE99731_3	-0.0149601657755933	-0.02655235781218	-0.0121062142390905	-0.00193301071751794
GSE27492_1	0.00244086270871985	0.0302319570974848	0	0.00531620070610531
GSE27492_2	-0.000806692503700015	0.032353938564386	0.0144616591985013	0.0113434711225841
GSE27492_3	0.00918876060155646	0.0402448335532882	0.0106594799398707	0.0197508234261499
GSE27492_4	0.00568858764292349	0.0466353267469061	0.0141763273093945	0.0175086373728139
GSE27492_5	0.0140248242086107	0.0479296466571171	0.0224918109173602	0.0116445542063683
GSE27492_6	0.0110970966385544	0.0251965879591653	-0.00752361508584485	0.0139518321399854
GSE27492_7	0.00999972887625901	0.0373801261226228	0.0103987486370487	0.00452174696941119
GSE27492_8	0.0132448258764815	0.0287799588720819	0.010042087339991	0.00488669102884429
E-GEOD-15069_1	-0.0146477458597466	-0.0300935378811735	-0.0133983623747676	-0.0224059433610264
E-GEOD-15069_2	-0.0210777208129637	-0.101805580085683	-0.025086822053343	-0.0310859957873186
E-GEOD-15069_3	-0.00161480781063732	-0.00894354527050887	-0.0048565459798712	-0.0124540426247869
E-GEOD-15069_4	0.00178087577566233	0.0153293496716686	0.00207703087190822	0.00877508711761516
E-GEOD-15118_1	0.00192694851883808	-0.00744946083422356	NA	NA
E-GEOD-15118_2	2.17466945024347e-06	0.00608801130639982	NA	NA
E-GEOD-15118_3	0.0266794718279571	0.128355883671851	NA	NA
E-GEOD-15118_4	0.0279681807819258	0.114615113256197	NA	NA
E-GEOD-16007_1	-0.0183418964699356	-0.0384440976202074	NA	NA
E-GEOD-17473_1	0.00568515150489065	-0.0119909958843618	NA	0.00449198596937461
E-GEOD-18647_1	0.00757068505888652	0.0225749953394895	NA	0.0166643573420525
E-GEOD-18647_2	0.00160743672579212	0.0154265997507056	NA	0.00205874937130217
E-GEOD-18647_3	0.0165991357286797	0.0532907932416642	NA	0.0197503656809612
E-GEOD-18647_4	0.00850379893648852	0.0369553453374097	0.00380228136882129	0.0137677789896182
E-GEOD-18648_1	0.0381898126916362	0.134921801521725	0.0446613078452536	0.0389772538907502
E-GEOD-18648_2	0.0108332267035816	0.0522003858697958	0.0214268969742318	0.0244712285953
E-GEOD-2154_1	0.00923409619036597	-0.000505205967042789	0.00772384250968391	0.02051783072235
E-GEOD-2154_2	0.00194866961935235	0.0350707647521151	-8.58004289488196e-05	0.00107337905742724
E-GEOD-2154_3	0.00242984966237855	0.026560799979191	-0.00160650143678161	0.00711954302148005
E-GEOD-2154_4	0.00384928216169223	0.0133395630733614	0.00265676921248754	0.00839703398101619
E-GEOD-26475_1	0.00692154232768067	0.00795807737544216	0.0177042255989624	0.00923015375331432
E-GEOD-26475_2	0.00747186713650944	0.0204594091680979	0.00747126436781609	0.00819848033343886
E-GEOD-26475_3	-0.00474063668710988	0.0243489062414249	0.00184591743033301	-0.00411543361144563
E-GEOD-33567_1	0.00468577846858996	0.0130914365391006	NA	NA
E-GEOD-33567_2	0.00964970709764765	0.0207625313145957	NA	NA
E-GEOD-37287_1	-0.00566203156709159	-0.0188522132216364	NA	NA
E-GEOD-37287_2	-0.00309014533686752	-0.0271491947703986	NA	NA
E-GEOD-37287_3	-0.00322016679138136	-0.000646996813749002	NA	NA
E-GEOD-51994_1	0.0235103662850833	0.059932077045406	0.0295226459163999	0.0174844216648263
E-GEOD-51994_2	0.0130146232514831	0.0590502532528392	0.01438555244053	0.00872359301631632
E-GEOD-51994_3	0.00715726579871578	0.0296902930729442	0.0127303227498093	0.00902481715318356
E-GEOD-65077_1	8.1836887392443e-05	0.0172439070553321	NA	NA
E-MEXP-1244_1	-0.00265723823940109	0.0160059586079376	NA	NA
E-MTAB-1123_1	-0.00266198656776922	-0.00403380390851922	-0.00132134338375084	-0.0075670496354641
E-MTAB-1123_2	-0.00789613787867103	0.00269037296356181	-0.00983090313488382	-0.0067318873156238
E-MTAB-1123_3	-0.00448012616628827	0.0233098235514856	0.000618952760387023	0.00523542374884919
E-MTAB-1123_4	2.70216339358464e-05	0.0231596224024125	0.00171232876712329	-0.000151497696427093
E-MTAB-1391_1	0.00481955645984477	0.0320166931447547	0.000432673679161366	-0.00544296983238432
E-MTAB-1391_2	0.00275909850374661	0.0243398874242275	-0.00222091280520155	0.00973013049900788
E-MTAB-1391_3	0.00565504919691007	0.0140466924548433	0.00221457597693189	0.00563130256776457
E-MTAB-2450_1	0.0357880749784183	0.0787806156230878	0.0439024008885768	0.029706857588214
E-MTAB-2450_2	0.0205497674491916	0.0700046541574079	0.0338504121768276	0.0350198790864842
E-MTAB-2450_3	-0.0154416163824562	-0.0423035152291405	-0.0186458673747922	-0.00747777131445344
E-MTAB-2450_4	-0.00344227771569029	-0.0355878396044096	-0.0112506883310394	-0.00129860956648848
E-MTAB-5023_1	-0.0034194278221202	-0.007555139675156	NA	-0.00162986986474842
E-MTAB-5326_1	0.00395297182089217	0.0268909101789558	NA	NA
E-MTAB-5326_2	0.0108265860079875	0.0530717022913121	NA	NA
E-MTAB-5326_3	-0.00135966247603959	0.0246578025460096	NA	NA
GSE102588_1	0.000319498749419103	0.0169682651605353	0.015193000620591	-0.000891991949307374
GSE104793_1	0.000426821712707869	0.0270882460069217	-0.0033591182350156	0.00373946409078696
GSE104794_1	0.00130728523721511	0.0393177419799103	0.00321355240716338	0.00679312690970033
GSE104795_1	-0.00924741852949556	0.0212302370828387	-0.00652448369732146	0.00361290328059844
GSE105139_1	0	-0.00649152060400206	NA	-0.00883801500324536
GSE105139_2	0.0103614555234394	0.0543463587613261	NA	-0.00697732205144752
GSE105139_3	0.0122391803501867	0.0607773298116035	0	0.00319455764835965
GSE10555_1	-0.006230643315995	-0.038784866087926	NA	NA
GSE10556_1	0.00721220343772085	-0.013092809428732	0.0129286649686903	0.0121421241158083
GSE106631_1	0.014978531016913	0.0863987247835015	0.0138489720443957	0.0106695376610527
GSE13104_1	0.00483138728832765	0.0406437681295042	NA	NA
GSE13104_2	0.00764370520444055	0.0464823661324642	NA	NA
GSE13104_3	0.00600300274955142	0.0444858944817466	NA	NA
GSE16749_1	0.00137691196339665	0.0225783183330733	NA	NA
GSE16749_2	-0.00156701875918533	-0.00675358746341224	NA	NA
GSE16749_3	0.00131266726904491	0.0100413257146921	NA	NA
GSE17348_1	-0.0226349716261397	-0.0804504921192685	NA	NA
GSE17563_1	0.00727459878343506	-0.001577409021745	NA	NA
GSE17563_2	-0.000384881123722937	0.00697876481830816	NA	NA
GSE17569_1	-0.00667230821034656	-0.00255270756801587	NA	NA
GSE17569_2	0.00482747510914793	0.00619721029293176	NA	NA
GSE17570_1	-0.00437092010424533	-0.0244191964599705	NA	NA
GSE17570_2	-0.00239624977695991	-0.00142953484516499	NA	NA
GSE18991_1	0	0.0113822955623856	NA	-0.00484270977781403
GSE18992_1	0.0010482180293501	-0.0197183830789579	NA	-0.0102504120583671
GSE19299_1	0.00157887275033489	0.0272706201965974	0.00630877873731341	-0.00204549243051105
GSE20850_1	0.00592924351614669	0.00714405359754755	NA	NA
GSE21093_1	0.00490106983874919	0.0278398977346836	NA	NA
GSE21523_1	-0.00814769344264224	-0.0301183028497056	NA	NA
GSE21639_1	-0.00468340410848356	-0.0111008673948687	NA	NA
GSE21639_2	0.000654671255182575	0.00476781368109162	NA	NA
GSE21639_3	-0.00299284686744168	-0.000849648354311489	NA	NA
GSE21639_4	-0.00735167984699736	-0.00278281846594074	NA	NA
GSE21710_1	0.00820315123533414	0.048864677001332	NA	NA
GSE21710_2	0.00799889191353653	0.0424953787051428	NA	NA
GSE21710_3	0.00797882372043749	0.0425176011005353	NA	NA
GSE22925_1	-0.00315877988694322	-0.0138333552249704	-0.00478453825484402	-0.0121559982439327
GSE22925_2	0.0132289307327503	0.0454525042508651	0.00702236646771716	0.00755735452273411
GSE26499_1	0.00572819583782401	-0.0129974795902683	NA	NA
GSE30160_1	-0.00444519226621903	0.00827387281558635	-0.00162459605366665	-0.0145311556921056
GSE30628_1	-0.00110317362399593	-0.0160217051631631	-0.000879905586122982	-8.50469386721141e-06
GSE30628_2	0.00384604589418144	0.0128992724877112	0.00122941770379576	0.00548093865967114
GSE32163_1	-0.0087200724932055	-0.0160233275290939	NA	-0.0142956112184443
GSE33656_1	0.0129220293113842	0.0197955458576279	NA	NA
GSE33754_1	0.00636625849580623	0.0101784695405517	4.11676043927044e-05	0.00594283315101399
GSE33754_2	0.00962047213297946	0.0707862173948421	0.00537119128161283	0.0123231259507599
GSE33754_3	0.014630733719599	0.0919636575978742	0.0214014516789678	0.0111354850984361
GSE34570_1	-0.026056556665163	-0.0805661367056259	NA	NA
GSE35003_1	0.00146458280183986	0.0450534661887476	NA	NA
GSE35466_1	0.0241188864085152	0.118270757635855	NA	NA
GSE35466_2	0.0123373041706606	0.0269393706277173	NA	NA
GSE35466_3	0.0138604350295161	0.0695722313424997	NA	NA
GSE35466_4	0.0138510535831775	0.0315029601678375	NA	NA
GSE35466_5	0.0111049193440288	0.00116016387567215	NA	NA
GSE36925_1	0.00146198830409357	0.0276737539103597	NA	NA
GSE36925_2	0.0044270047073596	0.0275835158219702	NA	NA
GSE36925_3	0.00926386192756892	0.0324477163386178	NA	NA
GSE37219_1	-0.00297615983367855	-0.00411715024047996	NA	NA
GSE37676_1	0.00740626319095102	0.00455538578599256	0.018517894345745	0.0047216357183973
GSE41342_1	0.0185240919204783	0.0556762936009616	0.010962681746657	0.0127625507586136
GSE41342_2	0.0105945387332246	0.042250507939332	NA	0.013912398183757
GSE41342_3	0.00199201596806387	0.00872223707635512	NA	0.00457867892093366
GSE41342_4	0.0150523936397764	0.0361143307443962	-0.00106147722246793	0.0228287108085348
GSE41997_1	0.00203106278178179	0.0275334184629997	0.00688311688311688	0.0176233523292494
GSE43242_1	0.0101919819430914	0.0405632360674329	0.0188857623048434	0.0160833382264422
GSE43242_2	0.00722538953110341	0.0368502023079124	0.00505050505050505	0.0132522455958664
GSE43663_1	-0.00116236692999929	-0.0332740161825923	0.00293889117418529	-0.000265440007592474
GSE43854_1	-0.00910976941396271	-0.0380939754420028	NA	NA
GSE45656_1	0.00287221396663563	0.00623074155095	NA	NA
GSE45656_2	0.0103738102188278	0.0135018092442594	NA	NA
GSE45656_3	0.0104306978276194	0.0320613668140642	NA	NA
GSE45793_1	0.00997327691153089	0.0223130735023589	0.00165015123490825	0.0032810152965923
GSE45793_2	0.0104073963715015	0.0382748187188273	0.0146523169577139	-0.00666203247083516
GSE45793_3	0.00160641638398349	0.0337871311362806	0.00712257689440664	-0.00724632475419977
GSE45793_4	0.0104329029424524	0.056653969391619	0.0173006092844621	0.00845898101649799
GSE45793_5	0.0120157816119744	0.0450070000768362	0.014357316864201	-0.0113582101516332
GSE46390_1	-0.00186738294024287	-0.0432255299122754	NA	NA
GSE48438_1	0.00465955107018444	0.00875658144735544	NA	0.00505874403976175
GSE50549_1	0.00489503623969076	0.0121104032864763	0.0124865164983541	-0.0240114941037723
GSE50549_2	0.00626022042706475	-0.0152295139379804	0.00650642421014329	-0.0194801411973989
GSE51098_1	0.00241459758214748	0.00895092887479752	-0.00470169500223543	-0.00637199746925909
GSE53857_1	-0.000364771633299695	-0.00564098549801768	-0.0113017191142191	-0.00989546395178725
GSE53857_2	0.00609756097560976	0.00391218558627214	0	-0.00284805950075457
GSE53857_3	-0.00469296959264442	-0.00267587144370056	0	-0.0234937958157078
GSE53982_1	0.00522018686696491	0.00243738488305966	0.00197984683977542	0.00625670183086451
GSE53982_2	0.00703955295690668	0.0465186461551845	-0.00271917498913002	-0.001457116041452
GSE54779_1	0.0129552118510207	0.0340576452327376	0.0053439070298473	0.0113019758468852
GSE55900_1	0	0.0368405638869613	0	0.0128026926692785
GSE57104_1	-0.0147060266264192	-0.0343127697806115	NA	-0.00821388098896189
GSE59387_1	-0.0067510742618705	-0.00921898581072048	NA	NA
GSE60401_1	-0.00272329174405274	0.0195124231693966	NA	NA
GSE60401_2	-0.00641842726537055	-0.0672629841963894	NA	NA
GSE60651_1	-0.00109990504110775	-0.0361878768994419	NA	NA
GSE60737_1	-0.000590091204510562	0.0579348943858128	NA	NA
GSE60761_1	0.00595238095238095	0.0285036462141511	0	0.0213491536895645
GSE60761_2	-0.00103946464288372	-0.0154024186451069	NA	0.00202506674931623
GSE60761_3	0.00139986100667479	0.0433607485446594	0	0.00527055768383159
GSE60761_4	0.00739784381402794	0.0671998572537304	0	-0.00289979076268725
GSE63017_1	0	0.00391571137904995	NA	0.00486584557194711
GSE63017_2	0.00102040816326531	-0.00706329454786404	NA	-0.00673756428159201
GSE63017_3	-0.00589538752396179	-0.0207938972127581	-0.00981264637002342	-0.0176079999278156
GSE63017_4	-0.0023405243928552	0.00771037214614089	NA	0.00997902041141901
GSE63939_1	0.0144698784494663	0.0609985117605667	0.0209526166917105	0.0185838379404152
GSE63939_2	0.00200866434214688	0.0245894629777586	0.00355207200809201	0.00362609090226797
GSE64141_1	0.0149664262133148	0.0223113941540652	NA	NA
GSE64965_1	0.0105445532230678	0.0619304416411474	0.00525040554821074	0.013098181057941
GSE65745_1	0.00308641975308642	-0.00145058636035742	NA	0.00220864856395192
GSE65745_2	0.00759878419452888	0.0166905332492206	0.025	0.0260195098262124
GSE65745_3	0.00453172205438067	0.00803706879929197	0.0126582278481013	0.0202373127564646
GSE66416_1	0.0100462037962038	0.0359746124606865	NA	NA
GSE66862_1	0.00449911188962284	0.012295125386015	0.00669283767875317	0.00484224041197046
GSE69108_1	0.013383706282585	0.0793170922594955	0.00688943792525158	0.00612621556227539
GSE71565_1	0.00194089222248122	0.0378229317335212	NA	NA
GSE72261_1	0.000669671084469183	0.0193405807564531	0.0105978758469145	0.0095361243429913
GSE72261_2	0.000905785559779566	-0.0153920081436889	-0.00113202092326516	-0.00938073597913139
GSE72261_3	0.00430566548602937	-0.0115746855883407	0.00185412467678992	-0.00468488121349371
GSE7683_1	-0.0147121700301209	-0.0154917723551613	-0.00790825490506115	-0.0358667843682217
GSE7683_2	-0.00239387623173437	-0.0245103217631017	-0.0061414100028175	-0.0053516986305561
GSE78980_1	0.00117132347259595	0.00950825850587974	NA	NA
GSE78980_2	0.000482756246343296	-0.0113105287114318	NA	NA
GSE78980_3	0.00434052151033645	-0.00461672264234452	NA	NA
GSE78980_4	0.00422702038670898	0.0126072671617182	NA	NA
GSE78980_5	0.00752331335046151	0.0328577608462104	NA	NA
GSE78980_6	0.00357357457847329	-0.0110435262313583	NA	NA
GSE78980_7	0.00393530268510029	0.0116259201033492	NA	NA
GSE78980_8	0.0116563585696971	0.0187155231207604	NA	NA
GSE78980_9	0.0126173335805221	0.0219700553189256	NA	NA
GSE78980_10	0.00475442889195997	0.0156316575332241	NA	NA
GSE81399_1	0.00328913758102341	-0.010585384451427	NA	-0.00191828824148321
GSE84609_1	0.0064635817962781	0.0347073875449844	0.0175903135038124	0.00807775619847654
GSE84907_1	0.00978405622601961	0.0441305842580196	0.0129656118448706	0.00289733214970417
GSE84907_2	0.00746840480292502	0.0341880641509501	0.0126265765873853	0.00529307735441043
GSE84907_3	0.00245487252672596	-0.0118855671615636	0.0012437651162691	0.00255983395540763
GSE90127_1	0.00436556005724104	0.0216829825817745	NA	NA
GSE90127_2	-0.00563090331556427	-0.0343819508006518	NA	NA
GSE90127_3	0.00914150746133006	0.0380378129827863	NA	NA
GSE9247_1	0.00558534450536552	0.0336537359912201	0.00702091030578507	0.00910610471333986
GSE9247_2	0.00675834590534204	0.00406089272489986	0.00520244519595274	-0.00493890437920289
GSE9247_3	-0.00185494392032364	-0.0066737189898765	-0.00569308683949568	0.00158746151758185
GSE99306_1	-0.000849788644198398	0.0365920340035408	0.00409473611874758	0.00382834745721074
GSE99306_2	0.00348756692837204	0.0419675856531402	0.00543657448228313	0.00320029235860027
GSE99306_3	-0.00294331222967852	-0.0127645634985273	-0.00686801639822346	0.00757014557074763
GSE99306_4	0.00482391112184679	0.0489254357660155	0.00544599930766314	0.00231986747036711
GSE99306_5	-0.00346461571438705	0.0290825498523718	0.000615495698261267	-0.0034919144975415
GSE99306_6	-0.00076996668405328	0.019632641776382	-5.38406912503342e-05	-0.00557327517252069
GSE99306_7	0.00495881741854154	0.0106545922694905	-0.00263680033416876	0.00687450817784738
GSE99306_8	0.00578296100642688	0.0403889420820739	0.00736971477676498	0.00155580562993136
GSE99306_9	0.00296508592695591	0.0391807908225502	0.00810600037754169	-0.0032629780247055
GSE99306_10	-0.00066353186788966	-0.010935600315864	-0.00604574787683255	0.00231523831152936
GSE99306_11	0.00125970922627694	0.0393247136077882	0.00467172686535962	0.000464659056704703
GSE99306_12	-0.00166679246548516	0.0334382380756	0.0017591105221824	-0.00267136872240347
GSE99306_13	0.00305660706081045	0.00531462110032954	0.00333665411940344	0.0101803255125618
GSE99414_1	-0.00457593739077229	-0.00563757056275392	-0.00128648161364234	0.00197028696511208
GSE110581_1	0.00038278024630496	-0.00453502894369663	-0.00559559209775101	-0.010455587228552
GSE110581_2	-0.000463271361957246	-0.0016084265523839	0	0.00447140615281971
GSE47799_1	0.00302987529958663	0.0119218431502469	-0.00491888233823718	0.00890122925446379
GSE47799_2	0.00149888911760084	-0.00346066984403746	0.011549691209417	0.00719507101086048
GSE47799_3	-0.00447913352423375	0.0112568910128082	-0.0123809785826953	-0.0113210175007928
GSE111628_1	0.0033397859102175	0.0106175027226193	NA	NA
GSE111628_2	-0.00202020202020202	-0.00820508127699197	NA	NA
GSE111628_3	-8.19120226706596e-05	-9.98019760426483e-05	NA	NA
GSE5657_1	-0.0017701500902812	-0.00474028058595231	-0.00537158658831663	-0.00881978074790444
GSE5657_2	4.61165827211191e-05	0.00392718071697319	-0.00187265917602996	-0.00307567377046561
GSE13782_1	0.0151083785994983	0.05852268929307	0.00301039132874214	0.00172895569567559
GSE41039_1	-0.00136299625661252	0.0223091039897302	-0.00684931506849315	0.0189339521001249
GSE84198_1	-0.00102424264062695	0.0236469537080283	-0.00296278421278421	0.00463743982780937
GSE84198_2	-0.00479508612154735	-0.0175961757484147	-0.0106981395270668	0.000175423782690553
GSE84198_3	-0.0117723789017111	-0.0537873987325306	-0.0117821458790196	-0.00929465454918467
GSE114469_1	0.00264335930990634	0.0120745133623764	NA	NA
GSE108036_1	-0.000432437932437933	-0.00132454592380463	0	-0.00472941491851271
GSE60451_1	0.010828145364044	0.0436543350260399	0.0142069817618271	0.0123360843209192
GSE47902_1	0.00402414486921529	0.0296465036890106	NA	NA
GSE44325_1	-0.000109136701696759	0.00836779338835555	NA	NA
GSE4481_1	-0.0013188346606766	0.0122123955553832	NA	0.00860373052432399
GSE4481_2	0.0131676343999842	0.0419524847841923	0.0152036443322814	0.0145551451617389
GSE4481_3	0	0.0294381718908925	NA	0.0088803116580503
GSE102292_1	0.00852377183192122	0.0169325907725493	NA	NA
GSE102292_2	0.0116182892498682	0.0299454720676486	NA	NA
GSE102292_3	0.00416879428864949	-0.00418601263701219	NA	NA
GSE102292_4	-0.0118778835208467	-0.0334737385304985	NA	NA
GSE41898_1	0.00852212153557728	0.0282837461187866	0.0112581026310744	0.00760025293279349
GSE87605_1	-0.00196695509879105	0.0136486097524754	0.00202916985014833	-0.00719062103734208
GSE87605_2	-0.0134498960841018	-0.0242557389062862	-0.0133066796656746	-0.0041515491450971
GSE87605_3	-0.000509118547480109	-0.0103751702149373	0.000355138861788711	-0.00366186187335206
E-GEOD-54216_1	0.00654792243702661	0.0277448209884073	0.00636533326743222	-0.00738974373112701
E-GEOD-54216_2	0.00419070606410751	0.0312283014526205	0.00587370210108165	-0.0141730184544708
E-GEOD-54216_3	-0.00571766957160412	0.0155354699809625	-0.00836184859654757	-0.00349929739373506
E-GEOD-6119_1	0.0189535908954582	0.0956050999266123	0.0169406337434805	0.0356312948280877
E-GEOD-6119_2	0.0185080313820288	0.0907926947629773	0.0204827782814109	0.0352930140129267
E-GEOD-6119_3	0.0148698171493357	0.0882770076632775	0.0183598028808443	0.0346421267760551
E-GEOD-8077_1	-0.0184685386841974	-0.100470728891949	-0.016520653005694	-0.0285242471343461
E-GEOD-8077_2	0.00291855386516119	0.00973196292396363	0.000933064121390113	0.00693000918879833
E-GEOD-8077_3	0.0182841075226767	0.0925405827625082	0.0267622347481962	0.0298296271238251
GSE103416_1	-0.00378938521080121	-0.038590130296797	-0.00624710179677012	-0.00296720479766899
GSE103416_2	0.00888555417411767	0.0136765882895307	0.0125377109845888	0.00428463310624864
GSE103416_3	0.0113124175734381	0.0219234654531511	0.0206200957508485	-6.15167129893648e-05
GSE19950_1	-0.00156584478130101	-0.0130200151194905	-0.00484228002213614	0.00635406522034429
GSE30322_1	0.0027790274220306	0.0316309712942776	0.00757623844071024	0.00488059797048561
GSE30322_2	-0.00174531761596248	0.0142634368041341	0.00212907930017334	0.00609415584415584
GSE30322_3	0.00244851592570926	-0.0147533610467384	-0.00377225006093084	-0.00399513812265585
GSE42295_1	0.00650342643675317	0.0127486837693705	NA	0.00499508965645066
GSE42295_2	0.00413145387026058	0.0530187220854604	0.00733237064915685	0.00480833100449296
GSE42295_3	0.00318047087252925	0.0449921204310361	0.0012623658690796	-0.00427630924835195
GSE66554_1	0.00977355352461046	0.0217307254972417	0.0108590500856959	-0.0025832025736425
GSE66554_2	0.0187554966308063	0.024337846900493	0.0163472260839171	0.0131233906528559
GSE66554_3	-0.000867026881974589	-0.00528602273310424	0	-0.00145067126215897
GSE66554_4	-0.00215796025743254	0.0293191213737651	-0.00485481892790901	-0.00570372118637401
GSE74898_1	0.00949142614335518	0.00571539578610161	0.00502055962545668	0.00411615543567362
GSE74898_2	0.00784402511103399	0.0131363384317843	0.00742724133665747	0.00754719502592408
GSE74898_3	0.00274248874721901	0.00604894516348251	0.00538645460836929	-0.00245344123351704
GSE79176_1	-0.00147492625368732	-0.00457412745048797	NA	NA
GSE79176_2	-0.000445259298061813	-0.00173619390570848	NA	NA
GSE79176_3	0.0015015015015015	0.00223342361035277	NA	NA
GSE85785_1	-0.00134908164702661	-0.00619820228891622	0.00498338870431894	-0.00617992355669916
GSE16981_1	0.00875119331995819	0.0505399899846859	0.0108919895175848	0.0123317965032038
GSE16981_2	0.00684565702615064	0.0211068066301886	-0.000518794600010601	0.00866398555424729
GSE16981_3	0.00421644397331203	0.0343352259511648	0.00751008267976561	0.0116653897822896
GSE16981_4	0.00421644397331203	0.0343352259511648	0.00751008267976561	0.0116653897822896
GSE16981_5	-0.00614899984533957	-0.00693986310440234	-0.00222485128488336	-0.00795257699489325
GSE16981_6	-0.00239320003336063	0.01071230732496	0.00785013148644778	-0.00254672988901151
GSE16981_7	-0.0015611441988465	0.0220113434832937	-3.95281915061821e-05	-0.00551228756657916
GSE29859_1	-0.000465050669409014	0.0316243763957374	-0.00541961888593629	-0.000722195005547039
GSE29859_2	0.0126655745167196	0.0474946713683293	0.0152757330897568	0.00859965722351043
GSE23492_1	-0.00233334908241044	-0.0129158361633155	NA	NA
GSE23492_2	-0.0119608395895502	-0.0454444208878234	NA	NA
GSE23492_3	-0.00949281615898329	-0.0295904249078628	NA	NA
GSE23492_4	-0.00717384669060063	-0.0427350246090077	NA	NA
GSE23492_5	0.00187068431524451	0.00862762434076724	NA	NA
GSE44991_1	0.0140636443268022	0.0861188677455783	0.0100696942702801	0.0306157035116166
GSE44991_2	-0.00395630341785992	-0.0641044672309491	NA	-0.0081809762313224
GSE39796_1	0.00931249249619057	0.00867138699061149	NA	NA
GSE39796_2	0.00600011613966273	0.00173697732701517	NA	NA
GSE39796_3	0.00402239580163364	0.0106358735183966	NA	NA
GSE18394_1	0.00936845595116198	0.0625618694126911	0.00988425933026419	0.0286944909928781
GSE18394_2	0.00533450153636625	0.023082262840467	-0.00195273715371321	0.000710355637143095
GSE18394_3	0.00637273021444518	0.0505080182077895	0.00787869755594497	0.0228444941371451
GSE29233_1	0.035025489794948	0.157311622720856	NA	NA
E-MEXP-2291_1	0.00181389009294864	-0.00160108003211633	NA	NA
E-MEXP-2291_2	0.00141438232136919	0.0156569553719854	NA	NA
E-MEXP-2291_3	0.00233313342354342	-0.0155335125851161	NA	NA
GSE18738_1	-0.0161094211493371	-0.0394151922350167	-0.0173771120029107	0.00779443457594392
GSE107363_1	-0.00328519118846644	-0.00791494186541425	NA	NA
GSE85761_1	-0.00635102062816875	0.00993965785860706	NA	NA
GSE89179_1	-0.0126066072065584	-0.0497961456993572	NA	NA
GSE89179_2	0.00249142685283292	-0.0207426903965337	NA	NA
GSE89179_3	-0.0110525507763451	-0.0222970295094562	NA	NA
GSE89179_4	-0.0187062844670089	-0.0466780799915402	NA	NA
GSE89179_5	0.0120885296746547	0.0277322662591484	NA	NA
GSE89179_6	-0.00680982007266165	-0.0190209885061235	NA	NA
GSE89179_7	0.00909991661780971	0.0230822226116858	NA	NA
E-GEOD-57723_1	0.0199699972604589	0.0913583139214298	NA	NA
E-GEOD-57723_2	-0.00202445901728347	0.0158244528408331	NA	NA
E-GEOD-57723_3	0.0189797053934821	0.101198394521527	NA	NA
E-GEOD-83930_1	0.00285809965946025	0.0106926506984935	NA	NA
GSE100268_1	0.0125946286950252	0.0434375537563556	NA	NA
E-GEOD-55769_1	0.00531554379553559	0.0203494808526332	0.000554035429873369	0.0290695792431948
E-GEOD-55769_2	0.000685029002526601	0.0339251541288925	0.00430483494999624	0.00961944587932296
E-GEOD-55769_3	0.0121193117883697	0.0480422706598335	0.00746910778354457	0.0356693245778404
E-GEOD-69110_1	0.011440863369927	0.0452668567522384	0.00608664011160524	0.010547155030338
E-MTAB-4304_1	0.0281328340579096	0.0872272665400102	0.0286471195996308	0.00416965834448937
E-MTAB-4879_1	0.000237731986575678	0.00804365871610913	0.00489797090430612	0.00508482066147054
E-MTAB-4879_2	0.00793126931805988	0.0214355071533684	0.0080248946231638	0.0084738925970496
E-MTAB-4879_3	-0.000145411394998232	0.00618714320378211	-0.00158475040606991	0.0187281217106068
E-MTAB-4879_4	-0.0186154550421583	-0.0451561813051136	-0.00916224676115121	-0.0153784516093698
Cytokine_Explant_1	0.0291223306226069	0.0889015310420111	0.0377895299788198	0.0253251754905331
Cytokine_Explant_2	0.0206935967922398	0.0699742268601611	0.0118155654976284	0.0100102396642044
Cytokine_Explant_3	0.0277268426699585	0.123642715278055	0.0239935755384981	0.0242832931749933
Cytokine_Explant_4	-0.0227318491141145	-0.0713503542616237	-0.00576053695449298	-0.0218366029745604
Cytokine_Explant_5	0.0062613622175301	0.0420923511822974	0.00397008174137166	0.0202784543644861
FN1_Explant_1	0.0224609502914446	0.070549380038713	0.0118188997104501	0.0255143523288685
E-MTAB-6266_1	0.0207117073681393	0.0610975747420993	0.0262469270621781	0.023048666521618
E-MTAB-6266_B_1	0.0118676250594198	0.0355771591111509	0.0209675564048057	0.0269795375461203
E-MTAB-6266_B_2	0.0190699445433901	0.0783874299557082	0.0259912251350899	0.0194489250450699
E-MTAB-6266_B_3	0.0117392154010993	0.0469799259394713	0.00973830613797112	-0.00230272820794361
GSE74220_1	0.0380906091089497	0.173712538526021	0.0480308343654117	0.023944506077285
GSE114007_1	0.00175181292513623	0.0306726717019355	0.00922268392529256	0.0171069294199847
GSE109503_1	0.0106920310560537	0.0265395768319442	0.0128941728717164	-0.00383831059454086
GSE109503_2	0.0112091112791007	0.062070887734128	0.0121101821771753	-0.00223855264248807
GSE109503_3	-0.000217689564611739	-0.0223691094420736	-0.000605255483459997	0.00516783649305569
GSE109503_4	0.00766588279769103	0.0121756677595485	0.00648893912834163	0.0276031281389679
GSE109503_5	-0.0286382599503609	-0.0738489151745463	-0.0335346719019881	-0.0345205117607261
GSE109503_6	0.0280256634204281	0.124046879465698	0.0274025395915878	0.0149484533943832
GSE109108_1	-0.00222832683556243	0.0234972021922081	-0.0038344407530454	0.00714876521328134
GSE109108_2	0.0069944064869081	0.038478675334019	-0.00443282909031279	-0.00496200917680863
GSE109108_3	-0.00132160303661563	0.00696423161761609	NA	-0.0039416597554331
GSE109108_4	-0.00656756679450198	-0.0308960614867947	-0.0050251256281407	-0.00829435628454858
GSE70667_1	0.00355039407837303	0.0471404459020748	0	0.0151372100081204
GSE87608_1	-0.00238799398524058	0.0136562278448443	NA	-0.00446902965012613
GSE87608_2	-0.00337653911133865	-0.00436873629255068	-0.000699355649850699	0.00477899403467601
GSE87608_3	-0.000964800897821973	-0.0413504844974876	-0.00110939628316608	-0.00304961689552803
GSE87608_4	-0.0103212296055666	-0.0279782451525262	1.12130563205966e-05	-0.00733491366239719
GSE90890_1	-0.0228163265306122	-0.12520364151897	-0.00255176436278799	-0.00940830690364608
GSE97118_1	0.00200791358962043	0.0237704059040305	NA	NA
GSE97118_2	-0.00574154644640078	0.0354972716949732	NA	NA
GSE97118_3	0.00556986917664651	0.0321639512724917	NA	NA
GSE97118_4	-0.00172967848187011	0.0273079217186796	NA	NA
GSE97118_5	0.00438150662669871	0.00774688570554532	NA	NA
GSE97118_6	-0.00214853132803857	0.00477614343167545	NA	NA
GSE97118_7	-0.00318957188602231	-0.00859702858193388	NA	NA
GSE107592_1	-0.00458909435906833	-0.0421077047582748	-0.0125094201339236	-0.0113251420169288
GSE92641_1	0.00596281118164113	0.027420786385381	0.00609466795050481	0.00225378887401385
GSE107849_1	-0.0124605144783966	-0.0450878951908775	-0.00774712367878463	-0.016776361264373
E-ERAD-89_1	0.00417816610523768	-0.00416925499377279	NA	NA
E-ERAD-89_2	0.00193781587588586	-2.48433865850096e-05	NA	NA
E-ERAD-89_3	0.00333882260690156	0.0157164119508172	NA	NA
E-ERAD-89_4	0.00148367952522255	0.00351710229614959	NA	NA
E-GEOD-45893_1	0	0.0185659473909111	NA	NA
E-GEOD-53105_1	-0.000858583266421176	-0.0169878712407039	0	0.0124513486104808
E-GEOD-53105_2	0.00954201372090871	0.01945001004182	0.00254988767200945	-0.0023687978575125
E-GEOD-54461_1	-0.00273804390559666	-0.0138948276670713	0.00237254778506876	0.000657904889525605
E-GEOD-54461_2	-0.00691589971691858	-0.014692333019022	-0.0087943782470296	0.00231719337189475
E-GEOD-54461_3	-0.00804143732922328	-0.0170690821247273	-0.00945121334742271	-0.000449492679329902
E-GEOD-54461_4	-0.00280184770445661	-0.0146371343811762	-0.0058715209360907	-0.00281373122149351
E-GEOD-54461_5	-0.000376782423307024	-0.000577687187993737	0.0010127397371437	-0.0145550243492379
E-GEOD-54461_6	-3.05011335022497e-05	-0.00276546714375208	0.00281744989698917	-0.0137507190718401
E-GEOD-54461_7	0.00100253879961796	-0.00273422752326331	0.00533489234363781	-0.0192410177067217
E-GEOD-54461_8	-0.00100140930180031	-0.00342896111385065	0.00295591616157827	-0.0137516606142409
E-GEOD-73372_1	0.0127390686982261	0.0579617040628051	NA	NA
E-GEOD-73372_2	0.0160689729603877	0.0870294955469505	NA	NA
E-GEOD-73372_3	0.0076588209154854	0.01069861165241	NA	NA
E-GEOD-75549_1	0.0108074610448391	0.0581817003479414	NA	NA
E-GEOD-76988_1	-0.0072277659325108	-0.00556971570977963	NA	NA
E-MTAB-2923_1	0.00827905186327539	0.0452607324927093	NA	NA
E-MTAB-2923_2	-0.00884999678345341	-0.0389815968496804	NA	NA
E-MTAB-2923_3	-0.00260492469668577	-0.00502924297571987	NA	NA
E-MTAB-2923_4	-0.0022995089190082	0.000143872558977699	NA	NA
E-MTAB-3428_1	-0.00940925446964108	-0.0237006518095417	NA	NA
E-MTAB-3428_2	0.00318299951724905	0.0465882062186964	NA	NA
E-MTAB-3428_3	0.00215971357962661	-0.0324665022362203	NA	NA
E-MTAB-3428_4	-0.0108783874308037	-0.0276175986138622	NA	NA
GSE102856_1	0.00574584332925746	0.0517573343751776	NA	NA
GSE103492_1	0.000865222925325277	0.0094932628612457	0.00936848713553434	0.00555607739145017
GSE103492_2	-0.00109552196975357	0.0295504390380155	-0.00110397713095378	0.00931239719482285
GSE103492_3	0.00149702279385381	0.0214452260149307	0.00898879967992115	0.00431805161173148
GSE103492_4	-0.00148498063116305	-0.000108671451016919	-0.000790889847840134	0.0102434371617365
GSE103492_5	0.00993790585629242	0.0141551547027682	0.00221120489618544	0.0186622444308076
GSE103492_6	0.000327210854678012	0.0182046811760567	-0.00641071765859965	0.00337229199011905
GSE103492_7	-0.0146544095919054	0.005255883455678	-0.0137614384864414	-0.0114545970183376
GSE103492_8	0.0112526984110392	0.0373594443582746	-0.00151155333895217	-0.0027555490390645
GSE103492_9	0.00824307330743588	0.0574558350613341	0.00436288622514712	-0.00346671964091911
GSE103492_10	0.00727691137159593	0.0261294667056682	0	-0.0100939502010701
GSE106259_1	-0.0160845567591458	-0.054187570839564	-0.0104698021030471	-0.0101826704070056
GSE110303_1	-0.00379815890510435	0.000527566181650046	NA	NA
GSE110303_2	0.0028119281143546	0.0061999357286816	NA	NA
GSE110303_3	0.000199709588019958	0.00935494772386812	NA	NA
GSE110300_1	0.00171929982785246	0.00639892881230748	NA	NA
GSE110300_2	0.00303643724696356	0.0074565295561702	NA	NA
GSE110300_3	0.00292001584753408	0.0106218045823655	NA	NA
GSE110281_1	0.0053309451125149	0.0555479038554424	NA	NA
GSE110281_2	-0.00959041800724203	0.0107572721588499	NA	NA
GSE110281_3	-0.0250737277003146	-0.0491724361690221	NA	NA
GSE104459_1	-0.00835367456827937	-0.034886312464105	-0.00604229607250755	-0.0280663216795264
GSE104459_2	-0.00814269412992429	-0.039300553714427	-0.00897315855181024	-0.0159627192356133
GSE104459_3	-0.000826977305862821	-0.00127958714158515	-0.00157728706624606	0.00225575431457785
GSE110051_1	0.00232424536361313	0.0267760487972818	0.00256906735639627	-0.000272736681360256
GSE110051_2	-0.000405609807301213	-0.0310312662222856	-0.00878599793040789	-0.0126746720379012
GSE110051_3	0.0011409833198232	0.000480493190084641	-0.00200761343279972	-0.0105798691881677
GSE112694_1	0.00387079854041049	0.0221066018247338	0.00860028318650836	-0.0063699690970942
GSE112694_2	0.00752244681723435	0.032421586817656	0.009436143824478	-0.0023465759243623
GSE112694_3	0.00912149558600677	0.0164590724606636	0.00864786075339437	0.00630248628036625
GSE112694_4	0.00655101129036034	0.0293917949075051	0.00580057306327175	0.00872898812995024
GSE97232_1	0.00156544054747648	0.0842652568450249	0.00496688741721854	-0.010044115813209
GSE114079_1	0	-0.0123512506101817	NA	NA
GSE114079_2	-0.00200400801603206	-0.0223190670171176	NA	NA
GSE114079_3	-0.000965250965250965	-0.0278145919246601	NA	NA
GSE114079_4	-0.00414609278074201	-0.0495636023766028	NA	NA
GSE104828_1	0.00633377416090621	0.0144299739659556	NA	NA
GSE114521_1	-0.0028333070198787	0.0022093665297178	-0.00309597523219814	0.000372830175032179
GSE114521_2	-0.00472468124658697	-0.0230839935432272	-0.0067639705848747	-0.00564031404374473
GSE112413_1	-0.0076543067295095	-0.0167688363629043	-0.00652387910038446	0.00298316435480341
GSE112413_2	-0.000326267182088752	-0.0115174034146524	0.00139285464459797	0.00785496638006528
GSE101909_1	-0.00291095642934768	-0.00201564584248487	-0.00920880070019261	0.00240178300257469
GSE101909_2	0.00297729871326249	0.0179226681878578	0.0031357262291058	0.00523708723585184
GSE114919_1	-0.00637294964283566	-0.0253794943800521	-0.00642949447533267	-0.00500040449296704
GSE114919_2	-0.0109845418950753	-0.0388370832950676	-0.0166363319199841	-0.010887513137305
GSE114919_3	-0.00872363082408309	-0.0472705068076825	-0.00945276572771587	0.00219940292538492
GSE114919_4	-0.00407100485972103	-0.0308718129319843	-0.00951134683864465	0.00762654866755911
GSE114919_5	0.0034811405607565	2.88311172940895e-05	-0.00530741708799437	-0.00885911493619426
E-MTAB-5879_1	0.0155031828500497	0.0355804110744415	0.012250286219076	-0.00807305772993142
E-MTAB-5879_2	0.017537510064168	0.0229871255141398	0.0214440469288383	0.0115520707711959
E-MTAB-5879_3	0.0204807801834723	0.0889815087491666	0.0317712316162089	-0.00578913556841579
E-MTAB-5879_4	0.0226203036165406	0.0567310379471763	0.0221773436442115	-0.00266286021194325
E-MTAB-5879_5	0.0153983184707422	0.0545761148710459	0.0160738715420128	0.00577284608573288
E-MTAB-5879_6	0.0179258498752115	0.0578464397540701	0.0253529678575585	0.00292477110127874
E-MTAB-5879_7	0.00182373545789717	0.0720966413943668	0	-0.0073585708793426
E-MTAB-5879_8	0.00461950855011102	0.0613212315516695	NA	-0.00296945442864508
E-MTAB-5879_9	0.00580689307327754	0.0438495630760388	0	0.00291264728702533
E-MTAB-5879_10	0.0139382994252832	0.0803839530145597	0.00396825396825397	0.00602569296245883
E-MTAB-4294_1	0.00542069819183478	0.0340428039543303	0.0193202739967736	0.00591884366879919
E-MTAB-4294_2	0.0069828910844546	0.0267091317667955	0.00678326568090252	0.0242041196231968
E-MTAB-4294_3	0.00463373297579329	-0.00280950910189793	0.00334395939894915	0.0212273769723146
E-MTAB-3186_1	0.00391040117089146	0.013993571225996	0.000971285766419611	-0.00142770535800748
E-MTAB-3186_2	0.010772978913457	0.0364739127706232	0.00996319457711415	0.00875218289441986
E-MTAB-3186_3	0.0138846164754843	0.0315983058484827	0.000813041322825357	0.0123406071244664
E-MTAB-3186_4	0.0158545211896521	0.0353320522091472	0.0162310630075273	0.0269268189974449
GSE114919_Rat_1	-0.00443020281352927	-0.0295518835819163	-0.00289209891333695	-0.00616556852915827
GSE114919_Rat_2	-0.00119223242653013	0.00570380543086625	-0.00521404357852467	0.01418154855478
GSE114919_Rat_3	-0.00772595263788652	-0.0386973670557089	-0.00851095557651319	0.0188528018884531
GSE114919_Rat_4	-0.00727427358331642	-0.0409681145136801	-0.0106358229606394	0.00134930600430366
GSE114919_Rat_5	-0.0022888361099742	-0.0154472923143752	-0.00489865444906885	0.000761100418460575
