comparisonID	jaccard	cosine	sigjaccard	chrDir
22659600_1	-0.037658883635178	-0.125999076532728	-0.0519319400097169	-0.0536766539285321
24361742_1	-0.0106832082462296	-0.0534650524557109	-0.00677668385118874	-0.0152025006808354
GSE72258_1	0	0.0143811098400292	0	0.00906197549333627
GSE72258_2	0	0.0276213465099034	0	-0.000277161862527717
GSE69531_1	-0.0146182372542103	-0.0619939108341302	NA	NA
GSE69531_2	-0.0754706360975533	-0.188793961179876	NA	NA
GSE69531_3	-0.0767100262995067	-0.142172811753244	NA	NA
GSE69531_4	-0.0146182372542103	-0.0619939108341302	NA	NA
GSE58203_1	0.0310527837561141	0.155979753687962	0.0294893790755977	0.0435095229512137
GSE58203_2	0.0320714331732277	0.130913669912451	0.0311891206963265	0.0335731222350292
GSE58203_3	0.0281166647380796	0.0944495008677179	0.0267015707963622	0.0320144109215323
GSE58203_4	-0.00459342277932665	0.0407038918629804	-0.00482854853241765	0.0333693667041177
GSE58203_5	0.021187836830261	0.121002821334112	0.0206896468478667	0.0348950446391353
GSE58203_6	0.0105213180939337	0.0518146719683454	0.012265622621622	-0.00154419013633378
GSE58203_7	-0.0223824644944742	-0.0219063510339325	-0.0233285745377022	0.00165793452926879
GSE58203_8	-0.0621831449887116	-0.131999756022949	-0.064347338330219	-0.00545855679423757
GSE59642_1	0.0521054303479468	0.111103456454872	NA	NA
GSE59642_2	-0.0244081663398026	-0.0471726940294678	NA	NA
GSE59642_3	-0.0894039930969719	-0.191432957560293	NA	NA
GSE64922_1	0.0653215563207134	0.111848570412771	0.0736329844672238	0.0521892111301639
GSE60162_1	-0.00967261086607653	-0.022057098920797	NA	NA
GSE31685_1	0.0581697266613624	0.12418603037838	0.0624286357424509	0.0364151349795626
E-MEXP-3890_1	0.00406886767134718	0.0287955780463509	0.0020699294568672	0.0137158439825191
GSE31980_1	0.0527358745519111	0.116589702928285	0.0554483646307949	0.0481678344518481
GSE15615_1	0.0587655388114136	0.151017031607854	0.0720986013621201	0
GSE15083_1	-0.000372044313906318	0.0266808026325498	NA	-0.000817510902899898
GSE108035_1	0.0032648620452297	-0.00725569542687506	0.00393443177249119	-0.00132892738038823
GSE108035_2	-0.045543342838807	-0.117627606579152	-0.0463899282900753	-0.0267440399253195
GSE108035_3	-0.0486404483112578	-0.132971316240747	-0.0488745273384362	-0.0480120419391674
GSE21959_1	0.0161590615925284	0.0603530430601049	0.0200220508585504	0.0124111774983735
GSE21959_2	0.0209474655594801	0.089807686854571	0.0257577792947277	0.0179967621422432
GSE24742_1	0.00518870616691224	0.000427188191277886	NA	0.000234138606033943
GSE24742_2	0.00112828349773583	0.0183822039136632	NA	0.00576746079149569
GSE24742_3	-0.000977377287431953	-0.0264162985507695	NA	-0.00897451989591165
GSE74668_1	0.0252498496179376	0.144261109682159	NA	NA
E-GEOD-10024_1	0.0347073980027712	0.149083062991654	NA	NA
E-GEOD-10024_2	0.0398692408402676	0.145262723566659	NA	NA
E-GEOD-12860_1	0.000211376046482175	0.0277192004765219	NA	NA
E-GEOD-12860_2	-0.0236253597712121	-0.0891021960719319	NA	NA
E-GEOD-12860_3	-0.0336757242432448	-0.0851477825121967	NA	NA
E-GEOD-12860_4	-0.0185481308467982	-0.0330135741963858	NA	NA
E-GEOD-12860_5	-0.0168590607830543	-0.0310520276952603	NA	NA
E-GEOD-12860_6	-0.0226674430584277	-0.0927378674424311	NA	NA
E-GEOD-12860_7	-0.0241971219835239	-0.049387889570171	NA	NA
E-GEOD-12860_8	-0.0174426142709279	-0.0168990476518256	NA	NA
E-GEOD-14359_1	-0.0589124767946912	-0.130140843701975	-0.0683358198158117	-0.024606772079421
E-GEOD-14359_2	0.055017949460788	0.145155382187161	0.0666699664609757	0.0332483848247298
E-GEOD-1919_1	0.0108433498390468	0.0361687157487028	NA	NA
E-GEOD-1919_2	0.00290783779998819	0.00611019458825131	NA	NA
E-GEOD-1919_3	-0.000642509681695803	-0.0159849303121829	NA	NA
E-GEOD-1919_4	-7.73081017566672e-05	0.00321870566283484	NA	NA
E-GEOD-1919_5	-0.00471263251419984	-0.00875156555599891	NA	NA
E-GEOD-1919_6	-0.014337752727548	-0.0248399151541843	NA	NA
E-GEOD-1919_7	-0.015914923276154	-0.0628145046487579	NA	NA
E-GEOD-1919_8	-0.0078314307834552	-0.035037007838055	NA	NA
E-GEOD-1919_9	-0.00431691099010816	-0.0294179845454559	NA	NA
E-GEOD-19664_1	0.0237910529126144	0.0415046642884735	NA	NA
E-GEOD-19664_2	-0.00170800732566153	0.00594169273752472	NA	NA
E-GEOD-19664_3	-0.00496883001948734	-0.0279043816349198	NA	NA
E-GEOD-19664_4	0.0298190823878741	0.0456486800501126	NA	NA
E-GEOD-19664_5	-0.00602476436604368	-0.01881175277353	NA	NA
E-GEOD-19664_6	-0.032682281286206	-0.0799775217309991	NA	NA
E-GEOD-43923_1	0.0160603950046425	0.0572369090928072	0.0211082936173686	0.0294701443553679
E-GEOD-51812_1	-0.0185832863471642	-0.0820764422988983	-0.0189953262567918	-0.0185205956688078
E-GEOD-51812_2	-0.0166450263102434	-0.065999349597229	-0.0175186559910449	-0.0171418057740575
E-GEOD-68760_1	0.0441292179990772	0.145723808969901	0.0397482783631613	0.0639396739355526
E-GEOD-82107_1	0.00279968495408931	0.0104490445658837	0.000597875880694491	0.0107909110631477
E-GEOD-9451_1	0.0167077183531963	-0.00578219027482798	0.0237023714065174	-0.0136997962357667
E-GEOD-9451_2	0.0280404350934371	0.0510987704681713	0.0290208631544767	-0.00393260807851575
E-GEOD-9451_3	0.0171177110647548	0.0219050090311493	0.0173338571691899	-0.00217196706000835
E-GEOD-9451_4	0.0265890494032587	0.0386043338335504	0.0262958914997505	-0.0024757357428011
E-MEXP-2019_1	0.0188496396473016	0.0520438573354252	0	0.0220687228347545
E-MEXP-2019_2	-0.0389275779453457	-0.0795477147597737	-0.00631504070296104	-0.0132233399129532
E-MEXP-2019_3	0.00959032171235625	0.0362693687023693	NA	0.0181349801467169
E-MEXP-2019_4	-0.00011001976722309	0.0308691301171852	0.00176207617178444	-0.00646141189812127
E-MEXP-2276_1	0.00384114228389728	-0.00444186780914143	NA	0.00112733113310543
E-MEXP-2488_1	-0.00216530928273952	0.00982009588916226	-0.00197498291663422	-0.00875912215363998
E-MEXP-3129_1	0.00479381486822768	0.0507445385156663	0.00881160744484625	0.00583436808745988
E-MEXP-3474_1	-0.0230306193271928	-0.0484777822028476	NA	-0.0132952739912478
E-MTAB-3010_1	-0.0443999545592109	-0.10435431083753	NA	NA
E-MTAB-3010_2	-0.0381507534147764	-0.0801819737321547	NA	NA
E-MTAB-3010_3	0.00398567992485329	0.0239062463068008	NA	NA
E-MTAB-3010_4	0.0531847450613863	0.112535473995526	NA	NA
E-MTAB-4152_1	-0.0369850149465028	-0.116447490750496	-0.0389121354984587	-0.0254933810611607
E-MTAB-4152_2	0.00770256759216692	-0.0207604222565197	0.00823800243457772	0.00697001038920534
E-MTAB-4152_3	-0.0331388119714512	-0.136049551081135	-0.035255123192025	-0.0386149297838126
GSE100609_1	-0.0105378674385725	-0.0676888560650852	NA	-0.0201807700181041
GSE100786_1	0.00136721522578492	0.00911066614029313	0	0.00913926822591928
GSE100786_2	0.00878483866177508	0.0594903206764147	NA	0.0272334305981823
GSE103697_1	0	-0.000419208955621275	NA	NA
GSE103697_2	0	-0.00226374123234292	NA	NA
GSE103697_3	0.000513347022587269	-0.00031332002867516	NA	NA
GSE104113_1	0.000558350767195799	0.0253692217479508	NA	NA
GSE104113_2	0.017983604508473	0.00495969662548114	NA	NA
GSE104113_3	0.000558350767195799	0.0253692217479508	NA	NA
GSE10575_1	0.0422600598837836	0.056074780322508	-0.00116210438131712	-0.00346240312234242
GSE10575_2	0.0059071379738185	-0.00579853996776167	0.00399948908756417	0.0123051929432152
GSE10575_3	-0.0613788608667292	-0.163666964137094	-0.0644870957675593	-0.0448128742151079
GSE13604_1	-0.00457750277264865	-0.0366513154745188	-0.00305622887766841	-0.00374429117308383
GSE13837_1	-0.00031230732702964	0.00415270227967359	0.00368809272918862	-0.0168351998258622
GSE13837_2	-0.0100223957413461	-0.0172810075555395	-0.00369813041370454	-0.0224503528826786
GSE13837_3	0.000969120978953165	0.0134928378485708	-0.00658239202841788	0.0014406085394932
GSE13837_4	0.00510501175218887	0.0204670072035341	-0.00795836902337898	0.00544609333964656
GSE13837_5	-0.00143863176902427	-0.00564118880172179	0.00431965442764579	-0.0157258347291721
GSE13837_6	-0.00357412643278332	0.0203490722622494	0.00171241531792786	-0.0176291266783123
GSE13837_7	0.000467544643174323	0.0270882460069217	-0.0033591182350156	0.00356754133159417
GSE13837_8	0.018188949801444	0.0493258143946951	0.0122025810156377	0.00762814656127307
GSE13837_9	0.0126850631432442	0.0202378837520046	0.00975175127263808	0.000107264393661304
GSE13837_10	-0.0024155374073575	-0.00456797395854049	-0.00278990708887158	-0.00738998130460279
GSE13837_11	-0.00146488049854518	0.00694704433056913	0.00216063319331264	-0.00362147666481623
GSE13837_12	-0.0032323310626937	-0.0153280633055737	0.00582831994623481	-0.00763107333764089
GSE13837_13	0.032960480059646	0.15434137065729	0.0251217672946645	0.0339795927934315
GSE13837_14	0.0341916391070618	0.139706985258556	0.0297157617110505	0.0415352146163505
GSE13837_15	0.0302057387855729	0.117080506591579	0.0299791928540446	0.0338827935232488
GSE13837_16	0.008106776068793	0.0355160663210549	0.00671784576501594	0.0082793117275272
GSE13837_17	0.0273416788026336	0.167493062382515	0.0203214007315464	0.0338746105704282
GSE13837_18	0.0356694953136136	0.164391206132856	0.0315832806097692	0.0305555183025317
GSE13837_19	0.0276521961453034	0.134683079121928	0.0324512278867939	0.0268788125502178
GSE13837_20	0.0137579499097555	0.0598213807012123	0.0118420936087411	-4.33461491358214e-05
GSE13837_21	0.00483131334592429	0.0137947828011089	0.000881695355015082	-0.00117718223415937
GSE13837_22	-0.000159043915720143	0.00163185215410963	-0.000893966052057462	-0.00480989500691907
GSE13837_23	0.000426823416642685	-0.000965608867621843	-0.000143366477014663	-0.00854170720155952
GSE13837_24	0.00255378183357542	-0.00259914397547465	-0.00535640378690653	-0.0029764979180673
GSE16464_1	-0.0907216528256504	-0.207593092735837	NA	NA
GSE16464_2	0.0455703962957719	0.0815115026988552	NA	NA
GSE19060_1	-0.0046469793916949	0.000324261197074543	0	-0.00268322064312512
GSE27372_1	0.00629365846765993	0.00708846620021124	0.0071312165824361	0.018496962927697
GSE27390_1	0.0136852734090734	0.077752403169477	0.0238611819631057	0.0155850314086347
GSE29106_1	-0.0140302859024799	-0.026751263754926	NA	NA
GSE29107_1	-0.0123407389823594	-0.0336925998859106	NA	NA
GSE29107_2	0.0498953473498954	0.106336598547815	NA	NA
GSE29745_1	-0.0586334847851755	-0.181139807028081	NA	NA
GSE29745_2	0.0170175050429183	0.0284859605707594	NA	NA
GSE29745_3	-0.0523726307820146	-0.129199310012193	NA	NA
GSE35546_1	0.0172070130814448	0.0866322475811583	NA	NA
GSE35546_2	0.0198087126370691	0.0904444027581948	NA	NA
GSE35546_3	0.0189110231593521	0.0905883706804015	NA	NA
GSE35546_4	0.0390085010013776	0.0903607524585834	NA	NA
GSE35546_5	0.0408647713334429	0.0927212041361602	NA	NA
GSE35546_6	0.0388134313866328	0.0931361381201066	NA	NA
GSE35955_1	-0.013026299797819	-0.0494433279698978	-0.0060424881013078	-0.0179374031068364
GSE35956_1	0.035287831132024	0.0357694869852779	0.0249632251351537	0.0122589955847342
GSE35957_1	0.0544920644740124	0.111831524760034	0.0577117941421118	0.0276540810903167
GSE35958_1	0.0238552481687497	0.0636129878597123	0.0144944013118693	0.0149843287685065
GSE39340_1	-0.00181655318445451	0.0111726326823552	0.0012794510924098	-0.00984116458254389
GSE39340_2	0.00660772452514825	0.024902873347984	-0.00438715564427139	-0.0156392134318516
GSE39340_3	-0.00695726784028198	-0.016158275186671	0.00062111801242236	0.00323595305668311
GSE39795_1	0.00311400551931735	0.0287468932796491	NA	0.00967125986983612
GSE39795_2	0.0203228343337003	0.0519767611658511	0.0115570054754083	0.0269740680082443
GSE39795_3	0.00984388677801225	0.0430484614011051	-0.000142276605862661	0.0250153396972884
GSE41038_1	0.00368348045647129	-0.0086381001280167	NA	0.0171063765932337
GSE41038_2	-0.000165927807255842	0.0209045734276495	NA	0.00864895176208463
GSE41038_3	-0.00447240520912475	0.0067530070576063	NA	0.00402714875816421
GSE41992_1	-0.0304304628763482	-0.0599896774204238	NA	NA
GSE42235_1	0.0140330623525319	0.0447053082357478	0.0173344215330189	0.0169435903967897
GSE42235_2	0.029516273085438	0.0921773323404779	0.0285611021640146	0.0422702912745462
GSE42235_3	0.023886523313359	0.087893017427934	0.0257384288114215	0.0455408508008679
GSE42235_4	0.029475443960613	0.0888659286788087	0.0312813864854084	0.0268315056874575
GSE45233_1	-0.00720090418158047	-0.0125894881350963	NA	-0.022666072432767
GSE45233_2	0.0147794315938286	0.0644557718779071	-0.000542299349240781	-0.00437167018664901
GSE45233_3	0.00406168665813433	0.0219325125063877	NA	0.0123450165253473
GSE45233_4	-0.0311787294893634	-0.0509981198989223	0.000938086303939962	-0.020066837255361
GSE46053_1	-0.00266027997943721	0.0326710439975206	0.00289431293226018	0.0107432458885764
GSE46053_2	0.00804895285517497	0.0513542669684496	0.00837291164407599	0.0178800379968163
GSE46750_1	0.0374105629354986	0.195052626053449	0.0141739664727823	-0.0157598420346216
GSE51588_1	0.0286028215794173	0.0279681895625076	0.0290317537400809	0.00817815522190768
GSE51588_2	0.0474658460699549	0.0768998852108464	0.0501902967707057	0.00419692039526698
GSE51588_3	-0.0410478183262953	-0.089245773562278	-0.0427009764760744	0.0119682592328748
GSE52817_1	-0.00735438610136968	-0.0214407074883919	NA	NA
GSE52817_2	0.00687093924194497	0.0342131803211151	NA	NA
GSE52817_3	0.0329412204705578	0.0717553910183399	NA	NA
GSE52817_4	-0.00225380554071333	-0.0420096088667411	NA	NA
GSE55235_1	-0.00186367927336092	0.00314620731620246	-0.00130091153907452	-0.0107252874731358
GSE55235_2	-0.0259284646357939	-0.0632507434367429	-0.0312580103812886	-0.0239001494625227
GSE55235_3	-0.0218946750948112	-0.0750826807626713	-0.0261288306314921	-0.0274365529635204
GSE55457_1	0.00515909468296545	0.0448066998049297	0.00176532745901894	-0.0018178003425033
GSE55457_2	-0.000314716752213017	0.0134943191222399	0.00275786837739622	-0.0097127001125147
GSE55584_1	0.00126415744214857	-0.00117927768177537	-0.002596533732951	-0.00774804059892022
GSE57218_1	0.00982726505745436	0.0349824587518348	0.0170802946465702	-0.000490530371008458
GSE60762_1	0.015900375472556	0.0475510109679477	NA	0.0272701458076225
GSE62914_1	0.0307562074418934	0.0597612341946547	NA	0.00406577336232925
GSE62914_2	0.043495106956512	0.0757143309264811	NA	-0.00112312963991304
GSE62914_3	0.0270455516455461	0.0751994903010836	-0.000530222693531283	0.00272227112101362
GSE62914_4	-0.0155858037353804	-0.0636227195770489	0	-0.0140271278424405
GSE64394_1	-0.0133141301426182	0.020047436903851	NA	0.0235996659748863
GSE66635_1	-0.00146142700173692	-0.0204853870207713	NA	-0.00480429621909559
GSE68038_1	0.0196405510754081	0.0266195597196741	-0.00507086377111018	-0.00799862271202165
GSE68428_1	0.0420211658548569	0.133771915788539	0.0417935339314365	0.0421503357211448
GSE68428_2	0.0528946562786172	0.160783340723771	0.050847428668117	0.0465444279758607
GSE68428_3	-0.000542867247790981	0.0792892907313814	0.010330626119191	0.0463887010150006
GSE69459_1	-0.0608797314643188	-0.13071488167748	NA	NA
GSE69459_2	-0.0716463664987264	-0.143806205186184	NA	NA
GSE69459_3	-0.0428542934775844	-0.0958420138304961	NA	NA
GSE69459_4	-0.0814007161751692	-0.152943118988294	NA	NA
GSE69992_1	-0.0250489019705797	-0.0706399898444782	-0.0258937657841154	-0.0180217426342355
GSE70719_1	0.0201530100703892	0.0767819178811016	0.0223150295503637	0.00638164090846836
GSE7116_1	-0.00600351295629611	-0.00501468294168984	-0.00771844707374179	-0.0106305442157821
GSE7116_2	0.00588802877432732	0.0561161421812325	-0.00328790052606408	-0.00816856826853553
GSE7116_3	0.013489113264838	0.0511852630523413	0.0147214434487402	0.00824317769273748
GSE72575_1	0.00465138656443004	0.0274416442275746	0.00840462009101511	0.0103144894321365
GSE72575_2	-0.027999008195615	-0.0402384271915036	-0.0340839339227823	-0.0386083619312128
GSE72575_3	-0.0195499378793011	-0.0396453850763692	-0.0213319129408207	-0.0215282694096253
GSE72575_4	0.00511247443762781	0.0911394615558946	0.0021505376344086	0.0216599007274092
GSE75181_1	0.0044160879731936	0.00906984962479668	0.00442883224393347	-0.0130524813041897
GSE75181_2	0.052720704043523	0.205871882382825	0.0614731090591482	0.0373907913064668
GSE75181_3	0.0165166228048844	0.0593082116774056	0.0175891192936692	0.0112449469233178
GSE75230_1	-0.00292302722535754	-0.041215048349481	-0.00363311618390793	-0.0158780675400576
GSE7669_1	0.000919412786929363	-0.0116895276717664	-0.00354495180462951	0.0031271229044463
GSE77916_1	0.00153217568947906	0.0516176011427581	0.000668449197860963	0.00177748955240579
GSE80614_1	0.0119153466199721	0.0652322702354616	0.0176948751710033	0.02188262325611
GSE80614_2	0.00656024174263263	0.0536653207646595	0.00972447864340951	0.0235747633523817
GSE80614_3	0.00659229208924949	0.0518117896730958	0.00605143721633888	0.0233913315045405
GSE80614_4	-0.00150497011493693	-0.0233138940133022	-0.00375878588377516	-0.0136901617216578
GSE80614_5	0.00637813700747996	-0.0127973031868046	0.00817050857100038	-0.0140514474943909
GSE80614_6	0.00462358917519744	-0.0240892751244319	0.00421505443018066	-0.00476359741270179
GSE80614_7	-0.000517731936645491	-0.0318322644245675	0.00123973388683885	-0.00843954137499595
GSE80614_8	-0.0110701388594	-0.0655457688685585	-0.00858381839374176	-0.0114179048721915
GSE80614_9	0.00889689187280687	0.0711236984524	0.00865331514147419	0.0241606767716247
GSE80614_10	0.00522959558180821	0.0590420695322823	0.00892666910821499	0.0213638634482484
GSE80614_11	0.00509683995922528	0.0875556929546299	NA	0.0281340603326066
GSE80614_12	-0.00520793186580607	-0.0024901586680339	-0.00567055147152309	0.0012890295544842
GSE80614_13	-0.00569663755429106	-0.0275314733357166	-0.00928329949957463	-0.0153683533919865
GSE80614_14	-0.0054108186232919	-0.0247411909726344	-0.00670294107975802	-0.0227653671856844
GSE80614_15	-0.00828740062680853	-0.00537406976388327	-0.0102859035610934	-0.0267654430066739
GSE80614_16	-0.00453073707056735	-0.0175949810795761	-0.00522730495701655	-0.0352125852902677
GSE85254_1	0.0616196934961188	0.170171468340252	0.0468554055664075	0.0798244353702238
GSE86578_1	0.0266071988657202	0.172206263352625	0.0356277832883932	0.0413139375210117
GSE86578_2	0.0293151464066944	0.197963004525492	0.041747900124184	0.0506030232974244
GSE86578_3	0.0338445642007437	0.150811532955413	0.0478775478363603	0.0588459927201922
GSE9329_1	-0.0126386293947739	-0.0191032224436681	NA	NA
GSE93698_1	-0.00171030353113471	-0.00938758474597973	-0.00675819248665616	-0.0198584060091372
GSE93698_2	-0.00564789400505319	-0.00843002941359017	-0.0120844114336875	-0.0150590199334328
GSE93698_3	0.00210049071951589	0.000584872728948836	0.00314116277748667	-0.0120724429235068
GSE93698_4	-0.00326485985935222	-0.0214644897039189	-0.00911662643901665	-0.0161796187767891
GSE93698_5	9.42957154044036e-05	-0.00567758470416354	0.00303155189630309	-0.0101822295566708
GSE93698_6	-0.00292747080553017	0.0057913103241031	0.00445041513810455	0.0078395015174762
GSE93698_7	0.015503537278303	0.0183341217139383	0.0119286979721302	0.0100013168747612
GSE93698_8	-0.00378542826839158	-0.0273481681244957	0.00508726968378867	-0.0089481821943195
GSE93698_9	0.0094034910683208	0.00601219179431428	0.00732519782285059	0.00313400611924495
GSE93698_10	0.0136624648193537	0.01550638450886	0.00963152859143531	0.0149065972610606
GSE93698_11	-0.00210178102292618	-0.0303597947326073	-0.000685163257068936	-0.0113367876006329
GSE93698_12	0.00688982609721412	0.00197303591549119	0.00946748288936605	0.000251038206261153
GSE93698_13	-0.0150507600703235	-0.0401636322339275	-0.00732876860122126	-0.0140847682688418
GSE93698_14	-0.00897752532916827	-0.0158162275116613	-0.00833344270724376	0.00668396341498477
GSE93698_15	0.00876438938750778	0.0219773530395683	0.00575960981584087	0.012528210919643
GSE93720_1	0.0304052586295696	0.110504717523035	NA	NA
GSE93720_2	0.0410550911607323	0.14622957986572	NA	NA
GSE93720_3	0.0292762289540001	0.11496931933838	NA	NA
GSE93720_4	0.045422112783949	0.147270308470366	NA	NA
E-MTAB-5564_1	-0.0219756038838682	-0.0424061783864358	-0.0148833969046587	-0.00667427867595123
GSE77753_1	-0.0032869504944167	-0.0484084204235776	NA	-0.00192893182649856
GSE43861_1	-0.000959836839485622	0.0179776425698979	NA	NA
GSE112809_1	-6.28904690359641e-05	0.00175549858268985	NA	NA
GSE111946_1	-0.0733468732566493	-0.1388936776074	NA	NA
GSE111946_2	-0.00339546208285147	-0.0486179702010091	NA	NA
E-MTAB-3201_1	-0.0134741792420092	-0.00265504058571317	-0.00113689186674257	-0.00399153253770856
E-MTAB-6700_1	0.028151406546843	0.0976540874272591	0.0301229457590629	0
GSE54749_1	0	-0.0210567524877105	NA	-0.00249159150373762
GSE57218_B_1	-0.00153904163252772	-0.0185435115048047	-0.00516567486231092	-0.0122644364682975
GSE57218_B_2	-0.00863746291333586	-0.028684640912191	-0.0112372753436193	-0.000385389850079505
GSE57740_1	0.00373950312182491	0.141310943225712	NA	NA
GSE52992_1	-0.00757259938535812	-0.0778702840066506	-0.00672246768608986	-0.00990967365967366
GSE17160_1	0.0707780700662812	0.263712353529268	NA	NA
GSE17160_2	0.0205643983644626	0.131643301891502	NA	NA
GSE17160_3	0.0308803312512087	0.127322048285341	NA	NA
GSE17160_4	0.0316875050719495	0.103736586858275	NA	NA
GSE17160_5	0.0311313030343744	0.192034768867186	NA	NA
GSE17160_6	0.0218973457442807	0.211516974922685	NA	NA
GSE17160_7	0.0107261965648018	0.0246950812912053	NA	NA
GSE17160_8	0.0435971812925801	0.121296205927211	NA	NA
GSE17160_9	0.0911707060947149	0.155560553954419	NA	NA
GSE17160_10	0.107667821742572	0.208597928516398	NA	NA
GSE17160_11	0.0946844487228205	0.174078444984777	NA	NA
GSE17160_12	0.107422018341668	0.215739041649923	NA	NA
GSE22971_1	-0.000111721307062952	0.0513674593193305	NA	-0.0146162981711624
GSE22971_2	0.000116747760285192	-0.0324401161803849	NA	-0.00783906643346727
GSE22971_3	0.0223802111468995	0.0589114850563761	0.0276343410210369	0.035792447304299
GSE22971_4	4.24061044244986e-05	0.0332181378356482	0.00478728109413011	0.0341227519275013
GSE13590_1	-0.00903990529602316	-0.0278285995497464	-0.0113090394562906	-0.00726351285781574
GSE13590_2	-0.00217296674078519	-0.0472857883439881	-0.00308523221181936	0.0040480647690363
GSE99731_1	-0.000635518247696746	-0.0142942641709223	NA	-0.000944540353938137
GSE99731_2	-0.00437793790775678	-0.103662531277946	NA	-0.0172303172224832
GSE99731_3	-0.0214417203547124	-0.0606891749116232	-0.0208235339535823	-0.0300972195697365
GSE27492_1	0.0057752400016606	0.0600375137550392	0.000931098696461825	0.0123513247251452
GSE27492_2	0.00388743016692859	0.0655352349242764	-0.00242663578439697	0.0348030811798548
GSE27492_3	-0.00959361240236519	0.0373636040523513	-0.0194919342801419	0.00885085263610179
GSE27492_4	0.00496428512141219	0.0734730034195833	0.000866563895753288	0.0219401631286252
GSE27492_5	0.0109649711046229	0.0918504497676539	0.0144460759714065	0.0291429655798517
GSE27492_6	0.0116126557347037	0.0332178633952418	0.0223710506912647	0.0274719233487788
GSE27492_7	0.00749085422169372	0.0596064656069566	0.0142663206214716	0.0102151251755503
GSE27492_8	0.0116562721248124	0.053624877437759	0.0209125395476594	0.0173467022343455
E-GEOD-15069_1	0.00922511555062413	0.0504938496445897	0.00964247488395597	-0.00119615922113031
E-GEOD-15069_2	0.0149880864760146	0.105420128188266	0.0172826302020288	0.0187755211691382
E-GEOD-15069_3	0.0965102548507356	0.19291677003829	0.0989352963054854	0.0528643507349041
E-GEOD-15069_4	-0.0383280549561309	-0.188372798545821	-0.0387631342514911	-0.0884238886030727
E-GEOD-15118_1	-0.00282341823634391	-0.0126101954070856	NA	NA
E-GEOD-15118_2	0.000512295081967213	-0.029314152477583	NA	NA
E-GEOD-15118_3	0.0120023828750369	0.0711530140296083	NA	NA
E-GEOD-15118_4	0.0131491967775136	0.0733868872628275	NA	NA
E-GEOD-16007_1	0.0694629669534743	0.207159246029303	NA	NA
E-GEOD-17473_1	-0.00365807809802277	-0.0567988677301286	NA	-0.0032908097922653
E-GEOD-18647_1	-0.0314157044147536	-0.122297788100841	NA	-0.0292584617786194
E-GEOD-18647_2	-0.0212091632494867	-0.0613500166307905	NA	-0.0193417020058489
E-GEOD-18647_3	0.0300904124840639	0.0645261074171261	NA	0.0311451442314928
E-GEOD-18647_4	0.0411703550770999	0.0967334886373703	0.00070482231519865	0.0177328526799872
E-GEOD-18648_1	-0.0146325390311345	-0.0383820580968883	-0.0164077394486912	-0.0151180515845307
E-GEOD-18648_2	-0.0311855990256098	-0.118710139584991	-0.0334892680273835	-0.0191088968942064
E-GEOD-2154_1	0.00350162075361538	0.0448505870223919	0.00505472107323115	0.0132625369724458
E-GEOD-2154_2	0.00694880420201094	0.140926654548394	0.00903010992263224	0.0463544294251299
E-GEOD-2154_3	0.010229289643027	0.136052677487483	0.0124548386669986	0.041157753362062
E-GEOD-2154_4	0.0241354236673465	0.116414315858814	0.02921099844683	0.025368205651391
E-GEOD-26475_1	0.0103664288772108	0.0425271213012089	0.0118750478610772	0.0370976918354112
E-GEOD-26475_2	0.0121415831085546	0.0366347740354143	0.00629148193845363	0.0266705029862925
E-GEOD-26475_3	0.0308957676250073	0.097841494051603	0.0336412344155048	0.0634127030229752
E-GEOD-33567_1	0.0964035394670319	0.218379835954279	NA	NA
E-GEOD-33567_2	-0.0359440930013736	-0.0493674938115087	NA	NA
E-GEOD-37287_1	0.00330543918773198	0.0185351683164359	NA	NA
E-GEOD-37287_2	0.00841006101641114	0.0333399952918137	NA	NA
E-GEOD-37287_3	0.010278809979538	0.0354205203985315	NA	NA
E-GEOD-51994_1	0.0557599170770705	0.118194598933978	0.0471342473911832	0.0448746151529278
E-GEOD-51994_2	0.0418067182594212	0.104104518855492	0.050840084199035	0.0476058823640563
E-GEOD-51994_3	0.014519507004427	0.039692421978707	0.00863637112055632	0.0361726057990328
E-GEOD-65077_1	-0.000615225877029412	0.00665965481624304	NA	NA
E-MEXP-1244_1	0.0165883967870786	0.126169002398674	NA	NA
E-MTAB-1123_1	0.0199423675947623	0.0630351349873056	0.0211667640642175	0.0155321655144884
E-MTAB-1123_2	0.0108293910868012	0.054689742511209	0.0123679093381772	0.0042657659991072
E-MTAB-1123_3	-8.58694201677553e-05	-0.00541845912902926	0.00217271986310414	-0.00705391323181758
E-MTAB-1123_4	0.00170542013415623	0.0170707203312236	0.000533617929562433	0.00197822475323489
E-MTAB-1391_1	0.0551450867386524	0.143189756741574	0.0575104641957554	0.0646891249615858
E-MTAB-1391_2	0.0937858625356156	0.236267248151427	0.096320740337701	0.0864581975937091
E-MTAB-1391_3	0.0951505214113647	0.221082120143995	0.0982630303961213	0.0738132319558376
E-MTAB-2450_1	-0.0257172795553805	-0.0782230104831668	-0.0220242492807711	-0.0262661748559001
E-MTAB-2450_2	0.000975455842446946	-0.0281088607979524	-0.00411154918207064	-0.0145192755043202
E-MTAB-2450_3	-0.0391992509211958	-0.0605801135245848	-0.0432748601289432	-0.0335382645652903
E-MTAB-2450_4	-0.0698121629484755	-0.139922115301703	-0.0726791217865673	-0.050011382214772
E-MTAB-5023_1	0.00164508301856747	0.0134669996422667	NA	0.0063274371237985
E-MTAB-5326_1	-0.00444140973808705	-0.0208996339463644	NA	NA
E-MTAB-5326_2	0.00854233251318805	0.0189248488388868	NA	NA
E-MTAB-5326_3	0.0201132022914107	0.0480054116932142	NA	NA
GSE102588_1	0.00550249988278007	-0.00258657937132124	0.0074072893175774	0.00881031744173674
GSE104794_1	0.278249772070732	0.663218161324356	0.282056264658264	0.287795147466488
GSE104795_1	0.204632428809043	0.597126136525338	0.20716607498528	0.216319153821132
GSE105139_1	0.00114810562571757	0.076510885134044	NA	0.00455725402820274
GSE105139_2	0.00771547195879406	0.138564778122997	NA	0.0261449534384408
GSE105139_3	0.00544783522316082	0.102717256526434	0	0.02321165975059
GSE10555_1	-0.0503538688050656	-0.122116379069602	NA	NA
GSE10556_1	-0.0312171028089338	-0.141637039502151	-0.0350703241565527	-0.0400038847252714
GSE106631_1	0.164893896037861	0.433780605873796	0.172746257395391	0.151400091953715
GSE13104_1	-0.0023809209458084	-0.0140889120787793	NA	NA
GSE13104_2	-0.0101238192528898	-0.0285782127485912	NA	NA
GSE13104_3	0.000139851638655597	0.000778786274690463	NA	NA
GSE16749_1	0.0473948974751497	0.107582547909369	NA	NA
GSE16749_2	-0.0107064440263907	-0.0686527246671255	NA	NA
GSE16749_3	-0.000336560350629379	0.0172280425672951	NA	NA
GSE17348_1	-0.126828676221964	-0.373901152312461	NA	NA
GSE17563_1	-0.0821618910673655	-0.192909783633003	NA	NA
GSE17563_2	0.0640283084009918	0.133209621890912	NA	NA
GSE17569_1	0.0646803783753031	0.114422219921268	NA	NA
GSE17569_2	0.12266550859832	0.278926154913502	NA	NA
GSE17570_1	0.0969936735997783	0.243582160723596	NA	NA
GSE17570_2	0.0587501157859168	0.139382996211144	NA	NA
GSE18991_1	0.000578703703703704	-0.0406674175694873	NA	0.00556785855827336
GSE18992_1	0.000513874614594039	-0.0290323327822649	NA	-0.00158330579710446
GSE19299_1	0.00269171788332878	0.0280002767489939	0.00245362096205001	0.00382134058523594
GSE20850_1	-0.0119303452814618	-0.0288505293957905	NA	NA
GSE21093_1	0.0848260854978835	0.175292147672634	NA	NA
GSE21523_1	0.0235637761298697	0.0508501764150491	NA	NA
GSE21639_1	0.00614995289676691	0.0567015180891035	NA	NA
GSE21639_2	-0.00880749993208445	-0.0341390630854039	NA	NA
GSE21639_3	-0.00598407786610279	0.0105832907220954	NA	NA
GSE21639_4	-0.015179008784723	-0.0568558570262976	NA	NA
GSE21710_1	0.0390330856417646	0.0855342554748099	NA	NA
GSE21710_2	0.0420154935410583	0.0899766255876288	NA	NA
GSE21710_3	0.0366517134186784	0.0749608288570542	NA	NA
GSE22925_1	0.0215462884642079	0.0676358298462699	0.0308928419846327	0.0262050649958603
GSE22925_2	0.0264850652592387	0.0721966902194339	0.017251379950476	0.0238770251447534
GSE26499_1	0.0126558564923126	0.019865375590141	NA	NA
GSE30160_1	0.0315296823407409	0.114993451633068	0.0392651254610567	0.0046260164077247
GSE30628_1	-0.00344443558008635	-0.0298298221106972	-0.00474211231391739	0.0176532677491483
GSE30628_2	-0.0169948701121657	-0.0391602700308127	-0.0163340174927165	0.00499935100220635
GSE32163_1	0.0321280751388491	0.120716995381026	NA	0.0110066402450278
GSE33656_1	0.0654296184138782	0.117831723781777	NA	NA
GSE33754_1	-0.00197581351140006	0.0808586594545954	-0.000563657022746108	-0.00709503810022029
GSE33754_2	0.0188222020571953	0.136696044212589	0.0182246085574445	0.0199154000688933
GSE33754_3	0.0106495846396898	0.0980231445124476	0.0120731659745408	0.0155345645916923
GSE34570_1	0.0381994378604151	0.114566122961857	NA	NA
GSE35003_1	-3.56593372890443e-05	0.0211912111331988	NA	NA
GSE35466_1	0.0313187174874183	0.11870929445693	NA	NA
GSE35466_2	0.0103678756291529	0.0268905065666526	NA	NA
GSE35466_3	0.00261181286501184	0.0599349883701504	NA	NA
GSE35466_4	0.00476527081563966	0.0926696814725433	NA	NA
GSE35466_5	0.00529138120990319	0.0440812174011435	NA	NA
GSE36925_1	-0.00265745823358526	0.0300355614783865	NA	NA
GSE36925_2	-0.0108732763412187	-0.0257636130329472	NA	NA
GSE36925_3	-0.010374122164179	-0.0443282581794	NA	NA
GSE37219_1	-0.0537891078412571	-0.118091655255015	NA	NA
GSE37676_1	-0.0130996661522341	-0.0306102553493141	-0.0150323130620136	-0.00776938502716669
GSE41342_1	0.0143924814309078	0.0748697808642695	0.0121411078687206	0.00698385696378723
GSE41342_2	0.00839558260350432	0.0521324833632621	NA	0.00958303179935993
GSE41342_3	0.00264981953573438	0.0328241309611553	NA	0.0111929314338553
GSE41342_4	-0.000551654210568909	0.0067067483819284	0.00105923291652327	-0.00113205510787649
GSE41997_1	-0.00417454304158568	-0.0477211376232432	-0.00349838975736529	-0.0100181462771691
GSE43242_1	0.00571281213468146	0.0965210164615186	0.00816357231772263	0.004487290244933
GSE43242_2	-0.0100086478525534	-0.00902217603930717	-0.00449519307462433	-0.0150308919051495
GSE43663_1	0.00164768662325466	0.0264183070338322	-0.00166666666666667	-0.015001439243051
GSE43854_1	-0.0125743256743225	0.0159885699373908	NA	NA
GSE45656_1	-0.00325047726678609	-0.0491617322449352	NA	NA
GSE45656_2	0.0933640091196664	0.227998857179177	NA	NA
GSE45656_3	0.070763998032292	0.176686299465043	NA	NA
GSE45793_1	0.0104834745378544	0.0162890128349648	-0.00822740907379117	0.0173500109879688
GSE45793_2	0.0174871647418127	0.0304391488286248	0.0159129677918653	0.0142308079801435
GSE45793_3	0.0186308916531697	0.0465272331779213	0.015794420281639	0.0217880159871342
GSE45793_4	0.025530396162416	0.0497623984215365	0.0260581386580303	0.0271404182196848
GSE45793_5	0.0061417709987561	0.00767367736369973	0.00878456461966903	0.0248057250843547
GSE46390_1	-0.0197364723795536	-0.0982319475613608	NA	NA
GSE48438_1	0.0140938443921182	0.0593834369822712	NA	0.00462196172011959
GSE50549_1	0.0130200248402406	0.0590540740842242	0.0177885107313156	0.01254501321257
GSE50549_2	0.010806693743677	0.0354310117736991	0.0127398987050433	0.00157239071640878
GSE51098_1	0.0502278106415035	0.141689359373915	0.0498090491396384	0.0515632252160533
GSE53857_1	0.00492792051920759	0.0638106423287422	0.00513409606134688	0.0102318096301721
GSE53857_2	0.00475740457865703	0.0602553925097965	0.00879699979945798	-0.00708179947584893
GSE53857_3	-0.00327035229173608	0.0238325331290554	-0.00142570978885187	-0.00923690586317783
GSE53982_1	0.00146264747446616	0.0188868497141086	0.00206163482690316	-0.0114794174860115
GSE53982_2	0.00166342699936063	0.0794159972363705	0.00202753293159508	0.0166087529070546
GSE54779_1	-0.0123272172258977	0.0346524949047982	-0.0129341001085553	0.0336064842285703
GSE55900_1	0.000578703703703704	0.136454807722922	0.00158730158730159	0.0430928260721307
GSE57104_1	-0.0102409601957514	-0.0738246752682592	NA	-0.00801806524878397
GSE59387_1	-0.00032238724843393	0.0371986273940054	NA	NA
GSE60401_1	-0.0484824504662447	-0.198860359155512	NA	NA
GSE60401_2	-0.0456576750343075	-0.156723702293537	NA	NA
GSE60651_1	-0.0606992070254795	-0.238343576808273	NA	NA
GSE60737_1	0.0501748736055966	0.123670706414244	NA	NA
GSE60761_1	0.00283306300284175	0.0412231265925339	0.000996600367789392	0.0106883116883117
GSE60761_2	1.57953262682592e-06	0.0180033591444034	NA	0.00183182763953375
GSE60761_3	-0.000793127391076114	0.0131643023119317	-0.000998723035043956	-0.00415292816227199
GSE60761_4	-0.000153831653230902	0.0301572855546845	-0.000659630606860158	-0.00540720455911493
GSE63017_1	0	0.00378555856904417	NA	0.00468441814595661
GSE63017_2	-0.000569476082004556	0.00409957504021532	NA	0.00152782144103263
GSE63017_3	0.00575274744364692	0.0161347980880733	0.00516016446371351	0.010089780969579
GSE63017_4	0.000124714460141502	0.0140144854208814	NA	0.00402099619968786
GSE63939_1	0.0288873185485489	0.0508989843790508	0.0289537521058911	0.000205227508365467
GSE63939_2	0.0352967980943009	0.078463131967053	0.0355661248155441	0.00708183179843099
GSE64141_1	0.0208175022198594	0.0220648987887426	NA	NA
GSE64965_1	0.0435164291862376	0.13456635180522	0.0482232859809648	0.0358118668494521
GSE65745_1	0	-0.0259180970417082	NA	-0.00539382183811107
GSE65745_2	-0.000509164969450102	-0.0393081400542239	-0.00151975683890578	-0.00582768299012526
GSE65745_3	-0.000509164969450102	-0.036573177172311	-0.00127877237851662	-0.00916585945842551
GSE66416_1	-0.00310491059377263	-0.022658316520001	NA	NA
GSE66862_1	0.0435363529051479	0.212754145241311	0.0437562752956842	0.032865934703334
GSE69108_1	0.0457314179946486	0.102301082145423	0.045553055394044	0.0135574253565106
GSE71565_1	0.0212126030552932	0.0609627545414621	NA	NA
GSE72261_1	0.00638854188962311	0.0253547837577913	0.00109182980641862	0.0135135135135135
GSE72261_2	-0.00890517481199732	-0.0390962988883168	-0.0193693157962072	-0.0120559234271017
GSE72261_3	-0.000115137925150031	-0.0377869406420708	-0.00487719321915837	-0.00369558517641887
GSE7683_1	-0.0118246681317003	-0.0445707303071805	-0.0061717698954126	-0.0308125522859909
GSE7683_2	-0.0237485907671355	-0.0818734356381257	-0.013233356786494	-0.0443321994669994
GSE78980_1	-0.0092955521251218	0.00608236095377488	NA	NA
GSE78980_2	-0.00197762772126764	-0.0557124119750173	NA	NA
GSE78980_3	-0.0191240535174327	-0.0960371231388706	NA	NA
GSE78980_4	0.00102826945623528	-0.00848072169248573	NA	NA
GSE78980_5	0.0022367627649829	0.0259069966214417	NA	NA
GSE78980_6	0.00123024948068657	-0.00900385800675137	NA	NA
GSE78980_7	-0.00258955983359507	-0.0328648227508543	NA	NA
GSE78980_8	-0.0115026666146505	-0.0404092324830843	NA	NA
GSE78980_9	0.00693333871873794	-0.016299606897175	NA	NA
GSE78980_10	0.000114705326416571	-0.00230566845444452	NA	NA
GSE81399_1	-0.0156931619982856	-0.0721564353085602	NA	-0.0124363058378674
GSE84609_1	-0.0184753904198265	-0.0634129382411888	-0.0203561364414955	-0.0041635915467145
GSE84907_1	0.0425563592788117	0.0657840936496309	0.0439977823945448	0.0253025379398738
GSE84907_2	0.021218805062979	0.0550291959351486	0.0218158359576612	0.0210295704019425
GSE84907_3	-0.0183316527559846	-0.0114707032845865	-0.0207479524981436	-0.0311219210529844
GSE90127_1	0.00419707942753082	0.00475360436759452	NA	NA
GSE90127_2	0.00216037318994822	-0.0191622458304288	NA	NA
GSE90127_3	0.00505805719365904	0.014663537161986	NA	NA
GSE9247_1	0.0187033211287142	0.143174893136154	0.020434119671477	0.0209727613190277
GSE9247_2	0.0608158562551439	0.133558832789843	0.0623197377394194	0.0351559968214449
GSE9247_3	0.00504925637150154	0.0483268438212115	0.00437239873371931	0.00248690571505984
GSE99306_1	-0.00294267831439488	-0.0183433644396514	-0.00949744701110594	-0.0110461265895944
GSE99306_2	0.0127549314620257	0.0295377261752185	0.0101626359267184	-0.00294681520773243
GSE99306_3	-0.0314621455721162	-0.0687096925715853	-0.0305301442401387	-0.000902541776971428
GSE99306_4	0.0136409775767518	0.0207044298464286	0.0104234014856815	-0.0145355489651556
GSE99306_5	0.0160361475274259	0.0295084726085932	0.0170261570110602	0.00121248087777602
GSE99306_6	0.0213047627452595	0.0337977595255792	0.0166215554522857	0.00336678494535114
GSE99306_7	-0.00743895177999941	-0.020435441654266	-0.00702098503304865	0.00134163284679279
GSE99306_8	0.0072073920190329	-0.0081266320279506	0.00435512153897255	-0.00109093373085784
GSE99306_9	0.0239094817604872	0.0433562932808567	0.0251681757474133	0.00253254800015293
GSE99306_10	-0.0268649339632807	-0.130057750178897	-0.0150171615890892	-0.0175004921601462
GSE99306_11	0.00591449440535246	0.00961735491654549	-4.69179922234324e-05	-0.00894925821496844
GSE99306_12	0.0144567350860569	0.0198029207279083	0.00769805803097836	-0.0096315155279461
GSE99306_13	-0.00413460850042627	-0.0165397107965788	-0.0083628659627863	-0.000868325168532056
GSE99414_1	0.000787147061864994	0.0609758496287692	0.00150803681350215	-0.00461068397083342
GSE110581_1	0.000585334565532461	0.0333489359211505	-0.000918373792266444	0.00997800586510264
GSE110581_2	0.00305238405943628	0.0370266251699707	0.000517063081695967	0.0264421531256599
GSE47799_1	0.0173326937068681	0.0937148974843566	0.0551916326884571	0.0467489770513484
GSE47799_2	0.0113520746768649	0.00937972690065605	0.0156481498902251	0.0163948201331379
GSE47799_3	0.0122156825831856	0.055695133008904	0.0187672852628219	0.0128308452527203
GSE111628_1	0.000625425879700806	-0.0777346624762852	NA	NA
GSE111628_2	-0.00560820983278496	-0.090558669779515	NA	NA
GSE111628_3	-0.0153049705460279	-0.10950313236423	NA	NA
GSE5657_1	0.00432127493084711	0.0306984857765528	0.00316230663457803	0.0231146150563642
GSE5657_2	0.0039368282456026	0.0665724205361155	0.00174404352875462	0.02929714806916
GSE13782_1	0.0553131092588871	0.170376817401517	0.0386709625239582	0.0523559175661573
GSE41039_1	0.00355966553901329	0.0656570215680937	0.00793298695564904	0.0238868837283395
GSE84198_1	0.00178508504288606	0.0323433839940583	0.000270880932095138	0.00232766023896399
GSE84198_2	0.0111754043968269	0.0744737562697811	0.0138151566457103	0.0206462932598243
GSE84198_3	-0.100150626002097	-0.211381601593874	-0.103568513445518	-0.0372558641509565
GSE114469_1	0.00373323854294842	-0.102493468492477	NA	NA
GSE108036_1	-0.00438187111920914	0.0126406928651425	5.99995875028359e-05	-0.0109458250497167
GSE60451_1	0.0371128726929286	0.0650030883900342	0.0369357024498705	0.0399241567934039
GSE47902_1	-0.000123379651639252	0.00668291201266029	NA	NA
GSE44325_1	-0.00537252254094756	-0.0234595303030244	NA	NA
GSE4481_1	-0.00224328996829613	-0.0867737890250585	NA	-0.0181643833904802
GSE4481_2	-0.0150386228399853	-0.0909974113727357	-0.00801634140743649	-0.0214433018649292
GSE4481_3	0.00121679162738966	-0.0649727828414497	NA	-0.0108438835372168
GSE102292_1	0.00573548326950708	0.037851488587286	NA	NA
GSE102292_2	0.0315099604070413	0.113621844681573	NA	NA
GSE102292_3	0.0952748740952625	0.232579379933484	NA	NA
GSE102292_4	0.0406920782706866	0.102125238158717	NA	NA
GSE41898_1	0.0732628659931148	0.132593286026704	0.0759571331016252	0.0392816447683405
GSE87605_1	0.0326557314051116	0.0694413818053485	0.0323809058823086	0.00855841157565295
GSE87605_2	-0.0195109403150527	-0.0684767479740849	-0.0206052821827849	-0.0128425634763557
GSE87605_3	0.00477749964548062	-0.00990856820821564	0.00238647622221486	-0.0113776046293982
E-GEOD-54216_1	0.0658199184773361	0.154567915366449	0.0717141657073864	0.0400690283043224
E-GEOD-54216_2	0.0769596011945551	0.190446547026934	0.0834631546757656	0.0396921738544927
E-GEOD-54216_3	0.0393229317298249	0.12012464681508	0.0444627773137641	0.0344398723927569
E-GEOD-6119_1	0.0675550965173741	0.200484635397576	0.074483038699737	0.0621398754176151
E-GEOD-6119_2	0.0611382825034242	0.186383609221144	0.0635929129519198	0.0289292711285728
E-GEOD-6119_3	0.0660102510245837	0.19971784896301	0.0698804868859106	0.0699394026521686
E-GEOD-8077_1	-0.0168379191924386	-0.110870540604762	-0.0227338982817946	-0.051201502965538
E-GEOD-8077_2	-0.00220745662367804	-0.0588975172139769	-0.00386740890929507	0.00309250078788583
E-GEOD-8077_3	0.0133093718316102	0.0577353880217619	0.0132334124936366	0.032669964927493
GSE103416_1	-0.0323411560152651	-0.0394577392134211	-0.0361523733971857	0.0129154701541007
GSE103416_2	0.0319394858463808	0.0361591383528464	0.0361436098562442	0.0300178460598152
GSE103416_3	0.0257812838712617	0.0352014939618025	0.0259333868120696	0.016888999251081
GSE19950_1	-0.0180089058516028	-0.0957836037249216	-0.0194927003043462	-0.0300566087757413
GSE30322_1	0.00367236042922069	0.053847878604788	0.00770595025210699	0.00285060198562105
GSE30322_2	-0.0010466674218359	0.0326290219192742	-0.00267822182757886	-0.000480028183682585
GSE30322_3	-0.000505149838703213	0.00266314748639308	0.00128365963297932	0.00493245279313068
GSE42295_1	0.000441451629907439	-0.0402701132960234	NA	-0.0309319810672058
GSE42295_2	0.027293469565756	0.116374595230478	0.0292352268572503	0.0325474753315859
GSE42295_3	0.0356630214197845	0.115871089369581	0.0268133200072404	0.0423889633530044
GSE66554_1	0.00929496669385197	-0.0440277533968737	0.0103896933365866	-0.0274417398821987
GSE66554_2	-0.0253218463893505	-0.0417325192692192	-0.0310413737375586	-0.0338278751701405
GSE66554_3	0.00210591003640596	-0.0188886290787898	-0.000564971751412429	3.5394622926591e-05
GSE66554_4	-0.00235164100971035	-0.00102577473667039	2.64682476398687e-05	-0.00152776243908029
GSE74898_1	0.0260473819479019	0.024655750638379	0.0301657203894055	0.0276336400604474
GSE74898_2	0.014160344890366	0.0165982204746858	0.0153624379350949	0.0190280458906607
GSE74898_3	0.0449003149311032	0.0751286462569378	0.0514806507496706	0.0484638236207798
GSE79176_1	0.000581212201681285	0.0155353055163482	NA	NA
GSE79176_2	-0.00112217756809754	0.0535361923281202	NA	NA
GSE79176_3	-0.000563625950223888	0.043306717909643	NA	NA
GSE85785_1	0.0147097925499513	0.0671050545902489	0.00832998435548921	0.0256031507706902
GSE16981_1	0.0581480309567606	0.107588213072086	0.0641285981910266	0.0304932272850896
GSE16981_2	0.0513700846883498	0.115425210934753	0.0543814076967586	0.0180955920606105
GSE16981_3	0.0276920316115155	0.0314467430011463	0.0283514216919557	-0.000390386575515017
GSE16981_4	0.0276920316115155	0.0314467430011463	0.0283514216919557	-0.000390386575515017
GSE16981_5	-0.000232684879890494	0.0128679581782481	-0.00246553442860649	0.0132315999783577
GSE16981_6	0.013947569260571	0.0361540582280664	0.0173289657117307	0.0136357831185417
GSE16981_7	0.00605584464469951	0.121794359487441	0.00541402652474021	0.0340383405361707
GSE29859_1	0.00865465616881469	0.0952399690683938	0.0077256747048394	0.0293651797412536
GSE29859_2	0.00769944417911522	0.0843520442477858	0.0061377997834949	0.0179838988415456
GSE23492_1	0.0347493409348441	0.029605578584025	NA	NA
GSE23492_2	-0.0347708459051722	-0.118724113693894	NA	NA
GSE23492_3	0.0148750638290539	0.007890629690123	NA	NA
GSE23492_4	-0.0192771254052885	-0.0724312251539359	NA	NA
GSE23492_5	-0.00154760772469283	0.00415570163017706	NA	NA
GSE44991_1	-0.00867450643419342	-0.00613117616999661	-0.000775909405842393	0.0139755669484515
GSE44991_2	0.000742599040777465	0.0343628434765859	NA	0.0243754503552936
GSE39796_1	0.0260440737845877	0.0407071860605118	NA	NA
GSE39796_2	0.000866404372877806	-0.014988000098359	NA	NA
GSE39796_3	0.0353641076931551	0.0773400962671677	NA	NA
GSE18394_1	-0.0312670887471071	-0.0637394933374431	-0.0379919458661003	-0.0203514596037961
GSE18394_2	-0.0142729130843602	-0.0311468779587014	-0.0179345594456831	-0.0131462446184434
GSE18394_3	-0.010856248454304	-0.0460209758984321	-0.0149659550614613	-0.0150741186607548
GSE29233_1	0.00293710991663725	-0.00926717081558422	NA	NA
E-MEXP-2291_1	0.0187303421772712	0.04988215318936	NA	NA
E-MEXP-2291_2	0.0405436723513095	0.110894552214591	NA	NA
E-MEXP-2291_3	-0.0167812152032639	-0.0537677580696917	NA	NA
GSE18738_1	0.00304011485905116	0.0304147935072464	0.00203415170812393	0.0158826582107957
GSE107363_1	0.0109731752236444	0.0451736453475148	NA	NA
GSE85761_1	-0.00722444466571983	-0.0102544721888738	NA	NA
GSE89179_1	0.0652682129512555	0.158537865979397	NA	NA
GSE89179_2	-0.00119365259297027	-0.0309584520670064	NA	NA
GSE89179_3	0.00993232366867348	0.0318044383052249	NA	NA
GSE89179_4	0.0123243542026314	0.000498444252911941	NA	NA
GSE89179_5	0.0409759169230418	0.0763228815477812	NA	NA
GSE89179_6	0.0296238595974535	0.0662214115099633	NA	NA
GSE89179_7	0.0184199612355873	0.044639731335036	NA	NA
E-GEOD-57723_1	0.0194143040914768	0.0782511499855197	NA	NA
E-GEOD-57723_2	0.0338875451072866	0.103445721967448	NA	NA
E-GEOD-57723_3	0.0361446887099753	0.125096617152884	NA	NA
E-GEOD-83930_1	0.0112738657465826	0.0365447224839588	NA	NA
GSE100268_1	0.0162393070575698	0.0108181908558083	NA	NA
E-GEOD-55769_1	0.00936147384673347	-0.00114335649468373	0.0102947421651812	0.00356737290244355
E-GEOD-55769_2	0.00304568527918782	0.0585511771213942	0.00402144772117962	0.0141755388284226
E-GEOD-55769_3	0.00944157382782472	-0.00560840419442776	0.0102448197227642	-0.00370057464702972
E-GEOD-69110_1	0.00454603170120411	0.0632162224250186	0.00491653615966325	0.0116543492669275
E-MTAB-4304_1	-0.00297033676629502	0.00497652043101136	1.02023804731365e-05	0.019125929293966
E-MTAB-4879_1	0.00513846121265763	0.0351543009307964	0.00243307043998915	-0.0039380193748826
E-MTAB-4879_2	-0.00600298741906612	-0.00396725006282478	-0.000249134531973054	0.00167052409717102
E-MTAB-4879_3	0.00461736499775826	-0.0130596352783406	-0.00289164838968295	-0.0181055762414205
E-MTAB-4879_4	0.0389619217258836	0.0673594711453802	0.000288957966162952	0.0111130612519098
Cytokine_Explant_1	0.00863982535399736	0.0223370298749541	0.0181877086209941	0.009938327145361
Cytokine_Explant_2	0.0293169222005409	0.105784632563391	0.0449174444170858	0.0506151440364552
Cytokine_Explant_3	0.0304256019415004	0.0949105443665441	0.0396292182020514	0.0337978363557862
Cytokine_Explant_4	0.0143918307688541	0.0291225621355334	0.010376961939196	0.0352425217933739
Cytokine_Explant_5	0.0311770363771095	0.085973840457972	0.0260643177775261	0.0369753527363372
FN1_Explant_1	0.0222463400688309	0.125167135461322	0.0198868821122158	0.0498331314507785
E-MTAB-6266_1	-0.0224533538748647	-0.0637129206971095	-0.0376792767606298	-0.0208839244180497
E-MTAB-6266_B_1	-0.0234686615493471	-0.0778867236232841	-0.0427222041787399	-0.0214793535529739
E-MTAB-6266_B_2	-0.018920338846747	-0.037303929632085	-0.0220712760051579	-0.030084929803498
E-MTAB-6266_B_3	0.00849798197624888	0.0488862453358857	0.00899158956531755	0.00508624157350126
GSE74220_1	0.0450588541440619	0.178483417196198	0.0558309579837822	0.0436398933912826
GSE114007_1	-0.0276189130911957	-0.0600472724228501	-0.0285931406702937	-0.00984445926407448
GSE109503_1	0.00964734887004194	-0.00803801764985908	0.0217412882959916	0.0200482976493185
GSE109503_2	0.0203295284977421	0.0488545558199006	0.0274365246625521	0.0109791421677312
GSE109503_3	-0.015225164380622	-0.0551292228542857	-0.0139222974585054	-0.0135467484613455
GSE109503_4	-0.0511631783408725	-0.0984641106187646	-0.061412898014255	-0.0258139273482234
GSE109503_5	-0.0519400255119086	-0.0984972772725687	-0.0737554611577319	0.00252875945868392
GSE109503_6	0.00136805691397378	-0.027291152113309	-0.00796994275501362	-0.00110649022056302
GSE109108_1	0.0252647593094774	0.0452705969754635	0.0120311304125623	-0.000792449433431824
GSE109108_2	0.066476319234302	0.120537829898672	0.0626836161562117	-0.00325849694841819
GSE109108_3	-0.00174757672394339	0.0385587172110278	NA	0.00117366189356356
GSE109108_4	-0.00145463196802505	-0.039753487989321	0	-0.0101923847195662
GSE70667_1	-0.00472601422852684	-0.0584017368302273	-0.00214868567379541	0.00802988270305391
GSE87608_1	-0.000778673878021143	0.0197240075947161	NA	-0.00334920488165681
GSE87608_2	-0.00496862566957495	-0.0171043855783665	0.00232894614617465	0.000554546730111936
GSE87608_3	-0.010352736029999	-0.0391866725037166	-0.00348255918612393	0.00440067582866248
GSE87608_4	-0.00296881004415938	-0.0086948479093989	-0.00133396304140701	-0.0219883100528262
GSE90890_1	-0.0191361339845233	-0.092808716361868	0.00576490761677709	-0.00157646429334265
GSE97118_1	0.0921605856740093	0.227468350134036	NA	NA
GSE97118_2	0.0522831716965134	0.180172586102665	NA	NA
GSE97118_3	0.121527619181754	0.278644762917745	NA	NA
GSE97118_4	0.0721632682045485	0.127551662619564	NA	NA
GSE97118_5	0.0110373871073953	0.103357137924101	NA	NA
GSE97118_6	0.0500141810547906	0.0652805609885468	NA	NA
GSE97118_7	0.00405295728255587	0.0271327087674642	NA	NA
GSE107592_1	0.0270802662883208	0.109393770523722	0.0456636679219983	0.02207225656685
GSE92641_1	0.104542888222146	0.227205168236123	0.0977070167449461	0.0683184544824739
GSE107849_1	-0.0493962319594999	-0.117382914039614	-0.056767133003586	-0.0139795181869625
E-ERAD-89_1	0.000164974197498007	-0.00246309465713934	NA	NA
E-ERAD-89_2	-0.00116733956628329	0.00718997148014995	NA	NA
E-ERAD-89_3	-0.00232377001450773	0.0199152778561218	NA	NA
E-ERAD-89_4	0.000950681733583938	0.0122539057009747	NA	NA
E-GEOD-45893_1	0	0.0564770974903065	NA	NA
E-GEOD-53105_1	0.00595789645606877	-0.0195140768545805	0.000524051315464288	0.0106529125455658
E-GEOD-53105_2	0.0251014007839813	0.0736279301598095	0.0225222310477752	0.00722595144307525
E-GEOD-54461_1	-0.0107871881551531	-0.0505740530695059	-0.0131860087322464	-0.00234053055825087
E-GEOD-54461_2	-0.00756905532491241	-0.0448657475252165	-0.00646701269806808	0.00125819004563924
E-GEOD-54461_3	-0.0128271468833071	-0.0425269953448714	-0.0121727650261829	0.00170566604318561
E-GEOD-54461_4	-0.0353184127277933	-0.0749035019721219	-0.0488674777464332	-0.0186639665784824
E-GEOD-54461_5	-0.0399062772854168	-0.0857647250555499	-0.0473316196135659	-0.0483882831757385
E-GEOD-54461_6	-0.0356948905581876	-0.0704642131132515	-0.0379030066180877	-0.0069888157243116
E-GEOD-54461_7	-0.0274845804494114	-0.0493285476349746	-0.0313252257674814	-0.00182475220277252
E-GEOD-54461_8	-0.0361771688001096	-0.0781893748462253	-0.0394741176358034	-0.0037295294746866
E-GEOD-73372_1	0.0376257152102095	0.111697508013047	NA	NA
E-GEOD-73372_2	0.0364590477788157	0.123092478973917	NA	NA
E-GEOD-73372_3	0.00549146804197255	-0.0223105395958926	NA	NA
E-GEOD-75549_1	0.0954623800633366	0.563243330896051	NA	NA
E-GEOD-76988_1	0.0227641785867464	0.146177019301104	NA	NA
E-MTAB-2923_1	0.0159535963551038	0.00568874158371027	NA	NA
E-MTAB-2923_2	-0.0427949618925296	-0.0992262297733147	NA	NA
E-MTAB-2923_3	-0.0897518394672118	-0.185441154480254	NA	NA
E-MTAB-2923_4	0.00909962085735382	0.0545307057245797	NA	NA
E-MTAB-3428_1	0.000741507306744403	0.0464407359284711	NA	NA
E-MTAB-3428_2	0.00660738040023453	0.0834757408836796	NA	NA
E-MTAB-3428_3	0.0077262356931985	-0.0309979296883583	NA	NA
E-MTAB-3428_4	0.00409953290834943	0.0533491745711903	NA	NA
GSE102856_1	0.0153417665769636	0.0612174130653175	NA	NA
GSE103492_1	0.0082721548670381	0.00727399249068309	0.00775945306659721	0.0119941536409317
GSE103492_2	0.0193489544673717	0.103775852367452	0.0187975025933894	0.0108689301653714
GSE103492_3	0.0368465639302905	0.0549554239614897	0.0401898502433326	0.0400431700465389
GSE103492_4	0.0138029303985293	-0.0241765575425422	0.0145540242244812	0.0247865175960249
GSE103492_5	-0.00554598422164843	0.032916455619184	-0.00802971467144754	-0.00358003037543644
GSE103492_6	0.00507850930119079	0.0650684789989559	0.00194599008187668	0.0117292480936689
GSE103492_7	0.0183883305237868	0.0386300735251592	0.0105703328525943	0.012939566002709
GSE103492_8	0.0064661606171498	0.100153343728318	0.00404689305981392	0.0197666464832169
GSE103492_9	0.0135068675177628	0.0720647627775933	0.00697620005847008	0.0251324393071669
GSE103492_10	-0.00153099654875054	-0.0392492130749978	0	0.00599292053174008
GSE106259_1	-0.011278943932854	-0.0249255647451513	-0.0171629674690349	-0.0131767466860952
GSE110303_1	0.000261998821469625	-0.0434526086016156	NA	NA
GSE110303_2	0.00893325788739147	0.00439109861230929	NA	NA
GSE110303_3	0.0124764222999824	0.0107538569993243	NA	NA
GSE110300_1	0.000716098983711259	0.0563135081692704	NA	NA
GSE110300_2	0.00383517280844646	0.104193079835784	NA	NA
GSE110300_3	0.0121203422487796	0.0466105586174392	NA	NA
GSE110281_1	-0.0585285039305223	-0.164661504093571	NA	NA
GSE110281_2	-0.0275551603793132	-0.106969279486808	NA	NA
GSE110281_3	0.0149879586028405	0.0572719104392793	NA	NA
GSE104459_1	0.000896474687977208	-0.0311219279560577	0.00169845579770282	0.000618528346454771
GSE104459_2	-0.0108479469298044	-0.096375801000953	-0.00364123997367101	0.00257968195468195
GSE104459_3	0.0058900824561125	0.0310124456653813	-0.00102458695031694	-0.0054402676836468
GSE110051_1	0.0498980889570237	0.108750804722608	0.0711887701878619	0.0212439506173715
GSE110051_2	0.0313234199222582	0.0816633456863268	0.0468438653547801	0.0258613457889856
GSE110051_3	0.0515706420371276	0.139109582509758	0.0700652603014737	0.0282737016140354
GSE112694_1	-0.0499297941955664	-0.143857253812775	-0.0568306590115455	-0.0249928053053529
GSE112694_2	-0.0262525501973233	-0.111141112424025	-0.0280601578573395	-0.041696880379238
GSE112694_3	0.0476214534014048	0.0831154805333399	0.0601990462598964	0.0339008224485956
GSE112694_4	0.036821100313449	0.0865834682420312	0.0458552562493768	0.0382737519081548
GSE97232_1	0.00498941142932129	0.169813244208835	0.00561639258050026	0.0436040697986138
GSE114079_1	5.45160931061364e-05	0.021362614291718	NA	NA
GSE114079_2	0.00512760002522372	0.0531750644711191	NA	NA
GSE114079_3	0.00743034158631395	0.0896413883052739	NA	NA
GSE114079_4	0.011080418710687	0.0296272903239222	NA	NA
GSE104828_1	-0.0352832234055934	-0.0567855373669824	NA	NA
GSE114521_1	0.00557311435642432	0.0551576522639569	0.00341109628978447	0.0024962242286395
GSE114521_2	0.0201982602791074	0.00828782012426011	0.0221384403439719	0.00451551504976303
GSE112413_1	0.0127269090507058	0.073057469195672	0.0175291293921418	0.00320467742039239
GSE112413_2	-0.0245700036094878	-0.0420165518979843	-0.0248654741309718	-0.0392787681461781
GSE101909_1	0.00741069725594358	-0.00747658374850663	0.0120366754923263	0.00141165991406716
GSE101909_2	0.0006556899675122	-0.0383493386673594	0.000822439928205194	-0.0115761711563428
GSE114919_1	-0.0713400304271347	-0.214609254314852	-0.0930815379337899	-0.0542985699371563
GSE114919_2	-0.037525636731076	-0.106794656330791	-0.0247444541523269	-0.0106524119314559
GSE114919_3	-0.084805364873849	-0.223841605484671	-0.101909694806327	-0.0233691964815002
GSE114919_4	-0.0673293878095723	-0.157657664723155	-0.0782958932145797	-0.00555170369563821
GSE114919_5	0.023317951474846	0.0544331182282122	0.0101892705703069	0.0100564565383926
E-MTAB-5879_1	0.0145475897523886	0.0592118021138654	0.00452539526016166	-0.0308792571407931
E-MTAB-5879_2	-0.00405506503090138	-0.0213911828639311	-0.0288680895700796	-0.00368212667635991
E-MTAB-5879_3	0.0149307175185669	0.0544105819588339	-0.000827445433049905	-0.0378767765113979
E-MTAB-5879_4	-0.015595027232603	-0.0184675858845162	-0.0383993519811834	-0.00457335260132848
E-MTAB-5879_5	0.0234657536973441	0.092110454610048	0.0261755416530171	0.0260167584869809
E-MTAB-5879_6	-0.000947465375972057	0.000994600186549507	-0.0204274670576514	0.0191852343135703
E-MTAB-5879_7	0.00585565073969276	0.0366739756580222	0.000647666211868546	0.0204852923617225
E-MTAB-5879_8	-0.00812682120916333	0.00380720754426228	0	0.033833829669639
E-MTAB-5879_9	0.00692158273640747	0.0755480123029791	-0.000763358778625954	0.0293239194185898
E-MTAB-5879_10	-0.00188681107259661	-0.0118531606327498	0.000533346837709938	0.021341718335088
E-MTAB-4294_1	-0.0092017478297472	-0.0347732370415158	-0.0195178053115499	0.0296180500026267
E-MTAB-4294_2	-0.00577470344298254	-0.00886709707584537	-0.00886345242160744	0.0335008396758389
E-MTAB-4294_3	0.0171317261025141	0.0324529112140666	0.0131380767341059	-0.00116090928279323
E-MTAB-3186_1	-0.0474752853132159	-0.121491101540022	-0.0590140954112287	-0.011758818545137
E-MTAB-3186_2	-0.0238673384879188	-0.0322123767530632	-0.0190407944673193	0.0221774459881877
E-MTAB-3186_3	-0.00460851291756179	-0.0222679824643194	-0.00515490382853046	-0.00479860473736439
E-MTAB-3186_4	-0.0159795323958405	-0.0426194067491977	-0.0135969033597854	-0.00127978434881751
GSE114919_Rat_1	-0.0567292759869186	-0.149380386120214	-0.052592611668077	-0.00388572467166537
GSE114919_Rat_2	0.00712937498169298	0.0188430187100531	-0.0111432001485716	-0.00696817685531776
GSE114919_Rat_3	-0.0823440745946373	-0.202063401298661	-0.102973206971127	0.00790609045012832
GSE114919_Rat_4	-0.0723465071767174	-0.173486888762796	-0.0845992587859709	0.00576192505080886
GSE114919_Rat_5	-0.0105305364864902	-0.0236681083381752	-0.0243209874613651	0.00686982942437522
