comparisonID	jaccard	cosine	sigjaccard	chrDir
22659600_1	-0.00812218070718108	-0.054453972787226	-0.0122154570720188	0.00725847843376092
24361742_1	0.0089055223271259	0.11178927864642	0.00796731820645042	-0.0165089407929863
GSE72258_1	0.000131027253668763	0.00449317399555966	-0.000265111346765642	0.0170003968297392
GSE72258_2	0.000131265878661402	-0.043187789387947	0.00245098039215686	0.0032190380751043
GSE69531_1	0.0885411837066857	0.244750927611386	NA	NA
GSE69531_2	0.129582618094408	0.306259328171117	NA	NA
GSE69531_3	0.0646042103457474	0.161888217740111	NA	NA
GSE69531_4	0.0885411837066857	0.244750927611386	NA	NA
GSE58203_1	0.00169887043094137	0.0147070405616569	0.000849904021645254	0.0168557704195623
GSE58203_2	0.0127154857641291	0.0661694423415887	0.0131556288423999	0.0283519782349421
GSE58203_3	0.0209627261904542	0.0848600016778638	0.0244155730354039	0.00350620372675594
GSE58203_4	0.0445451233129587	0.1218303718907	0.0566560807105553	0.00724302058556885
GSE58203_5	-0.0029436651067186	-0.0122621045147991	-0.00350850218574733	0.0109212731703552
GSE58203_6	0.0103850692328107	0.0525640292437776	0.0102015868477005	0.00522312019016913
GSE58203_7	0.0221081076388405	0.0839567442306897	0.027781852970418	-0.0154146030448197
GSE58203_8	0.0403085380322719	0.112701881387562	0.0543044246994777	-0.0102872102461999
GSE59642_1	0.0406234528613798	0.0736166167882828	NA	NA
GSE59642_2	0.0557027148481249	0.111084655973077	NA	NA
GSE59642_3	0.0194613887013364	0.0361688492182587	NA	NA
GSE64922_1	0.0119764026389234	0.0427989597296967	0.0188851044416985	0.00660898628292418
GSE60162_1	-0.00236743433236612	-0.028221660993342	NA	NA
GSE31685_1	0.0173753651196626	0.0570186266666449	0.0192778374349144	0.00529485900889307
E-MEXP-3890_1	0.0323233975327464	0.0834964211718264	0.0429493961531273	0.00665269542472632
GSE31980_1	0.0867861204557077	0.211029593943393	0.0965338600844451	0.0351389618534195
GSE15615_1	0.0281341475336993	0.0481110247249187	0.0271025969187142	0
GSE15083_1	0.000386664238049748	0.000640767773755121	NA	0.0109332806702684
GSE108035_1	0.0391887589074241	0.0684867839979921	0.0605089039616147	0.00829278948477863
GSE108035_2	0.00749271536057516	0.0397808192987847	0.0181027077135596	0.0255171889351261
GSE108035_3	-0.0093808047902045	-0.00895518331329109	-0.00392541192484872	0.00852986115058733
GSE21959_1	0.0379602718565449	0.206738604216277	0.0457639423726674	0.0147959606128674
GSE21959_2	0.0320157822782994	0.219401897100506	0.043644455664437	0.0213419524275353
GSE24742_1	0.00129341892435677	-0.0207258964594116	NA	0.00703454710243089
GSE24742_2	8.78566477945444e-09	-0.0157150931159918	NA	0.00190595369904017
GSE24742_3	-0.00284738943318749	-0.0129584504415287	NA	-0.00541225138997416
GSE74668_1	-0.000631842548545531	0.00262140437389228	NA	NA
E-GEOD-10024_1	-0.00150563779713833	-0.0233007778451396	NA	NA
E-GEOD-10024_2	0.0077876770560402	0.0182200751961742	NA	NA
E-GEOD-12860_1	0.0115181836913035	0.0555690624473817	NA	NA
E-GEOD-12860_2	-0.0102702311380824	-0.0163384878493437	NA	NA
E-GEOD-12860_3	-0.0134355757397474	-0.0421122374549411	NA	NA
E-GEOD-12860_4	-0.0216889937195202	-0.0757481297067024	NA	NA
E-GEOD-12860_5	-0.00773295014394191	-0.0116006014334537	NA	NA
E-GEOD-12860_6	-0.014051643548295	-0.0266300473717579	NA	NA
E-GEOD-12860_7	-0.017511379333824	-0.0558612602749104	NA	NA
E-GEOD-12860_8	-0.0122832278537532	-0.0467482021299859	NA	NA
E-GEOD-14359_1	0.0207997876710411	0.0729881824384232	0.0459616450660022	0.0529992449746538
E-GEOD-14359_2	0.000621418226895319	-0.0187169700741759	-0.00753315022451548	0.0154173541956658
E-GEOD-1919_1	-0.00114547655151109	-0.00972386272756531	NA	NA
E-GEOD-1919_2	-0.0035931853753873	-0.0104028595345011	NA	NA
E-GEOD-1919_3	-0.00313937556091198	-0.00703925133437838	NA	NA
E-GEOD-1919_4	-0.0102246113427364	-0.0514342802526093	NA	NA
E-GEOD-1919_5	-0.0123669772834117	-0.0408408872091301	NA	NA
E-GEOD-1919_6	-0.00744942648772108	-0.0552498913244329	NA	NA
E-GEOD-1919_7	-0.00846178184452119	-0.063480792180615	NA	NA
E-GEOD-1919_8	-0.0095868284950888	-0.0449170920399098	NA	NA
E-GEOD-1919_9	-1.83539765698107e-06	-0.0127266526303525	NA	NA
E-GEOD-19664_1	0.151695561241785	0.347753711763825	NA	NA
E-GEOD-19664_2	-0.0807292924713668	-0.186523230884309	NA	NA
E-GEOD-19664_3	-0.0152124635570179	-0.0440846578584984	NA	NA
E-GEOD-19664_4	0.13612211672405	0.339928636498301	NA	NA
E-GEOD-19664_5	-0.0691387957785358	-0.182329425928234	NA	NA
E-GEOD-19664_6	-0.00617778599024889	-0.0194943430640001	NA	NA
E-GEOD-43923_1	-0.037397086829189	-0.0854829192749797	-0.0159379951456279	-0.000860168218173991
E-GEOD-51812_1	-0.0534439626319233	-0.0844273564921426	-0.0476156795743999	-0.0165726843962276
E-GEOD-51812_2	-0.0573503729134294	-0.0872435881406032	-0.0505426367886933	-0.0145502014224949
E-GEOD-68760_1	0.0211608314248132	0.0525220388797326	0.0105221940868685	-0.00890578082256343
E-GEOD-82107_1	0.000949713687244251	-0.00235669678362712	0.00463412225911029	0.0158984865577758
E-GEOD-9451_1	0.0634363039345671	0.172045209487148	0.0746337981068863	0.0562462073888988
E-GEOD-9451_2	0.0172395118070306	0.0576858149071568	0.0333947247868652	0.0441203190912112
E-GEOD-9451_3	0.00669458956072227	0.0327649489640022	0.0156006619742404	0.00893334371787641
E-GEOD-9451_4	-0.0107579485579789	0.0116855379322503	0.00273415072495874	0.0212184789377772
E-MEXP-2019_1	0.0328939115064424	0.0822933639713067	0	0.00538960998114161
E-MEXP-2019_2	0.0110083401356094	0.0482844845428596	0.0143245161004628	-0.00379360531793695
E-MEXP-2019_3	0.0295459661898337	0.0994807620872983	NA	-0.000662515782788859
E-MEXP-2019_4	0.00349226227825665	0.0329932391220312	0.000343095119308423	-0.00304288187468226
E-MEXP-2276_1	0.00593323360982018	0.0550729764129154	NA	0.000748585951503056
E-MEXP-2488_1	-0.0617727671955574	-0.119994009568507	-0.0758310155015807	-0.001772544350774
E-MEXP-3129_1	0.00012931564364223	0.0181776609828757	0.00349114802238882	0.00344276144407167
E-MEXP-3474_1	-0.0499476050107225	-0.128484706594062	NA	-0.020559629263479
E-MTAB-3010_1	-0.0142449299673845	-0.0318741903351479	NA	NA
E-MTAB-3010_2	-0.0078671769839813	-0.0157765367412964	NA	NA
E-MTAB-3010_3	0.0109291031482736	0.0884305698992233	NA	NA
E-MTAB-3010_4	0.0306287741337456	0.107066292120978	NA	NA
E-MTAB-4152_1	0.019926455389451	0.118514507490263	0.032326151271262	0.0384094798470508
E-MTAB-4152_2	0.00672498325151716	0.0685035955198848	0.0108841267893344	-0.00968008356735247
E-MTAB-4152_3	0.030950238934496	0.172735685882084	0.0457805782614424	0.0268176837015867
GSE100609_1	-0.00153921848093279	-0.0161486863973194	NA	0.00139678014883143
GSE100786_1	0.000263063197442738	0.0198790248418415	0	0.00793862143050607
GSE100786_2	-0.000516275311352047	0.0231390106052956	NA	0.000447370588047613
GSE103697_1	3.42107150148906e-07	-0.011711866604333	NA	NA
GSE103697_2	0	-0.0150757941565738	NA	NA
GSE103697_3	-0.00013044584073727	-0.00350747651280009	NA	NA
GSE104113_1	0.000477996806851254	-0.0206114400196302	NA	NA
GSE104113_2	0.00765085027888243	0.0034309768127728	NA	NA
GSE104113_3	0.000477996806851254	-0.0206114400196302	NA	NA
GSE10575_1	-0.0140729226194641	-0.0997910550698652	-0.00276501145282336	-0.0108760405976536
GSE10575_2	-0.0264851251966762	-0.0893143331217583	-0.0222835687337751	-0.000445161219933897
GSE10575_3	-0.015566395805483	-0.0234820262387509	-0.0135017827102488	-0.0061152674835817
GSE13604_1	0.00980252432401361	0.0916122549217819	0.0188414944115874	0.00874901852518132
GSE13837_1	0.00287286706675406	0.00852636087680486	0.00151122336108931	0.0208551169359047
GSE13837_2	0.0106999351812394	0.0796068329975377	0.00844324199439375	0.0298610901933216
GSE13837_3	0.0170644959286764	0.101762350621988	0.0240236305536499	0.0122971308472711
GSE13837_4	0.0304865228079995	0.119905136585444	0.0438395740561746	0.00991931056526988
GSE13837_5	0.00430642740330258	0.0299876780747785	0.00154167226426642	0.0331316687307027
GSE13837_6	0.0124303167128835	0.083617367374417	0.0111291425369274	0.0312562172173543
GSE13837_7	0.024088062252814	0.124046879465698	0.0274025395915878	0.0146555080944331
GSE13837_8	0.0432507126069587	0.14119932496888	0.0597210115287789	0.0198630433917185
GSE13837_9	-0.0142089257027164	-0.0457986703607246	-0.0197505421243537	-0.00684451785244364
GSE13837_10	-0.0107747991488859	-0.037660688162369	-0.013950512170242	-0.0125850356914319
GSE13837_11	-0.0185318823804537	-0.0519380812850012	-0.0190870144972091	-0.0128678849422688
GSE13837_12	-0.0228375990388648	-0.0712505793413182	-0.0229627296264614	-0.0236599814010878
GSE13837_13	-0.00140744250143266	-0.0293788797385626	-0.00180864255773223	0.0304393475723408
GSE13837_14	0.00165911467487369	0.00934383603462441	0.0018363883376781	0.0158681624073009
GSE13837_15	0.0182632203827727	0.0594359663967663	0.024251148196628	0.00204677664118775
GSE13837_16	0.0360869793486988	0.115938546761294	0.0515985674145149	0.0226055747535169
GSE13837_17	-0.000892127255288223	-0.034410538790361	0.000192144696277221	0.0212867637168573
GSE13837_18	0.00448477607010866	0.0357914450485489	0.00543076836501174	0.0158802511068182
GSE13837_19	0.0179397927197931	0.0670383053966901	0.0196269366108774	0.00712835677749361
GSE13837_20	0.0282328796827646	0.120815221378506	0.0464440532158847	0.00880489162735169
GSE13837_21	-0.00947645229950824	-0.0308993599094606	-0.00817308851529933	-0.00575027804003776
GSE13837_22	-0.012773133203013	-0.0511466410976976	-0.014596835587178	-0.00405380869075723
GSE13837_23	-0.00915419945826453	-0.0349092691704763	-0.00884257108054276	-0.00302666674355959
GSE13837_24	0.00047723676896962	-0.00138862213238812	0.00276104959690406	0.00369442345809739
GSE16464_1	-0.00428090060723232	0.00184158563197582	NA	NA
GSE16464_2	0.091061024075492	0.230235849055141	NA	NA
GSE19060_1	-0.0012941232021687	-0.0276298597280242	0	-0.00921603127736867
GSE27372_1	-0.000777436308681013	0.0256736813594154	-0.000796715836272385	0.005116085575569
GSE27390_1	0.000307417495380875	0.0302478577652961	0.00166573963120066	0.0180756534250333
GSE29106_1	-0.00945822543793151	-0.00358349515626302	NA	NA
GSE29107_1	-0.00661761309236819	-0.0248536145073186	NA	NA
GSE29107_2	0.0152301720551932	0.013247867922861	NA	NA
GSE29745_1	-0.034638360114298	-0.0841696506142964	NA	NA
GSE29745_2	0.0502204959575969	0.0746516492781538	NA	NA
GSE29745_3	0.0292710531806331	0.0861188036031026	NA	NA
GSE35546_1	0.0124338923247189	0.140971517350355	NA	NA
GSE35546_2	0.0175690601572981	0.147301110506607	NA	NA
GSE35546_3	0.0195250524231824	0.15329931503602	NA	NA
GSE35546_4	0.0626832309633139	0.223918066073281	NA	NA
GSE35546_5	0.0498805952387364	0.211030902284271	NA	NA
GSE35546_6	0.0512691182257408	0.21574249394082	NA	NA
GSE35955_1	0.0132407635808582	0.0550855759581796	0.00495249508140741	-0.00139347074293277
GSE35956_1	0.0290367384135255	0.110859504307076	0.0163312726427979	0.0177146875964783
GSE35957_1	-0.0014482786896581	0.00624688549259884	-0.00366949313334475	-0.00160339338164416
GSE35958_1	0.00796862317256778	0.024409907916793	0.00556453148323812	0.0113508768889037
GSE39340_1	-0.000897039806971188	-0.0219199764353268	0.00014914796206715	0.00920575546058455
GSE39340_2	0.00280224903098578	0.00780566794046506	-0.000419079112982585	0.00708470130010679
GSE39340_3	-0.00370281990384632	-0.0306600532263646	0	-0.00126042328919847
GSE39795_1	-0.00141042226255831	-0.00813846876852521	NA	-0.00264043092514712
GSE39795_2	-0.00637699262581106	-0.0307960670487889	-0.0162038490100611	0.000318331290766465
GSE39795_3	-0.00507630684567668	-0.0335772084178679	-0.000471178929272699	-0.000611970975610361
GSE41038_1	0.0116204192926304	0.0240300011040247	NA	-0.00371569363758073
GSE41038_2	-0.0027244055074951	-0.034117543815971	NA	-0.00508594809782228
GSE41038_3	-0.00191197630378139	-0.0454083667391443	NA	-0.00107582546941197
GSE41992_1	0.0117138587962653	0.0317083583614346	NA	NA
GSE42235_1	-0.0107129934817485	-0.101011312689402	-0.0289349667237081	-0.0226704455439013
GSE42235_2	-0.0155783962946815	-0.117947334467695	-0.0356974167579506	-0.00773578792213356
GSE42235_3	-0.0235290874309903	-0.12513590060519	-0.0472239001386641	-0.0215598378919427
GSE42235_4	-0.0264962699064369	-0.128313754620925	-0.0552496187724669	-0.0257516460982239
GSE45233_1	-0.013897482258523	-0.0604372750992606	NA	-0.00514348235791713
GSE45233_2	-0.00315591274691559	-0.0403730753332832	0	0.0101116522318
GSE45233_3	-0.00153147732748794	-0.00551913667597885	NA	0.00884757996337735
GSE45233_4	-0.00677935932892314	-0.0297410594966213	-0.000119659680531136	-0.0169672850107633
GSE46053_1	0.00840644656708484	0.0807986181954608	0.0138604510712079	0.0328655427463292
GSE46053_2	0.00718889203899061	0.0573866216461982	0.0116406270891826	0.029363498013458
GSE46750_1	0.00439412155380519	0.0347013255065428	0.00115898245036201	-0.0345942749112715
GSE51588_1	0.00198501618976463	-0.00809917644953585	0.00301861670260632	0.0129598656058331
GSE51588_2	-0.0135634547178609	-0.0463103631240004	-0.0189523871689218	0.0176009757528448
GSE51588_3	0.0201177334070064	0.0711515972987345	0.0303188407840298	0.00658402840413777
GSE52817_1	0.040709724215263	0.113384794956623	NA	NA
GSE52817_2	0.0263737644811048	0.0420360263576968	NA	NA
GSE52817_3	0.0184587727775684	0.0249348251512633	NA	NA
GSE52817_4	0.00803749819235656	0.03525396367986	NA	NA
GSE55235_1	0.00329174596331066	0.0121969768551897	0.00725215249008901	-0.0079276686974856
GSE55235_2	-0.0159744669860914	-0.0537741580409986	-0.0221046010216831	-0.039860491467513
GSE55235_3	-0.0167999761236632	-0.0711342015014124	-0.0211764775842534	-0.0437646904153491
GSE55457_1	0.00103161278119213	-0.0150785392743135	0.00159602317921166	-0.00362215349812798
GSE55457_2	-0.00203482026683555	-0.0214605535178223	9.66963373960619e-05	-0.0206407884361595
GSE55584_1	-0.00129211131855583	-0.0181246202282969	0.00171959436154894	-0.0160315419542755
GSE57218_1	0.0024819360237219	0.0793750398129385	0.00257221061503334	-0.0126494854947703
GSE60762_1	0.00994938889565143	0.0457377142678826	NA	0.00710649254282465
GSE62914_1	0.00605639279581647	0.0146880709170401	NA	0.00344130487166612
GSE62914_2	0.0226079093475206	0.0256017993969504	NA	-0.00280741613586139
GSE62914_3	0.0259144188385949	0.0354475849895387	8.02133769644068e-05	-0.0027404199332089
GSE62914_4	-0.0266481250922137	-0.0231367144140841	0	-0.00106638228924783
GSE64394_1	0.0113774123431089	0.0623046656725296	NA	0.0119489368384879
GSE66635_1	0.000521450375127168	0.0134916578684724	NA	0.00524694184593178
GSE68038_1	0.0249341812316915	0.0843961411850943	0.00288504126713923	0.0368429716211335
GSE68428_1	0.000349468520532917	0.0181765228580767	-0.00053945704947232	0.00922951057880941
GSE68428_2	0.00222716145780801	0.0268316448372807	-5.47408063024737e-05	0.0138063176137128
GSE68428_3	0.00400226323861455	0.0371809241625858	0.00704149508864175	0.015469681742357
GSE69459_1	0.0208908251153346	0.0722472070207302	NA	NA
GSE69459_2	0.0480330426276212	0.123583310556499	NA	NA
GSE69459_3	0.0121610752125487	0.05041307361487	NA	NA
GSE69459_4	0.0357451300645275	0.0831038181361449	NA	NA
GSE69992_1	0.0191877426364236	0.0485520992935924	0.0294237044753679	-0.0228335890102757
GSE70719_1	0.00363506649181535	0.0548018760697057	0.00801597027105473	0.00872535747525171
GSE7116_1	-0.00419987831212842	-0.0344570044218493	-0.00435656748085261	-0.0203107405929819
GSE7116_2	-0.002434402271056	-0.0421784446958651	-0.011169755767442	0.00427147689544904
GSE7116_3	0.00289024890846185	-0.000438009001599866	-0.00479590471882179	0.0207833319060391
GSE72575_1	0.00931087115578292	0.0792517035627465	0.0144888786424257	0.0241454614408767
GSE72575_2	0.0150555964561465	0.0729066066342924	0.0289440753685581	0.0335717771595458
GSE72575_3	0.0198601330862393	0.0916224241658981	0.0368870511162978	0.0346052231979598
GSE72575_4	0.000131942388739198	0.000656152245366316	-0.000256410256410256	-0.00352181142655971
GSE75181_1	0.0174459570083176	0.0977097122000466	0.028022720647953	0.0180768867054809
GSE75181_2	0.0116194268927273	0.0527128017009196	0.0151529649091431	0.00720722711396926
GSE75181_3	0.0179644611125766	0.0922522378238848	0.02761647533399	0.00974484104318333
GSE75230_1	0.00298165743011583	0.0327751936938926	0.00211673763110718	0.0310996285746392
GSE7669_1	0.00403249580297844	0.0312914907113859	0.00240434866968878	-0.0053189501205309
GSE77916_1	-0.000391268868678114	-0.0445875880343199	0.000279485746226942	-0.0188291985109373
GSE80614_1	-0.00129789322959769	-0.00201588970583469	-0.00463626893384335	0.0488207506904653
GSE80614_2	0.00727773919204154	0.0683804988378742	0.0126286274868378	0.0676968886815135
GSE80614_3	-0.000780435349322211	-0.0302047374721087	-0.00290080609046126	0.0234342615725977
GSE80614_4	0.0187108962319169	0.118017884027666	0.0408230657332379	0.0666879138229829
GSE80614_5	0.00832176713822489	0.0483726855497337	0.0184819169851909	0.0359639063642312
GSE80614_6	0.00186772280306605	0.0107956066216811	0.00304529353883824	0.0133042763623121
GSE80614_7	-0.00260212910611777	0.000585827908283027	-0.00803666189686121	-0.00158150189180943
GSE80614_8	-0.000263235206368576	0.00642342722149076	-0.00314121516538391	-0.00163375603660022
GSE80614_9	-0.00116687767589655	-0.0488750479520123	-0.00160210784403418	0.0299094757251537
GSE80614_10	0.00052957612549081	0.0215712927157002	-0.000367505403621915	0.0506909852016017
GSE80614_11	-0.000782064011571606	-0.0624187331115413	NA	0.0273928402054506
GSE80614_12	0.0130835792170717	0.103565654643902	0.0201559967982064	0.0613044902561695
GSE80614_13	0.00981659834282006	0.0911920780478132	0.019574531693426	0.0605551459233126
GSE80614_14	0.00322412571071557	0.0257072123319995	0.00462481638320563	0.042860423126189
GSE80614_15	-0.000748795634253858	-0.00596129602558071	-0.0030473832388783	0.0264075335161419
GSE80614_16	0.0006189678732876	0.00491540942213781	0.00286157864070511	0.0404438993942752
GSE85254_1	0.00794184355706377	0.0317144473081199	0.00334051584983931	-0.00454991443071617
GSE86578_1	-0.00293010554151942	-0.0312687245803208	-0.00865586628454099	0.0194817423513118
GSE86578_2	-0.00230975759533337	-0.0347226274330932	-0.00948445765067937	0.0230644154803708
GSE86578_3	0.020661386103728	0.0985893937244696	0.0399799313888486	0.00852079510652025
GSE9329_1	0.00576197394154047	0.045611404177472	NA	NA
GSE93698_1	-0.0137910120715701	-0.020464234967802	-0.0153359050526738	-0.00504394483612105
GSE93698_2	-0.0185407112598198	-0.0305639234232964	-0.0207676244012548	-0.00409913485626232
GSE93698_3	-0.00217299673881523	-0.0039464608225797	-0.0056152167999239	-0.00702207650395447
GSE93698_4	-9.74610008664945e-05	0.000435435813919008	-0.000314561336972618	-0.000642901213886781
GSE93698_5	0.00051503182730827	0.0020599550135315	0.000755602787916518	-0.00831766166712219
GSE93698_6	-0.00552953734662632	-0.0162383231905306	-0.00382645008423757	0.000157592871422321
GSE93698_7	0.00772013407136665	0.0311406777931126	0.00903515143649566	0.00553113409286194
GSE93698_8	0.0113597123977872	0.0596824472554717	0.00305450001586845	0.00905712702278413
GSE93698_9	0.012963244436221	0.041941116484153	0.00881476826595171	0.00877432362310276
GSE93698_10	0.0109261915673554	0.0452023739101989	0.0113339938850022	0.00916917371275802
GSE93698_11	0.0119620157264714	0.0696698342882858	0.00209692391999337	0.012864577651163
GSE93698_12	0.0188350557195367	0.0494359410766245	0.014478469711596	0.00195466097398467
GSE93698_13	0.00225897170179287	0.00823797961911649	0.00142527437986253	-0.00110341854210272
GSE93698_14	0.00407979346007178	0.013839419180027	0.00483079252919969	-0.0102127027339975
GSE93698_15	0.00133730839894604	0.00316064072069056	-0.000479215121159532	-0.00329298721536642
GSE93720_1	0.000707042103981759	0.00328664292223388	NA	NA
GSE93720_2	0.0187568821821407	0.0408516343142974	NA	NA
GSE93720_3	0.00912744673896689	0.00390591054593786	NA	NA
GSE93720_4	0.0155110294634499	0.0361118341848858	NA	NA
E-MTAB-5564_1	-0.0033917525962543	-0.0160230876472677	-0.00450027645783377	0.0068632316047749
GSE77753_1	0.00317309000425726	0.000748519661613293	NA	-0.0171399435539176
GSE43861_1	-0.0119602588822652	-0.0540176319582129	NA	NA
GSE112809_1	0.000392939440281035	0.0339725052411398	NA	NA
GSE111946_1	-0.00947834990015077	-0.00786732434963092	NA	NA
GSE111946_2	-0.00168280695417348	-0.0267033115436331	NA	NA
E-MTAB-3201_1	0.00880751587462309	0.033590231506515	0.0129794391711999	0.00442428014998247
E-MTAB-6700_1	0.0124563555957397	0.00879192503741921	0.0116686720124182	0
GSE54749_1	-0.000260617996147666	0.00142313024861864	NA	-0.0190766346215588
GSE57218_B_1	0.0109789760389603	0.0817348620558212	0.0184594393434187	-0.00498273427878308
GSE57218_B_2	0.00761608416294642	0.0689145042146906	0.0124370997178299	-0.000445348062442848
GSE57740_1	-0.000913268517096594	-0.0432044750859963	NA	NA
GSE52992_1	0.00163147019370651	0.010096981485575	-0.000864839546751517	-0.00140678605521295
GSE17160_1	0.00167019179603344	0.0522757211287933	NA	NA
GSE17160_2	0.00012113149125087	0.0518095609667376	NA	NA
GSE17160_3	0.00260034910809981	0.0831350765297651	NA	NA
GSE17160_4	0.000745459364170744	0.00871440805417116	NA	NA
GSE17160_5	0.000256424920356331	0.0478686243271395	NA	NA
GSE17160_6	0.000907256826985519	0.0275070710795626	NA	NA
GSE17160_7	0.00715370473696728	0.0466543832658042	NA	NA
GSE17160_8	0.0008406385216932	0.0233116829882339	NA	NA
GSE17160_9	0.00568998990152883	0.0132062868154858	NA	NA
GSE17160_10	0.00500070118945219	0.0100726857626982	NA	NA
GSE17160_11	0.00462359078492706	0.0126040172598019	NA	NA
GSE17160_12	0.0065741773733051	0.0268978006869123	NA	NA
GSE22971_1	0.000519084253443714	0.0356747834189537	NA	0.00223206069084973
GSE22971_2	-0.00169435988371138	-0.0526438344008732	NA	0.00231167161986746
GSE22971_3	0.0185105498012715	0.0385108853977679	0.0255865145521131	0.000245622885896035
GSE22971_4	0.00444991231584781	0.0101830233682738	0.0087475300229237	0.003616232064175
GSE13590_1	0.00846573341027957	0.0433879131470776	0.0127025730883786	0.000300004346166748
GSE13590_2	-0.000261096605744125	-0.0303445295425415	-0.000376506024096386	-0.00940989677023396
GSE99731_1	-0.000129990023100956	0.00589176940003172	NA	0.000105685907074811
GSE99731_2	0.00026080377747053	0.0064169925199472	NA	-0.00624745474075922
GSE99731_3	-0.0103313055545101	-0.0144581026056775	-0.0116341722043468	-0.00159902254947551
GSE27492_1	-0.00078358164468365	-0.0228560901424593	-0.000611246943765281	-0.00204067700524951
GSE27492_2	-0.00426419365898467	-0.0456168525982555	-0.00679618591887798	0.0036249701999869
GSE27492_3	-0.00552422705275499	-0.0272812760830119	-0.0134909409181722	-0.00612890034720088
GSE27492_4	-0.0044082769156374	-0.0278453041273733	-0.0124702006325607	-0.0110713329200506
GSE27492_5	-0.0029319766727515	-0.0203682963185297	-0.00949188928251287	-0.00311224894816226
GSE27492_6	0.00447781604441829	0.00398040277654429	0.00517530669843479	-0.00787050633747515
GSE27492_7	0.00370943441563794	0.0022997420228631	0.00489420684565567	-0.00352046429137515
GSE27492_8	0.00405307439551823	0.0014105559589968	0.00859579306522185	-0.00705247342278725
E-GEOD-15069_1	-0.00180954889076089	-0.0381352136042805	-0.00430442868980169	0.0183816716880144
E-GEOD-15069_2	-0.00298582458335334	-0.0666016345188081	-0.00703059063813847	0.00521639847877603
E-GEOD-15069_3	0.0119449795208258	0.0301449659589823	0.00791492820656449	0.0187931216661507
E-GEOD-15069_4	0.00258886723482004	0.0674827711086055	0.00360347085692554	0.00529433905450165
E-GEOD-15118_1	0.000114067462317439	0.0530547588297217	NA	NA
E-GEOD-15118_2	-0.000523081600558876	-0.0249619046990552	NA	NA
E-GEOD-15118_3	-0.000377898833944255	-0.021167499290069	NA	NA
E-GEOD-15118_4	0.00216921670830867	0.0257942693303453	NA	NA
E-GEOD-16007_1	-0.00745459053255129	-0.0354915973491104	NA	NA
E-GEOD-17473_1	0.00195924080480099	0.021562829267353	NA	-0.00964899323307343
E-GEOD-18647_1	0.00882404939428241	0.0427915189359098	NA	0.0102722944480513
E-GEOD-18647_2	0.000364720646632918	-0.00298071969119816	NA	0.00914624582651481
E-GEOD-18647_3	0.00287903185989909	0.0117498417457592	NA	0.0164681380939438
E-GEOD-18647_4	-0.00417494901916375	-0.0247905676695982	-0.00159147717508107	0.0102524119971622
E-GEOD-18648_1	0.010199524848585	0.0731598926316225	0.0131400328349255	0.00411272145356916
E-GEOD-18648_2	0.00991757485350442	0.0686375639327936	0.0183823829339788	0.0017460630132974
E-GEOD-2154_1	-0.00013242195459294	-0.00981259274901543	-0.00044934962711424	-0.011517533239292
E-GEOD-2154_2	-0.00411178055794337	-0.0354631188821375	-0.00472161313064576	0.00435137854492693
E-GEOD-2154_3	0.000893466585766305	0.0204071392641883	0.00200720468393767	-0.00121504901525584
E-GEOD-2154_4	0.00593900558129484	0.0458397112436701	0.0183464715002747	0.00190136969932092
E-GEOD-26475_1	0.00282496610706017	0.0337277053528637	0.00472536238152146	0.00362887303509607
E-GEOD-26475_2	0.00194319189592157	0.0236678505969491	0.00196921204376895	0.0112436131623236
E-GEOD-26475_3	-0.00203856667441826	-0.0381253758525327	-0.00715163113404697	0.00345343705354165
E-GEOD-33567_1	0.0189215785762785	0.0532230935162273	NA	NA
E-GEOD-33567_2	0.000789352605166643	0.00961810554148903	NA	NA
E-GEOD-37287_1	-0.000689359013468054	0.0114778556418766	NA	NA
E-GEOD-37287_2	-0.0127351554716453	-0.0118210927814358	NA	NA
E-GEOD-37287_3	0.00093107592250917	0.0068600655100776	NA	NA
E-GEOD-51994_1	-0.00290640679366942	-0.015588685806451	-0.00642580951407972	0.00773873144484433
E-GEOD-51994_2	0.00151819070851024	-0.00123063325719939	-0.00339787923975708	0.00173103977549221
E-GEOD-51994_3	0.00543535015707606	0.0138531340387804	0.00111758845925648	-0.00297213195077821
E-GEOD-65077_1	0.000387353815427091	0.00314424204233581	NA	NA
E-MEXP-1244_1	0.00362227680347845	0.0291965638394792	NA	NA
E-MTAB-1123_1	-0.0144340299955933	-0.0889101310023746	-0.0192213423276484	-0.00576414297204977
E-MTAB-1123_2	-0.0103650663072203	-0.083725778522684	-0.0181668358520091	-0.00377645964811545
E-MTAB-1123_3	-0.00155738694616931	-0.0230790425962281	-0.00356741699628526	-0.00597211722487549
E-MTAB-1123_4	-0.000916014090906877	-0.0602362057743706	0	-0.00692613695099678
E-MTAB-1391_1	0.00221673692257253	-0.00153851045066716	0.00565725122237409	-0.00115377915223581
E-MTAB-1391_2	-0.00881119844638044	-0.00841279657224543	-0.0096095587333556	0.0111378402936502
E-MTAB-1391_3	-0.00334788156795877	-0.00967194426638923	-0.00341581066545727	0.00664558354981881
E-MTAB-2450_1	0.0103618617610266	0.0523322703160476	0.0153455522320366	0.0253206849715199
E-MTAB-2450_2	0.00344335344944865	0.0116175336712926	0.00461285375612687	0.0104116249690172
E-MTAB-2450_3	-0.0259089760869976	-0.0899098758920007	-0.0345113307931112	-0.0266693205658484
E-MTAB-2450_4	-0.0169713794622646	-0.0715143904148354	-0.0250941527352601	-0.0213873657510097
E-MTAB-5023_1	-0.0147131025111401	-0.0349855782245083	NA	-0.00894787242623673
E-MTAB-5326_1	2.25451647689681e-05	-0.00255662331396658	NA	NA
E-MTAB-5326_2	0.0150742688569252	0.0139654740817002	NA	NA
E-MTAB-5326_3	-0.00476375629455027	-0.0156685805394586	NA	NA
GSE102588_1	0.0081099068542092	0.0542458698213314	0.00459993407679433	0.00651575010697032
GSE104793_1	0.00122612690003251	-0.027291152113309	-0.00796994275501362	-0.00107731716873508
GSE104794_1	-0.0158880167070479	-0.046918436075027	-0.0235266569002688	0.00579679672190713
GSE104795_1	-0.020077744240293	-0.0927375506284917	-0.0317492364128247	-0.00606225995270334
GSE105139_1	0.000130616509926855	-0.0387526504255924	NA	0.000524828861080263
GSE105139_2	-0.0042456723591744	-0.00858439213894476	NA	-0.00612363107438473
GSE105139_3	-0.00398385959501071	0.0127308679164508	0	0.00578155547671401
GSE10555_1	-0.00236587725996846	0.00238250753850828	NA	NA
GSE10556_1	0.00372056400698513	0.0158080173399593	0.0109525054454709	0.00932428058639342
GSE106631_1	0.00757828919110868	0.0196939928661276	0.0124522491932637	0.00634030574406975
GSE13104_1	0.0219897436090944	0.0385380736101121	NA	NA
GSE13104_2	0.0265828620399664	0.0550652336054757	NA	NA
GSE13104_3	-0.00460488151533717	0.00162384824645418	NA	NA
GSE16749_1	0.0304898305372099	0.0650119258256966	NA	NA
GSE16749_2	0.000603568343275207	0.00852540502533292	NA	NA
GSE16749_3	0.00257853232723602	0.0201080229916733	NA	NA
GSE17348_1	-0.00882462210587673	-0.0270819230440028	NA	NA
GSE17563_1	0.0137494618396309	0.0481321328441739	NA	NA
GSE17563_2	0.0133245576142711	0.0265096600658577	NA	NA
GSE17569_1	0.00791614141864991	0.0181688224875091	NA	NA
GSE17569_2	-0.0214818785257848	-0.0357182187115181	NA	NA
GSE17570_1	-0.0314093917004698	-0.0696524512895567	NA	NA
GSE17570_2	-0.0063215528875317	-0.0196702556545757	NA	NA
GSE18991_1	0.000131027253668763	-0.00834722272540991	NA	0.00101892328249671
GSE18992_1	-0.000130718954248366	0.0156436647572361	NA	-0.000250170767992627
GSE19299_1	0.00561500260325451	0.00472370919756299	0.0015709623531243	-0.00926582506121546
GSE20850_1	0.0197257042546177	0.0517742428225308	NA	NA
GSE21093_1	0.0131407818247106	0.0248224278700677	NA	NA
GSE21523_1	-0.000744809775398869	0.00380834457836208	NA	NA
GSE21639_1	-0.000780096540010961	-0.0301200525248242	NA	NA
GSE21639_2	0.00627049021109593	0.0326228054525881	NA	NA
GSE21639_3	0.00103514284817467	0.00585350664258446	NA	NA
GSE21639_4	-0.00189219122070459	-0.00274851904132355	NA	NA
GSE21710_1	0.0139538814925026	0.0284835412657795	NA	NA
GSE21710_2	0.0179755438778107	0.0325128158897366	NA	NA
GSE21710_3	0.015104414254068	0.0317832924481347	NA	NA
GSE22925_1	-0.00250125002823912	0.0200661281523576	-0.00245465342507324	-0.00531636573046139
GSE22925_2	0.0038058164967523	0.0290586229235188	0.00332583218814474	-0.0042805444465694
GSE26499_1	0.00165712699020365	0.00443486804436078	NA	NA
GSE30160_1	-0.0173100584923116	-0.0578918939357489	-0.0269570116732586	-0.0167908221724681
GSE30628_1	0.0245663766862675	0.0618385295887548	0.034445201356335	0.0174213392306848
GSE30628_2	0.0118386125120198	0.0511568042176308	0.0159656869466464	0.00431322675076023
GSE32163_1	-0.00112998304154343	-0.00469728300698811	NA	0.00116059991720059
GSE33656_1	0.0124167059833013	0.0474345011370069	NA	NA
GSE33754_1	-0.00141820098371028	-0.000471306628320902	-0.00160644432951245	0.00548218844179086
GSE33754_2	0.00598195607989584	0.0451931388543273	0.00342196312456161	0.00838368705845781
GSE33754_3	0.00752907165471296	0.0480145723625175	0.0072184035681837	0.00867436055130504
GSE34570_1	-0.0108476992440003	-0.0552635756180328	NA	NA
GSE35003_1	-0.00565832448147289	-0.0424460618156278	NA	NA
GSE35466_1	-0.00127057704086915	0.0264356122032615	NA	NA
GSE35466_2	-0.00608731718485446	-0.0116726009451111	NA	NA
GSE35466_3	-0.000842316845055928	0.0193504761770276	NA	NA
GSE35466_4	-0.00484971611942762	-0.0426356632977959	NA	NA
GSE35466_5	-0.00503561323382442	-0.0625145306456181	NA	NA
GSE36925_1	-3.39100357781138e-07	0.0372789556039822	NA	NA
GSE36925_2	0.0194244535902886	0.0848845369773668	NA	NA
GSE36925_3	0.0238414552658746	0.0937393979419658	NA	NA
GSE37219_1	-0.00770858750171573	-0.0083741429047362	NA	NA
GSE37676_1	0.010090800553055	0.065840756781784	0.0181118849756674	0.022436189374804
GSE41342_1	0.0029460387632041	0.030940064346916	0.00242997102573982	-0.00268867800424603
GSE41342_2	-0.000253972720518678	0.000598841989128546	NA	0.000246359958421852
GSE41342_3	0.000390383477347291	0.00837836727396433	NA	0.00652169015314857
GSE41342_4	0.00233604543932044	0.0383093338587985	0.00295271850691324	-0.00136736963019353
GSE41997_1	-0.000648552266944305	-0.00980937234124686	0.000667132597259325	-0.00215536007566346
GSE43242_1	0.000776120416009021	-0.00285883026276789	-0.0017882312505123	0.00725753003352683
GSE43242_2	0.00387179374358189	0.0281454411692402	0.0009352413426934	0.0121346841788089
GSE43663_1	0.000130850669556831	-0.00761545355555415	0.00168070674470762	-0.0207060276560116
GSE43854_1	-8.15190455571366e-05	-0.000950250604134403	NA	NA
GSE45656_1	0.0321138583930393	0.0618693458256642	NA	NA
GSE45656_2	0.0277394376221458	0.0724998555708741	NA	NA
GSE45656_3	0.0209158418195758	0.0644333670967632	NA	NA
GSE45793_1	0.00105447127090584	-0.00593677557467719	-0.00120500288714907	-0.00453343875496856
GSE45793_2	-0.000762890837241216	-0.0226905068407318	-0.0111188845127163	-0.0130967105556044
GSE45793_3	0.00236695403004776	-0.0149553980614738	-0.00607342687698521	-0.0158128084356074
GSE45793_4	0.00472149041997553	0.00286713946914061	0.00752112843407536	-0.00389544022899809
GSE45793_5	0.0162460463411096	0.0330086208071739	0.00983892915834465	-0.0160923213134298
GSE46390_1	-0.00387031063072635	-0.0160869084570032	NA	NA
GSE48438_1	0.00930687638814183	0.0372164113238433	NA	0.0133011882677054
GSE50549_1	0.00374127528873576	0.0186810470406012	0.00493434463055743	0.0123717715527604
GSE50549_2	0.00658467808149886	0.0247621108426887	0.00964825674543729	0.0138111569657689
GSE51098_1	-0.0142852278802809	-0.0407864941789064	-0.0105310017536722	-0.00434683494176235
GSE53857_1	0.000778674366455795	-0.0227307389380615	0.00138392831792462	0.00768257989643954
GSE53857_2	-0.00065396201875354	-0.0394550607111488	-0.0010075499639606	-0.000204106898381486
GSE53857_3	-0.000781330009887031	0.0153570065351292	-0.000620522004169803	0.0111623583876544
GSE53982_1	-9.96341726636815e-05	-0.00750056562093016	-0.00160162317129466	0.00991430581575489
GSE53982_2	-0.00195264290429829	-0.0507389743787241	-0.00377011810533312	-0.0234277787425235
GSE54779_1	0.0038057890910252	0.01370914059784	0.00272498578593195	0.00615701903134631
GSE55900_1	-0.000131027253668763	0.010766637835945	0	0.00504693060830894
GSE57104_1	0.00175770180313167	0.0391919916722947	NA	-0.00483628603048861
GSE59387_1	-0.00720585503822949	-0.0349565603875435	NA	NA
GSE60401_1	0.00660859718686321	0.0340278949262788	NA	NA
GSE60401_2	0.00746212454990445	0.0195903709366249	NA	NA
GSE60651_1	0.0166559406436008	0.0868686780379593	NA	NA
GSE60737_1	0.0195575861834944	0.00806805032518148	NA	NA
GSE60761_1	-0.000128868824962103	0.00115385769582936	0.000168365250164137	-0.00478904985571445
GSE60761_2	-0.000130718954248366	-0.033204084853746	NA	-0.00736269329051226
GSE60761_3	-0.000908762278639416	-0.0142952802957875	0.00044834173674354	0.0100609995067967
GSE60761_4	-0.00180093873860406	0.00500753402478776	0.000335092123739415	0.00661974704868636
GSE63017_1	3.42465378120146e-07	0.0165713866011956	NA	-0.00641668944894102
GSE63017_2	-0.000261779675289311	0.00459344180615119	NA	0.00347080217892074
GSE63017_3	-0.000255828336038166	-0.0109315561464199	-0.00275901961557915	0.00400272107143452
GSE63017_4	-0.000519690638630421	-0.010388392805998	NA	-0.00493368868583032
GSE63939_1	0.0268929494900025	0.0655944361931228	0.0344518173329711	0.0187047479044467
GSE63939_2	0.0258447040091054	0.0592665762391713	0.0314190008131248	0.0145446319786596
GSE64141_1	0.0172091196026333	0.0617149400187126	NA	NA
GSE64965_1	-0.000795214377127137	0.0106752432922036	-0.0110790756546554	0.00265201128837492
GSE65745_1	0.000261437908496732	0.0377186431326802	NA	-0.00994316157039427
GSE65745_2	0.000129592226023594	0.0434705702692243	0.00257481089277627	-0.00673268103139243
GSE65745_3	-9.55432934608268e-07	0.0454242035558854	0.0017875987920797	-0.0163010351725788
GSE66416_1	0.000426977274385462	0.00212373822512721	NA	NA
GSE66862_1	-0.0102417578542993	-0.0675327654553917	-0.0198063566372833	-0.00982401157184185
GSE69108_1	-0.012911514264091	-0.0300240013079826	-0.0231334896049969	-0.00037048116368738
GSE71565_1	0.0216006341499271	0.105787961723056	NA	NA
GSE72261_1	-0.00101175222233315	-0.00303678622510411	0.000660800536956194	0.00259958987258875
GSE72261_2	0.0226649224903803	0.0733718132652545	0.0585678399456276	0.0194333815564686
GSE72261_3	0.0214461015146653	0.0778333036733002	0.0618468272777748	0.00170017985235376
GSE7683_1	0.00351720362781653	0.0332507963153824	0.00302183360221193	0.0237898943532012
GSE7683_2	0.00465431031517352	0.0586456691129282	0.00445236962309692	0.0315008922586471
GSE78980_1	-0.000496327414089779	0.00688087688600837	NA	NA
GSE78980_2	0.000652915292655786	0.0663787041420108	NA	NA
GSE78980_3	-0.000124003111998883	0.0100387731076598	NA	NA
GSE78980_4	0.00337802053169687	0.0377307944506528	NA	NA
GSE78980_5	-0.000262242074636082	-0.00172638782358783	NA	NA
GSE78980_6	-0.000130622026680184	-0.00520813882951023	NA	NA
GSE78980_7	0.00883791520295047	0.0159947679808183	NA	NA
GSE78980_8	-0.000167711261520875	0.0121818757908958	NA	NA
GSE78980_9	0.00406041555435362	0.00269780384412874	NA	NA
GSE78980_10	0.00138812971938438	0.00568450674429312	NA	NA
GSE81399_1	0.000375409927393932	0.00698151285036477	NA	0.00953373177824938
GSE84609_1	0.00628633154510286	0.0126523823815809	0.00848776380034419	0.000939366821407703
GSE84907_1	0.0143879773693055	0.0280797537683712	0.015035685835764	0.00340434736031224
GSE84907_2	0.00295170754949873	0.0251497883208851	0.00112906806839911	0.00172117455526485
GSE84907_3	-0.00457025880682735	-0.00234486242122803	-0.0051245579234831	0.0130480552876888
GSE90127_1	-0.0230176917849789	-0.0414158523442763	NA	NA
GSE90127_2	-0.00910339323127893	-0.0266374896369037	NA	NA
GSE90127_3	-0.0171697944062377	-0.0224333620335618	NA	NA
GSE9247_1	3.48916840439552e-05	0.0158076228974125	-0.00086580256068015	-0.00642929797827748
GSE9247_2	0.0258258477143598	0.0694692042817382	0.0330757765029435	0.00291828517949031
GSE9247_3	0.000139972016213908	0.0250474622689042	0.00139618655576344	-0.0153090702428339
GSE99306_1	-0.00140736553202796	0.00125173088560707	-0.00246014001987474	0.00364311503929642
GSE99306_2	-0.0157998407702813	-0.0546543711134188	-0.0217788220471607	0.00182180014491807
GSE99306_3	0.0165385627491599	0.0828607497182055	0.0262964831704311	0.0115272130031137
GSE99306_4	-0.017507535202571	-0.056430198363377	-0.0275763001589725	0.0116666078924812
GSE99306_5	-0.0149931029367606	-0.0559132243018898	-0.0233592512681545	0.000318681076274883
GSE99306_6	-0.0249235920440389	-0.069585824673186	-0.0296833722522652	-0.00862364989063478
GSE99306_7	0.00621041616166704	0.051206705038136	0.00296677795184025	-0.000522938279814063
GSE99306_8	-0.00885786649759049	-0.0232386377819404	-0.0143356676298389	-0.00450025177629001
GSE99306_9	-0.0134615061448795	-0.0405153034899043	-0.0217837902394185	0.0133193475338818
GSE99306_10	0.00609758704809732	0.052680084709118	0.00707653893706126	-0.0170647640049975
GSE99306_11	-0.00564570224377135	-0.0250955664124705	-0.0116252779454392	0.00693012614915253
GSE99306_12	-0.017837880298945	-0.0575748415193341	-0.026189274122168	0.0047841247482366
GSE99306_13	0.008229337422979	0.0522142227274993	0.012612015203247	0.00248712249032044
GSE99414_1	0.000126033340932555	-0.0120928788429357	5.20913742607133e-07	0.0147976525297567
GSE110581_1	-0.00244173607627838	-0.0212224656602114	-0.00450835894164812	0.0122284437916896
GSE110581_2	-0.000521375456282894	-0.000762905849481493	-0.000270562770562771	0.00328813502641162
GSE47799_1	-0.0014294635053434	-0.0295271379088901	-0.00750999739319012	-0.0132333111251478
GSE47799_2	0.00191909356554456	0.0104190771483077	0.000207624473394934	0.0144762821617594
GSE47799_3	-0.00408948484815472	-0.0295367070468664	-0.00748996042480608	-0.0161086076503358
GSE111628_1	-0.000130106882774224	-0.00618151601534373	NA	NA
GSE111628_2	-0.00026320461374366	0.0212592891377999	NA	NA
GSE111628_3	0.00205141750044818	0.0121200583045276	NA	NA
GSE5657_1	-0.000129249138370946	-0.0393388435535653	-0.0014603731485259	-0.0111053117011003
GSE5657_2	-0.00208610828594078	-0.058947602668651	-0.00132418273635724	-0.0144767472810994
GSE13782_1	-0.00382911669622284	-0.0371116920223602	-0.0048784069442305	0.00828408966033698
GSE41039_1	-0.000259894089780607	0.00193877130052522	-0.00409048018669219	-0.00839990323651573
GSE84198_1	-0.000903583259501954	-0.0395650093040928	-0.00118134842986169	0.000316998677493772
GSE84198_2	-0.00271319632161232	-0.0502231337347523	-0.00569117230194606	-0.00320579732179054
GSE84198_3	-0.00452520237032608	-0.00523791588894249	-0.00106697426308486	-0.0154490260807296
GSE114469_1	0.0459731412697535	0.133807985997522	NA	NA
GSE108036_1	-0.000784059614940772	-0.00182281813218961	-0.000294730679475039	0.0103102130414702
GSE60451_1	0.00288093569047261	0.0209488597733107	0.00127528235767408	-0.0111311642355533
GSE47902_1	1.69454119144951e-06	-0.0248366540644965	NA	NA
GSE44325_1	0.00647028533084877	0.00331051240267898	NA	NA
GSE4481_1	-0.000517617239026831	-0.0278402186174133	NA	-0.00786523969141004
GSE4481_2	0.00435584149099645	0.0529005168903672	0.00407154084244367	-0.00214328272996123
GSE4481_3	-0.000263181127654771	0.0173140953167837	NA	-0.00134745635084046
GSE102292_1	0.0277692483872711	0.12893219693059	NA	NA
GSE102292_2	0.000913471763899182	0.024804651111476	NA	NA
GSE102292_3	-0.0200351616543623	-0.0756464541335267	NA	NA
GSE102292_4	-0.0112739876826794	-0.0289434109119345	NA	NA
GSE41898_1	0.0102797211163701	0.0230818378248478	0.00955175520816745	0.0034840808717324
GSE87605_1	-0.0067945342872955	-0.00980267116222932	-0.00466677070368772	0.00666399106812536
GSE87605_2	0.000852764198012283	-0.00517097186141513	0.00154636682035573	-0.00833377579676215
GSE87605_3	-0.00164654326602322	-0.0101830182948243	-0.0056389565642969	-0.00377667476116538
E-GEOD-54216_1	-0.023064702631808	-0.059554318987578	-0.0414774418999648	-0.00696999612934148
E-GEOD-54216_2	-0.0254464005428754	-0.0533027231520317	-0.046180276009466	-0.0163742459106766
E-GEOD-54216_3	0.00089507940784982	-0.00536258636455582	0.000478657428591297	0.00508231652905555
E-GEOD-6119_1	0.00678344432809878	0.020170358800412	0.00372724625520704	-0.00404096299939881
E-GEOD-6119_2	0.0125294817946889	0.0291579652511886	0.0115054801893159	-0.00656064059485299
E-GEOD-6119_3	0.0117943239408271	0.0245969969657657	0.0109592755788357	-0.00411657381532368
E-GEOD-8077_1	-0.00181164686953227	-0.0243766400973719	-0.00559009494217821	-0.00327171317458205
E-GEOD-8077_2	-0.000393531611399422	-0.0110898699246879	0.00153771585879457	-0.00067966171218037
E-GEOD-8077_3	0.00232334140841695	0.0138793337790582	0.00718240747276123	0.0125172375172375
GSE103416_1	-0.0116774982750234	-0.0291807543180339	-0.016675769983206	-0.0123983141406
GSE103416_2	0.0105500183251108	0.0445279923271082	0.0100729550197598	0.00311143923651007
GSE103416_3	0.0188240412849505	0.0755264708663136	0.0189874523377247	0.0139678321921021
GSE19950_1	-0.00401643236036479	-0.0204935093837695	-0.0033285222702555	-0.0138896332418664
GSE30322_1	-0.000285016861596276	0.00238732889393659	0.000610117427962647	0.0020627749484434
GSE30322_2	-0.000697932892631871	0.0016511580270039	-0.00228146482391958	-0.000984092072420147
GSE30322_3	-0.00216350715371851	-0.00741739944904171	-0.00378643266222582	-0.00568699840792257
GSE42295_1	0.000785054135462586	-0.060721306656904	NA	-0.0168329420673382
GSE42295_2	-0.00212579649095754	-0.0105224360953083	-0.00528074448291112	0.0164649433024777
GSE42295_3	0.00177408286313925	0.0188884681571364	0.00215795760161434	0.0363244006881159
GSE66554_1	0.0291035709684724	0.050451372791407	0.0284712828743002	-0.00383300163882639
GSE66554_2	0.00622387518409056	0.0232406846145992	0.00680019898668918	-0.000696065712583396
GSE66554_3	0.00238787602423511	0.0130855364649045	-0.000511243956194045	-0.00630409542920064
GSE66554_4	0.00370975355180597	0.00231193868488006	-0.00289708378266671	0.00346342424715979
GSE74898_1	0.0200582114853985	0.0821477079994083	0.0286142600494691	0.00892299136637551
GSE74898_2	0.0218683594804136	0.0803580278483319	0.0294990506933733	0.0178952438811522
GSE74898_3	0.0261403380975748	0.0725551123501579	0.0352895572127268	0.0218724612200953
GSE79176_1	-0.000261887946546765	0.00881993499440115	NA	NA
GSE79176_2	0.000523412631742243	0.0172061809163142	NA	NA
GSE79176_3	0.000784856948516564	0.0104980942616223	NA	NA
GSE85785_1	-0.00447706572407942	-0.0456731196626915	-0.00166839960281415	-0.0204534609912221
GSE16981_1	0.0122143332517688	0.029665913424695	0.0166393123127284	0.00851493322293259
GSE16981_2	0.00898300652194151	0.0100858411991847	0.00747004236703819	0.00775720585045841
GSE16981_3	0.0114017506147374	0.0215148332701356	0.0158998788602186	0.000164733346982391
GSE16981_4	0.0114017506147374	0.0215148332701356	0.0158998788602186	0.000164733346982391
GSE16981_5	0.00362096773883663	0.0465650096780253	0.0056535165360661	0.00418549022928707
GSE16981_6	-0.002082170223048	-0.0575822943642264	-0.00485793152350239	-0.0106618695429442
GSE16981_7	-0.00168585745547422	-0.0512083062086125	-0.00180665419672931	-0.00243098686066074
GSE29859_1	0.00143125975626526	0.0219069855782679	0.00124080822008108	0.00182235225772491
GSE29859_2	0.000785751788516437	0.0295324214822103	0.00459346700486415	0.0127089617013116
GSE23492_1	0.00540892350830428	0.0327003331762757	NA	NA
GSE23492_2	-0.0213456531425483	-0.0721087793828286	NA	NA
GSE23492_3	-0.00649740332567892	-0.0114136919342985	NA	NA
GSE23492_4	-0.0220781400230071	-0.0557304649859157	NA	NA
GSE23492_5	0.00807597757291992	0.00985730459431935	NA	NA
GSE44991_1	0.00459931652673319	0.0223301080525819	0.00563689242850252	0.000354079322217295
GSE44991_2	-4.98476205691451e-07	-0.0252238605842657	NA	0.00733105378304908
GSE39796_1	-0.00416644379125786	0.00399012391454518	NA	NA
GSE39796_2	0.00669372444292692	0.0182233960610232	NA	NA
GSE39796_3	-0.00560034165980664	-0.0157440048096099	NA	NA
GSE18394_1	0.0261550724559751	0.0942401536213308	0.0361492100210414	0.0159684436457285
GSE18394_2	-0.00120831538787186	0.0043853024110086	-0.00865936830062537	0.00274251089631168
GSE18394_3	0.0331685022356865	0.0977371107227735	0.0536846042153017	0.0102325720404981
GSE29233_1	0.00918106283634999	0.0605691642726589	NA	NA
E-MEXP-2291_1	0.00888596439483057	0.0344018592685279	NA	NA
E-MEXP-2291_2	-0.0354847052362882	-0.0671736147132829	NA	NA
E-MEXP-2291_3	0.0452324550815969	0.0919417077848946	NA	NA
GSE18738_1	-0.00648936179005354	-0.030662407695522	-0.00992145244875263	0.00239191044320605
GSE107363_1	0.00625443082791621	0.035135647118227	NA	NA
GSE85761_1	0.00393047264828743	0.0159511037389554	NA	NA
GSE89179_1	-0.0221635327034302	-0.0204766418743355	NA	NA
GSE89179_2	-0.00593752811298419	-0.0261457852663928	NA	NA
GSE89179_3	0.0278320054451036	0.0783521293987323	NA	NA
GSE89179_4	0.00276530902530482	0.0157463604767853	NA	NA
GSE89179_5	0.00224510588748583	-0.0102488697625284	NA	NA
GSE89179_6	-0.0205076974803454	-0.059331510039534	NA	NA
GSE89179_7	-0.00545703243287404	-0.0196229141791574	NA	NA
E-GEOD-57723_1	0.00186775515547217	0.0188161981840989	NA	NA
E-GEOD-57723_2	-0.000531398008109623	-0.00330849846714034	NA	NA
E-GEOD-57723_3	0.00967475870217636	0.0243076726772077	NA	NA
E-GEOD-83930_1	0.000505482316562075	0.0247197963850926	NA	NA
GSE100268_1	0.021980086012826	0.055241910836253	NA	NA
E-GEOD-55769_1	0.00207483851550712	0.0359441497290533	0.00140775266723016	0.0248927049710938
E-GEOD-55769_2	0.000788125369040266	0.00333061571290646	0.00043370889266097	0.0344195261282353
E-GEOD-55769_3	0.00234485243856935	0.0964545172667014	0.00359399518866664	0.0192329511711719
E-GEOD-69110_1	0.000960546236017375	0.0126689819740001	0.000735521332564574	0.021962734220736
E-MTAB-4304_1	0.00210748842038615	0.0327932344798482	0.00418246826316416	0.0119310914156027
E-MTAB-4879_1	-0.0465754061069716	-0.155040249274629	-0.00631681351997001	-0.0307821032554969
E-MTAB-4879_2	-0.00314159763927367	0.00918831732269149	0.00668498208852402	0.00103798334853597
E-MTAB-4879_3	0.00179073922547043	-0.00695199292217324	-0.000421879577985039	-0.0471348368777684
E-MTAB-4879_4	0.0175094271246415	0.0350238030102541	0.000787269466332234	0.0391039008979208
Cytokine_Explant_1	-0.00102133401389905	0.0093228089655795	0.00294626649922184	0.0158637389244049
Cytokine_Explant_2	-0.030106262007833	-0.0638823757801219	-0.0384961417160008	-0.0012327074700094
Cytokine_Explant_3	-0.02702453173998	-0.0588594835631003	-0.0345536012657215	-0.00695683262572397
Cytokine_Explant_4	-0.00280660465630439	-0.0152882402682129	-0.00094152828585509	0.0140480286421154
Cytokine_Explant_5	-0.0315444403297764	-0.0782061858545194	-0.0428353014351986	-0.0230248341501276
FN1_Explant_1	0.00208732248226018	0.0426895253019333	0.00241618125840953	-0.00438342052164286
E-MTAB-6266_1	0.00834804353900269	0.0061043381746829	0.00915486554882471	-0.0184407897650863
E-MTAB-6266_B_1	0.0252146484440718	0.035774610768909	0.0204589691299376	-0.0101318003672806
E-MTAB-6266_B_2	-0.0150353789355292	-0.0324158957252915	-0.0123604527150651	-0.0203157738569537
E-MTAB-6266_B_3	-0.0272452713151546	-0.0784356877286135	-0.0341151654999487	-0.0188208928269802
GSE74220_1	0.011944267561052	0.0236354191373439	0.00772722566382703	-0.0106833794003587
GSE114007_1	-0.0621507538063126	-0.122227280703323	-0.0696866584848665	-0.0295216645629215
GSE109503_1	0.0565705275058625	0.117715956852739	0.0636499759768903	0.0351003814954445
GSE109503_2	0.0567262806224459	0.201879943685973	0.0232464717661878	0.041700783190459
GSE109503_3	-0.00304661618980758	-0.0320242812170852	0.0154323820808035	0.056963936819484
GSE109503_4	-0.136693765926281	-0.283681685309801	-0.107961765819197	-0.101227679205984
GSE109503_5	-0.0875149759584935	-0.210017280088456	-0.0178417972797041	-0.0194408932407655
GSE109108_1	-0.000987522438738117	0.00515621322565439	0.00465825469047316	-0.00453176203912927
GSE109108_2	0.00902360749576583	0.0109504040698252	0.00670583371045017	0.0128866121091557
GSE109108_3	0.00039206953538515	-0.00711016245690746	NA	0.0095868037052561
GSE109108_4	-0.00026844565702407	0.0259265555336873	-0.000480076812289966	-0.0179389647692214
GSE70667_1	-0.000916537647847415	-0.0356552494178037	-0.000610885295910385	-0.0170581880258745
GSE87608_1	-0.00153978892895343	-0.0640140573329155	NA	-0.00426573642213319
GSE87608_2	-0.00470070321082381	-0.00627197789944274	-0.000127458976142015	0.00398055765073271
GSE87608_3	0.000302084478824606	-0.00270141112747402	0.00515483858422689	-0.00573371964594451
GSE87608_4	-0.00532622498863696	-0.0355871489617381	-0.00186456988944142	-0.0182537656141691
GSE90890_1	-0.00775264767464006	-0.0120923162099312	-0.00117178344742631	-0.000616507702406314
GSE97118_1	-0.0485429841042687	-0.114971193771907	NA	NA
GSE97118_2	0.00311173598774764	0.014808945106563	NA	NA
GSE97118_3	-0.0308948804742594	-0.0903529972139523	NA	NA
GSE97118_4	0.0208020256322022	0.055836325835243	NA	NA
GSE97118_5	-0.000987602036125416	-0.0180074159405246	NA	NA
GSE97118_6	0.014328482007714	0.0471280372813659	NA	NA
GSE97118_7	-0.00317765254107749	-0.0979368657543876	NA	NA
GSE107592_1	0.0103880284629413	0.0297601059210104	0.0121572151730977	0.0198556832939334
GSE92641_1	0.00371845234995447	-0.0193276720979083	0.00435048189181728	0.00952272111821375
GSE107849_1	0.00580662890977349	0.00922806799474639	0.00724552945819636	-0.000237914964110479
E-ERAD-89_1	0.00117068563272185	0.0200379073005877	NA	NA
E-ERAD-89_2	1.35733638077372e-06	-0.00310004657037353	NA	NA
E-ERAD-89_3	0.000391545588735466	-0.00799158470608399	NA	NA
E-ERAD-89_4	-0.000390830561123775	-0.00802309331336576	NA	NA
E-GEOD-45893_1	0	-0.0100981933854066	NA	NA
E-GEOD-53105_1	-0.000903936707767676	0.0277819225444821	-0.000340801574717079	0.00293604554138092
E-GEOD-53105_2	0.00536841180038618	0.0192347324916425	0.00134961310223438	-0.0136871872982984
E-GEOD-54461_1	-0.000931864925275725	-0.0017798335760603	0.0036884139956094	-0.00258008191974885
E-GEOD-54461_2	0.00322965993870456	-0.00809614339149678	0.00152810257543883	-0.00534972832250437
E-GEOD-54461_3	-0.000190844166944294	-0.00648555682597294	0.000619989730566185	0.00017738109339061
E-GEOD-54461_4	-0.00511316356715146	-0.0180490684402848	-0.0129162127583507	-0.00958836975776412
E-GEOD-54461_5	-0.00765248236032089	-0.0298955008089251	-0.0103726805071268	-0.00723736829883654
E-GEOD-54461_6	0.0044188474338616	-0.0127218374572348	0.000203536415973316	-0.00176552987707938
E-GEOD-54461_7	0.00366033493875939	-0.0020128956472682	-0.00210860616439155	-0.00256266668235417
E-GEOD-54461_8	0.0140599833424125	0.0079200501735951	0.010862753445491	-0.019665222583981
E-GEOD-73372_1	0.0170273991672672	0.0499825169249621	NA	NA
E-GEOD-73372_2	0.00103944957685599	0.0147677514386105	NA	NA
E-GEOD-73372_3	-0.0103037952474997	-0.0487672522912707	NA	NA
E-GEOD-75549_1	0.000652101065596425	0.0120567532136823	NA	NA
E-GEOD-76988_1	-0.00755155527184463	-0.0157397183300101	NA	NA
E-MTAB-2923_1	0.01645746475441	0.0417436777280592	NA	NA
E-MTAB-2923_2	-0.0218513163557531	-0.0273865459685621	NA	NA
E-MTAB-2923_3	0.00324818307137213	0.0121443024258066	NA	NA
E-MTAB-2923_4	-0.0459990569820695	-0.0856118523501983	NA	NA
E-MTAB-3428_1	-0.0328630287490845	-0.0627567406119417	NA	NA
E-MTAB-3428_2	0.000870127932019441	0.00356530289557263	NA	NA
E-MTAB-3428_3	-0.00024008407316606	-0.00964073245583832	NA	NA
E-MTAB-3428_4	-0.0394899240368271	-0.0746523990650006	NA	NA
GSE102856_1	-0.00129263988719629	-0.0245918865842956	NA	NA
GSE103492_1	0.00645817105787462	0.00927685756953143	-0.0010434791267484	0.017787541375318
GSE103492_2	-0.00214769669990088	0.00734115201988903	0.00150617082306822	0.00696869699931578
GSE103492_3	0.0103859107327532	0.027667524146874	0.00953782640912923	0.0255854782122646
GSE103492_4	0.00608727546322915	0.0260865462178138	0.00182037343366432	0.02939518052323
GSE103492_5	-0.00576037113195521	-0.0125100659379833	0.000365742911600401	0.00938854755309028
GSE103492_6	-0.00653315140546757	-0.0243693461595024	-0.00313344573611592	0.035387368674323
GSE103492_7	-0.000441830285087035	-0.0142630976468798	-0.00279966409950802	0.0327786146167026
GSE103492_8	-0.0157646405526072	-0.0870755759706788	-0.00441949203493351	-0.0188138368037166
GSE103492_9	-0.0130704511973479	-0.0806355947820016	-0.00473123006357247	-0.00478042167560422
GSE103492_10	-0.000899086721599248	0.0101467900786627	0.000427684879750335	0.0206253069242102
GSE106259_1	0.000569627572356601	0.00578812389938782	0.00169586223389449	-0.00318474308939205
GSE110303_1	-0.00117089744749058	0.0125593837385301	NA	NA
GSE110303_2	0.000631882712833162	-0.0554684333000477	NA	NA
GSE110303_3	-0.0011570613036279	-0.0318431202038378	NA	NA
GSE110300_1	0.000125585544787148	-0.0106698728018108	NA	NA
GSE110300_2	0.000521450001329463	-0.0537087532139078	NA	NA
GSE110300_3	-0.00202292091140633	-0.0711417410345199	NA	NA
GSE110281_1	0.00776036416282352	0.0446989484797248	NA	NA
GSE110281_2	-0.00177858204729414	-0.0235711104963607	NA	NA
GSE110281_3	-0.00746452479067777	-0.0775518059066023	NA	NA
GSE104459_1	-0.00424187423217826	-0.025425930868609	-0.00137046845786398	-0.00182099860975537
GSE104459_2	-0.00666600601989546	-0.0320533310067676	-0.00568769865538327	-1.99576747203847e-05
GSE104459_3	-0.00299972857176997	-0.00403434543642246	-0.000783387018261838	-0.00190943574306073
GSE110051_1	0.0140237859064988	0.00177140680488618	-0.000307711569118702	0.0104888435543337
GSE110051_2	0.022190959985041	0.0154988213845215	0.0114170182581372	0.00207749534159202
GSE110051_3	0.0260977037816496	0.0116225466978047	0.0359746843491536	0.0112766554164913
GSE112694_1	0.0107140906669452	0.0116649185664856	0.0104837850574915	-0.0132841188505026
GSE112694_2	0.0464263119599464	0.0700280380278791	0.0552258065437076	0.00829557304785114
GSE112694_3	0.00610900584098734	0.0131250344860549	0.0143523442297421	0.0121725692818928
GSE112694_4	0.0457049942959488	0.0961954348867192	0.0674685415421999	0.0307927685888084
GSE97232_1	0.000655281603624938	0.0169024328036054	9.87164702809524e-05	0.0225275830572146
GSE114079_1	0.00117223922401742	0.0269066203365543	NA	NA
GSE114079_2	0.00026144500491343	-0.0450778217784716	NA	NA
GSE114079_3	-2.21452680952412e-06	-0.00450749156333941	NA	NA
GSE114079_4	0.000501239784600311	0.0543950466309074	NA	NA
GSE104828_1	0.00303027637244056	0.000464774590141023	NA	NA
GSE114521_1	-0.000653517989907581	0.000224052369581995	-0.00202596288330219	0.000329521225043612
GSE114521_2	-0.00255263342091781	-0.0268078051480718	-0.00416339758726167	-0.0016456194400514
GSE112413_1	-0.00682010511141639	-0.0219011205294987	-0.00938544410074601	-0.0178074672491948
GSE112413_2	0.0069823201724127	0.0413671409172544	0.00768309365206798	-0.000176451355315001
GSE101909_1	-0.00680235653103185	-0.0109707748836795	-0.00617367809997588	-0.0433843534671426
GSE101909_2	-0.00323684142876737	-0.0117608829753451	-0.00536466077174577	-0.0101157306227466
GSE114919_1	0.0486598892438227	0.0753989059937755	0.0701936807027931	-0.00438763745215358
GSE114919_2	0.0223590367214404	0.0499670681398477	0.0162404884094058	-0.017653018217421
GSE114919_3	0.0301874000994623	0.0543675710687323	0.049121776859363	-0.0211446717004168
GSE114919_4	0.00447984693265584	0.0130421107535288	0.0242085511691937	-0.00340586214632214
GSE114919_5	-0.0119226016034656	-0.0288079575904703	-0.00368324861652982	0.022409162324729
E-MTAB-5879_1	-0.0126320193379301	-0.0206978651461111	-0.0117621084302673	-0.0209344586001925
E-MTAB-5879_2	-0.00108793247290888	0.0135298248323239	0.00489570579963869	0.00966844751497677
E-MTAB-5879_3	-0.0150635254999061	-0.0177425122374862	-0.00652602824900526	-0.0143625494205153
E-MTAB-5879_4	-0.00387959226024649	-0.00804065475470583	0.000495648516459042	0.00199873159082655
E-MTAB-5879_5	-0.0305635864224814	-0.0608556121620157	-0.036504488546833	0.0158899370109188
E-MTAB-5879_6	-0.00388625968733743	-0.00783119787162045	0.00189946361013021	0.00321470262042666
E-MTAB-5879_7	-0.00652864222371293	-0.0368273111577392	-0.000606407456203703	-0.00584130172776402
E-MTAB-5879_8	-0.0026990019281228	-0.0373815624430869	0	0.008806341340539
E-MTAB-5879_9	-0.0129972818451181	-0.0837628743183153	-0.000331345261762757	0.00545196408460787
E-MTAB-5879_10	0.000103354142318889	0.00612875131207398	-0.000109049977970018	-0.000443172856846415
E-MTAB-4294_1	0.00656547241279227	0.0161909474825917	0.00288898151381011	0.000159638992185872
E-MTAB-4294_2	0.0265178456545845	0.0691304103731248	0.0390529341068724	0.0225766640806906
E-MTAB-4294_3	0.0186618316429768	0.0893120666350151	0.0176538838840522	0.0109562175457226
E-MTAB-3186_1	0.0251814982841422	0.0202884813200519	0.0312856536103027	-0.0173527608049507
E-MTAB-3186_2	0.0159492816295269	0.0467418083967458	0.0241312715165195	-0.0128983256408817
E-MTAB-3186_3	0.0131508489091431	0.0286046250443234	0.0175445364460217	-0.0104072345949569
E-MTAB-3186_4	0.00253207727113797	-0.00299646499516555	0.00882363573710946	-0.0117279955655406
GSE114919_Rat_1	0.00402071863307445	0.0171052435968164	0.00553527948931401	0.00108279021175102
GSE114919_Rat_2	0.0203851712839952	0.033441540037509	0.0365734773452532	-0.00824063607093859
GSE114919_Rat_3	0.0206274809017042	0.0468308507511808	0.0364171790159583	-0.00395268858953595
GSE114919_Rat_4	0.00449246751852438	0.00672326476503447	0.0076315108289969	0.00151674584081067
GSE114919_Rat_5	-0.00198274883635405	-0.00943403797145051	0.020696870004839	-0.0092091755191659
