comparisonID	jaccard	cosine	sigjaccard	chrDir
22659600_1	-0.0175888968612324	-0.0444235733224402	-0.0188007493015044	-0.0198005935816165
24361742_1	0.0125115010146839	0.0415379143971925	0.00149080416275643	0
GSE72258_1	0.00140449438202247	-0.0085956361879106	0	0
GSE72258_2	0	-0.0166155334844927	NA	0
GSE69531_1	-0.0125415439693056	-0.0338298972479624	NA	NA
GSE69531_2	0.00814672215212346	0.0155680038774006	NA	NA
GSE69531_3	0.0236096478539474	0.0461955828412914	NA	NA
GSE69531_4	-0.0125415439693056	-0.0338298972479624	NA	NA
GSE58203_1	-0.00707113276258011	-0.0163821671358312	-0.00692574056204214	-0.00849417544118449
GSE58203_2	-0.00394078604109733	-0.00528388272910168	-0.0041427688729196	-0.000870433636618524
GSE58203_3	-0.00232592711165005	-0.00149007412297289	-0.00158194283869228	-0.00941006029736313
GSE58203_4	0.00773447079021324	0.00959157347871448	0.0100392396468277	0.00298149606426296
GSE58203_5	-0.00722490767952324	-0.0647459089016058	-0.0105045535942587	-0.0122935754039117
GSE58203_6	-0.00136906360873106	-0.0229650064386538	-0.000324580405657709	-0.000522521420599425
GSE58203_7	0.00602217253690391	0.00578646450265985	0.00603283644042888	0.0017527825206983
GSE58203_8	0.0201641305724226	0.069130712576229	0.0200904260599103	0.00391811812114174
GSE59642_1	-0.00590630525000567	-0.016814556035513	NA	NA
GSE59642_2	-0.000407203250207076	-0.00589146101767996	NA	NA
GSE59642_3	0.00745285442959804	0.0140488216855883	NA	NA
GSE64922_1	-0.0274190586827302	-0.0602558195598033	-0.0249137685258198	-0.0337326467265786
GSE60162_1	-0.00841877818656458	-0.00208574381240309	NA	NA
GSE31685_1	-0.000704750971616094	0.0185850716966294	0.001112986223572	0
E-MEXP-3890_1	0.00831295625636194	0.0111880302246072	0.00863789121013956	0.00608662195793811
GSE31980_1	0.00620261438903178	0.0280039853368686	0.0052973910101502	0
GSE15615_1	-0.0225987302474211	-0.102378380280228	-0.0304637957512772	0
GSE15083_1	0.00451489818074192	0.0242472763727979	NA	0.00500136235662868
GSE108035_1	0.00116535810994659	0.0032595317274894	0.000100463782808636	0.00738321497018758
GSE108035_2	-0.00198656641865211	0.00276923636506568	-0.00235940038763837	0.00513833992094862
GSE108035_3	-0.00114893630176753	-0.00107629610920445	-0.000798471326779408	0.00773312761530729
GSE21959_1	-0.001740531399634	-0.0216615921823574	-0.00320073382264859	0.00176623162499276
GSE21959_2	-0.000131453990711455	-0.0191002719788711	-0.00192547280805879	0.00700575532904736
GSE24742_1	0.00651292533405349	0.00813035749273341	NA	0.00599236331129438
GSE24742_2	-0.00389655418780286	-0.00917141905069052	NA	0.00196427908291002
GSE24742_3	-0.000611319471623515	-0.00340278698773033	NA	-0.00120922930939453
GSE74668_1	0.00185599593818318	0.00782044483444609	NA	NA
E-GEOD-10024_1	0.0166374422645331	0.0362779859667302	NA	NA
E-GEOD-10024_2	-0.00137553065433672	0.012305738492728	NA	NA
E-GEOD-12860_1	-0.0151097008316739	-0.0322800776061104	NA	NA
E-GEOD-12860_2	-0.00522725961155991	-0.0029727784313326	NA	NA
E-GEOD-12860_3	-0.00921459477939442	-0.0284440770507351	NA	NA
E-GEOD-12860_4	-0.00593518044408331	-0.0213997563127248	NA	NA
E-GEOD-12860_5	0.00074675044387346	-0.0054452892668352	NA	NA
E-GEOD-12860_6	-0.000874967044769193	-0.00468126047328656	NA	NA
E-GEOD-12860_7	-0.00246037752030888	-0.0216359256815447	NA	NA
E-GEOD-12860_8	-0.00948112349492522	-0.0118038451548951	NA	NA
E-GEOD-14359_1	-0.0132084224011958	-0.0261373174074971	-0.0133035257096107	-0.0201715746216739
E-GEOD-14359_2	-0.0012154293895251	-0.0204926917907294	-0.00152400631807243	-0.00765147656497924
E-GEOD-1919_1	0.000742693857200566	0.0019778195161909	NA	NA
E-GEOD-1919_2	0.0110316034182446	0.0207971664320075	NA	NA
E-GEOD-1919_3	0.0114604778818924	0.0256076929468993	NA	NA
E-GEOD-1919_4	-0.0131436632398332	-0.0235010062313963	NA	NA
E-GEOD-1919_5	0.00107411210032946	0.00118184257573827	NA	NA
E-GEOD-1919_6	-0.0136496519349366	-0.0303538123242174	NA	NA
E-GEOD-1919_7	-0.00938322001815843	-0.0164475911588484	NA	NA
E-GEOD-1919_8	-0.00741280388675382	-0.012780827567745	NA	NA
E-GEOD-1919_9	0.00730492054606613	-0.00125344486699449	NA	NA
E-GEOD-19664_1	0.00733815109809713	0.0365946340398502	NA	NA
E-GEOD-19664_2	-0.0175245807520143	-0.0647263298498392	NA	NA
E-GEOD-19664_3	-0.0020592712567616	0.0325205043963855	NA	NA
E-GEOD-19664_4	0.00262707624774046	0.0149844249557804	NA	NA
E-GEOD-19664_5	-0.0237783812260263	-0.0699397051130345	NA	NA
E-GEOD-19664_6	-0.00403444871245301	0.015103614007301	NA	NA
E-GEOD-43923_1	-0.0146603418616738	-0.0476547311368375	-0.0113172433993899	-0.0307794448421752
E-GEOD-51812_1	-0.0145441239100336	-0.0577076287512355	-0.0146930205397873	-0.0110284267391946
E-GEOD-51812_2	-0.0130456383058188	-0.0547898707800216	-0.0132475126169114	-0.0154381419093174
E-GEOD-68760_1	-0.00794054288162426	-0.0230176271126036	-0.0062261549059193	0.00521213399333827
E-GEOD-82107_1	0.00411384854981102	-0.00935352142414499	0	0.00539982301148194
E-GEOD-9451_1	-0.00589798699059273	-0.0367110543517916	-0.00692682507931699	-0.00653834849078212
E-GEOD-9451_2	-0.00950130473016623	-0.0262519160788424	-0.00836079782200352	-0.0104031736527286
E-GEOD-9451_3	0.00485327386423099	0.00302567368051101	0.00756420122389756	0.00235167075796645
E-GEOD-9451_4	0.00167085131663897	0.00698642819370908	-0.00483331358688828	-0.00904556173318851
E-MEXP-2019_1	-0.00186549213458572	0.0267510885775183	0	0.00918553388412984
E-MEXP-2019_2	0.0125692807507946	0.0237120946845578	0.00379955112009995	0.00808253162708944
E-MEXP-2019_3	0.00199969754977132	0.0291770596992218	NA	0.00412425536331092
E-MEXP-2019_4	0.00130156585385692	-0.00930567487201489	0.0027319062658988	0.00446670885260722
E-MEXP-2276_1	-0.00132390607971209	0.0202940087275069	NA	0.00439878692927065
E-MEXP-2488_1	-0.0110961283568329	-0.0453138971763125	-0.0137879034371196	-0.0138178290303296
E-MEXP-3129_1	-0.00388372570359339	-0.0119039934466039	-0.00423238353815449	0.00391504106892595
E-MEXP-3474_1	0.00514468996154147	-0.0103874263201649	NA	0
E-MTAB-3010_1	-0.0041277724436835	-0.00312384143585556	NA	NA
E-MTAB-3010_2	-0.00398788436244739	-0.0293990872331895	NA	NA
E-MTAB-3010_3	0.00123475128611301	-0.00241846425249314	NA	NA
E-MTAB-3010_4	0.00141399735090671	0.0034529784005851	NA	NA
E-MTAB-4152_1	-0.00876334095657787	-0.00718715170954636	-0.00897397329110982	-0.0120426068753494
E-MTAB-4152_2	0.0172066575802461	0.0354726387580563	0.0177301616041215	0.0169603518782797
E-MTAB-4152_3	-0.000925927449788068	0.0181910943210501	-0.00100613841755317	-0.0122203147100661
GSE100609_1	0.00491561495072953	-0.00486993068480643	NA	0.00634401088312485
GSE100786_1	0.00517509140907991	0.0171962153584883	NA	0.00806822430534543
GSE100786_2	0.00458266243495163	0.0189751463274374	NA	0.00748082641442151
GSE103697_1	0	-0.00288665457636597	NA	NA
GSE103697_2	0	-0.00286125931736223	NA	NA
GSE103697_3	-0.00121065375302663	0.00453006993070771	NA	NA
GSE104113_1	-0.00917709065432824	-0.0112679015006801	NA	NA
GSE104113_2	0.0044519259868281	0.02208426072802	NA	NA
GSE104113_3	-0.00917709065432824	-0.0112679015006801	NA	NA
GSE10575_1	-0.00486821361700887	-0.00246824994753279	0.00246913580246914	-0.00415995262891695
GSE10575_2	-0.0262420357798359	-0.0628807135075008	-0.0183470142147755	-0.0207392072154451
GSE10575_3	0.00221747401033599	0.0122010070654665	0.00232161302234354	0.00512627826598133
GSE13604_1	0.00125285121753822	-0.0103062265999386	-0.0028436967830009	0.00597744537406715
GSE13837_1	-0.00993649949343456	-0.0307803713662491	0	-0.0105378568839813
GSE13837_2	-0.00658480969437104	-0.0274022795664437	-0.00413190847675377	-0.00299940869172538
GSE13837_3	-0.0176671700598938	-0.0441204978834089	-0.0108293616487587	-0.0171468202873564
GSE13837_4	-0.0225837357735329	-0.0661351939940267	-0.0209237374254653	-0.0352717032695021
GSE13837_5	-0.00307972245110588	-0.0219763770730174	0	-0.00386986506298171
GSE13837_6	-0.00373470027222288	-0.0243544426326903	0.0028942926097916	0.00184627006733433
GSE13837_7	-0.0110745222696758	-0.0278169490987871	-0.00450409052219979	-0.00939006017883872
GSE13837_8	-0.0236524460897497	-0.0538102677761805	-0.021628803429333	-0.0259266139096131
GSE13837_9	-0.00666007959084843	-0.0213836107486396	-0.00340332446065715	-0.0109058741269159
GSE13837_10	-0.00562691395795552	-0.01775306169793	-0.00348795853031439	-0.00648051037868001
GSE13837_11	-0.0106699096762017	-0.0280747236438706	-0.010876094381853	-0.0141988038117843
GSE13837_12	-0.0113134502604564	-0.0230316097200766	-0.00831243153459595	-0.0123634885574932
GSE13837_13	-0.0131853219824723	-0.0266638394304205	-0.00746210311427703	-0.00342708253496115
GSE13837_14	-0.00506537925097194	-0.0197273665728291	-0.0134255649207722	-8.06136640158529e-05
GSE13837_15	-0.00806385213150037	-0.0280195987917779	-0.00818846505760188	-0.0152703538319256
GSE13837_16	-0.0152460076555006	-0.053240234465205	-0.0193911724190464	-0.0254771995184184
GSE13837_17	-0.00968505904463927	-0.0339128049326634	-0.00611255676310016	-0.00665180071303878
GSE13837_18	-0.0139480010912098	-0.0210866768889849	-0.0124015611905146	-0.0113241177599087
GSE13837_19	-0.0152138019806769	-0.0337836599700192	-0.014747904923452	-0.0175106074727814
GSE13837_20	-0.0121012621782509	-0.0590519470354508	-0.0135244303782356	-0.0226854719206561
GSE13837_21	-0.00942708721946504	-0.0184998209303778	-0.00321907420491875	-0.0111303984361464
GSE13837_22	-0.00931468600011577	-0.0210573762530595	-0.0072685838406494	-0.00552746927482585
GSE13837_23	-0.00640217549591572	-0.0166919090829365	-0.00207403778041748	-0.00914753319604537
GSE13837_24	-0.00995892076480658	-0.0280817216583862	-0.00711120365878127	-0.00371232780996507
GSE16464_1	-0.0101044770160085	-0.0116055712037939	NA	NA
GSE16464_2	0.0084101837898642	0.00796732566662509	NA	NA
GSE19060_1	0.0010980393596047	0.000177982021680906	0	0.00673303781028799
GSE27372_1	0.0135022887864186	0.0373169338860717	0.0119571451731437	0.0190131245187544
GSE27390_1	-0.0174243526237542	-0.0492784173683109	-0.0125968050519132	-0.0147477835747838
GSE29106_1	0.00288201583112929	-0.00511675735870779	NA	NA
GSE29107_1	0.00246559257287203	0.0175598051987254	NA	NA
GSE29107_2	-0.0079057193294782	-0.029469998087437	NA	NA
GSE29745_1	0.00784578938625207	0.0533478933315767	NA	NA
GSE29745_2	-0.00142077188228722	-0.0215424409233117	NA	NA
GSE29745_3	0.00170532061680155	0.0499659834183377	NA	NA
GSE35546_1	-0.00516609983261574	-0.00465800794492384	NA	NA
GSE35546_2	0.000371272849938039	-0.00259722816659347	NA	NA
GSE35546_3	0.00227245442713824	-0.00506715934219232	NA	NA
GSE35546_4	0.00425238293219814	0.00868639379604415	NA	NA
GSE35546_5	0.00453267384299916	0.00823807366536233	NA	NA
GSE35546_6	0.00869419839980098	0.00881700258407766	NA	NA
GSE35955_1	0.00369147196642152	0.0240764209469048	-1.42788513452646e-06	-0.00338064233326918
GSE35956_1	0.011143986752836	0.00900029095010499	0.00129397491077819	0.000175727697404201
GSE35957_1	0.0118631163653671	0.0577812873144832	0.00869922695094988	0.0180484013576077
GSE35958_1	0.00257830564651404	-0.00612120794779949	0.00197183246145446	0.00453326339333676
GSE39340_1	0.0104659194160822	0.0216596843847392	NA	0.00914400264577953
GSE39340_2	0.0108630390684663	0.000392808434649719	0	0.00372665031725878
GSE39340_3	0.00321395600141245	0.0213750747428969	0	0.00617567512907276
GSE39795_1	-0.00694293998007283	0.00186678750547781	NA	-0.00465865823745001
GSE39795_2	-0.0140285935753817	-0.0217191077183483	-0.0115014404287565	-0.0134569721410718
GSE39795_3	-0.0194598759280344	-0.0305832847989867	0	-0.0141888359178503
GSE41038_1	0.000548895551655281	0.0148325237425753	NA	0.00394228213431097
GSE41038_2	-0.00210260745589738	-0.00151531593706089	NA	-0.00142557113832404
GSE41038_3	-0.00213462585746105	-0.00629261352874378	NA	-0.00201731197014655
GSE41992_1	0.00746711771259418	0.021605219413334	NA	NA
GSE42235_1	0.00579677984615895	0.00312495281959621	0.00750692039580289	0.00559455515325053
GSE42235_2	-0.00371767343282121	0.000843263292599921	-0.00402102226471418	0.00347195829677771
GSE42235_3	0.000517449164582463	0.00224685842619812	0.00101525467351376	-0.00237301181039838
GSE42235_4	-0.0041938951364914	0.000841509940159579	-0.00143209910224266	-0.00156232135461082
GSE45233_1	0.00145650653571962	0.00402794017963919	NA	-0.0051050473583789
GSE45233_2	-0.00307709122914662	0.00479761346929872	0	0.00164918134234145
GSE45233_3	-0.00522493571762081	-0.0124195921025949	NA	0.000362047329552835
GSE45233_4	0.00302290347914346	-0.0086700229925423	0	0.00159360642362412
GSE46053_1	-0.00325300992211728	-0.0142157491077852	-0.00260806550852317	0.00413694301174252
GSE46053_2	-0.00601168961748355	-0.0132914816337312	-0.000505425725672883	-0.00408776157258436
GSE46750_1	-0.00506148050484435	-0.0305155519364404	NA	0
GSE51588_1	-0.0231992847426942	-0.0529993034519799	-0.0226420206387102	-0.0095484908285643
GSE52817_1	0.00542913682203189	0.0287413581731704	NA	NA
GSE52817_2	-0.000827233059931886	0.0112575278816254	NA	NA
GSE52817_3	0.000212389241815877	0.0114946728326404	NA	NA
GSE52817_4	0.00299399150354412	0.00843169914034043	NA	NA
GSE55235_1	0.00615500323373848	-0.00227328792943997	0.00330772795664208	-0.000954624984846282
GSE55235_2	-0.00904145155914144	-0.0158784210632186	-0.00611072418267891	-0.0162626925657775
GSE55235_3	-0.00796376501328415	-0.0165001516364619	-0.00623143228663275	-0.0144410294713985
GSE55457_1	-0.00355134813476811	-0.030903419593773	-0.000976288710434477	-0.00782884201118089
GSE55457_2	-0.0146519579125614	-0.0387314120876377	-0.0107278624893375	-0.00537032008311358
GSE55584_1	0.00292036590774391	-0.0156095006227031	-0.00188860569541747	0.00221444171968439
GSE57218_1	-0.000988682999626912	0.0322532882295293	-0.00109981880951138	0.00666734813584272
GSE57218_2	-0.00455738544054375	-0.000806769530578336	-0.00607414102403372	-0.0151795833599853
GSE57218_3	-0.000659154076610548	-0.0146400198549141	-0.00415199577494032	-0.00941736311648822
GSE60762_1	-0.00438568335066161	0.00015594052299067	NA	-0.00787083463694778
GSE62914_1	-0.00513975347828374	-0.0251626972712184	NA	-0.00455760231060133
GSE62914_2	0.0062843914260152	0.00908555215230273	NA	-0.00220795497696567
GSE62914_3	0.00544832641738957	0.0132662319602153	-0.00142450142450142	0.00313508148949937
GSE62914_4	-0.011960283394103	-0.0542038076051101	0	-0.0135605682284066
GSE64394_1	-0.00666021051084989	-0.0194771204083163	NA	-0.00880546475337544
GSE66635_1	-0.000177691876052123	0.00722401632395223	NA	0.00426149078052273
GSE68038_1	-0.00158985338393349	0.0207458587816413	0.00221144562167189	0.00138999011822267
GSE68428_1	-0.0133243663118267	-0.0415972130961254	-0.0104223546509242	-0.0165845936849989
GSE68428_2	-0.0227892070792119	-0.0492583986667917	-0.0214919635774478	-0.016180512721871
GSE68428_3	-0.0170672846936213	-0.0505703740823896	-0.0203614440421055	-0.0269668923304374
GSE69459_1	0.0191948596558288	0.0149547404312023	NA	NA
GSE69459_2	0.0267187504970575	0.0447186481224808	NA	NA
GSE69459_3	0.0200340624369561	0.038388029677451	NA	NA
GSE69459_4	0.0234012125067661	0.0328090624674124	NA	NA
GSE69992_1	0.0146176191778678	0.0436912289191961	0.0146906827565383	0.000659398765810392
GSE70719_1	-0.00905130997373647	-0.0208263729934185	-0.00914987649840095	-0.00574052415587651
GSE7116_1	-0.0051078568992576	-0.0252431482583711	0.00135869565217391	-0.00181474243149705
GSE7116_2	-0.0253665936908021	-0.0535815972279163	NA	-0.0312599809974559
GSE7116_3	-0.0165508405283313	-0.0185377670838469	0.00141242937853107	-0.0064300225307276
GSE72575_1	-0.00725192720031942	-0.0109975914669691	-0.00592230735716736	-0.00370152323726384
GSE72575_2	-0.000999946615565215	0.00390757005141011	-0.00100297613142377	-8.37859962433555e-05
GSE72575_3	-0.00726415573196135	0.00100132384303527	-0.00752178355779523	-0.00450025490867986
GSE72575_4	-0.00235849056603774	-0.0290011989616885	-0.00125	-0.00602881436767421
GSE75181_1	0.00500729902458509	0.0246512769127455	0.00460749820860269	0.0234220942386669
GSE75181_2	-0.0148723640399556	-0.0451790712338226	-0.0140174884293263	0.00295218077454855
GSE75181_3	0.00214736857477183	0.0169254864740673	0.00167756245783478	0.0263395582919288
GSE75230_1	-0.00164634822500677	-0.0193326927874513	-0.00274065602599374	0.00325373232776823
GSE7669_1	0.00575352507955688	-0.0283535099178458	-0.00579068241469816	-0.0110568850247638
GSE77916_1	0.00137741046831956	-0.010263842603447	0.00143266475644699	0
GSE80614_1	-0.00266070167176831	-0.0064875109180416	-0.00444943027125139	0.00437731846919296
GSE80614_2	-0.000670399986232337	0.000850238147182108	0.000320991140745264	0.00757344342349262
GSE80614_3	-0.000977788507967166	-0.0106779911734212	-0.00128865979381443	-0.00347426931951424
GSE80614_4	0.00389489484527635	0.0114812915481849	0.00412733210586735	-0.00081513260808878
GSE80614_5	-0.00453241085614252	-0.00266433154721824	-0.00560697569883983	-0.00153750685326978
GSE80614_6	-0.00184915404554049	-0.00514998947241117	-0.00206962376429427	-0.00556320551434136
GSE80614_7	-0.006182784102241	-0.0315906528740188	-0.00684198300582823	-0.0147869442540289
GSE80614_8	-0.0071848507903066	-0.0368218339685304	-0.0101354198053051	-0.0176852462034182
GSE80614_9	-0.00269586416971184	-0.0378329993875436	-0.000723308883455583	-0.0113441171543575
GSE80614_10	-0.00426056154539344	-0.0236384477803661	-0.00623563795372911	-0.00315285254527309
GSE80614_11	-0.000992362576625464	-0.0273858762314689	NA	-0.00593344489515452
GSE80614_12	0.00233341898610456	0.00562940149695841	0.00458078803861323	0.00411941302387162
GSE80614_13	0.003720262483696	0.0110678451191936	0.00572990692036499	-0.00375961209123982
GSE80614_14	0.00555862351486741	0.0022343788381445	0.00416687698528042	-0.00533286902750225
GSE80614_15	-7.41484322944533e-05	-0.0178503354605188	-0.000839424553780142	0.00299947583252396
GSE80614_16	-0.00168099429920157	-0.0280881090781823	-0.000485753923820175	-0.000709391066875164
GSE85254_1	-0.00278264485639885	-0.0143927081679611	-0.00995968259682086	0.000110862668601705
GSE86578_1	-0.00051904034685972	-0.0183985755714199	-0.00586383045097389	-0.00611265105422533
GSE86578_2	-0.00683970856102004	-0.0245269256969571	-0.00670184362816627	-0.00427727093181238
GSE86578_3	0.00770587989309235	0.0149556657503128	0.00651369253314715	-0.00117038278198247
GSE9329_1	-0.00122171572120037	-0.02126181625702	NA	NA
GSE93698_1	-0.0092272126520182	-0.0449666214854836	-0.00866779593846023	-0.00895936499684284
GSE93698_2	-0.0125399136368213	-0.0410364282852926	-0.00807154906862087	-0.015224503959018
GSE93698_3	-0.00453803470896458	-0.0257097658761607	-0.000799660921278811	-0.00205943944693115
GSE93698_4	-0.00672403516295536	-0.0260822982746864	-0.00554308284443019	-0.0120899680310998
GSE93698_5	-0.00250450515609316	-0.0223788227899506	-0.00115083524234664	-0.00766801544420333
GSE93698_6	0.0125230379429281	0.0261856145221985	0.0025623576467974	0.00842925082273706
GSE93698_7	0.0115440785891473	0.0396249941102815	0.0123976269969442	0.0123090401161683
GSE93698_8	0.0177270143050051	0.0628379874314925	-0.000329543937381702	0.00808915929373799
GSE93698_9	0.0184144619186818	0.0384193876627513	0.0189710860044733	0.0300160313732875
GSE93698_10	0.00238771617327477	0.0236242466280732	0.00568412269503852	0.00719721455015573
GSE93698_11	0.00299670800057437	0.0322926038600141	0.00558294771091673	0.00185814122216732
GSE93698_12	0.00772383444243063	0.0194242623941662	0.0198691008180829	0.0229806166207966
GSE93698_13	-0.00298252784761489	0.00104186184634538	-0.00402923827387601	-0.0023172761768779
GSE93698_14	-0.000148515943051576	-0.00156660589479489	0.0138763197586727	0.00491350028223621
GSE93698_15	0.0048916023794217	-0.00200088099233024	0.00680666737057981	0.00998996369228073
GSE93720_1	-0.0206491750550081	-0.0976281977485767	NA	NA
GSE93720_2	-0.0195656298672306	-0.0662019636533557	NA	NA
GSE93720_3	-0.0203897889371783	-0.0820823460808415	NA	NA
GSE93720_4	-0.0105351257482858	-0.035005459089375	NA	NA
E-MTAB-5564_1	-0.0110491545507272	-0.0219227538294378	-0.0136431088044714	0.00281500727427736
GSE77753_1	0.0102095646412524	0.0317017008546146	NA	0.00891428599551588
GSE43861_1	0.000226534438924271	-0.0123890822350287	NA	NA
GSE112809_1	0.0013550135501355	0.0134194784406153	NA	NA
GSE111946_1	-0.00627780683980205	-0.0231050345580185	NA	NA
GSE111946_2	-0.00026290300262903	0.00123605137023623	NA	NA
E-MTAB-3201_1	0.00795540833747025	-0.00065457986306469	0.000428316906137542	-0.00287468680947558
GSE57740_1	-0.00949378784672784	-0.0968278470840958	NA	NA
GSE52992_1	0.00466034094684921	0.0513760455344292	0.00452439989551754	0.0162542390216524
GSE17160_1	0.013598754958855	0.0347871284204201	NA	NA
GSE17160_2	0.00554830224293712	0.0263014364766151	NA	NA
GSE17160_3	0.0240079793574635	0.120702820506249	NA	NA
GSE17160_4	0.00076757366802279	-0.00894686446684986	NA	NA
GSE17160_5	0.0130043349991093	0.0254558069114925	NA	NA
GSE17160_6	0.00148518441428848	0.00583274985658568	NA	NA
GSE17160_7	0.00993223492510913	0.0729620145278265	NA	NA
GSE17160_8	0.00242824334711322	-0.00313778057674082	NA	NA
GSE17160_9	-0.00905840869545618	-0.0258245954449388	NA	NA
GSE17160_10	-0.0106245695952577	-0.0269252498898622	NA	NA
GSE17160_11	-0.00512788471038534	-0.0286631779043144	NA	NA
GSE17160_12	-0.00929987811908608	-0.0187902341187301	NA	NA
GSE22971_1	-0.0022271714922049	-0.0244390763155826	NA	-0.013954756291911
GSE22971_2	-0.00247391931538638	-0.0100085485988692	NA	-0.00662814914587655
GSE22971_3	-0.00192943193584401	-0.0125292512028041	-0.00183074520664374	-0.00510554931811979
GSE22971_4	0.000983836696751721	-0.00796235694332735	-0.00221021214584393	0.0024572442195114
GSE13590_2	0.00258792965627498	-0.019609983670491	0.00279329608938547	0.00313274487455579
GSE99731_1	0.00308958017019173	0.0187183534787332	NA	0.00923829606054551
GSE99731_2	0.00145624335444501	-0.00239801162028315	NA	0.000240527399419417
GSE99731_3	0.00852997361077319	0.032615676758642	0.00792118424647233	0.01879449937938
GSE27492_1	0.00118671706487473	-0.0188622369964322	0	-0.0108723266749692
GSE27492_2	-0.00552582443983732	-0.0184216021451498	-0.0042822966507177	-0.0111583778194456
GSE27492_3	0.00103525792268159	-0.0180137535248396	0.00280546633211736	-0.00171055830128708
GSE27492_4	-0.00543277425181798	-0.019729898534498	0.00273990988399962	-0.0105963629286756
GSE27492_5	0.0053308737037865	-0.0196490890572289	0.0125520625427475	-0.00719495838690576
GSE27492_6	-0.0159017400554823	-0.063934416868932	-0.0277309413246878	-0.0282450794005815
GSE27492_7	-0.013390317418607	-0.0656583750479894	-0.0224794037737921	-0.0186148903893013
GSE27492_8	-0.0155006199053417	-0.0534623952655135	-0.0126782650313386	-0.0182660920805541
E-GEOD-15069_1	-0.00664109861945507	-0.101381008616013	-0.00681824453919499	-0.0170039579028697
E-GEOD-15069_2	-0.00819773892385865	-0.0818876279697872	-0.00821581861800668	-0.0139690189856151
E-GEOD-15069_3	0.00840613070100183	0.0276177397289566	0.00843363416863624	0.0194458851508378
E-GEOD-15069_4	-0.0372436119016682	-0.108346414240993	-0.0377556850622087	-0.0564155497411524
E-GEOD-15118_1	-0.00624420515359703	0.0115644374114816	NA	NA
E-GEOD-15118_2	0.00120873145650533	-0.0226605617908193	NA	NA
E-GEOD-15118_3	0.021929039665912	0.0351471639324344	NA	NA
E-GEOD-15118_4	0.0133518899734247	0.0515021160638848	NA	NA
E-GEOD-16007_1	-0.00148476685176716	0.0169224662102984	NA	NA
E-GEOD-17473_1	0.00179195217584426	2.2191619481305e-05	NA	0.0076656291225145
E-GEOD-18647_1	0.0218307353062344	0.0634385829800687	NA	0.0110946956036981
E-GEOD-18647_2	0.00475499511731494	0.0105095120115277	NA	9.64308855354833e-05
E-GEOD-18647_3	-0.0142992573459656	-0.0236497877505968	NA	-0.0137101836338591
E-GEOD-18647_4	-0.0160947251174371	-0.0582464279443571	0	-0.012277861572804
E-GEOD-18648_1	0.00851963435798797	0.0601626384967513	0.00700016798200668	0.00684975745442481
E-GEOD-18648_2	0.0050725251344189	0.0551098565176312	0.00582420654877565	0.00385512297198031
E-GEOD-2154_1	-0.00107066381156317	0.0480786050439808	-0.00137362637362637	0.0119503936539534
E-GEOD-2154_2	-0.00745958413294741	-0.0329756944553997	-0.00848663545423864	-0.01191853158737
E-GEOD-2154_3	0.0065329040891106	0.00404567288730308	0.00600495520598459	-0.0051489863292386
E-GEOD-2154_4	0.0148135643743429	0.0247484533685723	0.0178922024335339	0.00273031308156084
E-GEOD-26475_1	0.0141060378324139	0.0663468976183391	0.0181099740380684	0.0114652109937139
E-GEOD-26475_2	0.000397062188183813	0.0250781275295731	0.00124069478908189	0.00384514576155359
E-GEOD-26475_3	-2.70054162523166e-05	0.0181166705708337	-0.00316578376725742	0.0059496601689506
E-GEOD-33567_1	-0.0244133230908719	-0.10768846959505	NA	NA
E-GEOD-33567_2	-0.0177016302925725	-0.0523107499112214	NA	NA
E-GEOD-37287_1	-0.00137583284328546	0.0291479617665496	NA	NA
E-GEOD-37287_2	-8.71940579472517e-05	0.0107542786682982	NA	NA
E-GEOD-37287_3	0.0113801850575276	0.0511159374006149	NA	NA
E-GEOD-51994_1	0.00475014996388104	0.0133922081912797	-0.000426961221601506	0.000769990096253878
E-GEOD-51994_2	0.0143462177851296	0.0314629733602299	0.00360665805124198	0.00357437552418267
E-GEOD-51994_3	0.00783184419646085	0.0345294586301622	0.0029521803607141	0.00853272200123109
E-GEOD-65077_1	0.00122477799006759	-0.0128226805223386	NA	NA
E-MEXP-1244_1	0.0033014697319237	-0.0140451965839502	NA	NA
E-MTAB-1123_1	0.00373908222327213	0.0134151762986127	0.0126018745943332	0.00462489437885045
E-MTAB-1123_2	0.00415474588823813	0.0138625223530797	0.00615066742847461	0.00461868505645196
E-MTAB-1123_3	0.00226693075609216	-0.0015988829768932	-6.6283694211224e-05	-0.00277486259918083
E-MTAB-1123_4	0.000813611755607115	-0.00189047413621923	0	-0.00177238481599536
E-MTAB-1391_1	0.00999657451622729	0.0308181506786343	0.0100405815075416	0.0114926139516863
E-MTAB-1391_2	-0.0243770734448556	-0.0550769071340692	-0.0236077161312893	-0.0116417861257342
E-MTAB-1391_3	-0.030638842024441	-0.0839772925931625	-0.0300518594057178	-0.0163379769860258
E-MTAB-2450_1	-0.0228289859397541	-0.069557519569713	-0.0149730894379147	-0.00254394337320098
E-MTAB-2450_2	0.000980471855170793	-0.0095305200241242	-0.00159568369360765	-0.00385390078343852
E-MTAB-2450_3	0.0170927413056859	0.0157876681919276	0.0159981619161392	-0.00437507220139782
E-MTAB-2450_4	-0.012411361052343	-0.0477008200641134	-0.0135051169590643	-0.00832666801093337
E-MTAB-5023_1	-0.000428662525630497	-0.0288815099348953	NA	-0.0115787291520975
E-MTAB-5326_1	0.00812935478270256	0.0240796712822051	NA	NA
E-MTAB-5326_2	0.00223234610912795	0.0178802640876883	NA	NA
E-MTAB-5326_3	0.00827683055821487	0.0275023066173631	NA	NA
GSE102588_1	0.0144687421490194	0.048949282314839	0.0086272994739814	0.0152096004120859
GSE104793_1	-0.00871820008083173	-0.0267805816338095	-0.00923325801867468	-0.00605450874547073
GSE104794_1	0.0118035610596229	-0.00804546268394241	0.0120070832747991	-0.000954790905897441
GSE104795_1	0.0068189348595076	-0.0164459662514486	0.00774467584888508	-0.002161977728655
GSE105139_1	0.00120481927710843	0.0067848531034845	NA	0.000756955916846344
GSE105139_2	-0.0412371134020619	-0.175940880785333	NA	-0.0485210300336351
GSE105139_3	-0.0394736842105263	-0.188020990048746	0	-0.0480010734282384
GSE10555_1	-0.0247760569905995	-0.0911800468185595	NA	NA
GSE10556_1	-0.0335084579361093	-0.053658010785989	-0.031845169423061	-0.0359088766646003
GSE106631_1	-0.0172499435237949	-0.0608515545533758	-0.0157285685118237	-0.0306208322099089
GSE13104_1	0.00779080871585532	0.060727579892389	NA	NA
GSE13104_2	0.0132957884099114	0.0833519779244433	NA	NA
GSE13104_3	0.0107495939229645	0.0658195933210469	NA	NA
GSE16749_1	0.0114766033394997	0.0556743305931132	NA	NA
GSE16749_2	-0.00966392169778018	-0.0261817861083941	NA	NA
GSE16749_3	0.000682965061492154	0.0376116618564238	NA	NA
GSE17348_1	-0.00607742811846598	0.0220014846034262	NA	NA
GSE17563_1	0.00492113980653475	0.0306220666612569	NA	NA
GSE17563_2	-0.00602348818899902	0.00834804173892725	NA	NA
GSE17569_1	-0.00278749871481455	-0.0111475945134035	NA	NA
GSE17569_2	-0.0100450142473959	-0.044966379825369	NA	NA
GSE17570_1	-0.0136245159504708	-0.0621552468818791	NA	NA
GSE17570_2	-0.00168996336958886	0.0091851536803451	NA	NA
GSE18991_1	0	-0.00178942675891684	NA	0.00513015587784522
GSE18992_1	-0.00121359223300971	-0.00183235227188064	NA	-0.00268548429958721
GSE19299_1	0.0371225217890797	0.116565285895233	0.0368453423227151	0.039001896973852
GSE20850_1	0.00378607921364315	0.0388714495581985	NA	NA
GSE21093_1	0.0243690333132559	0.101294938957135	NA	NA
GSE21523_1	0.0135035554745285	0.046543903534796	NA	NA
GSE21639_1	-0.00146271909664767	0.0122500628902079	NA	NA
GSE21639_2	0.00859996973132527	0.0431475492346574	NA	NA
GSE21639_3	0.0046129985022751	0.0328865889116103	NA	NA
GSE21639_4	0.00566200323896911	0.022976897126477	NA	NA
GSE21710_1	0.00234110028605777	0.00199660311947513	NA	NA
GSE21710_2	0.00300293809950034	-0.00272170334350932	NA	NA
GSE21710_3	0.00577932897042382	0.00761636690431613	NA	NA
GSE22925_1	0.0205572768188382	0.0748746069600393	0.0154000883239925	0.00761378942536762
GSE22925_2	0.00258078551319093	0.0458965250998811	0.00568650796748682	0.000510319956046765
GSE26499_1	0.00664803946997078	0.0250825255026111	NA	NA
GSE30160_1	-0.00255903366484794	-0.0204089814246702	-0.00171904825811815	0.00281223461448805
GSE30628_1	0.0138130988932307	0.0713049657987954	0.0141984112507051	0.0132877075261182
GSE30628_2	0.0181555103390117	0.0449604576745399	0.0139350318317161	0.0110051008823796
GSE32163_1	-0.00180387539942322	-0.00617409986107861	NA	-0.00691654939021914
GSE33656_1	-0.00868003900243972	-0.00709952635762601	NA	NA
GSE33754_1	-0.0106162749583584	-0.0491619793276222	-0.00179763245295598	-0.00464460393407762
GSE33754_2	-0.00147656720913681	-0.0090385700270399	0.00213447476829812	-0.0059203513871889
GSE33754_3	0.0126457283797815	0.0148088948657962	0.0124233837762557	0.0105193447856491
GSE34570_1	-0.028946740198873	-0.120166828392234	NA	NA
GSE35003_1	-0.0120556154860362	-0.0467572325610594	NA	NA
GSE35466_1	-0.0232441050221564	-0.111859290056169	NA	NA
GSE35466_2	-0.0263156021877365	-0.092854186406228	NA	NA
GSE35466_3	-0.0277452954992398	-0.0993518323994216	NA	NA
GSE35466_4	-0.0373120174863642	-0.134099183110669	NA	NA
GSE35466_5	-0.0371951499995818	-0.144860350596517	NA	NA
GSE36925_1	-0.00235294117647059	-0.0108472004408149	NA	NA
GSE36925_2	0.00511572292885397	0.0107615560153818	NA	NA
GSE36925_3	0.00295750263869774	0.0147519405123323	NA	NA
GSE37219_1	0.0106707546173493	0.0126619845445277	NA	NA
GSE37676_1	0.0340530764059287	0.103268984440415	0.0349691683592145	0.0304598181383666
GSE41342_1	-0.0103699040325062	-0.00763860035309511	-0.00647535127411289	0.00324499058867937
GSE41342_2	-0.00955351434503994	-0.0632146339364762	NA	-0.0174590656196834
GSE41342_3	-0.000801844545036431	-0.005387647926495	NA	-0.00806081150927888
GSE41342_4	-0.00464850789963373	-0.0354075188969921	0.000171238306643412	-0.00966463176916561
GSE41997_1	-0.00424222802817314	-0.0229372610778687	-0.00233893557422969	-0.00741737111452347
GSE43242_1	-0.00424449772020379	-0.010972267129939	-0.00473052032541837	-0.000209086425097101
GSE43242_2	0.00217695520976167	-0.0161338958691297	-0.00118483412322275	-0.0068452800925636
GSE43663_1	1.62257762681796e-05	-0.0180430057009948	NA	-0.000127885272330457
GSE43854_1	0.0109697078116593	0.0593307870615839	NA	NA
GSE45656_1	0.00673814074832456	0.0565448921304882	NA	NA
GSE45656_2	0.00962279135971898	0.0503058742780059	NA	NA
GSE45656_3	0.00311029702687467	0.0346048519577575	NA	NA
GSE45793_1	0.00453444595213348	0.0404423074305824	0.00427456807553282	0
GSE45793_2	0.0230903134419167	0.0666026290596642	0.0150045788327927	0
GSE45793_3	0.00518993445278138	0.0396661680648941	0.0102455208528623	0
GSE45793_4	0.0140175669862582	0.0631860804270603	0.0116768211349979	0
GSE45793_5	0.0082863926040372	0.0346961946179003	0.0119690726345492	0
GSE46390_1	-0.0105562787826967	-0.00084150657412174	NA	NA
GSE48438_1	0.00904249861769473	0.024178914465378	NA	0.0158415426996874
GSE50549_1	0.0068756312235011	0.0296257592608118	0.00727329630739429	0.00289745291534902
GSE50549_2	0.0102426579708694	0.0401300430415076	0.0115362717099087	-0.00466689281655301
GSE51098_1	0.00915945045101711	0.0182999755591538	0.00116811766667451	-0.00542096329356721
GSE53857_1	9.89095548368851e-06	-0.0137775785351657	0	-0.00238215824828803
GSE53857_2	0.00129778467383774	-0.0102738310730753	0.00136239782016349	0.00257147858681706
GSE53857_3	0.00372814408789078	0.00971768623616949	0	0.00880791776766494
GSE53982_1	-0.0410116476748164	-0.11245595676193	-0.0414480827169255	-0.0377593516072624
GSE53982_2	-0.027415828621778	-0.14699237204336	-0.0268816214911291	-0.0526278348335532
GSE54779_1	-0.00564671953419057	-0.00581079580978311	-0.0052994601034382	-0.00485162743137183
GSE55900_1	0	-0.038969887953524	0	-0.0160523289729564
GSE57104_1	0.0066211782211483	0.0421656481016646	NA	0.0123152007390386
GSE59387_1	0.00114230278175948	-0.00650893744120948	NA	NA
GSE60401_1	0.0021281363601829	0.0263522961605116	NA	NA
GSE60401_2	0.00480524733961042	0.0155487181917055	NA	NA
GSE60651_1	0.0264556489542357	0.0724581785013059	NA	NA
GSE60737_1	-0.0124538678447591	-0.149260119579945	NA	NA
GSE60761_1	0.00128865979381443	-0.00840148185693022	0.00137741046831956	-0.00690952254918473
GSE60761_2	-0.00121359223300971	0.0131523916141012	NA	-0.00164777692803851
GSE60761_3	-0.0131714328726005	-0.0630968696773565	-0.000166996536368135	-0.026982723406887
GSE60761_4	-0.0187986937028957	-0.0708052571593395	0	-0.027197737202528
GSE63017_1	0	0.0150657097689217	NA	0.00909110516780261
GSE63017_2	0.00117370892018779	-0.00497856773006646	NA	0.00800449899717415
GSE63017_3	-0.0058625775007667	0.00612719046623229	-0.00134048257372654	-0.00564505378347818
GSE63017_4	0.000158124257925632	-0.00169201220779045	NA	-0.0016373405319004
GSE63939_1	0.0240176636370548	0.0851999094456653	0.0223569556376697	0.0118310345317209
GSE63939_2	-0.00194060536223001	0.00678678629714589	-0.00218806514266319	0.00398834100423312
GSE64141_1	-0.0228720970207011	-0.0757362628036415	NA	NA
GSE64965_1	-0.0138421764802669	-0.0711532497299585	-0.014835000169642	-0.0312209235299892
GSE65745_1	0	0.0112607119222833	NA	0.00794775386417889
GSE65745_2	0.00118764845605701	0.0302150273957061	0.0014367816091954	-4.18979215991919e-05
GSE65745_3	0.00118764845605701	0.0395282498921929	0.00144092219020173	0.0104713366443443
GSE66416_1	-0.00210608453279114	-0.00513157167101337	NA	NA
GSE66862_1	-0.0165314532524526	-0.0873456171247375	-0.0175347601223537	-0.0133334695739801
GSE69108_1	-0.02789765492474	-0.0813504910993145	-0.0281376283611101	-0.0149816274177935
GSE71565_1	0.0186704010113031	0.0550410103311295	NA	NA
GSE72261_1	-0.0100140785801863	-0.0112111603818588	-0.00277014652014652	-0.00275676441843546
GSE72261_2	0.0165962995999893	0.0658520851504734	0.0210214765875824	0.0091099753819603
GSE72261_3	0.016437874953349	0.0598108684640208	0.0208022962402915	0.0142197813398866
GSE7683_1	-0.00183347936430475	0.00226474015137012	2.96665393538483e-05	0.00306320081781681
GSE7683_2	-0.0103626431346493	0.025501178313292	-0.0115130241884807	-0.014677716639294
GSE78980_1	-0.0246675085510816	-0.0916569332332426	NA	NA
GSE78980_2	0.00475059382422803	0.076047874976044	NA	NA
GSE78980_3	-0.0116177018354976	-0.0359662977168681	NA	NA
GSE78980_4	0.0211394774821385	0.111112011665292	NA	NA
GSE78980_5	0.00117096018735363	0.0176734797785461	NA	NA
GSE78980_6	0.00154368238416003	0.0202132375575134	NA	NA
GSE78980_7	0.0310899826584301	0.0937635732795209	NA	NA
GSE78980_8	0.00179193940718943	0.0222523593148573	NA	NA
GSE78980_9	0.0334923716172511	0.0849398278494734	NA	NA
GSE78980_10	0.0128294036659941	0.0404123612120733	NA	NA
GSE81399_1	0.00521376577871159	-0.000248424171735818	NA	0.00902806660379039
GSE84609_1	0.0173584556596158	0.0682674607276954	0.0169845102328208	0.0317307000827011
GSE84907_1	0.0319313209776189	0.105885179943858	0.0322227663665027	0.011499219615426
GSE84907_2	0.0259862827500888	0.0682022211047178	0.0267897654023321	0.0258523477050793
GSE84907_3	-0.00732564306691939	-0.0497464707106107	-0.00666828425004236	0.00373509178527948
GSE90127_1	-0.0227381811581239	-0.072863676758271	NA	NA
GSE90127_2	-0.00235839795859111	-0.0171954678234921	NA	NA
GSE90127_3	-0.0165926671356377	-0.0556721130695578	NA	NA
GSE9247_1	0.0169656634002984	0.0363516891884457	0.0169925926779517	0.020683824255159
GSE9247_2	0.0168040733149245	0.0676142188423684	0.0164955382317435	0.0144564226981809
GSE9247_3	0.00325018236114443	0.0186413306766251	0.00323379015952917	0.0201235640165784
GSE99306_1	0.00812449823558407	0.0413931394590859	0.00547149194364485	0.00821204818105454
GSE99306_2	-0.00728787428604859	-0.0169962170174452	-0.00566290306350299	-0.0168449827721655
GSE99306_3	0.016963386123708	0.0812258435167963	0.0181815188195197	0.0131691168219055
GSE99306_4	-0.0111897592314382	-0.0272431992150941	-0.0096539172323856	-0.0154999772685943
GSE99306_5	-0.0139025985473209	-0.0311344402441341	-0.011707534507993	-0.0090597216537551
GSE99306_6	-0.0170314380987027	-0.050116123732356	-0.0141624462311212	-0.0164746812690108
GSE99306_7	0.010774404445814	0.0541286484276842	-5.93892880747541e-06	0.0138132455464961
GSE99306_8	-0.00741588148893012	-0.00964738055427789	-0.00650003556234545	-0.0104842651201493
GSE99306_9	-0.00979062431697246	-0.0224624724183845	-0.0090042725875065	-0.00994653066103424
GSE99306_10	-0.00143134695182571	0.036452362989399	0.00178758122967497	-0.00423877498265154
GSE99306_11	-0.00303937315063726	0.00123723996373522	-0.000492684952701135	-0.00429034563912146
GSE99306_12	-0.0116557567049866	-0.0517649622996123	-0.00783951433587463	-0.0137092846224584
GSE99306_13	0.0149914119130608	0.0811579473570424	0.017847330332396	0.00629963227457475
GSE99414_1	0.00792173555393148	0.0282033986673303	0.00824327758241836	0.010660812766672
GSE110581_1	0.00513800319091818	0.0186424629594174	0.00568903324711056	0.00256227257198051
GSE110581_2	0.00136986301369863	-0.00354385756834955	0	-0.0120395644110108
GSE47799_1	-0.00972368197589084	-0.0208130636099841	-0.00385559287005942	-0.0184834499800964
GSE47799_2	-0.00524444481244952	-0.00547196746994143	-0.00403206745324389	-0.00152444799180003
GSE47799_3	-0.00571555192816426	-0.00931228512276636	-0.0062283340462184	-0.00897694395498398
GSE111628_1	-0.0119112754161086	-0.107926947160306	NA	NA
GSE111628_2	0.00332867132867133	-0.0134628085380277	NA	NA
GSE111628_3	-0.00709922085496515	-0.0699579658701852	NA	NA
GSE5657_1	-0.00121720188822625	-0.0597022610628373	-0.002609565852621	-0.00840881374836838
GSE5657_2	-0.00154312509908511	-0.0611032937498774	-0.00285594655567846	-0.00629480257149643
GSE13782_1	-0.0119252840729169	-0.0159560421380656	-0.00158955638275662	-0.00353470828203105
GSE41039_1	-0.00136239782016349	-0.00263724380165873	0	-0.00101890530124219
GSE84198_1	-0.00174150653981841	-0.018899804935446	0.000296987588197194	-0.00141281025284157
GSE84198_2	0.00225416561494121	-0.0560225826388888	5.76368757521867e-05	0.00207653861840307
GSE84198_3	-0.00752568766822012	-0.033511290429227	-0.00636534856057081	-0.000843533251172553
E-GEOD-54216_1	-0.00721680130551625	-0.0237535718716094	-0.00704981168313525	-0.00595726069480414
E-GEOD-54216_2	-0.0126842049753699	-0.0423704597973781	-0.012939738694961	-0.0134101904022623
E-GEOD-54216_3	-0.0167297372295234	-0.0454065781904705	-0.0186532348547696	-0.0156058430924465
E-GEOD-6119_1	0.0356942634313363	0.0820208102405048	0.0387813500731654	0.0371913483525986
E-GEOD-6119_2	0.0337320308279726	0.0815475389063982	0.0363983235793303	0.0343967868987343
E-GEOD-6119_3	0.0318702879603866	0.0795784827479396	0.0320852448652566	0.0367007724031068
E-GEOD-8077_1	-0.00459834074921787	-0.0087500345022266	-0.0070883868417152	0.000438945093229779
E-GEOD-8077_2	-0.00474213547682464	0.000542525010937908	-0.00154994105669274	-0.00629475703324808
E-GEOD-8077_3	-0.00426858134129924	0.00787882634098739	0.00164817622086607	0.000348130851427458
GSE103416_1	0.00458701247606385	0.0505851562310546	0.0055828194127349	0.0166932169812359
GSE103416_2	0.000675911142531042	0.0133488237238283	-0.0016478321794381	-0.00720467532465233
GSE103416_3	0.00974323515199701	0.0359230693289234	0.0115571820129461	0.00886474578082722
GSE19950_1	0.00684742418748605	0.0393685125956913	0.00753173017123583	0.00575257057969824
GSE30322_1	-0.0169082789134977	-0.0372361503154884	-0.0165585850624723	-0.00425800073449025
GSE30322_2	-0.00204147787084917	-0.00253946027394653	-0.00872087306718388	-0.00290165041849773
GSE30322_3	-0.00385114360950658	0.00726105818914458	-0.00269955570664178	-0.00766921224480012
GSE42295_1	-0.00229357798165138	0.00816069556205591	0	0.00209046905475477
GSE42295_2	0.0103740911554306	0.0151130172220284	0.0179341382031773	0.0150323881448308
GSE42295_3	0.00664884829889815	0.0214269075596853	0.0125865983813328	0.0167949345529102
GSE66554_1	-0.00056284966450592	-0.00993657223777821	-0.00178694622458314	-0.00769470927543129
GSE66554_2	-0.0173551745640442	-0.049366901459578	-0.0206308385009966	-0.0218655718095789
GSE66554_3	0.0177548198209942	0.0684827681427987	0	0.029321588162007
GSE66554_4	0.000325838973052502	0.0136397449800133	-0.000673097570834795	0.0168761350987934
GSE74898_1	0.00576049295900598	0.021069059284763	0.00587540360595849	0.000309256692210524
GSE74898_2	0.00765583684914514	0.0375468726953886	0.00673638132036031	0.0109044883034018
GSE74898_3	0.0100216494017792	0.0461573581927389	0.0109142943691938	0.00922603590458054
GSE79176_1	0.00119047619047619	0.0110089806790285	NA	NA
GSE79176_2	0	0.00217851591169242	NA	NA
GSE79176_3	0	-0.00755381630063657	NA	NA
GSE85785_1	-0.00255606355190085	-0.0428298217191637	-0.00210864169199341	-0.00710532714668465
GSE23492_1	-0.0134158377915529	-0.0168038258368277	NA	NA
GSE23492_2	-0.00413520698512585	0.0226537978569485	NA	NA
GSE23492_3	-0.0299586655423328	-0.0744705309836514	NA	NA
GSE23492_4	-0.0184724869238079	-0.0506526011514463	NA	NA
GSE23492_5	0.0171386595266425	0.0458168639926872	NA	NA
GSE44991_1	0.0091339262260269	0.0126394628861597	0.0112338276152911	0.0198872644946847
GSE44991_2	0.00339927400207955	-0.00273202863042029	NA	0.00025897919280346
GSE39796_1	0.00507777632706012	0.0204338891319802	NA	NA
GSE39796_2	-0.000981397125619888	0.00672987566284414	NA	NA
GSE39796_3	0.000706874379902536	0.0218911140106633	NA	NA
GSE18394_1	0.00236797275778394	-0.0120925497758962	-0.000788181628137312	0
GSE18394_2	0.00596037697975055	0.00139425049888632	-0.00212626187746031	0
GSE18394_3	-0.000383677060238872	-0.0139374420427585	-0.00225208381622148	0
GSE29233_1	-0.00756432342561743	0.00661174612339876	NA	NA
E-MEXP-2291_1	0.00346753149480528	-0.0059371898406202	NA	NA
E-MEXP-2291_2	-0.0211997294604642	-0.0415481128511456	NA	NA
E-MEXP-2291_3	0.0117949653393355	0.0319003710760446	NA	NA
GSE107363_1	0.0151168553954518	0.0451660390845152	NA	NA
GSE85761_1	-0.00670640879772243	-0.00564450792978588	NA	NA
GSE89179_1	-0.0109652544294961	-0.0346839787098739	NA	NA
GSE89179_2	-0.00279414409410667	-0.00587373578098992	NA	NA
GSE89179_3	0.019538519487442	0.0399026159289602	NA	NA
GSE89179_4	0.0123408084247951	0.0360496971436312	NA	NA
GSE89179_5	-0.00725045758827604	-0.0134631320159794	NA	NA
GSE89179_6	-0.000598816238464764	-0.00422756544855815	NA	NA
GSE89179_7	-0.00210542638273999	-0.0143779296900033	NA	NA
E-GEOD-57723_1	0.000420583060462052	-0.00017304807261343	NA	NA
E-GEOD-57723_2	0.0109002889807897	0.0205146472872738	NA	NA
E-GEOD-57723_3	0.00513305185116397	0.00106067982852262	NA	NA
E-GEOD-83930_1	-0.00353123772808098	0.0114109200267765	NA	NA
GSE100268_1	0.010995741384389	0.0268753986503277	NA	NA
E-GEOD-55769_1	0.00556361697042994	0.046632256184277	0.00591662296781069	0.0232470070087118
E-GEOD-55769_2	0.00268096514745308	0.00544164113450223	0.00309597523219814	-0.000196611460922843
E-GEOD-55769_3	0.00964280234373136	0.0345345448319669	0.0102186220606869	0.0162702459995372
E-GEOD-69110_1	-0.0171499098976963	-0.0872035898893594	-0.0182009280767964	-0.0166013932028899
E-MTAB-4304_1	-0.00600963450031035	0.0342087978364443	-0.00567972259106968	-0.00628671718682356
E-MTAB-4879_1	-0.00142680259559033	-0.000852078978355549	-0.00260937283958832	-0.00624159532657535
E-MTAB-4879_2	-0.00938808559889278	-0.0222489648473042	-0.00944855538606014	-0.0200449866491814
E-MTAB-4879_3	0.000601450390873377	0.0256478142894705	0.000162778484405971	-0.00277260264770514
E-MTAB-4879_4	0.000479405576508692	-0.00582577522435242	-0.000800842604848881	-0.0103992773819266
Cytokine_Explant_1	0.00513760419182033	0.0218458825734279	0.00956757874007001	0.00461290640693302
Cytokine_Explant_2	-0.00126951604429493	0.0323618225706552	-0.000175925743626289	0.0141139660545627
Cytokine_Explant_3	-0.00105437283837938	0.0111653337438789	0.000338170295194106	-0.00942237848649865
Cytokine_Explant_4	0.00877899515824531	0.0355149875302699	0.00805302776397261	0.0317327436479256
Cytokine_Explant_5	0.00158311829024031	0.0263674278351059	6.94470447867995e-05	-0.00061532203114668
FN1_Explant_1	-0.00446350974658309	-0.00632654375539244	-0.00211288148706271	-0.00535977406679764
E-MTAB-6266_1	-0.00462401012092122	-0.011237133541361	-0.0045823680103701	-0.00615124769988515
E-MTAB-6266_B_1	0.00338113147333314	-0.0043418375968137	0.000794882858055833	-0.0062174451644255
E-MTAB-6266_B_2	-0.00971357978206511	-0.0150711826710569	-0.0103895931270004	-0.00739160406756803
E-MTAB-6266_B_3	-0.0100816430904324	-0.0119526923751937	-0.0106521310146518	-0.00844395735883899
GSE70667_1	0.00992428624007571	0.0695777730748724	0.00579309188464118	0.0356749478709633
GSE87608_1	-0.00291788523197469	-0.0305869118908173	NA	-0.00472136481932925
GSE87608_2	-0.00746302342357985	-0.00164425291550747	0.00227272727272727	0.00171867612293144
GSE87608_3	-0.0041965766918693	0.000490109197227189	0.00206385973327611	0.00686647887572122
GSE87608_4	-0.00681838305684951	-0.0166536010222124	-0.00537462209205883	-0.00723053884255455
GSE90890_1	-0.000470197881384632	-0.00638275909257108	-0.00397626317514534	-0.00432411983848286
GSE97118_1	-0.027586673349496	-0.107236036354525	NA	NA
GSE97118_2	0.0137859735219653	0.0432036758950394	NA	NA
GSE97118_3	-0.0290141864650401	-0.118626997427383	NA	NA
GSE97118_4	0.0183585685277577	0.0488125421611501	NA	NA
GSE97118_5	-0.0139816859809358	-0.0522484517386358	NA	NA
GSE97118_6	-0.00630669701592545	-0.0267543661812683	NA	NA
GSE97118_7	-0.00765114398502368	-0.0490432382709552	NA	NA
GSE107592_1	0.01425078358208	0.0937863032513123	0.023705709302443	0.0162959625252497
GSE92641_1	-0.0272101382207296	-0.0698734836921328	-0.0292154330092871	-0.0247843586262784
GSE107849_1	-0.00121359223300971	-0.0202991180388703	NA	NA
E-ERAD-89_1	0.00111607142857143	0.00273042322978153	NA	NA
E-ERAD-89_2	0.00256077330485227	0.0311280039748048	NA	NA
E-ERAD-89_3	-0.00186535705252508	0.0193749285602743	NA	NA
E-ERAD-89_4	-0.00233100233100233	-0.028881656741373	NA	NA
E-GEOD-45893_1	0	-0.0468785402244514	NA	NA
E-GEOD-53105_1	0.00374100864732811	-0.0056137675348007	0	-0.0110265530754003
E-GEOD-53105_2	-0.0102692095891386	-0.038035310827846	-0.00586550532204685	-0.000551163353272342
E-GEOD-54461_1	0.0016245145169337	-0.00328171689425879	0.00148511170448751	0.00187445624838574
E-GEOD-54461_2	0.00184456108286159	-0.0142389668665111	0.00118421216091882	-0.00115912236252779
E-GEOD-54461_3	-0.00122536450709392	-0.0210128501540809	-0.00516433691325419	0.00163809864134829
E-GEOD-54461_4	-0.00284628147177922	-0.0209739133011571	-0.00324925208677834	-0.00330550743402001
E-GEOD-54461_5	0.00655577872028288	0.00167933013798877	0.00691759061403647	-0.00106378434982434
E-GEOD-54461_6	0.0166624559259635	0.0474876666908287	0.0190313005339526	0.0206412006133527
E-GEOD-54461_7	0.022919312190068	0.0840422581537553	0.0246275039459621	0.0263346619560951
E-GEOD-54461_8	0.0213585837363861	0.101014499493824	0.0228630929978624	0.0343739144388466
E-GEOD-73372_1	0.00127716557483988	-0.0189999374732364	NA	NA
E-GEOD-73372_2	0.00452967589694733	0.00930542606802559	NA	NA
E-GEOD-73372_3	-0.00231299077852352	0.0329474045202279	NA	NA
E-GEOD-75549_1	-0.00035908980382621	-0.00454852850494657	NA	NA
E-GEOD-76988_1	-0.00179370931242612	-0.00468856277113874	NA	NA
E-MTAB-2923_1	-0.00548509440809354	-0.0358678387860137	NA	NA
E-MTAB-2923_2	0.0067054324862229	0.0594930257692197	NA	NA
E-MTAB-2923_3	0.0157340217311246	0.0602253587233066	NA	NA
E-MTAB-2923_4	-0.00475462217473763	-0.0160198005439146	NA	NA
E-MTAB-3428_1	-0.00222191152361776	0.00601105745331063	NA	NA
E-MTAB-3428_2	-0.00757340914661982	-0.0200222974253981	NA	NA
E-MTAB-3428_3	0.0153127389437063	0.0267909105485587	NA	NA
E-MTAB-3428_4	-0.00319300168584987	-0.00266863840335518	NA	NA
GSE102856_1	0.0174115081890614	0.0377333274887002	NA	NA
GSE103492_1	0.0118704144436398	0.0490229024290756	0.0135983661326569	0.0109861229770732
GSE103492_2	-0.00727333951653913	-0.0335871226049143	-0.00466068145819269	-0.0139164566218758
GSE103492_3	0.00995579070712446	0.0438931512725102	0.0115203213567122	0.0357688936403361
GSE103492_4	0.0258406841129881	0.0798300049786227	0.0339531869582264	0.0378096592365589
GSE103492_5	-0.0231922966431358	-0.0922763150914371	-0.0166739805216353	-0.00704585964566537
GSE103492_6	-0.0117700915523502	-0.0306611790012821	-0.00863153962382918	-0.0163887242013397
GSE103492_7	0.0165249329473967	0.0673840086785766	0.00632804289004126	0.00371789905075508
GSE103492_8	-0.0260943964129252	-0.0570795903697626	-0.0108951752204147	-0.0279197378284709
GSE103492_9	-0.0131254721495652	-0.0155889487035437	0.00137538519797588	-0.00664774614304156
GSE103492_10	0.00301419917388519	0.0565438906447371	0	0.0445756625792427
GSE106259_1	0.0106954874687353	0.0684502323545496	0.0254286132904858	0.0385078125728218
GSE110303_1	0.00487888958013934	0.0213438184371407	NA	NA
GSE110303_2	-0.00287047828571581	0.00327774336393694	NA	NA
GSE110303_3	0.00272444518614782	0.0363566691663825	NA	NA
GSE110300_1	-5.36746120046562e-05	-0.0126439292967528	NA	NA
GSE110300_2	0.00247585055973104	-0.00747007413725666	NA	NA
GSE110300_3	0.00252156676940466	-0.00945101674703954	NA	NA
GSE110281_1	0.00502138626567987	0.0170765613526684	NA	NA
GSE110281_2	0.00562411275524463	0.010873160520069	NA	NA
GSE110281_3	0.00215019979624765	-0.00619418393699651	NA	NA
GSE104459_1	0.00286421202877443	0.00517626609408821	-0.00277186660848381	0.00629046807726237
GSE104459_2	0.0037416616374891	0.028219653871663	0.000132847556994207	0.000505838555111241
GSE104459_3	-0.00166191617462199	-0.0248431904320883	-0.0013476891525672	-0.0223773793597472
GSE110051_1	-0.00274235167876072	0.0125175387876802	-0.000382734518696141	0.00720024718269961
GSE110051_2	0.00242732673724069	0.0226543875285467	0.010121442117885	0.00614317483850471
GSE110051_3	0.000937116406520527	0.0247840767199132	0.00404481304143762	0.0102315211144995
GSE112694_1	0.00760257865077297	0.0280803980871625	0.00821721369025399	0.00612709611934497
GSE112694_2	0.0108695787044718	0.0411420813960912	0.0125693889536668	0.0159806635233304
GSE112694_3	-0.0209956430508594	-0.0756709419902517	-0.0240060157117264	-0.0291736959095243
GSE112694_4	-0.00417709032668005	-0.0293250736563752	-0.00359320436144935	-0.0245298429943692
E-MTAB-5879_1	-0.00441822196044195	2.54737582129404e-05	3.06496806417259e-05	-0.00108598276272364
E-MTAB-5879_2	0.00272132165442792	0.000431669674988567	0.00997467459966386	-0.00982720617866692
E-MTAB-5879_3	-0.0024063056476001	-0.0185066037764566	-0.00133334486909077	-0.0055490863058514
E-MTAB-5879_4	0.00711509836271994	0.0107093379599701	0.00808580493441593	-0.00923566821240674
E-MTAB-5879_5	-0.00665221718247274	-0.0134799287435071	-0.00927830992717185	0.00707482773715982
E-MTAB-5879_6	0.00328730346778156	0.00996131674260184	0.0125422264177907	-0.00111132080855877
E-MTAB-5879_7	0.00510158795702294	0.0183965069613332	-0.00187265917602996	0.0205578712626743
E-MTAB-5879_8	0.00979483932042708	0.0185806007681297	0	0.0171342913368094
E-MTAB-5879_9	-0.00499348178292096	-0.0273046472844888	0	-0.00404484609149159
E-MTAB-5879_10	-0.00749801055978747	-0.0287497224171605	-0.00185873605947955	-0.00897231023556964
E-MTAB-4294_1	0.0163646486030534	0.0326129914987032	0.0135617357883744	0.00744924468451525
E-MTAB-4294_2	0.0177353687498683	0.0406463584727524	0.0214408693713399	0.0181701631701632
E-MTAB-4294_3	0.00802158137457899	0.0212494763862244	0.0113009671238808	-0.00569790913247079
E-MTAB-3186_1	0.00685839432727677	0.0241493710073792	0.00859206909364647	-0.00507885020253995
E-MTAB-3186_2	0.00119361978510694	-0.0150119668954623	0.0057143878415871	0.00073670089153674
E-MTAB-3186_3	-0.0107276474985857	-0.0468161691965945	-0.0213711436994733	-0.0292741895058541
E-MTAB-3186_4	-0.0100634605912922	-0.0178976758970974	-0.010220846210336	-0.0119648878002802
