comparisonID	jaccard	cosine	sigjaccard	chrDir
22659600_1	0.0108119717375621	0.0511711945234949	0.0209731833937449	0.023604061887819
24361742_1	-0.0109766645956901	-0.0678492728574817	0.000344062768343117	0.00781983809367176
GSE72258_1	-0.000214776632302405	-0.0417402502590649	0	0.00359835323409178
GSE72258_2	0.000184885265901972	0.000471364481699554	-0.0172413793103448	0.00812301684050524
GSE69531_1	0.0113941056163162	0.0349246163726595	NA	NA
GSE69531_2	0.00454076083003933	-0.007080849451915	NA	NA
GSE69531_3	-0.00667032430570564	-0.0246379745140337	NA	NA
GSE69531_4	0.0113941056163162	0.0349246163726595	NA	NA
GSE58203_1	-0.00339864145238432	-0.0266008172342755	0.00252236057834569	-0.00243530493489695
GSE58203_2	-0.00491185294483364	-0.0252484991250467	-0.00345742828776227	-0.00392126183837177
GSE58203_3	-0.00197651254884921	-0.00173339159811534	-0.00710201149142066	-0.00516353725590482
GSE58203_4	0.010248132719378	0.0307648957350139	0.00748041972249113	0.00447252077994788
GSE58203_5	-0.00126183494970331	-0.0549507656699096	-0.00342238118600345	-0.0151028233263723
GSE58203_6	-0.00470221352724622	-0.0321404858012468	-0.00356333416902131	-0.0140800244082794
GSE58203_7	0.00278044751927516	0.00750270123120761	0.00306622658723281	-0.00975204472429053
GSE58203_8	0.00876325966943965	0.0260748602288596	0.0100820799897822	-0.00673410653996988
GSE59642_1	-0.00400041968775206	-0.00749307492323507	NA	NA
GSE59642_2	0.00590897491592147	0.0165138569231543	NA	NA
GSE59642_3	0.0112162373949983	0.028179198969553	NA	NA
GSE64922_1	-0.00287466805365162	-0.0198886769728057	0.00207193208693238	-0.000994326015491953
GSE60162_1	0.0142534548601566	0.111434942167151	NA	NA
GSE31685_1	-0.00952266410019738	-0.0565530330923774	-0.0053392170734508	-0.00424493971256561
E-MEXP-3890_1	0.00253349912593633	0.00925281030137453	2.23734472972505e-05	-0.0090509336683127
GSE31980_1	-0.00934784386157195	-0.0172493904440537	0.000202907808743848	0.0107734705585386
GSE15615_1	-0.0243041580351923	-0.0309260022428252	-0.0200259027528317	0
GSE15083_1	-0.00178019523676942	-0.024951411826495	NA	0.0205557543531381
GSE108035_1	0.0168890515426693	0.0259366961801251	0.0193978500775524	0.0051663188227528
GSE108035_2	-0.00646311911085912	-0.026861113084146	-0.00975322523001602	0.0062783106847855
GSE108035_3	-0.00579605120301108	-0.0208924665656098	-0.0133152219314285	-0.00809696966347708
GSE21959_1	-0.00908947180826603	-0.0364542458858463	-0.0106154424193727	-0.00158651700950427
GSE21959_2	-0.000597876015340205	-0.0181339314018511	-0.00377293018207508	0.0026177083931202
GSE24742_1	-0.00378787628704599	-0.0154922175858465	NA	0.0172322978691157
GSE24742_2	-0.00119224378375719	-0.0085399017402741	NA	0.000963801872952358
GSE24742_3	-0.000447937304643364	0.0347477170229144	NA	-0.00277391873765974
GSE74668_1	-0.00180861225155939	0.00263769428108543	NA	NA
E-GEOD-10024_1	-0.00455161118678398	-0.00729695247286407	NA	NA
E-GEOD-10024_2	-0.0120608108547746	-0.0514313247662988	NA	NA
E-GEOD-12860_1	-0.00902080760077075	-0.0797696504602266	NA	NA
E-GEOD-12860_2	-0.0247019635475152	-0.0823214135015047	NA	NA
E-GEOD-12860_3	-0.0184565909843298	-0.0728291908522941	NA	NA
E-GEOD-12860_4	-0.0236061057844418	-0.107101073875954	NA	NA
E-GEOD-12860_5	-0.0424497430630495	-0.117948629009201	NA	NA
E-GEOD-12860_6	-0.0162432883294763	-0.0712083377235473	NA	NA
E-GEOD-12860_7	-0.0286881900038006	-0.114924477138408	NA	NA
E-GEOD-12860_8	-0.0130788632125153	-0.0834292649791105	NA	NA
E-GEOD-14359_1	0.0298217159614596	0.0667686650192997	0.020537866613345	0.00811323035216091
E-GEOD-14359_2	-0.02397715632167	-0.0708326158545085	-0.0313293890841105	0.0215762720977563
E-GEOD-1919_1	0.000487038729879888	0.0212223933440378	NA	NA
E-GEOD-1919_2	0.0139870428430714	0.0694735446426129	NA	NA
E-GEOD-1919_3	0.0159969251617324	0.075888599389113	NA	NA
E-GEOD-1919_4	0.0154810189347479	0.0451740981144159	NA	NA
E-GEOD-1919_5	0.0252809514477917	0.0838560547157306	NA	NA
E-GEOD-1919_6	0.0127103985228539	0.0384334363970838	NA	NA
E-GEOD-1919_7	0.00552666780018159	0.0579583763365251	NA	NA
E-GEOD-1919_8	0.00594014074862085	0.0274248725340326	NA	NA
E-GEOD-1919_9	0.000257813129395353	0.0359122712776614	NA	NA
E-GEOD-19664_1	-0.0235247237167887	-0.0522421369837892	NA	NA
E-GEOD-19664_2	0.0106865994319683	0.00539971021493254	NA	NA
E-GEOD-19664_3	0.000640856055510987	-0.0221623815092496	NA	NA
E-GEOD-19664_4	-0.0268017769696483	-0.0724782735530577	NA	NA
E-GEOD-19664_5	0.000742071343896956	-0.018611071336863	NA	NA
E-GEOD-19664_6	-0.00258770074422972	-0.0207247994873925	NA	NA
E-GEOD-43923_1	0.0243161542448596	0.0806667888580872	0.00659240308091693	0.00095374344301383
E-GEOD-51812_1	0.0154852042499782	0.0171198587585452	0.00248624407069014	0.00501275120983834
E-GEOD-51812_2	0.019791658436946	0.0185963979168047	0.00417099518343869	-0.000409849153040757
E-GEOD-68760_1	-0.0228427610305959	-0.0534633881035587	-0.0238838136641155	0.0139939875283652
E-GEOD-82107_1	0.0119152149390358	0.0636528991036287	0.00731440298957244	0.0281911482317629
E-GEOD-9451_1	-0.0206197576663907	-0.040142992641026	-0.00370413233615919	0.0202791736794504
E-GEOD-9451_2	-0.0127176849281953	-0.0130751335073448	-0.00925704134553119	-0.0137406275098695
E-GEOD-9451_3	-0.00938138892026178	-0.0159194009656346	-0.00793788518639494	0.0103699832459604
E-GEOD-9451_4	-0.00643379342167372	-0.00620522673133505	0.00072506607421104	-0.0184788400262367
E-MEXP-2019_1	-0.00495032323252974	-0.0180205520219263	NA	0.0189311791934812
E-MEXP-2019_2	0.00946691030691981	0.0145853621858415	0.0126565549043562	0.00722131460213423
E-MEXP-2019_3	-0.00953353303611235	-0.0372940544589344	NA	0.009332699346122
E-MEXP-2019_4	0.00738309041338482	0.012955265718828	0.00515970424523933	0.0171304961416082
E-MEXP-2276_1	-0.00200192163573851	-0.0146044719726028	NA	0.00977661669490159
E-MEXP-2488_1	0.0161653687157853	0.0595896551421624	0.0106394724247096	-0.00134315783896616
E-MEXP-3129_1	0.00300251891303239	0.00733346923581972	0.0074010141338933	0.00829699815353043
E-MEXP-3474_1	0.0143964160897355	0.0450987729497261	NA	0.00652178522648835
E-MTAB-3010_1	-0.00292274463478349	-0.0102636225552839	NA	NA
E-MTAB-3010_2	-0.0099229599004066	-0.0211366993822895	NA	NA
E-MTAB-3010_3	-0.00258965121467229	-0.00892248642509965	NA	NA
E-MTAB-3010_4	-0.00931025977380791	6.35599359466834e-05	NA	NA
E-MTAB-4152_1	0.00360438111896819	0.0250447462291115	0.0121444086707501	0.0139045892687183
E-MTAB-4152_2	-0.00362698138859548	-0.0237584036943929	-0.00903639737887192	-0.0128636651971165
E-MTAB-4152_3	0.00222313974744046	0.00884360529958824	0.00761303040240823	0.00111692953372279
GSE100609_1	-0.000351441227687914	-0.0208657045256333	NA	0.0126860078293326
GSE100786_1	0.0011332115800105	0.0211621530881168	0	-0.00129125290470399
GSE100786_2	0.000707395494501443	-0.00210857715894594	NA	0.00749228450616238
GSE103697_1	0	0.00628058034005866	NA	NA
GSE103697_2	0	-0.00217353913742852	NA	NA
GSE103697_3	0	0.00301737424469216	NA	NA
GSE104113_1	0.000474146113084609	-0.00263305427868551	NA	NA
GSE104113_2	-0.00289692215384261	-0.028725967201803	NA	NA
GSE104113_3	0.000474146113084609	-0.00263305427868551	NA	NA
GSE10575_1	-0.00287073144671228	-0.0140204678054229	-0.000770390202274301	0.000762017058419133
GSE10575_2	0.016083477058531	0.055887500724521	0.010543520183243	0.00171665063777745
GSE10575_3	0.00442553995897318	-0.00140086863630939	-0.00515642997220468	-0.00507855485024243
GSE13604_1	-0.00240359287103842	-0.00739882995201282	0.00235459863643873	0.00918638169514268
GSE13837_1	-0.0011793398637191	-0.0163325275139916	2.02308240689005e-05	0.00211966137367983
GSE13837_2	-0.00340062660600221	-0.0298372435914948	-0.00537403086957782	0.000251008279534603
GSE13837_3	-0.00204398034361649	-0.00824907298395668	-0.0075964962382962	-0.010295576294709
GSE13837_4	0.00170428120983612	0.000520103044489676	0.00160088037413103	-0.00276915103672234
GSE13837_5	-0.00214998027266051	-0.027930656724359	-0.000718390804597701	0.0165331175025567
GSE13837_6	-0.00380489778688916	-0.0314056594371067	-0.0122070769780313	0.00242395570854576
GSE13837_7	-0.00218195263266029	-0.0154472923143752	-0.00489865444906885	0.000813114505497734
GSE13837_8	-0.00182228610797232	-0.0056167321045841	0.00077243995737138	0.00479056520089953
GSE13837_9	0.00723572093961525	0.0281275904822353	0.00484195829768823	0.00170745465590558
GSE13837_10	0.00803828289395056	0.0244347982592896	0.00792264776367785	0.00269452462024918
GSE13837_11	0.0103531404467384	0.0297313394710943	0.00386134445547773	0.0047792334259629
GSE13837_12	0.0111969573070956	0.0314650612551401	0.00307944134264288	0.00743967880242947
GSE13837_13	-0.00352243811146572	-0.00988620760460391	-0.000955132485507027	0.00971397906794846
GSE13837_14	-0.00604721827817109	-0.0262889849590991	-0.00795502195903216	0.00189736924963525
GSE13837_15	-0.00135374326381523	0.00290618852702001	-0.00155159798178475	-0.00390570356574294
GSE13837_16	0.00577269871218783	0.00469032209259173	0.00354220545833243	0.00548411175318618
GSE13837_17	-0.00233305112102809	-0.00806071799047411	0.00113260675845048	0.0120765415968429
GSE13837_18	-0.00426395726661213	-0.0107321791331186	-0.00890987118007129	-0.000992894884029949
GSE13837_19	0.00437041925412499	0.0172998928263474	-0.00289299886056176	-0.00572534748868856
GSE13837_20	0.00698405746707584	0.0185590600254335	0.00540503637855514	-4.49118517861051e-05
GSE13837_21	0.00884114536395641	0.0254496952015316	0.00725647155098689	0.00278394488536711
GSE13837_22	0.0048210347942016	0.0123978274007461	0.00337161458289427	0.00984479069550527
GSE13837_23	0.0027633256761548	0.0128788163611702	0.00771323869761486	0.00541010477483106
GSE13837_24	0.00552899262850929	0.0146594924793646	0.00247507077562806	0.000659732146224213
GSE16464_1	0.0158477208469971	0.0799949821982948	NA	NA
GSE16464_2	-0.0243028088001409	-0.0302854994549593	NA	NA
GSE19060_1	0.00117033794672894	-0.0103147738383917	0	-0.00917479824344853
GSE27372_1	-0.00154689024497231	-0.000956710390021676	-0.00332202606037265	-0.0108603002475369
GSE27390_1	0.000990776188779545	-0.011928420185922	-0.00294085459797514	-0.00429759916834277
GSE29106_1	0.00395342100043302	0.0101827882923937	NA	NA
GSE29107_1	0.0237426667508818	0.0539490872570013	NA	NA
GSE29107_2	-0.0167172958112191	-0.0280860207089256	NA	NA
GSE29745_1	-0.00303171440952942	-0.013888986458006	NA	NA
GSE29745_2	0.0114017599056896	0.0185202673868166	NA	NA
GSE29745_3	-0.0114172846823676	-0.0241333426885028	NA	NA
GSE35546_1	-0.00433967434307731	-0.0395362751077495	NA	NA
GSE35546_2	-0.00655662933889594	-0.0344146586244627	NA	NA
GSE35546_3	-0.00681629122000387	-0.043539739498664	NA	NA
GSE35546_4	-0.0151835243753637	-0.048439956854044	NA	NA
GSE35546_5	-0.0125103229315848	-0.0415221915015874	NA	NA
GSE35546_6	-0.0131620347359607	-0.0403842469015963	NA	NA
GSE35955_1	-0.00369455163752171	-0.00645533576626826	0.00291616190259175	-0.00498565419332545
GSE35956_1	-0.01384263074595	-0.0745037721379418	-0.0130694736817795	0.0256416457163878
GSE35957_1	-0.0266098183068889	-0.109332947630756	-0.0181543210117498	-0.00446511918167712
GSE35958_1	-0.0126599618369642	-0.0496467755012257	-0.00792128537912646	0.0169749306434038
GSE39340_1	-0.0101479831297429	-0.0523737466320011	-0.000291925058268249	0.00590244792415733
GSE39340_2	-0.00546354591754875	-0.0577616521219259	-0.000817966903073286	0.00973731240691946
GSE39340_3	-0.00345409693978326	0.0108392497594854	NA	-0.0145912059255618
GSE39795_1	0.000212028006728141	0.00717516599532887	NA	0.00303110532153627
GSE39795_2	0.00277478752676067	0.026324275066765	0.000391184534369946	0.00100197254950853
GSE39795_3	0.00148940907981583	0.0285033307693865	-0.00182481751824818	-0.00622338386238467
GSE41038_1	0.00141369045579693	0.00416543351201154	NA	0.0052834141786796
GSE41038_2	0.00229503139909725	-0.0089367832569496	NA	0.0110265063825435
GSE41038_3	-0.00130195219217796	0.00371467109102891	NA	-0.00842957053316447
GSE41992_1	0.00285833210992374	0.00926203744472583	NA	NA
GSE42235_1	-0.00187521797941095	-0.0279353063262332	-0.00595277386867303	0.0235043405398039
GSE42235_2	-0.0070252355591908	-0.0436535237800524	-0.0179874204282046	0.0289024400352447
GSE42235_3	-0.00707258135554603	-0.0478046487777908	-0.018536656269095	0.0245091749733328
GSE42235_4	-0.00811179450993771	-0.0430185900327305	-0.0224545954390791	0.00979757665598365
GSE45233_1	0.0104218477136752	0.0350689044162456	NA	-0.00469392783614094
GSE45233_2	0.00399349635595305	-0.00705183055386727	0	-0.0103401557106286
GSE45233_3	-0.000935485861834577	-0.00225049126316908	NA	0.00244015038975341
GSE45233_4	0.00977120144492172	0.0389196102968978	0	-0.0016942968996779
GSE46053_1	0.00330545202035966	0.0114726062341072	0.00223220211374167	0.0117668237140362
GSE46053_2	0.00399162622613097	0.0097822552821491	0.000381783080233913	-0.00432483526194666
GSE46750_1	0.00158833591009814	-0.00113355501864355	0.00640939172477659	-0.0182076014391919
GSE51588_1	0.00851972794015978	0.0130079624318964	0.0167409580145635	0.0284284162487392
GSE51588_2	-0.0160749430263455	-0.037298010391899	-0.0123775356838536	0.032347636565103
GSE51588_3	0.0321498087863454	0.0816494066625928	0.0370835253185083	0.00374502619537886
GSE52817_1	-0.0124400636321215	-0.0339254322556912	NA	NA
GSE52817_2	0.0245361583269622	0.0600880163168192	NA	NA
GSE52817_3	0.00612390183005596	0.0147423125682632	NA	NA
GSE52817_4	-0.0329363673332373	-0.0714614840611448	NA	NA
GSE55235_1	0.00394764604704621	0.0215400517558753	-0.000332416654064924	-0.00935685404503032
GSE55235_2	0.016697210859942	0.0570722116335921	0.00304875945249615	0.0318830216019948
GSE55235_3	0.012663269328974	0.0490565320211873	0.00845107692359097	0.0309360985034025
GSE55457_1	0.00335473818063932	-0.017317851406966	0.000891512104577854	-0.00507558706301491
GSE55457_2	0.010563034233751	0.0601316598425125	0.00410841419782833	0.00247613286610526
GSE55584_1	0.000740056352740434	-0.0213659879818146	-0.00161133856333917	0.00997564468306427
GSE57218_1	0.00115744508516997	0.000268959126642184	0.00466610041434527	-0.0224638115046257
GSE60762_1	-0.00593181480490681	-0.0622170970865249	NA	0.0165624008949463
GSE62914_1	-0.00777895115283955	-0.0118792195295681	NA	-0.00820550188518719
GSE62914_2	-0.0141817251956943	-0.035035075276512	NA	-0.0143346826749018
GSE62914_3	-0.00257367316357796	-0.0241162943455097	-0.000726744186046512	-0.00235656199910158
GSE62914_4	-0.0138541734352588	-0.0153606598657337	0	0.0173234082501724
GSE64394_1	0.0206033976747433	0.061108373273689	NA	0.00834833237635358
GSE66635_1	0.000641378346876189	0.00787119287632889	NA	-0.0128540660997743
GSE68038_1	-0.000136602296107124	0.00351587238545885	0.0013648634055285	0.0141953805398726
GSE68428_1	0.00688352474404534	0.00255614467945675	0.000505658326442652	-0.00194862230435353
GSE68428_2	0.00217848189678357	-0.000357334899423396	-0.00162386228351776	-0.00176139714955724
GSE68428_3	0.00835902532812887	0.0298117797004515	0.0079624216396684	-0.00107753622164614
GSE69459_1	-0.000772297222530416	0.00509777962749118	NA	NA
GSE69459_2	-0.00627502844506826	-0.0180216974132682	NA	NA
GSE69459_3	-0.00506996481954702	-0.00901241664446511	NA	NA
GSE69459_4	-0.00370251044899814	-0.00115422155296027	NA	NA
GSE69992_1	0.00374431048984558	0.00647610336579699	0.0169888693226508	-0.0203596821280048
GSE70719_1	-0.0165705530020525	-0.114458430074596	-0.0230882667689408	0.00255581078795141
GSE7116_1	-0.00918931316388332	-0.081644824554478	-0.0132606784968848	-0.00313855227233682
GSE7116_2	-0.00388781558805285	-0.0561271446708578	-0.00304878048780488	9.54601612303402e-05
GSE7116_3	0.00557980807745532	0.0350300817704255	0.00275995947277409	0.00839380172254641
GSE72575_1	-0.0024348279160937	-0.0252740510105385	0.00559495195366503	-0.00949287822240541
GSE72575_2	0.00693439753266918	0.00862376241810714	0.0182417184512018	-0.0147258435146634
GSE72575_3	0.00465076104253618	0.00446924298668036	0.0192460211501498	-0.00890564245783955
GSE72575_4	-4.43121625359876e-05	-0.0269097871216681	0	0.00245721982859771
GSE75181_1	-0.00481471824781319	-0.0387492330839589	-0.00451564897495406	-0.0057671735975863
GSE75181_2	0.00246768598799097	-0.000943848348311063	-0.0041943723421804	-0.00829249424378857
GSE75181_3	-0.00675335689859788	-0.0392739250941845	-0.00723038370830561	0.000963781943201034
GSE75230_1	0.0023669418184643	0.0124132192512813	0.00528430787453696	-0.00449480677226643
GSE7669_1	0.00365090820086013	0.0263846612656821	0.00514239302473507	-0.00231166351299941
GSE77916_1	0.000184885265901972	-0.0181088296231166	0	0.0138204347642259
GSE80614_1	-0.00160935839760635	-0.0254434922350771	-0.00388317210932935	-0.00868969847513214
GSE80614_2	8.29084828096972e-05	-0.020517810538321	0.000384062402957555	0.00158212210093236
GSE80614_3	-0.00175312307016956	-0.0259365934193714	-0.00410958904109589	-0.00418714676370413
GSE80614_4	0.00255334526555387	0.00539090754977562	0.00286264745885646	-0.00706733613106515
GSE80614_5	0.00475557417397733	0.0111162801190737	0.000917040413135912	0.00642292103618585
GSE80614_6	-0.00160437738100714	0.0020867642977247	-0.00409461830030678	0.0264686640180039
GSE80614_7	0.000437495922158675	0.00859934090276961	0.000645355281114864	0.0334709779143619
GSE80614_8	0.00240704658355582	0.0135631181307368	0.0070739593940979	0.0232351137719161
GSE80614_9	-0.00117546903617192	-0.0225662360535221	-0.00242611132759809	-0.0105989078747087
GSE80614_10	-0.00123213573898458	-0.0290305149172302	-0.00543000254767955	0.000356125356125357
GSE80614_11	-0.00172772067747536	-0.0244121771002268	NA	0.00466597713227911
GSE80614_12	0.000129931394801309	-0.0220140534280788	-7.47994561950058e-06	0.00241699839603187
GSE80614_13	-0.000259075512936423	-0.0127719976336305	-0.00116068334103622	0.010397659105595
GSE80614_14	0.000205174662526748	-0.00500484554466031	0.00351158063460759	0.00890178192937368
GSE80614_15	0.000213238590485726	-0.00601986338246696	0.00281921800306572	0.0092259005837416
GSE80614_16	-0.00345021157628812	-0.00186155635639762	0.000226857374048692	0.00519886738658146
GSE85254_1	-0.000851259233096039	0.00598130096080137	0.00520506275671458	0.0135766640442037
GSE86578_1	-0.00135076387687268	-0.0340693692671355	-0.00181774957271171	-8.41806588194882e-06
GSE86578_2	-0.00270455953130571	-0.046537252120514	-0.00613790970933828	0.00365760775892188
GSE86578_3	0.00315724447698634	-0.00353277907788954	0.00837596384746795	0
GSE9329_1	0.00508993356076477	0.0469793916597354	NA	NA
GSE93698_1	-0.00604095996619212	-0.0149731209300006	-0.00236405488730898	-0.00191441920997429
GSE93698_2	-0.00695125629630094	-0.0134878356215489	-0.0025431425894692	0.00732514879166692
GSE93698_3	-0.01059475561681	-0.0295265177700508	0.00245326713705542	-0.00307312851857596
GSE93698_4	-0.00268026190869151	-0.00341380940848382	0.00379272320004643	-0.00331202500177569
GSE93698_5	-0.012793572392026	-0.0349496112802653	0.00146149286247322	-6.71373644757969e-05
GSE93698_6	-0.000348491220177325	0.00913760505657073	0.00262247504820329	0.0118235781570192
GSE93698_7	-0.00490000317704285	-0.0222458813769686	0.00495689745927235	0.0024711514360928
GSE93698_8	0.0036572395543673	0.0342395245048289	0.00258409664144431	0.00492288285892355
GSE93698_9	-0.0139592716790336	-0.0421296445897881	-0.00286513023951438	0.0015029521919568
GSE93698_10	-0.00963396659007789	-0.0305095162647393	-0.00217115431811962	-0.000598093416955603
GSE93698_11	0.0039247266271831	0.0224629942540605	0.00711556650253625	-0.000852247108181462
GSE93698_12	-0.0196365294565636	-0.0451400230037831	-0.0114572165936843	-0.000361772671700379
GSE93698_13	0.0161431581446267	0.0494939074435608	0.0064793962022492	0.000778129114690745
GSE93698_14	-0.00281775404274742	-0.0254962919166238	0.00650996268583351	0.00793739888585203
GSE93698_15	-0.0215445316919044	-0.0596421676206253	-0.0110102779898028	-0.0024222425556023
GSE93720_1	0.0138486773440101	0.0381310399714625	NA	NA
GSE93720_2	0.0148905061728535	0.0309964059940236	NA	NA
GSE93720_3	0.0160990203366748	0.0436936827923182	NA	NA
GSE93720_4	0.0107334581011467	0.0299670900127665	NA	NA
E-MTAB-5564_1	0.0114252070620956	0.0399330136314375	0.0133335276118938	0.0172832367289432
GSE77753_1	-0.00138187824601326	-0.00603683982828624	NA	-0.000195534665592957
GSE43861_1	-0.0195998175643693	-0.0736369215809472	NA	NA
GSE112809_1	0.000155238754136576	-0.00672936853132114	NA	NA
GSE111946_1	0.015094696004326	0.053096212629194	NA	NA
GSE111946_2	-0.000541524700665775	0.023394346867751	NA	NA
E-MTAB-3201_1	0.00241164543401961	0.0150319790857456	0.0083848655288066	0.00163167652129175
E-MTAB-6700_1	-0.00926028209573664	-0.00686951150237741	-0.00580757778566044	0
GSE54749_1	-1.48197033181059e-05	0.0031817932033185	NA	-0.00563271272836637
GSE57218_B_1	0.00573004850900612	0.0389367671383414	0.0141577064144575	2.45875398314464e-05
GSE57218_B_2	0.00375069906735825	0.0430413716755924	0.00312671613453953	0.0116574449726934
GSE57740_1	-0.000242867222830389	-0.024583352871742	NA	NA
GSE52992_1	-0.00363326470345456	-0.0114451115636972	0.00285975931273421	0.00817220600183161
GSE17160_1	0.000536467537291183	-0.00268942500937405	NA	NA
GSE17160_2	-0.000298539335890167	-0.0457360578827729	NA	NA
GSE17160_3	0.000969817377365582	0.020296611579932	NA	NA
GSE17160_4	0.00174128671856316	-0.00617366846304495	NA	NA
GSE17160_5	0.000351731575225051	-0.00976541902369241	NA	NA
GSE17160_6	0.000591469883894537	-0.0274853016528888	NA	NA
GSE17160_7	0.0090563411089252	0.0545858491480073	NA	NA
GSE17160_8	0.00469095239534981	0.0158429074014366	NA	NA
GSE17160_9	-7.12773446109177e-05	-0.0241643247030694	NA	NA
GSE17160_10	-0.00433686025249561	-0.0161218906451776	NA	NA
GSE17160_11	0.00499349307531935	-0.00797727915866817	NA	NA
GSE17160_12	0.00148408810746759	-0.0113548709351963	NA	NA
GSE22971_1	1.81541092952714e-05	-0.0278211345798595	NA	0.031831621132038
GSE22971_2	0.000853876961425622	-0.005164955488279	NA	-0.0105351400784596
GSE22971_3	0.015987618236876	0.0420963838974228	0.0305568616532075	0.0305619931118224
GSE22971_4	0.0147006974379587	0.0534798996171241	0.0152220316876255	0.0176868692697654
GSE13590_1	-0.00567986767622998	-0.0122921613292271	-0.0022853180024915	-0.00832186427130967
GSE13590_2	-0.000613769255640375	0.0160829595198749	0	0.00380144148594333
GSE99731_1	0.00270627594003669	0.036924247519687	NA	0.0207932602698874
GSE99731_2	-0.00202170145580667	-0.0110809137805299	NA	-0.00265626856803327
GSE99731_3	-0.0108759486485169	-0.00514695346155571	-0.0130537368440894	-0.0124770203566665
GSE27492_1	-0.000140161352332568	0.0136389972419023	0	0.00210149994784795
GSE27492_2	0.001433677065232	0.0144867735956295	-0.000361685313779975	-0.00118778022488501
GSE27492_3	0.0085419544470394	0.0312953612058238	0.00317268070710937	0.0117368212119272
GSE27492_4	0.00805929593556955	0.0314486278109884	0.0059983975000033	0.0183573568029652
GSE27492_5	0.00381726421325846	0.0157778159298899	-0.00698993886106869	0.0231506123495739
GSE27492_6	0.0087829323774586	0.0429011020996517	0.0175760767283389	0.0197641648045869
GSE27492_7	0.00821054273170595	0.0423632045333152	0.0162487259338432	0.0212865958041176
GSE27492_8	0.00566193314890445	0.0342831923596095	0.00751404760098084	0.00824364148888461
E-GEOD-15069_1	0.00109208181944951	-0.0181649160519252	0.00362990309090949	0.00557900418768794
E-GEOD-15069_2	-0.00523918856524534	-0.0232849533433307	-0.0115420329792576	0.00184537236663812
E-GEOD-15069_3	-0.0372676943843281	-0.0861899517834379	-0.032967940125746	0.00545793889482338
E-GEOD-15069_4	-0.00211478788395217	0.00508460455078887	0.00624698578740643	0.0063086024260809
E-GEOD-15118_1	-4.09434986845423e-05	-0.00282337821633249	NA	NA
E-GEOD-15118_2	-0.000414536840799803	0.0488630122522492	NA	NA
E-GEOD-15118_3	-0.00256181765999719	-0.0288107668172931	NA	NA
E-GEOD-15118_4	-0.00430928178712266	-0.0521799082815177	NA	NA
E-GEOD-16007_1	-0.00096765841614539	-0.00840018906872464	NA	NA
E-GEOD-17473_1	0.000959408871517554	0.0386128315251279	NA	0.00585996787180372
E-GEOD-18647_1	0.0126987640834989	0.0489772734214015	NA	0.00591413385356559
E-GEOD-18647_2	0.00137675693404842	0.00943914025513083	NA	0.00273470035954597
E-GEOD-18647_3	0.00392143841077953	0.0255368037970743	NA	0.00410420553775842
E-GEOD-18647_4	-0.0047175488306227	-0.00921436555838221	-0.00419735579352367	0.00107207991331821
E-GEOD-18648_1	0.00351143355207201	0.00464506766043079	0.0127654105864688	0.0146602349476164
E-GEOD-18648_2	-0.000304026372637291	0.0335544480385548	0.0125097911045623	-0.00758514170404474
E-GEOD-2154_1	0.0032157418441242	0.00965199316792824	-0.000140752505581222	-0.00981102497726695
E-GEOD-2154_2	0.00513061209783744	0.0245761180144908	-0.00241713490389647	-0.00344777087822123
E-GEOD-2154_3	0.00893011490530474	0.0516992698194017	0.0032865889112582	-0.00418458075581715
E-GEOD-2154_4	0.0159371458110311	0.060299628401369	0.0250345232248065	0.0163123484830052
E-GEOD-26475_1	-0.00530075479719335	-0.0113552335496385	-0.00587398928028661	-0.0178873781603667
E-GEOD-26475_2	-0.00458872507775945	-0.0235724974175972	-0.00183119808726177	0.00538761343812869
E-GEOD-26475_3	-0.00485991141657077	-0.0281676144800528	-0.00427322780179683	-0.00619493457116464
E-GEOD-33567_1	-0.00626244995218834	-0.0289979114930941	NA	NA
E-GEOD-33567_2	0.0213106391810667	0.0499643488044646	NA	NA
E-GEOD-37287_1	-0.0182817826108572	-0.0437639861690855	NA	NA
E-GEOD-37287_2	0.0165228745687898	0.0228715482732003	NA	NA
E-GEOD-37287_3	-0.0279552767744392	-0.0520196434042469	NA	NA
E-GEOD-51994_1	0.00569503467035779	0.048078229169134	-0.0030018246639692	-0.0054926988921812
E-GEOD-51994_2	0.0191698870587859	0.0578019144838042	0.0038892850498981	0.00177965296909387
E-GEOD-51994_3	0.00779507199586708	0.0397471145140273	0.00596824768463343	0.0162656857534161
E-GEOD-65077_1	-0.000729197187439803	-0.0183881420217412	NA	NA
E-MEXP-1244_1	-0.000818438071552159	-0.07463078438055	NA	NA
E-MTAB-1123_1	-0.0112261317566751	-0.0450409834115019	-0.0198018979248179	-0.0190276516229666
E-MTAB-1123_2	-0.0088604982076867	-0.0396985498170691	-0.0192033951615578	-0.0166499545563239
E-MTAB-1123_3	0.00737622379120904	-0.00801265646722197	0.00872305081164474	0.00298355286034232
E-MTAB-1123_4	0.00130136081525289	-0.0304061533753205	0	-0.00580255430354553
E-MTAB-1391_1	0.0085214157880911	0.0186522482658858	-0.0009244076086553	2.34698532545347e-05
E-MTAB-1391_2	-0.00252228936212563	-0.00795736137130938	-0.0146388643854981	-0.00279165985855369
E-MTAB-1391_3	-0.00821491602306613	-0.0193139900471372	-0.0178718039894835	-0.00742163973313234
E-MTAB-2450_1	-0.00375345996181546	-0.0181396587710637	0.00330403232628047	0.0106514503683073
E-MTAB-2450_2	-0.0073826463560897	-0.00683084121809514	-0.00538298964055967	0.00937323077944173
E-MTAB-2450_3	0.0180121609864611	0.0416409391941505	0.0107086758791975	-0.0110039875766349
E-MTAB-2450_4	0.0125320778613398	0.0413123634802185	0.00461180662717208	-0.00304081950462307
E-MTAB-5023_1	0.00956816032394573	0.00288270208594802	NA	0.0127744539547133
E-MTAB-5326_1	0.000215690004197263	-0.015500947289258	NA	NA
E-MTAB-5326_2	-0.0121551396700077	-0.0256210757080601	NA	NA
E-MTAB-5326_3	-0.00628949254299305	-0.00967737885198944	NA	NA
GSE102588_1	-0.00698043351564292	-0.00407249625418336	-0.000238655185929776	0.00675320807763988
GSE104793_1	-0.0103610484800703	-0.0236681083381752	-0.0243209874613651	0.00724798079207198
GSE104794_1	0.0150535120159102	0.0243490136766662	-0.00753602461898626	0.000527877359897486
GSE104795_1	0.0128109094271278	0.0345070568507572	-0.00946486558075535	0.00180857264713336
GSE105139_1	0.000414512306665317	0.0359286460041109	NA	0.00201245170053837
GSE105139_2	0.00315407874398244	-0.0155488632351368	NA	0.00127339209299355
GSE105139_3	0.00410485832888856	-0.036516214010613	0	0.00593246407874891
GSE10555_1	0.0190329594560255	0.0296330785042607	NA	NA
GSE10556_1	0.00547750078411974	0.0407988990538708	0.0149663453563803	0.0091382327838443
GSE106631_1	0.00323353929761168	0.00167141494723263	0.0036446023569743	0.00163342008894028
GSE13104_1	0.0104152443246048	0.043427290698073	NA	NA
GSE13104_2	0.0294968587353752	0.0705206584320514	NA	NA
GSE13104_3	0.0121468605911773	0.0465493282813568	NA	NA
GSE16749_1	-0.0205063319438592	-0.058513011783857	NA	NA
GSE16749_2	-0.00358911626227456	-0.0157442520605821	NA	NA
GSE16749_3	0.00250930020997455	0.0134075687498286	NA	NA
GSE17348_1	0.00181115468186735	0.0352635298060982	NA	NA
GSE17563_1	0.0104838250388188	0.0152984121389471	NA	NA
GSE17563_2	-0.00142178422814087	-0.0059247864557076	NA	NA
GSE17569_1	-0.0203518783661945	-0.0265936929470344	NA	NA
GSE17569_2	-0.0229281893722054	-0.0437730725193006	NA	NA
GSE17570_1	-0.00647644561690408	-0.0109688788283998	NA	NA
GSE17570_2	-0.0289985174631948	-0.0745823772500264	NA	NA
GSE18991_1	0.000214868929952729	0.0302102327163442	NA	0.00506338375072475
GSE18992_1	0	0.0126898038090249	NA	-0.00827342993057298
GSE19299_1	-0.0120603292571089	-0.0246683655131992	-0.0157958667862927	0.000155062242816834
GSE20850_1	-1.75344205449041e-06	-0.00560930800266054	NA	NA
GSE21093_1	-0.00599527298099635	-0.000672921225430297	NA	NA
GSE21523_1	-0.012767081058608	-0.0487524171265141	NA	NA
GSE21639_1	0.000780906415895898	0.0108976365793663	NA	NA
GSE21639_2	-0.00409057710693072	-0.0354861522909108	NA	NA
GSE21639_3	0.0015879392238024	0.00424907721271901	NA	NA
GSE21639_4	-0.00137746094601084	-0.0142947572982985	NA	NA
GSE21710_1	-0.0142999607137835	-0.00462262392638471	NA	NA
GSE21710_2	-0.0168038068409357	-0.00763013396026661	NA	NA
GSE21710_3	-0.0139111270112545	-0.00988341058605103	NA	NA
GSE22925_1	-0.0268564262215339	-0.0908675449660631	-0.0143604058191314	-0.00906880227379702
GSE22925_2	-0.0114838315999639	-0.02518515014524	-0.0049245362834213	0.00140852579276225
GSE26499_1	0.00473564206301677	0.0202395545137167	NA	NA
GSE30160_1	-0.00867999497294118	-0.0374445479602399	-0.0204574791289174	0.00269502935547423
GSE30628_1	0.0236335531269049	0.0545097712938994	0.032558286032208	0.00701538503829811
GSE30628_2	-0.0151231014909103	-0.0567357562672662	0.00411230962749309	0.00119178122149291
GSE32163_1	-0.00262165122156566	-0.047091662283844	NA	-0.00901260668825633
GSE33656_1	-0.0184507484137394	-0.068673003144228	NA	NA
GSE33754_1	-0.000807133964944896	-0.0105226092158984	-0.000669329782512206	0.0119294916802319
GSE33754_2	0.000665797096703441	-0.0142288978898405	0.00777872459733331	0.00803556123557536
GSE33754_3	0.00375727837776527	-0.00127992488958852	0.0126808714590969	0.0189221825515024
GSE34570_1	0.00401486948364116	0.0121772388009928	NA	NA
GSE35003_1	-0.00682330764060165	-0.0768750552363913	NA	NA
GSE35466_1	-0.0058943203398004	-0.0992418132181999	NA	NA
GSE35466_2	0.00697804881436967	0.0240083265913821	NA	NA
GSE35466_3	-0.00119886713296226	-0.0754116532604336	NA	NA
GSE35466_4	-3.17502024320794e-05	0.01934087881037	NA	NA
GSE35466_5	0.00743871906847254	0.125878757890828	NA	NA
GSE36925_1	0.000826633346834659	0.00657578387369925	NA	NA
GSE36925_2	0.0116688474191455	0.0312798784339473	NA	NA
GSE36925_3	0.00630746960758142	0.0288669310484559	NA	NA
GSE37219_1	0.0183710095816081	0.0711972934025429	NA	NA
GSE37676_1	0.0123214294316821	0.0520279564691275	0.0181689876426352	0.0156846412554338
GSE41342_1	-0.00397675401414432	-0.0500499124043921	0.00133294416213783	0.020251870992786
GSE41342_2	-0.00118630579445598	-0.0299776133303799	NA	0.0374462001030267
GSE41342_3	-0.000184953828863517	0.00654296209536073	NA	0.0362945653603093
GSE41342_4	0.00457927364022907	0.0387211690108224	0.00366820679320679	0.0410247760250749
GSE41997_1	-0.00348753400640199	-0.010350820106944	-0.00466726689541035	0.0204032351540893
GSE43242_1	0.00125700117049852	-0.0420847432015722	-0.0041116438056286	0.0020414682085174
GSE43242_2	0.00206424796306409	-0.00690406029761131	-5.33120725956446e-06	0.00694878134087389
GSE43663_1	0.00102269561070407	-0.0182164298864664	-0.00192307692307692	0.00292069390762493
GSE43854_1	0.0115587884022457	0.0106708057249366	NA	NA
GSE45656_1	-0.00630941424682156	-0.037814720070149	NA	NA
GSE45656_2	-0.0183494486497278	-0.0535984118230933	NA	NA
GSE45656_3	-0.0322482627937637	-0.068641330892397	NA	NA
GSE45793_1	0.027850581966597	0.107775538781592	0.0093250595150877	0.000925962175871155
GSE45793_2	0.0110384367386975	0.0414963661577393	0.00551075672697846	-0.00137151048433081
GSE45793_3	0.0263829902860217	0.0626554984041035	0.0362544305166344	0.00310024331495578
GSE45793_4	0.0331626847402486	0.0789740191796994	0.0268742534795887	0.000707708060445549
GSE45793_5	0.0112049809249072	0.0393972401732353	0.0238545349191394	0.00295097094698104
GSE46390_1	0.00287058457291387	0.0337065149894857	NA	NA
GSE48438_1	0.00479456137577624	0.00572663420637815	NA	0.0134244316961508
GSE50549_1	-0.0092439013787758	-0.0475228124131939	-0.00692691321654516	-0.00350106173599962
GSE50549_2	-0.0193722560562613	-0.0416067815516337	-0.0145766002071928	-0.0101233548238057
GSE51098_1	0.0167378695381839	0.0423978189983942	-0.00248917596798685	0.00341602093649565
GSE53857_1	-1.88938666189119e-05	0.0215784322294209	0.00580955648653437	0.0223249822393029
GSE53857_2	-0.000141123642723055	0.0490484097818362	2.39141482079334e-05	0.0206976872835966
GSE53857_3	-0.000171275912032153	0.00244785970327971	0.00438506113171731	-0.00642968254098743
GSE53982_1	0.00997849662316244	0.0241221526783359	0.00396687641298431	0.0030412126491818
GSE53982_2	-0.000718958814127445	-0.0292380220496437	-0.00397675826153219	-0.0185727466977467
GSE54779_1	0.0103098193854265	0.0359059095568222	0.00177768945806011	0.00284100212261132
GSE55900_1	-0.000414512306665317	-0.0125007528654719	-0.00134770889487871	-0.0159903381642512
GSE57104_1	-0.00233927158750701	0.0171541812378485	NA	-0.00863714654615579
GSE59387_1	0.000590069964961391	-0.0118042061525831	NA	NA
GSE60401_1	-0.0325548922569428	-0.126025993695446	NA	NA
GSE60401_2	0.021145574996615	0.0923269957055706	NA	NA
GSE60651_1	-0.00137317735751979	-0.0108638830842208	NA	NA
GSE60737_1	-0.00657917445440694	-0.00227444646793919	NA	NA
GSE60761_1	0.000155186815407801	-0.00195857409334858	-0.000865051903114187	0.0037505867705749
GSE60761_2	-6e-04	-0.0199970563249407	NA	-0.0038244166049092
GSE60761_3	-0.000760262859601259	-0.0311323963384652	0.000123101005602218	-0.00825515878170506
GSE60761_4	0.00391046455163432	-0.0195905195495705	5.90815419809797e-06	-0.000804768449471763
GSE63017_1	0	-0.0147495897849084	NA	-0.00574168524570137
GSE63017_2	-0.00121222581017561	-0.0243583822999037	NA	-0.007669316722673
GSE63017_3	0.00303443029381921	0.0109323511686358	0.00146215596330275	0.00464271621777716
GSE63017_4	0.00120239628733782	0.000489220507627351	NA	-0.00116028887901284
GSE63939_1	0.00335070453309499	0.0133186848393003	0.0114453801596049	-0.00556907658595419
GSE63939_2	-0.0106257634970928	-0.0236725918539956	-0.00288973649263682	-0.00340493348011623
GSE64141_1	0.0224107537189725	0.0631399280155492	NA	NA
GSE64965_1	-0.0380261035558292	-0.0984467082832367	-0.0421885339515293	-0.00127410410411705
GSE65745_1	0.000214776632302405	0.02416830515494	NA	-0.00718263544630104
GSE65745_2	0.00107250107250107	0.00977126346029787	0	-0.00800506718375609
GSE65745_3	0.000857632933104631	0.0164272123625551	0	-0.014318137156483
GSE66416_1	-0.0096887554678343	-0.0173523215938002	NA	NA
GSE66862_1	-0.00237102738390667	-0.0526242807048556	-0.0191920813449704	-0.00178478024230601
GSE69108_1	-0.00407485432109686	-0.0068010553641589	-0.0148805924402228	-0.00129155285955493
GSE71565_1	0.0153330345474207	0.0219596386345315	NA	NA
GSE72261_1	-0.00582708848238261	-0.0486899720202396	-0.00615469535009832	0.00727525156404026
GSE72261_2	-0.00606663226948362	-0.0151442932349201	0.0129827863640576	-0.0119926118590151
GSE72261_3	-0.00969092687239497	-0.0369970586348069	0.00768512841697329	-0.0129033342993356
GSE7683_1	0.00248680823889382	-0.0518209576327221	0.00221437883532481	-0.015466129313006
GSE7683_2	0.00492856722479821	0.0529391608966106	0.00354516804315074	-0.0194468337674161
GSE78980_1	0.0102720227625985	0.0223113682113273	NA	NA
GSE78980_2	0.000258369835898631	0.044880440383744	NA	NA
GSE78980_3	0.00411470709772276	0.0500131955212206	NA	NA
GSE78980_4	0.00201060470363347	0.0384281575671675	NA	NA
GSE78980_5	-0.00122899426478303	-0.00458475191529239	NA	NA
GSE78980_6	0.00039845410486098	0.0510396383825582	NA	NA
GSE78980_7	-0.0127123207221721	-0.0296257332431829	NA	NA
GSE78980_8	-0.00796252155923082	-0.044214923632545	NA	NA
GSE78980_9	-0.0153414094116535	-0.0403177380959321	NA	NA
GSE78980_10	-0.0115281905527371	-0.044666244288815	NA	NA
GSE81399_1	0.00611221657115222	0.0126494779481841	NA	0.00308317611770477
GSE84609_1	-0.00984519011478202	-0.0178775284061046	-0.00725246306046241	0.019813000521961
GSE84907_1	-0.00872360148010467	-0.00490979030249583	-0.00324090139775285	-0.00260057546208127
GSE84907_2	-0.00375475869295925	-5.38595740238656e-05	-0.00721521036011115	-0.00538773483157582
GSE84907_3	0.00504311696383226	0.00708308772076368	-0.00821322315291835	0.00293837125859692
GSE90127_1	-0.00105804107862257	0.00981886345635404	NA	NA
GSE90127_2	0.0183112662238387	0.039449952876848	NA	NA
GSE90127_3	-0.0106363448089165	-0.0127086152385924	NA	NA
GSE9247_1	-0.00279017142378033	-0.0341291531821896	-0.0125721372809178	-0.00153269266940673
GSE9247_2	-0.0228371929994078	-0.0612416689129944	-0.0103043491715054	0.00862919142861886
GSE9247_3	-0.00247370927935463	0.00171927493388213	-0.00614194998660272	-0.00621304785473151
GSE99306_1	0.00466467789012507	0.00817684263122788	0.0124212214557182	-0.00471407631810598
GSE99306_2	0.0171987941157757	0.043865971381679	0.0171483406293834	0.00298607903150099
GSE99306_3	-0.0173358644624927	-0.054069226073386	-0.00164410614938998	-0.0127879488746122
GSE99306_4	0.0291492391677804	0.0405948397717804	0.0229594437268376	0.00621458451782805
GSE99306_5	0.00754221819100237	0.0187313899285124	0.00837836769010753	-0.00390709726036443
GSE99306_6	0.0236051802659313	0.0470784124828018	0.015060500643163	0.00913314483452095
GSE99306_7	-0.00941457068058176	-0.0706662997783969	-0.0041877238411253	-0.00828603140618097
GSE99306_8	0.018520671310256	0.0390797121787067	0.0212482375224526	0.004527090404514
GSE99306_9	0.0214878795803946	0.0300836200753977	0.017605928050606	0.00603470187873269
GSE99306_10	-0.00187455436969792	0.00962187274055529	0.00157757401981232	-0.0175855499680104
GSE99306_11	0.00592936617672331	0.00351365023946087	0.0149987621732134	-0.00876601667803356
GSE99306_12	0.0318764431478197	0.0629263222121275	0.0243002555191904	0.0106061725269993
GSE99306_13	-0.0259550930812966	-0.0915042281559427	-0.0117153589558314	-0.012478174875686
GSE99414_1	0.00231145619387403	0.00362195621894081	-0.00212095766846341	0.0111852927576607
GSE110581_1	-0.00635404713842521	-0.0479637411277051	-0.00853713336854684	-0.00299043846023501
GSE110581_2	0.000384670197477122	0.00276631663203654	0	0.00845403052593564
GSE47799_1	0.000724959455585812	0.0304328656764979	0.000490994038603707	-0.00264522615066093
GSE47799_2	0.00285423030691523	0.0526854376778705	0.00208289759930003	-0.00662712028894065
GSE47799_3	0.000209640465552347	-0.0264097594348002	0.00132486022762175	0.00561292854539848
GSE111628_1	0.000783470309796516	-0.0240573825170577	NA	NA
GSE111628_2	-0.00053896133868765	-0.0988279850165095	NA	NA
GSE111628_3	-0.00515083601118412	-0.085702813754274	NA	NA
GSE5657_1	-0.00718619433819524	-0.0770186775898448	-0.0065178521850186	-0.00643523023383607
GSE5657_2	-0.00194233918460101	-0.0701334664087167	-0.00249102441678714	-0.0151565671454663
GSE13782_1	0.0104530891094286	0.0750395914967663	-0.000539350892798813	-0.00626744801379478
GSE41039_1	0.000349932499489854	0.0262365173873124	-0.00384615384615385	0.00291558994223791
GSE84198_1	-0.00242567992176083	-0.0560637569952591	-0.002	-0.000609587348653321
GSE84198_2	-0.00159680551972466	-0.0497770898441621	-0.0110566025669324	-0.0143870117410689
GSE84198_3	0.070795534795282	0.163582609995413	0.0678408746716022	0.00969286350734838
GSE114469_1	-0.00185506434160902	0.00771320994226227	NA	NA
GSE108036_1	0.000680839864626372	-0.0635008353573057	-0.000807754442649435	-0.0223933986143169
GSE60451_1	0.00556545014796017	0.0447830269073399	-0.00536166506386184	0.0114238927996668
GSE47902_1	0.000354236794534153	0.0216753333751615	NA	NA
GSE44325_1	-0.00195346293243615	-0.00406690007227368	NA	NA
GSE4481_1	0.00182834081718642	0.0287677457183545	NA	-0.00625636902285236
GSE4481_2	-0.0105390217518211	-0.08209002148536	-0.0112489175652021	-0.00652243578782656
GSE4481_3	-0.000998463110625772	-0.0136571896941882	NA	-0.000288840883785979
GSE102292_1	0.00100762217384371	-0.00983106365354391	NA	NA
GSE102292_2	0.00424299077588391	0.0427283920907662	NA	NA
GSE102292_3	0.0193049666620643	0.0615725917724359	NA	NA
GSE102292_4	0.0186243626669231	0.0571473850339138	NA	NA
GSE41898_1	-0.00656287480943644	-0.0472462921254025	-0.000262958292633632	0.012836757680387
GSE87605_1	0.0186809391034345	0.0877370548206369	0.00190192755569295	-0.00683512622028073
GSE87605_2	0.000886310017689629	5.32786932489737e-06	0.00149938045363846	0.00666673636804713
GSE87605_3	0.0233313375779805	0.0550189823045491	0.00878427072765186	-0.00861476951680043
E-GEOD-54216_1	0.0223681724941781	0.076407175285388	-0.00562612527840756	0.0134985767702873
E-GEOD-54216_2	0.0159625315324488	0.0409426005920068	-0.0146537459220521	0.0198533835971364
E-GEOD-54216_3	-0.00506766118147654	-0.0490602184697434	-0.0182783293153312	0.0204632938250054
E-GEOD-6119_1	-0.0204591329924242	-0.0513022007957474	-0.0317847637742818	-0.0228242890577976
E-GEOD-6119_2	-0.0207635946717741	-0.0451382183548378	-0.0318082270722122	-0.0239726784546175
E-GEOD-6119_3	-0.0197030511357779	-0.0364415955229123	-0.0266417598195912	-0.0172971500216387
E-GEOD-8077_1	-0.00048551453091021	0.045201935648917	-0.00324623664031815	0.0027326805051293
E-GEOD-8077_2	-0.000895117600089731	0.0329588729968295	-0.00181947982726291	-0.0162995328618773
E-GEOD-8077_3	-0.000645008672302076	-0.0178366298468629	-0.0024963120034876	-0.0102497254610951
GSE103416_1	0.0274735598325647	0.0678881499024348	0.0128505607478248	0.0133489137513445
GSE103416_2	0.00470613662164971	0.0451045494684858	0.00749624422948867	0.039345006187671
GSE103416_3	0.00530332843802179	0.0279993054985704	0.0160990270629926	0.042467221932456
GSE19950_1	-0.0204735964533388	-0.114682861061591	-0.0242721116146567	-0.00501302637930545
GSE30322_1	0.0164026666998623	0.0669440348983049	0.013331464466088	0.00913729691045716
GSE30322_2	0.0136759570356376	0.0745148583362593	0.0176100822201845	0.0111126409465789
GSE30322_3	0.00882433512759589	0.0801908697678275	-0.0024092013230765	0.00512697611098987
GSE42295_1	0.00162236324886028	0.00497238533902312	NA	-0.00794636466332613
GSE42295_2	-0.0121473948378063	-0.111571724830214	-0.0198328369869784	-0.0195531464264434
GSE42295_3	-0.0155714853172078	-0.0833730416062229	-0.0154648500879771	0.00540652789485267
GSE66554_1	-0.0463769659773709	-0.128457590009142	-0.00520508324521311	0.00932263339462225
GSE66554_2	0.004073541401476	-0.00573622556633683	0.00305205775630815	0.0101110719703483
GSE66554_3	-0.0201760444814576	-0.0693604889608205	0	0.0035497775773069
GSE66554_4	-0.0775346806227521	-0.187718916044276	-0.0365818519353345	-0.00124555799892946
GSE74898_1	-0.0367833633346763	-0.0685467360685263	-0.0093097296315253	-0.0025198468909589
GSE74898_2	-0.0412300869495239	-0.0955624803389362	-0.0136502835728014	-0.0050773094127884
GSE74898_3	-0.027562404873718	-0.0564686173635822	0.000421881885272393	0.00455359445034632
GSE79176_1	0.000398307591908475	0.00166219117158588	NA	NA
GSE79176_2	-0.000413681130087215	0.00718264232690219	NA	NA
GSE79176_3	-0.0014993983243318	0.00618745989380639	NA	NA
GSE85785_1	0.0261049095520055	0.151154654085808	0.00122543715373961	-0.0180063977053689
GSE16981_1	-0.0764316687932525	-0.184929575626601	-0.0610048894703941	-0.00627095030268595
GSE16981_2	-0.0260847111546342	-0.0906262067170901	-0.0317739932527749	-0.00704081822504088
GSE16981_3	-0.0538422271349973	-0.117721933252049	-0.0401883358123112	-0.000959754005678536
GSE16981_4	-0.0538422271349973	-0.117721933252049	-0.0401883358123112	-0.000959754005678536
GSE16981_5	0.0125919920685458	0.139513712114483	0.022594519797987	0.0190693312830638
GSE16981_6	0.00324178251529287	0.0887283794002646	-0.000801747057178477	0.00434871659444995
GSE16981_7	0.000739682240239584	-0.0663439042659914	0.000669377528070671	-0.0116197874684054
GSE29859_1	-0.000164709969130483	-0.00358862022494966	-0.00248734194007209	-0.0270567147018784
GSE29859_2	0.00909644113829124	0.0417655051769481	0.0146391802123382	0.0180415692560339
GSE23492_1	0.00338313724672811	-0.000143375466837711	NA	NA
GSE23492_2	-0.00382152318091569	-0.0124814002513582	NA	NA
GSE23492_3	0.0163141304826913	0.0428835886169107	NA	NA
GSE23492_4	0.0244435455078888	0.0634423640216559	NA	NA
GSE23492_5	-0.0161998092957169	-0.0483575995164676	NA	NA
GSE44991_1	-0.00219039862959079	-0.00859197007463541	0.00917764268828098	-0.0134047396715405
GSE44991_2	0.000154511597210417	-0.00832943670613465	NA	0.000548212345084412
GSE39796_1	-0.00728271329534089	-0.0519855444288975	NA	NA
GSE39796_2	-0.0056537031449182	-0.0542403488428266	NA	NA
GSE39796_3	-0.000573474334224562	-0.0118516316404669	NA	NA
GSE18394_1	-0.0154661734057299	-0.0277945121336641	-0.0135420504224797	-0.00616263173856553
GSE18394_2	0.0088478556206707	0.0175133583827641	0.00592795198709772	0.00601976025554225
GSE18394_3	-0.020899591788466	-0.0422288897235061	-0.00854829240897075	0.00116259198458854
GSE29233_1	-0.00533292777893389	-0.0372045802123941	NA	NA
E-MEXP-2291_1	0.00281045418970647	0.0114430797238238	NA	NA
E-MEXP-2291_2	-0.00664298902673591	-0.0296997963000435	NA	NA
E-MEXP-2291_3	0.0129920883809452	0.0371892553951228	NA	NA
GSE18738_1	-0.0150848017050044	-0.057682961013578	-0.0354911733337988	-0.0122147745958884
GSE107363_1	0.0039991455286628	-0.0208686298587574	NA	NA
GSE85761_1	-0.0483193151972494	-0.0893309876147394	NA	NA
GSE89179_1	-0.0411876837438267	-0.0576119636502141	NA	NA
GSE89179_2	0.00690887476223302	0.0426296184664912	NA	NA
GSE89179_3	0.00380765645789212	0.0190346719259553	NA	NA
GSE89179_4	0.00202394066540988	0.0164828064244757	NA	NA
GSE89179_5	0.000462753903214042	0.00183953955471566	NA	NA
GSE89179_6	0.001272589269656	-0.00615193343872392	NA	NA
GSE89179_7	0.00108523252621758	-0.000281027157327813	NA	NA
E-GEOD-57723_1	-0.00676543479986382	-0.00427957314375455	NA	NA
E-GEOD-57723_2	-0.00520555447838274	0.00253294978010081	NA	NA
E-GEOD-57723_3	-0.0181464691143157	-0.0378803524046044	NA	NA
E-GEOD-83930_1	-0.000247175880666754	0.00124308273994932	NA	NA
GSE100268_1	-0.00341708153848506	-0.0143424204856116	NA	NA
E-GEOD-55769_1	-0.00440243402231491	-0.0352349867488434	-0.00794693666897554	0.00523881202574904
E-GEOD-55769_2	0.00036847332720906	-0.0205838146299612	0.000590880267481409	0.00392879598451671
E-GEOD-55769_3	-0.004383099839378	-0.0400951478932967	-0.00342150975951	0.00633110575616489
E-GEOD-69110_1	0.00423672259098201	-0.00229763107753339	-0.00340320666461132	-0.00970715939931243
E-MTAB-4304_1	0.0105582909687649	0.0833579338598151	0.0113576544262308	-0.0028129559989351
E-MTAB-4879_1	0.00336999566621914	0.00898419867154996	-0.00197368593492772	0.0023278536521541
E-MTAB-4879_2	-0.0049719142133204	-0.00842635598213895	-0.00201564437307603	0.00293572535473013
E-MTAB-4879_3	-0.00572032970345359	0.00404002298580984	0.000645123926908149	0.00152893792162483
E-MTAB-4879_4	-0.0215049765262505	-0.0475343637724423	2.65968764628284e-05	0.0282110594315362
Cytokine_Explant_1	0.00862623139083499	0.0409719585724313	0.00401489228416366	-0.00289270056408104
Cytokine_Explant_2	0.0178227830440551	0.0254582223110153	-0.00524587924255975	-0.00249690390275212
Cytokine_Explant_3	0.0102576478339599	0.0255677447305887	-0.00909023497559005	-0.0137421262732957
Cytokine_Explant_4	-0.000567413667982797	0.00294929492862907	-0.00300052829866063	-0.00164715272304124
Cytokine_Explant_5	-0.0004750401445189	0.000442612313258675	-0.0150961741840783	-0.00322297752173895
FN1_Explant_1	0.00423198405895038	0.0256035912995697	-0.00186516777325795	-0.0019502914301713
E-MTAB-6266_1	0.00771204412509647	0.0122102014058359	0.0197608816226766	0.0153793303913538
E-MTAB-6266_B_1	-1.11930360010559e-05	-0.0156011604773646	0.0228503445219809	0.0168016063594853
E-MTAB-6266_B_2	0.019585222674745	0.0402329172640372	0.0103654927574342	0.020542073975722
E-MTAB-6266_B_3	0.018283883194839	0.06368910301818	-0.0122616021199807	-0.00145167964474256
GSE74220_1	-0.0126384672502252	-0.0139417207273783	-0.00747489960883715	-0.00141363016808309
GSE114007_1	0.0135920416687182	0.0277842983548163	0.00504101420483839	0.0214424505558618
GSE109503_1	-0.00901253527438441	-0.0165124425362816	0.00236434254093633	0.0209459789700585
GSE109503_2	-0.0105680903536554	-0.012343557191427	-0.00437734923421751	-0.00731560070990748
GSE109503_3	-0.00629046266906096	-0.010125036811939	0.0113172771213922	0.0239247098132116
GSE109503_4	0.0098560239010325	0.0168212424264453	-0.000638363607842904	0.010401835445088
GSE109503_5	0.0125409969936427	0.0392882119092356	0.0161929316438811	-0.00139860888278142
GSE109503_6	-0.00231049450631784	-0.00943403797145051	0.020696870004839	-0.00958418429890598
GSE109108_1	-0.00427352129526256	-0.0172998743984646	-0.00135312332199479	0.00611165339870615
GSE109108_2	-0.0102240675160222	-0.061486346221017	-0.00492922359309057	0.00648371473065426
GSE109108_3	0.00156172668363506	-0.00314753112006068	NA	-0.00334739062407327
GSE109108_4	0.000769301147569698	0.0546031364034302	0	0.00685865840270391
GSE70667_1	-0.00122634925245356	0.0420663024194399	0	0.00110444478897307
GSE87608_1	-0.00420263398551196	-0.00305089791731749	NA	0.0105405171849615
GSE87608_2	0.0300790643653036	0.103105492298445	1.46108829648794e-05	-0.00414764028508105
GSE87608_3	-0.000443840399822686	0.0241826502686302	0.00026394286263161	-0.00326546578262825
GSE87608_4	-0.0211331881705874	-0.0863351610765126	-0.00459963455962703	0.00105935384709278
GSE90890_1	0.00941048566513652	0.075961580669787	-0.000792930796878138	0.00835280298844523
GSE97118_1	0.023250411074935	0.0391756270402948	NA	NA
GSE97118_2	0.00978612479632595	0.0315556031575892	NA	NA
GSE97118_3	0.0346188313958667	0.0716565124065113	NA	NA
GSE97118_4	0.00513360685773834	0.0161147770402453	NA	NA
GSE97118_5	0.00293869973801655	0.00963039138358692	NA	NA
GSE97118_6	-0.00292799597622957	-0.00507059788062893	NA	NA
GSE97118_7	-0.0051278067267046	-0.064859207360865	NA	NA
GSE107592_1	0.00944915882060601	0.0266593962924576	-0.00161674931111592	-0.0232022618026497
GSE92641_1	-0.00902320887881475	-0.0485463346303213	-0.00587936979810958	0.0273057186550266
GSE107849_1	0.00526388689014021	-0.00284981951882102	0.0068347632677966	-0.00803154757275081
E-ERAD-89_1	-0.0022951853676475	-0.00923400423708732	NA	NA
E-ERAD-89_2	-0.00079069992109151	0.00366934681140966	NA	NA
E-ERAD-89_3	0.000831899149246453	0.00446799661967276	NA	NA
E-ERAD-89_4	0.000641720717705304	-0.0191362666510143	NA	NA
E-GEOD-45893_1	0	-0.0269864617936603	NA	NA
E-GEOD-53105_1	0.000500860641546376	-0.0146728660749413	-0.000733537591976052	-0.00713283043583157
E-GEOD-53105_2	-0.00288157619333255	-0.0110086408027628	-0.00660351570782585	-0.0018522224209632
E-GEOD-54461_1	0.00135410208022945	0.014865808053603	0.00545484112142887	0.000811240221357498
E-GEOD-54461_2	-0.0142602811021241	-0.038565596584276	-0.00774826635836114	0.0101945129139428
E-GEOD-54461_3	-0.0105221033603622	-0.0351144750487422	0.00370194256672466	0.0106056456003098
E-GEOD-54461_4	-0.00137532074310853	-0.0283711670175583	-0.00240312325959294	0.00846518653633351
E-GEOD-54461_5	-0.00429350777949329	-0.0194227173511123	0.00240985663630832	0.0130441121082501
E-GEOD-54461_6	-0.00241537186445592	-0.014663374456602	0.00494694588603268	0.0158787818679324
E-GEOD-54461_7	-0.00152902689751919	-0.0223678403005973	0.00786944371503798	0.0151847420115267
E-GEOD-54461_8	0.00685773027692313	-0.013327675959712	0.0158750165741352	0.0088155155818236
E-GEOD-73372_1	-0.0294593826857048	-0.0971666554040517	NA	NA
E-GEOD-73372_2	0.00668391695781623	0.0379056412283672	NA	NA
E-GEOD-73372_3	0.0343754414102577	0.158890191241166	NA	NA
E-GEOD-75549_1	0.00264980158029675	-0.000911798158437282	NA	NA
E-GEOD-76988_1	0.0059857515355944	0.0395289692648082	NA	NA
E-MTAB-2923_1	-0.0268411893354305	-0.0373494956685691	NA	NA
E-MTAB-2923_2	0.0100199447407004	0.0245676507107797	NA	NA
E-MTAB-2923_3	-0.0083895593209852	-0.0107405864241118	NA	NA
E-MTAB-2923_4	-0.0181823992690453	-0.0213933267866919	NA	NA
E-MTAB-3428_1	0.0336634666237264	0.0893075455471203	NA	NA
E-MTAB-3428_2	-0.00693406228438176	-0.0402218902714424	NA	NA
E-MTAB-3428_3	0.00921495207060033	0.0689188814731485	NA	NA
E-MTAB-3428_4	0.0282974812145532	0.0832818857604978	NA	NA
GSE102856_1	-0.00257931657492507	-0.0549664512586477	NA	NA
GSE103492_1	-0.00283955188983899	0.00952991600623148	-0.00590390670117373	0.00736537645726096
GSE103492_2	0.00449930388519689	0.0235700101421229	-0.00188895546697116	-0.000834351190825394
GSE103492_3	0.00928721757525296	0.0229305168832699	-0.00201442966117418	-0.000996243824232877
GSE103492_4	0.00101426344086378	0.0067227157669983	-0.00234726501085817	0.00246232724268712
GSE103492_5	0.00931134875060945	0.00678003998190354	-0.00257113562569787	0.0110869156972323
GSE103492_6	0.00786210089271695	0.0108232505698991	-0.00248275327348166	0.0113849746120427
GSE103492_7	-0.000570915113537296	0.00496085429139266	-0.00270183783416046	-0.00198473432680277
GSE103492_8	0.00183153809854778	-0.0406151434944746	-0.00414928646241522	-0.000366078184404001
GSE103492_9	0.00187333928230879	-0.0386267702493777	-0.00343949994357842	0.00909709554039136
GSE103492_10	0.00335004263403863	0.0033787106785671	0.000705218617771509	-0.00397191541304279
GSE106259_1	-0.00551919154381619	-0.0135443895962488	-0.00100893670242512	-0.00669492992122656
GSE110303_1	-0.00186536513103308	0.0233518135029303	NA	NA
GSE110303_2	0.00827658959942532	0.0655379858763391	NA	NA
GSE110303_3	0.0072992158731734	0.0659287399418937	NA	NA
GSE110300_1	0.00171589944021871	-0.023291466487666	NA	NA
GSE110300_2	0.00188327420627923	-0.0350521600478875	NA	NA
GSE110300_3	0.00896495512601138	0.0308847544500871	NA	NA
GSE110281_1	0.00340706518385184	0.0276396167695345	NA	NA
GSE110281_2	-0.00439359419560059	-0.0110473232330062	NA	NA
GSE110281_3	0.000853881105265995	-0.0437962401943042	NA	NA
GSE104459_1	0.00584389828477132	0.0303798562975991	-0.00344115722705807	-0.00832892660206247
GSE104459_2	0.0170766550741945	0.0932283117315175	0.0164375554902635	-0.0103369344376053
GSE104459_3	-0.00606775512113267	-0.0203311147580369	-0.000698749123844817	0.00504455083998834
GSE110051_1	0.0267276038927147	0.0459454272656483	0.000972095852052622	-0.00561211230066732
GSE110051_2	0.0499158771319936	0.0868070731328097	0.0213912548281918	-0.000238568835622064
GSE110051_3	0.0608583285909472	0.0933129461876584	0.0227202646757275	0.00557370038392015
GSE112694_1	0.00155060912850452	0.00974586090990111	0.0118926756751519	0.00123946933090565
GSE112694_2	0.00836023183460879	0.0265015941415651	0.0194039554326454	0.00989471876085813
GSE112694_3	0.00348806810454343	0.0126155902597869	0.00341570229971534	0.00891497944721334
GSE112694_4	0.0177143296306088	0.0345662011554758	0.0160873730982066	0.00580931472578371
GSE97232_1	-0.00194968962075259	-0.111582052337196	-0.00269250818817559	0.0164981182754796
GSE114079_1	-4.35262515207447e-05	-0.0241514704866465	NA	NA
GSE114079_2	0.000655539933682062	-0.0647984192836221	NA	NA
GSE114079_3	-0.000134487912241743	-0.0043713364951049	NA	NA
GSE114079_4	0.00533745014542368	0.0739234684031271	NA	NA
GSE104828_1	-0.0182592655840241	-0.0523230666149286	NA	NA
GSE114521_1	-0.00225885784447457	-0.019282220246463	0.000634231169794273	-0.0073822353961461
GSE114521_2	0.00763502208125424	0.0662758437171568	0.000512673616581709	-0.010660841179396
GSE112413_1	-0.00869286991455175	-0.0485706303968206	-0.00704164849938946	0.00280203985917511
GSE112413_2	-0.0365495870436263	-0.0718162055065759	-0.0259299967732474	-0.00360941239933294
GSE101909_1	-0.00945822105294492	-0.0155771081478623	-0.00975221863912661	0.00576730933509764
GSE101909_2	0.00383130911119729	0.0204413649333252	-0.000111567480694361	-0.00508115590934141
GSE114919_1	0.0320432414236595	0.0503828644703945	0.0569418855928222	-5.04770643587615e-06
GSE114919_2	0.0156935522198856	0.0491441521348469	0.0203726212232648	0.00528382553128916
GSE114919_3	-0.00532440906680175	-0.0279941129041324	0.0254350024671643	0.0117079286688763
GSE114919_4	0.016734794518604	0.0313754003540283	0.0358927070300695	0.0155242948918937
GSE114919_5	0.064879131265684	0.14137378412153	0.0241405506833598	-0.0148557230177434
E-MTAB-5879_1	0.0168049805638671	0.0520333172345234	-0.00696755793505496	-0.00588503140887407
E-MTAB-5879_2	0.0264299801371005	0.0876320670109619	0.0149547938013209	0.00498129763534016
E-MTAB-5879_3	0.019162772932206	0.0439844091596515	-0.00187180495315901	0.00229116386186607
E-MTAB-5879_4	0.0191162196967376	0.0577357096425168	0.0152795705512628	0.000147629279689765
E-MTAB-5879_5	0.0153168441796911	0.0232702473029368	-0.0120482980698114	-0.00299216491337148
E-MTAB-5879_6	0.027398959375923	0.0710073625905239	0.0166110290754725	0.0268671835318065
E-MTAB-5879_7	0.000351840009315305	-0.00813544008521684	0	0.0286445402020872
E-MTAB-5879_8	-0.00491652934732566	-0.0473748354332605	0	0.0154177883206645
E-MTAB-5879_9	-0.00633863445429314	-0.0490359522562442	0	0.0229677157294535
E-MTAB-5879_10	-0.00498036707173387	-0.0163701747998974	-0.00172711571675302	-0.0192387907485073
E-MTAB-4294_1	0.0112503122904709	0.0202907770573208	0.0032213395242037	0.0111151658402475
E-MTAB-4294_2	0.00710083665529908	0.0099863764853082	0.0111658809321445	-0.0047203434502302
E-MTAB-4294_3	-0.0101091123668147	-0.0112061078180394	0.00114247057295111	0.000862306398862454
E-MTAB-3186_1	0.0431222096806128	0.0604094404411389	0.0465836020522498	-0.00885713178552053
E-MTAB-3186_2	0.00795935836116195	0.0147138128692992	0.00541590056902629	0.026358179152902
E-MTAB-3186_3	0.0114255304207899	0.0248901159390757	0.0190854999320643	0.132908947047942
E-MTAB-3186_4	0.0219028797610641	0.0437654017911749	0.0168851161992891	0.0759623811783278
GSE114919_Rat_1	-0.0455416232780488	-0.0391748994150555	-0.0524927003340208	-0.035871551131125
GSE114919_Rat_2	0.229957351362403	0.436539253049201	0.222736016775138	0.0996809057876273
GSE114919_Rat_3	-0.0184866701743252	-0.0560435189514267	0.0567902188647505	0.286037365608003
GSE114919_Rat_4	0.144639226324081	0.256732944508311	0.102234532301239	0.25393860767731
