comparisonID	jaccard	cosine	sigjaccard	chrDir
22659600_1	-0.00853948336137585	-0.0353402247784723	NA	NA
24361742_1	-0.00106741155496495	0.00439716790878499	NA	NA
GSE72258_1	0	-0.000391091200793255	NA	NA
GSE72258_2	0	-0.0793078776125675	NA	NA
GSE69531_1	-0.0101576095053203	-0.0631210781579322	NA	NA
GSE69531_2	-0.0199203502802256	-0.129299863553697	NA	NA
GSE69531_3	-0.0195820308673442	-0.0685996291677328	NA	NA
GSE69531_4	-0.0101576095053203	-0.0631210781579322	NA	NA
GSE58203_1	-0.00114942528735632	-0.0269941838897741	NA	NA
GSE58203_2	-0.00722660198099859	-0.0312181568600659	NA	NA
GSE58203_3	-0.00740676566785933	-0.0410525054072069	NA	NA
GSE58203_4	-0.00725636724106846	0.0073956093099977	NA	NA
GSE58203_5	-0.0012531328320802	-0.0442522713472194	NA	NA
GSE58203_6	-0.00469897006981406	-0.068812335982045	NA	NA
GSE58203_7	-0.00243528933250495	-0.0146124416485298	NA	NA
GSE58203_8	-0.000585801210120586	0.0215403534381153	NA	NA
GSE59642_1	-0.000845086523211464	-0.0343858355724066	NA	NA
GSE59642_2	0.00275601871130523	-0.000597980579673291	NA	NA
GSE59642_3	0.0062916976066524	0.0418427260031097	NA	NA
GSE64922_1	-0.0024654979289982	0.00464216410888557	NA	NA
GSE60162_1	-0.000550328167490766	0.00996824444835732	NA	NA
GSE31685_1	-0.00207156803769403	0.0246266875444615	NA	NA
E-MEXP-3890_1	-0.00353581089368623	-0.0490021951415592	NA	NA
GSE31980_1	0.000467750839397197	-0.0186460684677375	NA	NA
GSE15615_1	-0.00322381546005585	-0.0329561415401419	NA	NA
GSE15083_1	-0.00196850393700787	0.0277885072594285	NA	NA
GSE108035_1	0.00440178946528502	0.0822538833774965	NA	NA
GSE108035_2	0.0083195199214933	0.126208304830634	NA	NA
GSE108035_3	0.00857794146733572	0.106625896140052	NA	NA
GSE21959_1	-0.00594437353183611	-0.0324696259304047	NA	NA
GSE21959_2	-0.00498977328280596	-0.0190787469574191	NA	NA
GSE24742_1	-0.002993432373523	-0.0497102905316694	NA	NA
GSE24742_2	-0.00408163265306122	-0.0108457835827332	NA	NA
GSE24742_3	0.018602298239395	0.00882691155985913	NA	NA
GSE74668_1	-0.00141643059490085	-0.0395147046061179	NA	NA
E-GEOD-10024_1	0.000176976581470964	-0.0505970640207758	NA	NA
E-GEOD-10024_2	-0.00129389002132671	-0.0306523043028262	NA	NA
E-GEOD-12860_1	0.00589429223395485	0.0272150762903492	NA	NA
E-GEOD-12860_2	0.00331753094917258	0.0542563809823679	NA	NA
E-GEOD-12860_3	0.00148659179409317	0.0580995625939142	NA	NA
E-GEOD-12860_4	0.00723088159995181	0.0478536622932438	NA	NA
E-GEOD-12860_5	0.000153253994978628	0.0498394055995982	NA	NA
E-GEOD-12860_6	0.000892329215563906	0.0649596477096794	NA	NA
E-GEOD-12860_7	0.00450631137657478	0.0447877652360201	NA	NA
E-GEOD-12860_8	0.00479372716742404	0.0548156843218372	NA	NA
E-GEOD-14359_1	-0.00297553269957712	-0.00589074339653316	NA	NA
E-GEOD-14359_2	0.00675526197317056	-0.0378806668059809	NA	NA
E-GEOD-1919_1	0.00610545186106969	-0.047165622280852	NA	NA
E-GEOD-1919_2	0.00692631870457602	0.00678439843200785	NA	NA
E-GEOD-1919_3	0.00708268727598024	0.0399365157733627	NA	NA
E-GEOD-1919_4	0.00146983881951735	-0.0183805912341239	NA	NA
E-GEOD-1919_5	0.0079717453479828	0.0146292677126983	NA	NA
E-GEOD-1919_6	-0.00161934893478295	0.0150231774506864	NA	NA
E-GEOD-1919_7	-4.92130040259924e-05	-0.0224341111802561	NA	NA
E-GEOD-1919_8	-0.00281116553054159	-0.056960521331765	NA	NA
E-GEOD-1919_9	0.0058306163403792	0.0689755181737094	NA	NA
E-GEOD-19664_1	0.00425572782323892	0.0844329233880874	NA	NA
E-GEOD-19664_2	0.000163001223216364	0.00729558568636096	NA	NA
E-GEOD-19664_3	-0.00382102811552939	-0.0245180270483058	NA	NA
E-GEOD-19664_4	-0.00304013501474846	0.0530167128756773	NA	NA
E-GEOD-19664_5	0.00506950783847779	0.0396139600484031	NA	NA
E-GEOD-19664_6	-0.0112681969970967	-0.0416402924912355	NA	NA
E-GEOD-43923_1	0.00406187747740695	-0.0468364094377161	NA	NA
E-GEOD-51812_1	0.0052217724565958	0.0879266545742426	NA	NA
E-GEOD-51812_2	0.0054366246097617	0.0808445259635767	NA	NA
E-GEOD-68760_1	0.00273029571971386	-0.0310605329957564	NA	NA
E-GEOD-82107_1	-0.00373551580434758	0.0205681029283932	NA	NA
E-GEOD-9451_1	-0.0106995106621923	-0.0855734937771206	NA	NA
E-GEOD-9451_2	-0.00893994692333335	-0.0785350655526058	NA	NA
E-GEOD-9451_3	0.0030404613189717	0.0298652904239448	NA	NA
E-GEOD-9451_4	0.00388914136283962	0.0515944479406496	NA	NA
E-MEXP-2019_1	-0.000946760538388733	0.0267270788946895	NA	NA
E-MEXP-2019_2	-0.0029491647960097	0.00456075207240041	NA	NA
E-MEXP-2019_3	0.000695264669924661	0.0397561265830472	NA	NA
E-MEXP-2019_4	-0.00274037322207816	-0.0356131983602172	NA	NA
E-MEXP-2276_1	-0.00306908594888175	0.014632011727377	NA	NA
E-MEXP-2488_1	-0.00982114926063412	-0.0760630248280759	NA	NA
E-MEXP-3129_1	0.00172567193656567	-0.0155393829211063	NA	NA
E-MEXP-3474_1	-0.00489065461087338	-0.039058990623307	NA	NA
E-MTAB-3010_1	0.0041200711599078	0.0385096564151119	NA	NA
E-MTAB-3010_2	0.00476601428016181	0.0500896729952815	NA	NA
E-MTAB-3010_3	-0.000799792382828163	0.000788739994162007	NA	NA
E-MTAB-3010_4	-0.00167583379226415	-0.0448282525973444	NA	NA
E-MTAB-4152_1	-0.00569641649763354	0.00182559617517597	NA	NA
E-MTAB-4152_2	0.00333272501325269	-0.0554188778693759	NA	NA
E-MTAB-4152_3	-0.00130334781497572	-0.0381929531142802	NA	NA
GSE100609_1	-0.00410777755069757	-0.0307432118114172	NA	NA
GSE100786_1	-0.0247395833333333	-0.0674613715392298	NA	NA
GSE100786_2	-0.0163987435328899	-0.0298234515942371	NA	NA
GSE103697_1	0	-0.0567334340513518	NA	NA
GSE103697_2	0	0.0291845429372934	NA	NA
GSE103697_3	0	0.00448037955267668	NA	NA
GSE104113_1	0.00452670799378831	0.0283359535607727	NA	NA
GSE104113_2	-0.00185782034858368	-0.0280771841621429	NA	NA
GSE104113_3	0.00452670799378831	0.0283359535607727	NA	NA
GSE10575_1	0.0105036807954757	0.0725842795865851	NA	NA
GSE10575_2	-0.000475445693614741	-0.00234604949790956	NA	NA
GSE10575_3	0.00820302935726491	0.0775308102608069	NA	NA
GSE13604_1	-0.00916079812206573	-0.02471535803274	NA	NA
GSE13837_1	0	-0.0217326138736218	NA	NA
GSE13837_2	-0.0123499665506696	-0.017497219525032	NA	NA
GSE13837_3	-0.00962428455392055	-0.0399215154193798	NA	NA
GSE13837_4	-0.00211273200817272	-0.0345921169930557	NA	NA
GSE13837_5	0	0.018689659417798	NA	NA
GSE13837_6	-0.00271395816761031	-0.0589180421813503	NA	NA
GSE13837_7	-0.00424760311594927	-0.0495636023766028	NA	NA
GSE13837_8	-0.00174433180113482	-0.0392696525812279	NA	NA
GSE13837_9	-0.00405378979966957	-0.0232564960587215	NA	NA
GSE13837_10	-0.00407575849665365	0.0145581990381277	NA	NA
GSE13837_11	-0.000523051331962636	-0.0012236273781345	NA	NA
GSE13837_12	0.000497068804135585	0.000554632009404096	NA	NA
GSE13837_13	0.00152922412984332	-0.0327765556764603	NA	NA
GSE13837_14	0.000713914849428868	-0.046856832122615	NA	NA
GSE13837_15	-0.00592860882619594	-0.0508253094679355	NA	NA
GSE13837_16	-0.00316585241397528	-0.0467237884990963	NA	NA
GSE13837_17	-0.00136239782016349	-0.0334136747502447	NA	NA
GSE13837_18	-0.00416666666666667	-0.0477613270535397	NA	NA
GSE13837_19	-0.00463754711712969	-0.0593210525043247	NA	NA
GSE13837_20	0.00125707102451289	-0.0354132610094825	NA	NA
GSE13837_21	-0.00298989032152998	-0.00299580582888317	NA	NA
GSE13837_22	-0.00290810152406096	-0.00412560310304562	NA	NA
GSE13837_23	-0.00437725292081928	0.00441784025096237	NA	NA
GSE13837_24	-0.00459982753581332	-0.0222951405836168	NA	NA
GSE16464_1	0.00360291173307905	0.020641224476335	NA	NA
GSE16464_2	-0.00913368465744429	-0.114092311005254	NA	NA
GSE19060_1	-0.0100198412698413	-0.0316352883387668	NA	NA
GSE27372_1	2.30202578268878e-05	0.0812150195949252	NA	NA
GSE27390_1	-0.00410643724254805	0.0227275845292876	NA	NA
GSE29106_1	0.000253118499060195	0.00583500857769665	NA	NA
GSE29107_1	0.00102728198299104	-0.00554340211639068	NA	NA
GSE29107_2	-0.00151546046439953	-0.0284486934389177	NA	NA
GSE29745_1	0.00684739151456046	0.0476268102256978	NA	NA
GSE29745_2	-0.000576891064479858	-0.0164505354576989	NA	NA
GSE29745_3	0.00512527524700942	0.0535182701924177	NA	NA
GSE35546_1	-0.00487382319064074	-0.0338799722287618	NA	NA
GSE35546_2	-0.000146723128567339	-0.0292351893701018	NA	NA
GSE35546_3	-0.00391881216449059	-0.0248028999934285	NA	NA
GSE35546_4	-0.00435335179953281	0.0379813988147674	NA	NA
GSE35546_5	-0.00627163011103906	0.0369912925176127	NA	NA
GSE35546_6	-0.00257467599972278	0.0318320244914065	NA	NA
GSE35955_1	-0.00259470974594206	-0.0148837658525762	NA	NA
GSE35956_1	-0.00353365736209089	-0.0471460720609988	NA	NA
GSE35957_1	-0.011406354348328	-0.0520485918005877	NA	NA
GSE35958_1	-0.000602490616979087	-0.0209383501443275	NA	NA
GSE39340_1	0.000110138689504024	0.0441580716170056	NA	NA
GSE39340_2	-0.00585988085988086	-0.0172076661176154	NA	NA
GSE39340_3	0.00150788522869373	0.0633972509690926	NA	NA
GSE39795_1	-0.00455152053319452	0.0180057119863169	NA	NA
GSE39795_2	0.00670998384311104	0.0263673232607304	NA	NA
GSE39795_3	0.0136764060037717	0.0187320542076575	NA	NA
GSE41038_1	-0.00206564472365062	0.0346394372606795	NA	NA
GSE41038_2	-0.0011419937453881	0.0042326995001314	NA	NA
GSE41038_3	-0.00144843804381219	-0.0297133054087613	NA	NA
GSE41992_1	-0.00378658294828515	0.0251593076096077	NA	NA
GSE42235_1	0.00953445492151749	-0.0270819818970059	NA	NA
GSE42235_2	0.00670921737489322	-0.0528670893800649	NA	NA
GSE42235_3	0.00477304225416141	-0.0556116402304852	NA	NA
GSE42235_4	0.00596763457858391	-0.0108115049487317	NA	NA
GSE45233_1	0.00281753008220743	-0.00325441815839379	NA	NA
GSE45233_2	0.00628538080871319	-0.0304596478367156	NA	NA
GSE45233_3	0.00682336767523113	0.00250139576545869	NA	NA
GSE45233_4	-0.000752647571617662	0.0239677354968864	NA	NA
GSE46053_1	-0.00374436286240747	-0.026333396770227	NA	NA
GSE46053_2	-0.00276499382625525	-0.015231596495638	NA	NA
GSE46750_1	0.0107174239924017	0.0134149536774411	NA	NA
GSE51588_1	-0.0133049238874184	-0.0725389089357959	NA	NA
GSE51588_2	-0.00917660126678111	-0.0626936374945876	NA	NA
GSE51588_3	-0.0153149336375231	0.000733134722758695	NA	NA
GSE52817_1	0.00034627208540252	0.0395839258104899	NA	NA
GSE52817_2	-0.00220691176947458	-0.0878204329694842	NA	NA
GSE52817_3	-0.0063066059719843	-0.111548744511581	NA	NA
GSE52817_4	-0.000163601597935167	0.0982266347442495	NA	NA
GSE55235_1	0.00398738276806175	0.0156707713948918	NA	NA
GSE55235_2	0.0033842865094693	0.0139802616045884	NA	NA
GSE55235_3	-0.00161170406942504	0.00404717500045009	NA	NA
GSE55457_1	0.00722570195186828	-0.0734570519269008	NA	NA
GSE55457_2	-0.00446094349653508	-0.0165380536140963	NA	NA
GSE55584_1	0.0174642963245904	0.0312953471980077	NA	NA
GSE57218_1	0.000434375835338145	-0.0325454239374198	NA	NA
GSE60762_1	0.0247010324830167	0.0589085050989274	NA	NA
GSE62914_1	0.00829175707678804	0.0277190217945431	NA	NA
GSE62914_2	-0.000581438791844385	-0.0235770552989999	NA	NA
GSE62914_3	-0.000382530560102761	-0.0105274205624675	NA	NA
GSE62914_4	0.00102605802999202	-0.0058936441801872	NA	NA
GSE64394_1	0.00779243720802207	0.0502368768282285	NA	NA
GSE66635_1	-0.000172440220723482	0.0173657132989726	NA	NA
GSE68038_1	-0.00175606549057376	0.0140590393463456	NA	NA
GSE68428_1	-0.0033435532829466	-0.00223511086262042	NA	NA
GSE68428_2	-0.00450949367088608	-0.00931084395710611	NA	NA
GSE68428_3	-0.00360479426070489	-0.023056800082964	NA	NA
GSE69459_1	-0.0149914446857038	-0.053304721851612	NA	NA
GSE69459_2	-0.0170490692264972	-0.0357591986480744	NA	NA
GSE69459_3	-0.024019245003701	-0.0279712978029274	NA	NA
GSE69459_4	-0.0127069570665258	-0.0561647599907737	NA	NA
GSE69992_1	-0.00415017299891973	0.0352114151818065	NA	NA
GSE70719_1	0.00220881408560037	0.0430838030700494	NA	NA
GSE7116_1	-0.00791708882134414	-0.0678392364749405	NA	NA
GSE7116_2	0.00390625	-0.0698358686548581	NA	NA
GSE7116_3	0.00644779328433837	0.0100085559796983	NA	NA
GSE72575_1	0.0170682730923695	0.149026932461186	NA	NA
GSE72575_2	0.00849976451419916	0.0742354664611549	NA	NA
GSE72575_3	0.0188679245283019	0.110984372611552	NA	NA
GSE72575_4	0	0.0123198570032279	NA	NA
GSE75181_1	0.00542784991288476	0.0666589525922778	NA	NA
GSE75181_2	0.00709417108476564	-0.0137980015687075	NA	NA
GSE75181_3	0.00510112761768391	0.0580715691072769	NA	NA
GSE75230_1	-0.00320415487321798	0.00513434162792822	NA	NA
GSE7669_1	-0.0019975520272864	-0.0615098232824172	NA	NA
GSE77916_1	0	0.0243777594000821	NA	NA
GSE80614_1	-0.00180505415162455	-0.000967252112030771	NA	NA
GSE80614_2	-0.00389355436797906	-0.0421350485801454	NA	NA
GSE80614_3	0	-0.0324146446543541	NA	NA
GSE80614_4	-0.00925611432498998	-0.0431470476303351	NA	NA
GSE80614_5	-0.000259550458322437	-0.0347761511248652	NA	NA
GSE80614_6	0.003901231784688	-0.00136708170076637	NA	NA
GSE80614_7	0.0040908171740372	0.0129870489525971	NA	NA
GSE80614_8	0.00571799565287712	0.0348217750417507	NA	NA
GSE80614_9	0	-0.030923043561536	NA	NA
GSE80614_10	-0.00323624595469256	-0.0621377613301683	NA	NA
GSE80614_11	0	-0.0771996650604194	NA	NA
GSE80614_12	-0.0130965133344827	-0.08242931809151	NA	NA
GSE80614_13	-0.00356785490931832	-0.0583147468541161	NA	NA
GSE80614_14	-0.006401383227458	-0.0615081177590907	NA	NA
GSE80614_15	-0.00780086503615406	-0.0362290965740634	NA	NA
GSE80614_16	-0.00293310292747265	-0.0142916297067365	NA	NA
GSE85254_1	0.00948618007197272	0.0346248836973758	NA	NA
GSE86578_1	0.000982706622538998	-0.0244828809254071	NA	NA
GSE86578_2	0.00222222222222222	-0.0371170479943215	NA	NA
GSE86578_3	0.00161831540675655	-0.0190596705973224	NA	NA
GSE9329_1	-0.0042312813283208	-0.0288907648389601	NA	NA
GSE93698_1	-0.00435728316870901	-0.0488663165431098	NA	NA
GSE93698_2	-0.00225438194459279	-0.0484752789137895	NA	NA
GSE93698_3	-0.0030233271146341	-0.0592283818373996	NA	NA
GSE93698_4	-0.00202774479774129	-0.0501056141690787	NA	NA
GSE93698_5	-0.00451348871927238	-0.0604666410359879	NA	NA
GSE93698_6	0.01409848546646	0.0192674556158261	NA	NA
GSE93698_7	-0.00643243353975444	-0.00982952585977621	NA	NA
GSE93698_8	0.000371218346141053	0.0133158747577161	NA	NA
GSE93698_9	-0.00796621474296145	-0.0304467727777809	NA	NA
GSE93698_10	-0.0104875300792892	-0.0244994027066573	NA	NA
GSE93698_11	-0.00943646156065853	-0.00617128688646949	NA	NA
GSE93698_12	-0.0102112027824274	-0.0405982326523288	NA	NA
GSE93698_13	0.00628013054066344	0.020563143617788	NA	NA
GSE93698_14	-0.00649032855632898	-0.0264435000483227	NA	NA
GSE93698_15	-0.00807858739473108	-0.0362513606734493	NA	NA
GSE93720_1	0.00118429666624751	-0.0162518490675633	NA	NA
GSE93720_2	0.00211576288027512	-0.000491340982971347	NA	NA
GSE93720_3	-0.000136104315157511	-0.00412638298310704	NA	NA
GSE93720_4	-0.00293148117513383	-0.00278566321027167	NA	NA
E-MTAB-5564_1	-0.0157304400714973	-0.0733647114604788	NA	NA
GSE77753_1	0.00390030906998033	0.0167611366060584	NA	NA
GSE43861_1	-0.00454275963258867	-0.140012234924042	NA	NA
GSE112809_1	0	0.013342992388945	NA	NA
GSE111946_1	-8.26447603071823e-05	0.0345358519439666	NA	NA
GSE111946_2	0.00750388394066555	0.0144136095855882	NA	NA
E-MTAB-3201_1	-0.00280843450716162	-0.00863247717279154	NA	NA
E-MTAB-6700_1	0.00112082332083796	-0.00140795150293962	NA	NA
GSE54749_1	0	0.00129611264821094	NA	NA
GSE57218_B_1	-0.0077077497665733	-0.0261794105951982	NA	NA
GSE57218_B_2	-0.00958080323852136	-0.0332132279202652	NA	NA
GSE57740_1	0.00876489765378654	0.0681702727086013	NA	NA
GSE52992_1	0.00447964278855387	-0.0140255846420636	NA	NA
GSE17160_1	0.00548703557050415	0.071502273064054	NA	NA
GSE17160_2	0	0.0961230634806132	NA	NA
GSE17160_3	0.00223934457006646	0.0165123284930934	NA	NA
GSE17160_4	0.00274078365387832	0.0213735088483091	NA	NA
GSE17160_5	0.00205235689484496	0.0203959417966352	NA	NA
GSE17160_6	0.000194931773879142	-0.0071133671397899	NA	NA
GSE17160_7	-0.00253773061943692	-0.0422051076209527	NA	NA
GSE17160_8	0.0046430381544141	0.0246073730871685	NA	NA
GSE17160_9	-0.00717522130926908	0.00975676079768503	NA	NA
GSE17160_10	-0.00748371051199752	0.000219898392437965	NA	NA
GSE17160_11	-0.00557283578470939	0.00905797243135663	NA	NA
GSE17160_12	-0.00649153597201919	0.0333521867365316	NA	NA
GSE22971_1	-0.027876210725254	-0.106331063305738	NA	NA
GSE22971_2	-0.0207705670052911	-0.119560347605806	NA	NA
GSE22971_3	0.000476994055787065	0.0167906919792844	NA	NA
GSE22971_4	0.00446489387514683	0.015882474267581	NA	NA
GSE13590_1	-0.00129974403163004	0.0059377122997924	NA	NA
GSE13590_2	0	0.043390382932062	NA	NA
GSE99731_1	-0.00906425018904347	-0.0466438200507381	NA	NA
GSE99731_2	-0.00481659544159544	-0.00110008670676325	NA	NA
GSE99731_3	-0.00200413947014221	0.0168982859115735	NA	NA
GSE27492_1	0.00203252032520325	-0.0132046029015754	NA	NA
GSE27492_2	0.00533141010286159	0.00718524337351679	NA	NA
GSE27492_3	0.000799474263973836	-0.0191399860666082	NA	NA
GSE27492_4	-0.000227344774199354	-0.0207979027792702	NA	NA
GSE27492_5	0.000735273287274198	-0.0169526089034921	NA	NA
GSE27492_6	-0.00118771962625783	-0.0379257885067293	NA	NA
GSE27492_7	-0.000912719294675447	-0.0380987112491174	NA	NA
GSE27492_8	0.00202876694526732	-0.0329171841136742	NA	NA
E-GEOD-15069_1	-0.0100112130663959	0.00507887593587681	NA	NA
E-GEOD-15069_2	0.0168992387162463	0.123443045329376	NA	NA
E-GEOD-15069_3	0.0117244239741353	0.115330064649131	NA	NA
E-GEOD-15069_4	-0.0166844691305277	-0.0578101065952131	NA	NA
E-GEOD-15118_1	0.00284090909090909	0.109932140960304	NA	NA
E-GEOD-15118_2	0	0.0772333172980947	NA	NA
E-GEOD-15118_3	-0.00204219640218369	-0.101657552150465	NA	NA
E-GEOD-15118_4	0.00329500030745284	-0.0620768251895878	NA	NA
E-GEOD-16007_1	0.0214447149423906	0.0630697394592142	NA	NA
E-GEOD-17473_1	0.0229337975992614	0.0637793914403992	NA	NA
E-GEOD-18647_1	-0.00597549095255517	0.00201946823097907	NA	NA
E-GEOD-18647_2	-0.00679873402208527	0.00322742258526269	NA	NA
E-GEOD-18647_3	0.0163368682626205	0.0358606735382722	NA	NA
E-GEOD-18647_4	0.0109397992368356	0.029363514662027	NA	NA
E-GEOD-18648_1	0.00245079398612393	-0.0742217085938735	NA	NA
E-GEOD-18648_2	-0.0166131589782126	-0.0662361632966342	NA	NA
E-GEOD-2154_1	0.0246022657205198	0.117493589349712	NA	NA
E-GEOD-2154_2	0.00500663760482962	-0.050313596311301	NA	NA
E-GEOD-2154_3	-0.00161956430087387	-0.0552394844629948	NA	NA
E-GEOD-2154_4	-0.0264426735229655	-0.0415458334362715	NA	NA
E-GEOD-26475_1	0.00527518126774931	0.0822892388708443	NA	NA
E-GEOD-26475_2	0.0146616479105371	0.0119805869904903	NA	NA
E-GEOD-26475_3	0.0257487963050439	-0.0346465796818872	NA	NA
E-GEOD-33567_1	-0.00739923864488514	-0.0470139877772227	NA	NA
E-GEOD-33567_2	0.0001616194450977	0.00420930137382812	NA	NA
E-GEOD-37287_1	0.00424822376420645	0.0995970851355209	NA	NA
E-GEOD-37287_2	0.00471441717598505	0.0462292293396445	NA	NA
E-GEOD-37287_3	-0.000452152090818451	-0.000502992575093725	NA	NA
E-GEOD-51994_1	0.00971626631192634	-0.00122115321750426	NA	NA
E-GEOD-51994_2	0.00268505557890778	-0.00873949381244163	NA	NA
E-GEOD-51994_3	0.000918156842991311	-0.0121135686931452	NA	NA
E-GEOD-65077_1	0.00183823529411765	-0.12816122225569	NA	NA
E-MEXP-1244_1	-0.0154156623889866	-0.0598135340614839	NA	NA
E-MTAB-1123_1	0.0258831633155115	0.0124114712053745	NA	NA
E-MTAB-1123_2	0.0245199275362319	0.0474348072781997	NA	NA
E-MTAB-1123_3	0.0185471217024615	0.0497844006000814	NA	NA
E-MTAB-1123_4	0.0106837606837607	0.00678475452602871	NA	NA
E-MTAB-1391_1	-0.00361872032871481	-0.015552517024921	NA	NA
E-MTAB-1391_2	-0.00753672652901994	-0.0173308968022192	NA	NA
E-MTAB-1391_3	-0.00538022490842163	-0.013664357503737	NA	NA
E-MTAB-2450_1	-0.0137268847177943	-0.117801348875907	NA	NA
E-MTAB-2450_2	-0.00961584854333843	-0.0761237735504161	NA	NA
E-MTAB-2450_3	0.00788664588109476	0.00232417696783251	NA	NA
E-MTAB-2450_4	0.00300203954059529	-0.0547087470063849	NA	NA
E-MTAB-5023_1	-0.00217726007657788	0.0108101273384652	NA	NA
E-MTAB-5326_1	-0.000313227451728278	0.00353042616080764	NA	NA
E-MTAB-5326_2	-0.00194265230328294	-0.00733175620068868	NA	NA
E-MTAB-5326_3	0.00303475454633843	0.0287587686199226	NA	NA
GSE102588_1	-0.0118910907028513	-0.0384941823318076	NA	NA
GSE104793_1	0.0112742913610689	0.0296272903239222	NA	NA
GSE104794_1	0.0255235919505436	0.0353899987674701	NA	NA
GSE104795_1	0.0230778662029916	0.0473822405989298	NA	NA
GSE105139_1	0	0.04473840579271	NA	NA
GSE105139_2	0.00171703296703297	0.0721512303257769	NA	NA
GSE105139_3	-0.00131286982248521	0.0507350881099747	NA	NA
GSE10555_1	-0.0103528808510116	-0.0917880052780154	NA	NA
GSE10556_1	-0.0247721325030581	-0.0904141265781269	NA	NA
GSE106631_1	0.0154211936478936	0.0536517154406209	NA	NA
GSE13104_1	-0.00614632236777594	-0.00418567638161988	NA	NA
GSE13104_2	-0.0063662579250932	-0.00579949069991966	NA	NA
GSE13104_3	0.00453222474798197	0.0576525925036706	NA	NA
GSE16749_1	-0.00122339637225805	0.036470731499516	NA	NA
GSE16749_2	0.00256410256410256	0.0862742869800764	NA	NA
GSE16749_3	-0.0015226924143291	0.0141269332291113	NA	NA
GSE17348_1	-0.00911005596713605	-0.0428029649420384	NA	NA
GSE17563_1	0.000570783841281273	0.0247040023486322	NA	NA
GSE17563_2	-0.00606544049551442	-0.047395337223595	NA	NA
GSE17569_1	-0.000931220965254914	-0.020809454378291	NA	NA
GSE17569_2	0.0101504814964672	0.0746443182284733	NA	NA
GSE17570_1	0.00953352396000148	0.0879640866167403	NA	NA
GSE17570_2	-0.00312494664437506	-0.00774345068421508	NA	NA
GSE18991_1	0.027027027027027	-0.0569974082819816	NA	NA
GSE18992_1	0	0.00524587565714578	NA	NA
GSE19299_1	0.00560686393812122	-0.00939810251282512	NA	NA
GSE20850_1	0.00386390075995217	0.0608449691567486	NA	NA
GSE21093_1	-0.000809731594609875	-0.0189041414442489	NA	NA
GSE21523_1	0.00807778759458233	0.0435152465788007	NA	NA
GSE21639_1	0	-0.0312935501778892	NA	NA
GSE21639_2	-0.00240411321680942	0.0471324948239396	NA	NA
GSE21639_3	-0.00443786982248521	-0.0447446919342471	NA	NA
GSE21639_4	-0.00205176774829378	-0.00921580209631986	NA	NA
GSE21710_1	-0.00976205631934711	-0.0912807412992349	NA	NA
GSE21710_2	-0.0100329597071599	-0.074593407725488	NA	NA
GSE21710_3	-0.0096666705486908	-0.079618257198965	NA	NA
GSE22925_1	0.0130746560065356	0.0840130681911887	NA	NA
GSE22925_2	0.00837733668351923	0.0411366235442336	NA	NA
GSE26499_1	-0.000597336337695058	-0.036358358545227	NA	NA
GSE30160_1	-0.000137415219401911	-0.054389973400302	NA	NA
GSE30628_1	0.00726032455547273	0.0293403691434722	NA	NA
GSE30628_2	0.00170366913787966	-0.0304045545020357	NA	NA
GSE32163_1	-0.00518034246284265	0.0175092918575052	NA	NA
GSE33656_1	-0.00754695542921724	-0.0456857778799978	NA	NA
GSE33754_1	0.00169703274652063	-0.0790263140307749	NA	NA
GSE33754_2	-0.00457432970011586	-0.0581722984226054	NA	NA
GSE33754_3	-0.0152712724434036	-0.0717212714002733	NA	NA
GSE34570_1	0.00595092113663138	0.0222446794640142	NA	NA
GSE35003_1	0.00921399732985893	-0.0483525678695046	NA	NA
GSE35466_1	0.00264873450816686	-0.0373067657317493	NA	NA
GSE35466_2	-0.00822021165474937	-0.113103355221983	NA	NA
GSE35466_3	0.0013623211543802	-0.00339974408183075	NA	NA
GSE35466_4	0.00624607650444451	0.0165521655901535	NA	NA
GSE35466_5	0.00312336193429539	0.0301348701335425	NA	NA
GSE36925_1	0.00210970464135021	-0.0748113206612881	NA	NA
GSE36925_2	-0.0139831047411687	-0.055011169744017	NA	NA
GSE36925_3	-0.0146426962374927	-0.0670382807247953	NA	NA
GSE37219_1	0.00326065763813109	0.0337453602047799	NA	NA
GSE37676_1	-0.0112507168136259	0.00180185410532496	NA	NA
GSE41342_1	-0.00641711229946524	-0.0715688193559568	NA	NA
GSE41342_2	-0.0120842853516121	-0.122343206784266	NA	NA
GSE41342_3	-0.00203168044077135	-0.0500215827361463	NA	NA
GSE41342_4	-0.0214521452145215	-0.0478714079799442	NA	NA
GSE41997_1	-0.0133025272554603	-0.00690261740064812	NA	NA
GSE43242_1	-0.00158528976812182	-0.0424671418063087	NA	NA
GSE43242_2	-0.0312272265310704	-0.106650452366247	NA	NA
GSE43663_1	-0.00420168067226891	0.00668605319305619	NA	NA
GSE43854_1	0.0145404917845628	0.152645750633455	NA	NA
GSE45656_1	-0.000792645006510499	0.0227911976328613	NA	NA
GSE45656_2	-0.00364732468178578	-0.0121732337377004	NA	NA
GSE45656_3	-0.00547484783223529	-0.0401468295409011	NA	NA
GSE45793_1	0.00200713125924974	0.010356737027621	NA	NA
GSE45793_2	0.00137947980471942	0.0020759053659708	NA	NA
GSE45793_3	-0.00070913615192492	0.00176141279066217	NA	NA
GSE45793_4	0.00570080540892659	0.00627845858759406	NA	NA
GSE45793_5	-0.00604541148675367	-0.0358934451405047	NA	NA
GSE46390_1	-0.00208248600714242	0.0747908132908236	NA	NA
GSE48438_1	0.000786561109141754	0.00732445777416701	NA	NA
GSE50549_1	0.00480336529054979	-0.0211383962083256	NA	NA
GSE50549_2	0.00325992980687433	0.0169805405398956	NA	NA
GSE51098_1	0.0150983003745859	0.00076508315858259	NA	NA
GSE53857_1	0.00604190634876556	0.0181099972943123	NA	NA
GSE53857_2	0.00204918032786885	0.0373858296275458	NA	NA
GSE53857_3	-0.002	0.0149078003485241	NA	NA
GSE53982_1	0.00203480333497292	0.0258106924252575	NA	NA
GSE53982_2	0.0136912268059809	0.0493168332165374	NA	NA
GSE54779_1	-0.00247818564359212	-0.0572100949526022	NA	NA
GSE55900_1	0	-0.0674410572072002	NA	NA
GSE57104_1	0.000808790718429272	0.0252547975460804	NA	NA
GSE59387_1	0.0107437749711466	0.0411200609817672	NA	NA
GSE60401_1	0.000367009713893968	0.0850853040421305	NA	NA
GSE60401_2	0.003432019360197	0.0640173485087137	NA	NA
GSE60651_1	-0.0140071080489626	-0.0739360370292777	NA	NA
GSE60737_1	0.00361552024311212	0.0385405909908134	NA	NA
GSE60761_1	0	-0.0272570514259714	NA	NA
GSE60761_2	0	-0.110462574746854	NA	NA
GSE60761_3	-0.00431034482758621	-0.0536904189338934	NA	NA
GSE60761_4	-0.00152905198776758	-0.00971989506038906	NA	NA
GSE63017_1	0	0.0119851736255252	NA	NA
GSE63017_2	-0.00980392156862745	0.00232430914043377	NA	NA
GSE63017_3	0.00585831590363313	-0.00969640002003195	NA	NA
GSE63017_4	-0.00193050193050193	-0.0342450521929224	NA	NA
GSE63939_1	-0.0121018806677345	-0.0484731473215204	NA	NA
GSE63939_2	-0.0061780103233593	-0.0206816129957524	NA	NA
GSE64141_1	-0.00715379179292777	-0.0197432539553723	NA	NA
GSE64965_1	-0.00661836590981968	-0.0490532800273394	NA	NA
GSE65745_1	0	0.0611377106233501	NA	NA
GSE65745_2	0.00221238938053097	0.0738118722137264	NA	NA
GSE65745_3	-8.11886011204029e-05	0.107410275626188	NA	NA
GSE66416_1	-0.0130513021176978	-0.0598548367018098	NA	NA
GSE66862_1	-0.00832131825821741	-0.0692745721022665	NA	NA
GSE69108_1	-0.00320166933005853	-0.0568447318951328	NA	NA
GSE71565_1	-0.007193644725698	-0.0547522746037351	NA	NA
GSE72261_1	-0.00931691145109057	-0.0692059669123598	NA	NA
GSE72261_2	0.00861232167898943	0.0472933104789993	NA	NA
GSE72261_3	0.00680602983348235	0.0507136465971409	NA	NA
GSE7683_1	-0.00311526479750779	-0.0459583087756702	NA	NA
GSE7683_2	-0.0141304347826087	-0.0267101788700505	NA	NA
GSE78980_1	-0.00575851613019856	-0.0224227479781235	NA	NA
GSE78980_2	0	0.0772187623261375	NA	NA
GSE78980_3	0.00196078431372549	0.0485624078359065	NA	NA
GSE78980_4	0.00745980210265925	0.0593531612537486	NA	NA
GSE78980_5	8.04836171126055e-05	0.00441687568714084	NA	NA
GSE78980_6	0.00763941940412529	0.117644077909393	NA	NA
GSE78980_7	-0.00166051085096571	0.00752114701335667	NA	NA
GSE78980_8	-0.007346927081142	-0.0316063528796397	NA	NA
GSE78980_9	-0.002513442524117	-0.00665850700785014	NA	NA
GSE78980_10	-0.00526008516144698	-0.012487978370864	NA	NA
GSE81399_1	-0.00956819670179199	0.00402590696380465	NA	NA
GSE84609_1	-0.00544742943410487	-0.0874207431731993	NA	NA
GSE84907_1	0.00395679548415111	0.00484301414798714	NA	NA
GSE84907_2	0.00653130517452126	0.026538291134194	NA	NA
GSE84907_3	0.0023213085022336	0.0337022759670277	NA	NA
GSE90127_1	-0.00263725953103004	-0.0592259741704894	NA	NA
GSE90127_2	-0.002103494419716	-0.0120347257599054	NA	NA
GSE90127_3	-0.00155588405405046	-0.0462572429831103	NA	NA
GSE9247_1	0.00137525558700492	-0.0480673491813725	NA	NA
GSE9247_2	0.00515512109481235	0.0559956603058575	NA	NA
GSE9247_3	-0.00105350175919672	0.0439093865695674	NA	NA
GSE99306_1	-0.00536093837833864	-0.0395230339487963	NA	NA
GSE99306_2	-0.00527536002288488	-0.0673128135798351	NA	NA
GSE99306_3	-0.000667928890826318	0.0464341926264191	NA	NA
GSE99306_4	-0.0047143139944636	-0.0526102033931785	NA	NA
GSE99306_5	0.00372997259707564	0.00224865086430913	NA	NA
GSE99306_6	0.00136963658105361	-0.0222868670932655	NA	NA
GSE99306_7	0.00883816084721392	0.0544215988330191	NA	NA
GSE99306_8	-0.00555212639973884	-0.0540792414670506	NA	NA
GSE99306_9	-0.00641748214235775	-0.064862758129649	NA	NA
GSE99306_10	0.000619183223680621	0.0466517628914624	NA	NA
GSE99306_11	0.00175447341486391	-0.0110765445245619	NA	NA
GSE99306_12	-0.00496588794046563	-0.0559237780294907	NA	NA
GSE99306_13	0.0203450568891738	0.0698679072824843	NA	NA
GSE99414_1	0.00847104305639782	-0.00545280858849838	NA	NA
GSE110581_1	0.00902208067621601	0.0620921867672182	NA	NA
GSE110581_2	0	0.00842655865499126	NA	NA
GSE47799_1	0.0328724388748733	0.0572060862866403	NA	NA
GSE47799_2	0.00978196921782389	0.0289366793781118	NA	NA
GSE47799_3	0.013920099985905	0.0131917489985619	NA	NA
GSE111628_1	-0.00416666666666667	0.0152910202725172	NA	NA
GSE111628_2	-0.000194442824087577	0.103901619271992	NA	NA
GSE111628_3	-0.00514216575922565	0.0845404690629106	NA	NA
GSE5657_1	0.0106580104145533	0.021470794360013	NA	NA
GSE5657_2	0.0182151808091658	0.00297579865750983	NA	NA
GSE13782_1	0.0244646517529602	0.0639927211979063	NA	NA
GSE41039_1	-0.0102040816326531	-0.0451570500274134	NA	NA
GSE84198_1	-0.00627203290246769	-0.0729056005430967	NA	NA
GSE84198_2	0.0092489772063121	-0.00936696650845508	NA	NA
GSE84198_3	0.00404765503560017	0.0256174577769056	NA	NA
GSE114469_1	-0.0169863411727753	-0.0106858611851372	NA	NA
GSE108036_1	0.00556294530434248	0.0266843956618273	NA	NA
GSE60451_1	0.00385816491616738	0.0221151330839193	NA	NA
GSE47902_1	0.0101434426229508	-0.0740387762129379	NA	NA
GSE44325_1	0.0026374001744415	0.0975661848415064	NA	NA
GSE4481_1	0.00672645739910314	-0.0983087253097754	NA	NA
GSE4481_2	0.00561492861317525	-0.0437172723144205	NA	NA
GSE4481_3	-0.000101010101010101	-0.0068541027204042	NA	NA
GSE102292_1	-0.00992331591423291	0.026493357148838	NA	NA
GSE102292_2	0.0182828400982571	0.0535107281355187	NA	NA
GSE102292_3	0.00313591269912447	-0.0355567414674844	NA	NA
GSE102292_4	-0.00280814575795491	-0.0116484840891395	NA	NA
GSE41898_1	0.000421528556460647	-0.00252978245216529	NA	NA
GSE87605_1	0.01019997070065	0.00072221585697018	NA	NA
GSE87605_2	-0.0153099420379425	-0.0357344356272512	NA	NA
GSE87605_3	-0.00128786186694794	-0.0274405461629735	NA	NA
E-GEOD-54216_1	0.0172474393299248	-0.0175919464638005	NA	NA
E-GEOD-54216_2	0.0162296300174322	-0.0281659043422154	NA	NA
E-GEOD-54216_3	0.00178071411577387	-0.0269017165012333	NA	NA
E-GEOD-6119_1	0.0103157730083225	0.00858042679305581	NA	NA
E-GEOD-6119_2	0.00784616901961239	0.0156949047621802	NA	NA
E-GEOD-6119_3	0.00927543270678187	0.025285286643238	NA	NA
E-GEOD-8077_1	0.00911348267117498	0.0991667122746784	NA	NA
E-GEOD-8077_2	-0.00883375931263255	0.00855315190488109	NA	NA
E-GEOD-8077_3	-0.00642588162916164	-0.0797656901331775	NA	NA
GSE103416_1	0.0164646691743561	0.142390612136114	NA	NA
GSE103416_2	0.00418418097274217	0.0627330206443942	NA	NA
GSE103416_3	-0.00967410731067384	-0.0022770417998995	NA	NA
GSE19950_1	0.0191717791411043	0.0994419565501533	NA	NA
GSE30322_1	-0.0186684917869587	-0.103814613105973	NA	NA
GSE30322_2	-0.0118981325663699	-0.0337722309951455	NA	NA
GSE30322_3	-0.00142745282822753	0.00579317159142112	NA	NA
GSE42295_1	0.00872249249084413	0.0100889913343743	NA	NA
GSE42295_2	0.00975403932608288	-0.0202226805125367	NA	NA
GSE42295_3	0.00943205941952846	-0.0168110416673315	NA	NA
GSE66554_1	-0.0187505221900669	-0.13075528623339	NA	NA
GSE66554_2	-0.0263735440241899	-0.120220088955569	NA	NA
GSE66554_3	0.0100357540123947	0.0347232829975029	NA	NA
GSE66554_4	0.00564986869184306	0.113699272149257	NA	NA
GSE74898_1	-1.62297734040055e-05	0.0347940938245395	NA	NA
GSE74898_2	-0.00136867211148846	0.0482421224360496	NA	NA
GSE74898_3	0.00401708465123005	0.0586768270023773	NA	NA
GSE79176_1	0	0.0185885236282762	NA	NA
GSE79176_2	0.00833333333333333	0.0106207160171654	NA	NA
GSE79176_3	0.00925925925925926	-0.00526775931436348	NA	NA
GSE85785_1	0.00372010117075907	0.0561948497975562	NA	NA
GSE16981_1	-0.00237440921318089	-0.0530350911366001	NA	NA
GSE16981_2	0.00537708750953161	0.01418741805627	NA	NA
GSE16981_3	-0.00411404515761712	-0.057496520308608	NA	NA
GSE16981_4	-0.00411404515761712	-0.057496520308608	NA	NA
GSE16981_5	0.00779961815499436	0.0402820327827285	NA	NA
GSE16981_6	0.00727272727272727	-0.0162723425562972	NA	NA
GSE16981_7	0.00118930626604179	-0.0341928748167815	NA	NA
GSE29859_1	0.0012065606331568	-0.0321013490339369	NA	NA
GSE29859_2	-0.0046521899242065	-0.0640409559151688	NA	NA
GSE23492_1	0.00348961275369017	0.0384781609558959	NA	NA
GSE23492_2	0.00185080368160277	0.034723411607403	NA	NA
GSE23492_3	-0.00182951995823829	-0.0140243146864303	NA	NA
GSE23492_4	-0.00093577445380505	-0.00245165853021954	NA	NA
GSE23492_5	0.0044264176531102	0.0738734924979749	NA	NA
GSE44991_1	-0.0223212775273408	-0.108987070721735	NA	NA
GSE44991_2	0.00709598214285714	0.0230926566247434	NA	NA
GSE39796_1	0.00392382541885999	0.0644271963326616	NA	NA
GSE39796_2	0.00149852502348215	0.0410106645702703	NA	NA
GSE39796_3	0.00313720014196529	0.0457337744665396	NA	NA
GSE18394_1	-0.00886231591691495	-0.110171278047286	NA	NA
GSE18394_2	3.26967520512149e-06	-0.0305566783018699	NA	NA
GSE18394_3	-0.00940500136888287	-0.0961361302297916	NA	NA
GSE29233_1	0.00328731834890695	-0.0269075890689778	NA	NA
E-MEXP-2291_1	0.010929960288186	0.0846056656261325	NA	NA
E-MEXP-2291_2	0.00619039430637041	0.0406807522356743	NA	NA
E-MEXP-2291_3	0.00165707327373058	0.0412000556128423	NA	NA
GSE18738_1	-0.00589424567857593	0.0216540275736045	NA	NA
GSE107363_1	0.00585099090717304	0.00162647141691927	NA	NA
GSE85761_1	-0.000963045640893348	0.0367589196854856	NA	NA
GSE89179_1	-0.00307991979250436	-0.0761612281058914	NA	NA
GSE89179_2	0.00360786936737932	0.0607170764036591	NA	NA
GSE89179_3	-0.00783210970906048	-0.0262730851388934	NA	NA
GSE89179_4	-0.00215858380372611	0.00310236052817839	NA	NA
GSE89179_5	0.00901120126314047	0.0683795371421452	NA	NA
GSE89179_6	9.811086013511e-05	0.00686871486852125	NA	NA
GSE89179_7	0.00631820397635893	0.0265708068152485	NA	NA
E-GEOD-57723_1	-0.00104472852315348	-0.0131029527232715	NA	NA
E-GEOD-57723_2	0.00477528364464215	-0.0308326780364586	NA	NA
E-GEOD-57723_3	-0.00208595286155975	-0.0436254227618069	NA	NA
E-GEOD-83930_1	0.00433526011560694	0.0490861653699591	NA	NA
GSE100268_1	0.00402067183462532	0.0890343031626757	NA	NA
E-GEOD-55769_1	-0.00390625	-0.0265964844164422	NA	NA
E-GEOD-55769_2	0	-0.0516304019089216	NA	NA
E-GEOD-55769_3	-0.00249193411445067	0.0121165472349293	NA	NA
E-GEOD-69110_1	-0.00761465566631391	-0.0794986185176174	NA	NA
E-MTAB-4304_1	0.00805911898295589	0.0309381691240073	NA	NA
E-MTAB-4879_1	0.00271815754771038	-0.000471832416157997	NA	NA
E-MTAB-4879_2	-0.00392186396053575	-0.0239265754429201	NA	NA
E-MTAB-4879_3	0.00371472719811606	0.0451770081195536	NA	NA
E-MTAB-4879_4	0.00138666858118349	-0.00885292362436891	NA	NA
Cytokine_Explant_1	0.0039405427412971	-0.0215382857078672	NA	NA
Cytokine_Explant_2	0.00533994735331043	0.0292662482183284	NA	NA
Cytokine_Explant_3	0.0041212272978763	-0.00348034456941323	NA	NA
Cytokine_Explant_4	0.00908935622840136	0.0523330492027259	NA	NA
Cytokine_Explant_5	0.00389170017072842	0.00581104963710919	NA	NA
FN1_Explant_1	0.00731713856713857	0.173054165781077	NA	NA
E-MTAB-6266_1	-0.0122010564348829	-0.104865838541663	NA	NA
E-MTAB-6266_B_1	-0.01089795043307	-0.060361446618332	NA	NA
E-MTAB-6266_B_2	-0.0109041009604965	-0.131939337085584	NA	NA
E-MTAB-6266_B_3	-0.00370409657446924	-0.078515275101361	NA	NA
GSE74220_1	-0.00443404515731704	-0.0367580142384403	NA	NA
GSE114007_1	-0.00483472073075425	-0.016742471785994	NA	NA
GSE109503_1	-0.012675530600414	-0.0690171426677389	NA	NA
GSE109503_2	-0.00940725028158255	-0.0610260685057925	NA	NA
GSE109503_3	-0.0104875091646178	-0.033687778281095	NA	NA
GSE109503_4	-0.0112594880076591	-0.0836821485643109	NA	NA
GSE109503_5	-0.000595371393061273	0.0160096941910481	NA	NA
GSE109503_6	0.000837046405359489	0.0543950466309074	NA	NA
GSE109108_1	0.0116440670594844	-0.0106373909537031	NA	NA
GSE109108_2	0.00144898935663576	-0.0251504650723381	NA	NA
GSE109108_3	0.00535930618013187	-0.0436401092727731	NA	NA
GSE109108_4	-0.000256175169884586	0.109724836676375	NA	NA
GSE70667_1	-0.00219298245614035	0.00686242706410856	NA	NA
GSE87608_1	-0.00127131904240338	-0.135256914578128	NA	NA
GSE87608_2	0.00703257058971686	0.0179588624349178	NA	NA
GSE87608_3	0.00284050698343062	0.0687814059568956	NA	NA
GSE87608_4	-0.00651112412652174	-0.0341576915284176	NA	NA
GSE90890_1	0.0138141016572739	0.211923099053649	NA	NA
GSE97118_1	0.00894992456707005	-0.0521794822193455	NA	NA
GSE97118_2	0.0038014007261117	-0.0767742656040184	NA	NA
GSE97118_3	0.014372412521437	-0.0271497247453848	NA	NA
GSE97118_4	-0.00356027688029662	-0.0393949891476138	NA	NA
GSE97118_5	-0.00200116288009841	-0.0246847793058002	NA	NA
GSE97118_6	0.00136237791449649	0.0109501524887389	NA	NA
GSE97118_7	-0.00176858123317959	-0.0997107732124573	NA	NA
GSE107592_1	0.00419664598896118	0.0765276079460047	NA	NA
GSE92641_1	0.00737691068298657	-0.0305237546069243	NA	NA
GSE107849_1	-0.000637601187792036	0.0367237806493875	NA	NA
E-ERAD-89_1	0.00590551181102362	0.0170861334909519	NA	NA
E-ERAD-89_2	-0.00851623516993167	-0.0353849547332373	NA	NA
E-ERAD-89_3	-0.00557620817843866	-0.0301662242085537	NA	NA
E-ERAD-89_4	0	-0.048865622473975	NA	NA
E-GEOD-45893_1	0	-0.0323184541554641	NA	NA
E-GEOD-53105_1	0.00790257193519971	0.118899249002157	NA	NA
E-GEOD-53105_2	-0.0155459313268644	-0.0699265767004351	NA	NA
E-GEOD-54461_1	0.0015131622316071	0.0830624919916619	NA	NA
E-GEOD-54461_2	-0.000548797283319408	0.00415446531877361	NA	NA
E-GEOD-54461_3	0.00224959359602434	0.0407832048277004	NA	NA
E-GEOD-54461_4	0.00500972131951353	0.0404486250444316	NA	NA
E-GEOD-54461_5	0.00685782469268612	0.0586454479408016	NA	NA
E-GEOD-54461_6	0.00519187930992923	0.0842121116422412	NA	NA
E-GEOD-54461_7	0.00453537281767444	0.0742797739032195	NA	NA
E-GEOD-54461_8	0.00313303253137744	0.0696317454074565	NA	NA
E-GEOD-73372_1	-0.0108152530911453	-0.144087696833377	NA	NA
E-GEOD-73372_2	-0.00795721188494442	-0.147654971679238	NA	NA
E-GEOD-73372_3	0.00686986864807819	0.0394896931246941	NA	NA
E-GEOD-75549_1	0.0306039724686229	0.0713577499514103	NA	NA
E-GEOD-76988_1	0.00441878777015262	0.0423350394274744	NA	NA
E-MTAB-2923_1	-0.0116780200841161	-0.18689269360566	NA	NA
E-MTAB-2923_2	0.0116485900945772	0.141487327739383	NA	NA
E-MTAB-2923_3	-0.00120831074006324	-0.0173937479025815	NA	NA
E-MTAB-2923_4	0.0123499758463032	0.0457100503082364	NA	NA
E-MTAB-3428_1	0.0202404927757118	0.211993712966329	NA	NA
E-MTAB-3428_2	-0.020621162297774	-0.187073865270287	NA	NA
E-MTAB-3428_3	0.0240931513761458	0.244490313624861	NA	NA
E-MTAB-3428_4	0.0195402241009949	0.222936330691834	NA	NA
GSE102856_1	0.00603826223570582	-0.0408944700540045	NA	NA
GSE103492_1	0.0119348101252833	0.0683287358196123	NA	NA
GSE103492_2	-0.00150321254972418	0.00700553276610447	NA	NA
GSE103492_3	0.00330938718376645	0.0573353616222238	NA	NA
GSE103492_4	0.0109313912538561	0.0610517479129411	NA	NA
GSE103492_5	-0.00538324298099444	-0.0205822212960878	NA	NA
GSE103492_6	-0.00188420724834643	-0.0240317450680184	NA	NA
GSE103492_7	-0.000182304864872647	-0.00480966376067138	NA	NA
GSE103492_8	-0.00923878381219909	-0.17893822387936	NA	NA
GSE103492_9	-0.00354829675617493	-0.16705887153283	NA	NA
GSE103492_10	-0.000898647761649578	0.0190449876755726	NA	NA
GSE106259_1	-0.00337685165883726	0.0557854965955696	NA	NA
GSE110303_1	0.00845930562571674	-0.00673932107582659	NA	NA
GSE110303_2	0.0136118280410546	-0.0257464172579523	NA	NA
GSE110303_3	0.031412536836791	0.0398696229965305	NA	NA
GSE110300_1	-0.00713565989188692	-0.0209878554794003	NA	NA
GSE110300_2	0.00927444294419831	-0.22526619421007	NA	NA
GSE110300_3	0.00103775106880697	-0.110719760528461	NA	NA
GSE110281_1	-0.041597885028303	-0.194226441249147	NA	NA
GSE110281_2	-0.0322860185393943	-0.193727651153041	NA	NA
GSE110281_3	0.00854336471051035	-0.0120616441037535	NA	NA
GSE104459_1	0.0205161790484872	0.141767791986648	NA	NA
GSE104459_2	0.0164584607294681	0.165783579904774	NA	NA
GSE104459_3	-0.00230981094551002	0.015049695808524	NA	NA
GSE110051_1	0.00258611122142957	-0.0197985864066934	NA	NA
GSE110051_2	0.00806922748224601	0.171282449952661	NA	NA
GSE110051_3	0.00493097783462472	0.0976033441060504	NA	NA
GSE112694_1	-0.00231766245752359	-0.0510208826285157	NA	NA
GSE112694_2	-0.00226700518024842	-0.0278281475397612	NA	NA
GSE112694_3	-0.00456213100133436	-0.0394869736271939	NA	NA
GSE112694_4	-0.00222922425393651	6.3279472695434e-05	NA	NA
GSE97232_1	0	-0.07613076229182	NA	NA
GSE114079_1	0.0124590590449028	0.0845443041918204	NA	NA
GSE114079_2	-0.0155794497899761	-0.112993494071001	NA	NA
GSE114079_3	0.117910617059891	0.452008848643949	NA	NA
GSE104828_1	0.00295220373185315	-0.0184142897383832	NA	NA
GSE114521_1	0.0163118682817263	0.0851976485867235	NA	NA
GSE114521_2	0.0261590870379833	0.122172429497518	NA	NA
GSE112413_1	0.0349792074379672	0.123921257461069	NA	NA
GSE112413_2	0.0152294631323991	0.143432861432499	NA	NA
GSE101909_1	0.0127854095722306	0.0995764650813903	NA	NA
GSE101909_2	-0.00356786433777806	-0.0233986407852019	NA	NA
GSE114919_1	-0.00436299910577749	0.00537543015272229	NA	NA
GSE114919_2	-0.00811737182406928	0.0429554430016835	NA	NA
GSE114919_3	-0.00326496271753417	-0.00842912543442742	NA	NA
GSE114919_4	-0.000660609329869581	0.00128559451772742	NA	NA
GSE114919_5	0.00500837890415903	0.0564362477086173	NA	NA
E-MTAB-5879_1	-0.00116259479604654	-0.0502276099143795	NA	NA
E-MTAB-5879_2	0.000591863542480618	0.00390203384629841	NA	NA
E-MTAB-5879_3	-0.00552094450665236	-0.113984775668146	NA	NA
E-MTAB-5879_4	-0.00538802781318463	-0.0938423956735492	NA	NA
E-MTAB-5879_5	-0.00758274300830127	-0.160591908440876	NA	NA
E-MTAB-5879_6	-0.00465494144373144	-0.0758768450455818	NA	NA
E-MTAB-5879_7	-0.00369421744126857	-0.149955817765383	NA	NA
E-MTAB-5879_8	-0.00148809523809524	-0.173087395667061	NA	NA
E-MTAB-5879_9	-0.00555308464180556	-0.229111926146508	NA	NA
E-MTAB-5879_10	-0.00409955620134138	-0.0953985806047847	NA	NA
E-MTAB-4294_1	0.0001666725478091	-0.0252021500172061	NA	NA
E-MTAB-4294_2	0.0020250896998181	0.0256115004069439	NA	NA
E-MTAB-4294_3	0.0018469690381825	0.0749881881428341	NA	NA
E-MTAB-3186_1	0.00447828081531757	0.0676684324322767	NA	NA
E-MTAB-3186_2	-0.000890560339955643	0.036888007122533	NA	NA
E-MTAB-3186_3	-0.00351217365086314	0.0353751043452006	NA	NA
E-MTAB-3186_4	-0.00331083113303755	0.0334727597634178	NA	NA
GSE114919_Rat_1	-0.00120228491685911	0.0176176465758643	NA	NA
GSE114919_Rat_2	0.00440204871545537	0.0628200832507941	NA	NA
GSE114919_Rat_3	-0.00113782531655645	0.0611297306782766	NA	NA
GSE114919_Rat_4	0.000464920196852588	0.0465492532214902	NA	NA
GSE114919_Rat_5	0.00540020125796163	0.0739234684031271	NA	NA
