comparisonID	jaccard	cosine	sigjaccard	chrDir
22659600_1	-0.00851875446290822	-0.0222186032238378	-0.0064940529918344	-0.019752074586645
24361742_1	0.00777687814782673	-0.0119051514970338	0.00511362169078219	0
GSE72258_1	0	-0.0260018143277592	0	0
GSE72258_2	0	0.027461311923362	NA	0
GSE69531_1	-0.0179265706480164	-0.0230286074254208	NA	NA
GSE69531_2	-0.00295121227795898	0.00652110888488741	NA	NA
GSE69531_3	0.00765040239777763	0.0240107823738187	NA	NA
GSE69531_4	-0.0179265706480164	-0.0230286074254208	NA	NA
GSE58203_1	0.0118638698816444	0.0712256190317226	0.00513206150984607	0.0138209583771595
GSE58203_2	0.00371034650032676	0.0507485028832325	-0.00243250123586159	0.0100653505356359
GSE58203_3	0.0261287730137144	0.0739926153673292	0.0113934381130223	0.00822247227191731
GSE58203_4	0.0571355364284785	0.120718531790097	0.036468411599062	0.0206301677934834
GSE58203_5	0.00406386598502356	0.0379494981540045	0.00287126288264972	0.0146767934381957
GSE58203_6	-0.0018838565353138	0.0119256793511178	-0.00773425824590354	-0.00814907635828718
GSE58203_7	0.00161527549690906	0.0242635978516416	-0.00504582650180797	-0.00672365191458291
GSE58203_8	0.0141667822923124	0.0356251315737037	0.00538474598834734	-0.0124303856881347
GSE59642_1	0.0153354161216741	0.0143834660500169	NA	NA
GSE59642_2	0.00731115546359385	0.0320163068421553	NA	NA
GSE59642_3	-0.00461862630244519	0.018876509151849	NA	NA
GSE64922_1	0.0106853994305544	0.0463958085174904	-0.000852969722576114	-0.00053910785758045
GSE60162_1	0.00422222360636701	0.0170304383575769	NA	NA
GSE31685_1	-0.0196869562545507	-0.0465883327846276	-0.0191163300172584	0
E-MEXP-3890_1	-0.00916273773834964	-0.0331282556168345	-0.0108514763135098	-0.0166871033465043
GSE31980_1	-0.0182661841910375	-0.0703562310181461	-0.0177358121607991	0
GSE15615_1	0.0275799446943091	0.118775875834129	0.0217070353752326	0
GSE15083_1	0.00180521426915316	-0.00517801663151384	NA	0.00353876299424387
GSE108035_1	-0.00776437933853293	-0.0201511084681466	-0.00847989209251901	-1.59509743784918e-05
GSE108035_2	-0.00556159493773447	-0.0050843643470097	-0.00699618051412701	0.000423388579619519
GSE108035_3	-0.000235650702400156	0.0208155173020546	-0.00264883557544335	0.00408472264630825
GSE21959_1	-0.000781353331493356	-0.00120960079874355	-0.00643865237458353	0.00530956376497877
GSE21959_2	0.00512089763780047	-0.00718484033566285	-0.00116241763043486	0.00761499644346224
GSE24742_1	-0.0107112430441314	-0.0367972099883142	NA	-0.0121306002851649
GSE24742_2	-0.000273719513088318	-0.00620989996186126	NA	0.0114871413043035
GSE24742_3	0.00156597166853897	0.0305062755632144	NA	-0.00244923812057717
GSE74668_1	0.0118276850966645	0.0590957454240099	NA	NA
E-GEOD-10024_1	0.00922239513814787	0.057020788117184	NA	NA
E-GEOD-10024_2	0.0209582904822335	0.0512983981374242	NA	NA
E-GEOD-12860_1	0.0154225572765707	0.00250589456668083	NA	NA
E-GEOD-12860_2	0.00276190997735064	-0.0201660217598456	NA	NA
E-GEOD-12860_3	0.00256875864857714	-0.00967817701658324	NA	NA
E-GEOD-12860_4	0.00960989351230456	0.00335397222059668	NA	NA
E-GEOD-12860_5	0.00145105043016885	-0.00788487788478529	NA	NA
E-GEOD-12860_6	0.00448707147282741	-0.0238435796586911	NA	NA
E-GEOD-12860_7	0.0033457212036662	-0.0164896754257632	NA	NA
E-GEOD-12860_8	0.0171676046204805	0.0122844780745449	NA	NA
E-GEOD-14359_1	0.00807835269219271	0.0389540137435701	0.00641864268094263	-0.00500199440316834
E-GEOD-14359_2	-0.0036170937336947	-0.0113113574168318	-0.00489659780293768	0.00877219739222818
E-GEOD-1919_1	0.0211452335976009	0.0659504904598	NA	NA
E-GEOD-1919_2	0.0304770957131313	0.0627729581943018	NA	NA
E-GEOD-1919_3	0.0150553061709014	0.0376707257698024	NA	NA
E-GEOD-1919_4	0.0316548951485969	0.0709030808670276	NA	NA
E-GEOD-1919_5	0.0316980851283418	0.0755525018008771	NA	NA
E-GEOD-1919_6	0.0206919663901042	0.0343489755214894	NA	NA
E-GEOD-1919_7	0.00439390577655195	-0.00039762204614101	NA	NA
E-GEOD-1919_8	0.00546907753480775	0.0012505489333825	NA	NA
E-GEOD-1919_9	0.00154827366975333	-0.00281911077652202	NA	NA
E-GEOD-19664_1	-0.0045989196212721	-0.0240816938773504	NA	NA
E-GEOD-19664_2	-0.00330250451577369	-0.000498305518143067	NA	NA
E-GEOD-19664_3	0.000817508980152822	-0.0282986114381618	NA	NA
E-GEOD-19664_4	-0.0118123500036083	-0.0313423494246864	NA	NA
E-GEOD-19664_5	6.63892375566549e-05	-0.0086400371125023	NA	NA
E-GEOD-19664_6	-0.00855121562772101	-0.0494396474859706	NA	NA
E-GEOD-43923_1	0.0232761935515056	0.0634454069059021	0.0103505627616196	0.00479305771380585
E-GEOD-51812_1	-0.0044400876760565	0.0067042323075254	-0.000547851554418334	0.0118688857492584
E-GEOD-51812_2	-0.00328434853375755	0.0175565974943071	0.000447478376406123	0.0101030172046385
E-GEOD-68760_1	0.0237988794948041	0.0780556714440485	0.0165042927438969	0.0108752704365765
E-GEOD-82107_1	-0.0036070343691974	0.00930519793008734	-0.00099009900990099	0.00478565597088506
E-GEOD-9451_1	-0.00378016312660495	-0.0101223737875079	-0.00716847491599424	-0.00576204382374512
E-GEOD-9451_2	0.0140979925587638	0.0473171994282507	0.0075401961911881	-0.00362402924786222
E-GEOD-9451_3	0.067037749462671	0.158133240495845	0.0585363539313084	0.0505491343178283
E-GEOD-9451_4	0.00197985587999948	0.00376845906944174	-0.00476347050097625	-0.00159441836457182
E-MEXP-2019_1	-0.0100863314380322	-0.0599149679195834	0	-0.00467521041880019
E-MEXP-2019_2	-0.00642914462945366	-0.0275702787082742	-0.00454398299523378	-0.000116200292921529
E-MEXP-2019_3	-0.00889059135360655	-0.0804661635771842	NA	-0.012511939845172
E-MEXP-2019_4	0.000119008389959301	-0.00329193308203169	-0.00119685713972506	0.00372649620090694
E-MEXP-2276_1	-0.0172007831984178	-0.0643839911838849	NA	-0.0210336201738766
E-MEXP-2488_1	-0.00194660218856007	0.0154483674937936	0.00223979804091204	-0.00094555744216452
E-MEXP-3129_1	0.00460551414896556	0.0120548123038619	4.0211682405273e-06	0.0060812356979405
E-MEXP-3474_1	0.0054168656832016	0.0208792273731613	NA	0
E-MTAB-3010_1	-0.00408626500518408	-0.0188656824486521	NA	NA
E-MTAB-3010_2	0.00124589320152273	-0.00177759986838058	NA	NA
E-MTAB-3010_3	0.00367372881115484	-0.0225416908495323	NA	NA
E-MTAB-3010_4	-0.0016286603311718	-0.00985085747855463	NA	NA
E-MTAB-4152_1	0.0186313631538255	0.0854082635718758	0.0159008746279657	0.0228866712830707
E-MTAB-4152_2	-0.00844427348551953	-0.0201900262813118	-0.0101113606926677	-0.00760905741677245
E-MTAB-4152_3	0.0157484368561115	0.0741646533624705	0.0121011246351834	0.0181829131499534
GSE100609_1	-0.00429197189231728	-0.0086820291792115	NA	-0.0129977429711606
GSE100786_1	-0.000518055089888689	-0.0127703078918144	NA	0.00693995373979395
GSE100786_2	0.00399870979460422	0.00123789693995706	NA	0.00293569161357016
GSE103697_1	0	0.00485587728020556	NA	NA
GSE103697_2	0	-0.000139334001124854	NA	NA
GSE103697_3	-0.00078003120124805	-0.00319340761652616	NA	NA
GSE104113_1	0.00280383465920809	0.0449529430692453	NA	NA
GSE104113_2	0.0232929761351824	0.0726033559981904	NA	NA
GSE104113_3	0.00280383465920809	0.0449529430692453	NA	NA
GSE10575_1	-0.00484530659659071	-0.0207948497043064	-0.0018391862566597	-0.0125455481933768
GSE10575_2	0.0218805308349534	0.0546136849595586	0.0128421611305266	0.00552399440389785
GSE10575_3	0.00399219163480205	0.0347438277756185	0.000105569947297775	0.0167054325089368
GSE13604_1	-0.0408103705365117	-0.107729040981584	-0.0354946073267074	-0.0309410480295783
GSE13837_1	-0.00154249563414697	0.17023893102942	0.00137218173784795	-0.00241795976277856
GSE13837_2	-0.0125681265070558	-0.00309919975709066	-0.0148625567868025	-0.0155621548147541
GSE13837_3	-0.00639461943470412	-0.0575514570328534	-0.029253283599307	-0.01319729805504
GSE13837_4	0.0218463718560935	-0.0019510272310995	-0.00360599067093904	0.0116799919443315
GSE13837_5	-0.0127265339451793	-0.157688742308321	-0.00482625482625483	-0.0398278477644934
GSE13837_6	-0.0220417741158105	-0.0965084279187747	-0.0124038321320465	-0.0259130163576192
GSE13837_7	-0.0145183203819192	-0.058391866340647	-0.021002038030483	-0.0194619890793921
GSE13837_8	0.0578455219528307	0.120341522687746	0.0314976437060594	0.0316362392578197
GSE13837_10	0.627133099328839	0.890651100756632	0.613822115900823	0.628681775740599
GSE13837_11	0.572795191564263	0.858364419755872	0.546224484140181	0.607308296798743
GSE13837_12	0.425004917798428	0.742349728334687	0.37762716371181	0.460912013831445
GSE13837_13	0.0136913980839606	0.0308548531664695	0.00718284037857696	0.0097749862872389
GSE13837_14	0.0148066338936208	0.0405738934213379	0.00352904545838336	0.00119327263307842
GSE13837_15	0.0186543935037795	0.0594515978204264	-0.00423237038183766	0.00336116304681228
GSE13837_16	0.0103960965036786	0.0112470342516638	-0.0138861491737954	-0.0124253418130971
GSE13837_17	0.0197632416177881	0.0634689375069751	0.00652294850331306	-0.0173295475083434
GSE13837_18	0.0379290015880426	0.108190913806845	0.0183716402004242	0.0071744854006675
GSE13837_19	0.0673250968609045	0.180986087197766	0.0327911161692876	0.0220099856252151
GSE13837_20	0.0824683176532588	0.168242631953221	0.0464000498985391	0.0528552286485234
GSE13837_21	0.61306996125566	0.879470613242182	0.581160329263501	0.691261149246869
GSE13837_22	0.556306394306622	0.83683663920695	0.523843451102869	0.644604845953229
GSE13837_23	0.485892361930113	0.776322209053632	0.463017710221726	0.522101341834087
GSE13837_24	0.35416373394617	0.684958224354791	0.314088335297653	0.333435930700368
GSE16464_1	0.0221185645961455	0.063079574829055	NA	NA
GSE16464_2	-0.0126093448594283	-0.0256038499826418	NA	NA
GSE19060_1	0.00766028211636481	-0.013297693550746	0.000850340136054422	-0.00892582914323659
GSE27372_1	-0.00737850729240821	-0.00193706509889655	0.00150403275467823	-0.0059852431546739
GSE27390_1	0.011694209712859	0.0489642967400099	0.00587726628426688	0.00358441361185167
GSE29106_1	0.00462119708095546	0.0225617137442828	NA	NA
GSE29107_1	0.00305065358463863	0.022811378273915	NA	NA
GSE29107_2	0.00456416894339035	0.00602936108472754	NA	NA
GSE29745_1	0.00679535274533458	0.0483804459717192	NA	NA
GSE29745_2	0.00456488815372802	-0.00188857014442584	NA	NA
GSE29745_3	-0.00762314099697926	-0.0150235089604644	NA	NA
GSE35546_1	-0.00385439011232475	-0.0130218223539875	NA	NA
GSE35546_2	-0.00763363422731649	-0.0199468471798251	NA	NA
GSE35546_3	-0.00405879798285803	-0.0190475828590238	NA	NA
GSE35546_4	-0.0113750023089669	-0.040343755556229	NA	NA
GSE35546_5	-0.00597586542058925	-0.0363459831390992	NA	NA
GSE35546_6	-0.00965645781276552	-0.038599000886005	NA	NA
GSE35955_1	-0.00255688856686632	-0.00076234853063395	0.00524487667512833	-0.00101077940065459
GSE35956_1	0.000758432089001886	0.000478805573385305	-0.00329619925372778	-0.00202989341454556
GSE35957_1	-0.00550060699285359	-0.0767747360754144	-0.0110998430982688	-0.0168436955201617
GSE35958_1	0.00356707533010332	-0.00873599194936579	0.000998431972279995	0.00724065010913735
GSE39340_1	-0.0112932767571116	-0.0492658519949749	NA	0.00611925103920178
GSE39340_2	-0.0225486297093872	-0.075981384860685	0.000986193293885602	-0.00513721151669018
GSE39340_3	0.00306170088854717	0.034020238302487	-0.000986193293885602	-0.00228061140362233
GSE39795_1	0.00234021142151116	0.0203925587707532	NA	0.00327103178134986
GSE39795_2	0.00679109532653603	0.025566805382817	0.0109146384923605	0.00586565027148996
GSE39795_3	0.00170226387223502	0.0155012396199411	0.000938086303939962	0.0017390339376041
GSE41038_1	-0.0013419918551984	-0.0124129697452493	NA	-0.00905294405368915
GSE41038_2	0.000179472369210324	-0.00536176552602737	NA	-0.00101830583586916
GSE41038_3	0.000605761741699602	0.0064826745079222	NA	-0.00304274822979744
GSE41992_1	-0.0180611694869477	-0.0268678775741493	NA	NA
GSE42235_1	0.00255923510222624	0.00323688744831971	-0.00193858950083103	-0.000668598557930104
GSE42235_2	-0.00432102239184771	-0.0151017136135966	-0.00324646859892017	-0.00461380692050108
GSE42235_3	0.00359656034465254	0.012515183489657	0.000308657059218809	-0.00337811965150507
GSE42235_4	0.0187109061650033	0.0319510299256317	0.00640825385571609	0.00191987316746659
GSE45233_1	0.00461422720630812	0.000423507385192848	NA	0.000433372187515693
GSE45233_2	-0.0105759155168876	-0.0424646767326902	0	-0.0145746961371961
GSE45233_3	-0.00635947422787502	-0.0101550418941544	NA	0.00766244241305643
GSE45233_4	0.0126192646516726	0.0288206176598231	0.00113895216400911	0.0153823212418618
GSE46053_1	0.0128819662816845	0.0631179098110078	0.00735142981947753	0.00518781281022324
GSE46053_2	0.0123571217572959	0.0420029115719272	0.00471766831217949	5.06774530630791e-05
GSE46750_1	-0.00996826158283402	-0.0121815286106895	NA	0
GSE51588_1	-0.00487087818131029	-0.0101315647575817	0.00404053316475916	0.00835342328650429
GSE52817_1	-0.0157497484795613	-0.0196588560067721	NA	NA
GSE52817_2	0.0276499705534968	0.104325225368879	NA	NA
GSE52817_3	0.0118385362553444	0.0538389106442849	NA	NA
GSE52817_4	-0.0296576488212876	-0.099674661238581	NA	NA
GSE55235_1	0.0250805033630833	0.103775364073353	0.0181454801178343	0.0202312646576938
GSE55235_2	0.0232153202294306	0.0498835091211614	0.0231155327321436	0.00500451107643889
GSE55235_3	-0.00175971495945615	-0.0222542962956264	0.00613279226052132	0.00384097322133814
GSE55457_1	0.0255827788314465	0.102890416437009	0.0129956671539955	0.0306728421657332
GSE55457_2	0.0248527166961696	0.0863818824011256	0.0191558699205096	0.0217521057363037
GSE55584_1	0.0247047698989554	0.0927722986096789	0.00932122890045401	0.029267166948343
GSE57218_1	-0.00246126717784586	-0.019790711299401	-0.00682066247331393	-0.00606068295420286
GSE57218_2	-0.00522966413708465	-0.0141137516340055	-0.000951571289694175	0.00237163185524465
GSE57218_3	5.32396208088107e-05	-0.00685854433356563	0.00288149581313402	0.00501618750692375
GSE60762_1	-0.00657032605608718	-0.00589567134692084	NA	-0.0025460787393039
GSE62914_1	-0.00232445797105967	-0.00252446019868341	NA	-0.00428805662673183
GSE62914_2	-0.00545390155438208	-0.00623159277981632	NA	-0.00187696658738939
GSE62914_3	0.00117638475880438	-0.0230539315261323	0.000265736069372746	-0.010022402098485
GSE62914_4	0.00215111402223151	0.0358788993333836	0.000945179584120983	0.0208054227823839
GSE64394_1	0.0145652539113522	0.0531066413485207	NA	-0.000216044589578985
GSE66635_1	-0.00111176132041256	0.0133533809973029	NA	0.000238097571135412
GSE68038_1	-0.0382472748401237	-0.100880821860629	-0.00521149295094921	-0.0486991409260549
GSE68428_1	0.0345321891469263	0.0822598013683417	0.0179018564364449	0.0126388644912493
GSE68428_2	0.0332127620563474	0.0746827781583583	0.0173183329062383	0.012330762863216
GSE68428_3	0.0307452629385857	0.0898348354364366	0.0169865583212943	0.0105303167847427
GSE69459_1	-0.0113682294946853	-0.0122474092116221	NA	NA
GSE69459_2	-0.0187679695936739	-0.0322547422734351	NA	NA
GSE69459_3	-0.00489017597685547	-0.00752009570173677	NA	NA
GSE69459_4	-0.0129909416529828	-0.0135149940857546	NA	NA
GSE69992_1	0.00195418524926084	0.00425956757563072	0.00055393194431249	-0.000840109784049558
GSE70719_1	0.000770664103687619	-0.0273265414320488	0.000854013134423428	-0.000674882629107981
GSE7116_1	0.0122317786983889	-0.0108523569726949	-8.50877985602845e-05	0.00325652993120706
GSE7116_2	0.00109094462406436	-0.0263354019059865	NA	-0.00196915081605789
GSE7116_3	-0.00545986520203405	-0.0106652951932124	0.000984251968503937	-0.00173115809596376
GSE72575_1	-0.00346122096466925	-0.00643742021389145	-0.00564693519668275	-0.00824112755918556
GSE72575_2	-0.00175630068433883	-0.00209395833151212	-0.000159804905720916	-0.000976733204052666
GSE72575_3	-0.00512385466080481	-0.0101766160434995	-0.00672655791894767	-0.00566158523813207
GSE72575_4	0.0031328320802005	0.0259792246535336	0.00093984962406015	0.00552989541753187
GSE75181_1	-0.00927941765440267	-0.0299389056562083	-0.0152266244142221	0.00258311365723212
GSE75181_2	0.0216175915113814	0.0630927482761534	0.0111603451974098	0.00849371559496036
GSE75181_3	0.00371891044556473	-0.00587705354068772	-0.00445395989475427	0.00641544349446608
GSE75230_1	0.0061175759686838	0.0134326559791371	-0.00462407246525401	-0.00851835574629068
GSE7669_1	0.0211725942156811	0.153120707389811	0.0112372773472183	0.0665409568130106
GSE77916_1	0.000338781168843848	-0.0126629336350074	-0.00113702769939726	0
GSE80614_1	-0.00082918242061415	-0.011356640148399	-0.0015422910751766	-0.000202865631863678
GSE80614_2	-0.0159050364648927	-0.0416019114483618	-0.0190574433479894	-0.0121124077331289
GSE80614_3	0.000200230218185746	0.010045778755657	-0.00116009280742459	-0.00401839305948895
GSE80614_4	-0.0125316974323795	-0.0282779187918062	-0.017745178855234	-0.0193697005594274
GSE80614_5	-0.00306364388303616	-0.00517514196186883	-0.0116328111360921	-0.0164591884027159
GSE80614_6	0.00355775356721622	0.00158551920097866	0.00179154893341863	-0.00749981280328827
GSE80614_7	-0.000746569440814786	0.000767438976201859	-0.00166472131164847	-0.00114866950391823
GSE80614_8	0.00393520428116435	0.00949001258151669	0.00330594482924091	0.00768627075303037
GSE80614_9	0.000551760008996851	-0.00559799705037129	-0.000455988650949132	-0.000418817014946001
GSE80614_10	-0.00295678946563184	-0.0232803918721926	-0.00638022931016372	-0.00105810614033264
GSE80614_11	0.000480422315901409	-0.00509520790800718	NA	-0.00736640757045713
GSE80614_12	-0.00531033294100262	-0.0179286102745277	-0.0119874603362383	-0.0182935535486204
GSE80614_13	-0.000260948931036824	-0.0108293800056062	-0.00776759042006453	-0.017081661341036
GSE80614_14	0.00484568088079347	0.0200170366616243	-3.33443694865501e-05	-0.00279908649047181
GSE80614_15	0.00528560246931072	0.0123418955466848	0.00435067931176446	-0.00892613859403141
GSE80614_16	0.0019462100660948	-0.000821510681127069	-2.73959745825184e-05	-0.0144430403794713
GSE85254_1	0.0365085148243581	0.0899764128655078	0.0113566510033742	0.0227294192172695
GSE86578_1	0.00914013729186356	0.0357677034229788	0.00415963624722532	0.00988108679305169
GSE86578_2	0.0117439488055379	0.0456868355786713	0.00760346163401213	0.00902743188082679
GSE86578_3	0.0170661040240354	0.0603752894918203	0.00981769021753129	0.00937720516408116
GSE9329_1	-0.0124460001878253	0.00428027105354617	NA	NA
GSE93698_1	0.0288879747558856	0.0999680202238005	0.0227549019828329	0.0377456800333477
GSE93698_2	0.0305791876499981	0.112140594573005	0.0213663832024156	0.0344727485204882
GSE93698_3	0.00897463640711303	0.0355852986259292	0.0112920032485071	0.014956265681492
GSE93698_4	0.0224170048354959	0.0812194283441302	0.0197184254595449	0.0263947297757202
GSE93698_5	0.00386792518106551	0.0450918034881053	0.0124096089028083	0.0227238706071415
GSE93698_6	-0.00462880203980946	-0.00869315371230248	0.000691308861736676	-0.0137055502301951
GSE93698_7	-0.0404356530642132	-0.124557502756104	-0.033706125127627	-0.0404487411536127
GSE93698_8	-0.0334500873005815	-0.0810064263245318	0.00095911986490964	-0.0206964121783028
GSE93698_9	-0.0363197386651085	-0.0947199167881264	-0.0167761074139321	-0.012857666214457
GSE93698_10	-0.0539924857524956	-0.127522303235771	-0.0348524011326598	-0.0332688810306138
GSE93698_11	-0.0254544168121142	-0.0654064585459298	0.000955652631417888	-0.0128681740000448
GSE93698_12	-0.0389335882291358	-0.083074010737784	-0.0174078586894723	-0.0147288894038109
GSE93698_13	0.031713530138098	0.0806627072692722	0.0156518952103556	0.0226120523447612
GSE93698_14	0.011624311991068	0.038339527820298	0.00486742591643077	0.0130551506237732
GSE93698_15	-0.0175214860868528	-0.0393795922762476	-0.013028694086989	0.00220069719599411
GSE93720_1	0.0809225636648139	0.214485268353402	NA	NA
GSE93720_2	0.0627808884166231	0.171420563898589	NA	NA
GSE93720_3	0.0846855696034165	0.20977452790157	NA	NA
GSE93720_4	0.0636489744742603	0.163536364962493	NA	NA
E-MTAB-5564_1	-0.00675796969716659	-0.000313338191663118	0.00214316462052291	0.00441085628727982
GSE77753_1	-0.0025093388417134	-0.037339638408847	NA	-0.00955443067289154
GSE43861_1	-0.00350632284388468	-0.0113087496209316	NA	NA
GSE112809_1	-0.00014263544662011	0.0133807818659583	NA	NA
GSE111946_1	0.0154096818826102	0.068209881499185	NA	NA
GSE111946_2	-0.00232539057614004	0.00899639743326247	NA	NA
E-MTAB-3201_1	-0.0021203152623073	0.00356142133975975	-0.0102508023446634	-0.0093202313356432
GSE57740_1	-0.00132289215387393	0.0025077317087147	NA	NA
GSE52992_1	0.00359400574793591	0.0221778007520085	0.00242420420651511	0.00571931419506989
GSE17160_1	0.00897584689536744	0.0344264405768433	NA	NA
GSE17160_2	0.00613771238030864	0.00802441609432084	NA	NA
GSE17160_3	0.00130323263124115	0.0161354417913209	NA	NA
GSE17160_4	0.0321851389771718	0.0739532106698391	NA	NA
GSE17160_5	0.0219871204539515	0.0494961455361323	NA	NA
GSE17160_6	0.0122269850338475	0.0522457427733157	NA	NA
GSE17160_7	0.011868313225608	0.0337780723912039	NA	NA
GSE17160_8	0.0377624762929237	0.0855179904738693	NA	NA
GSE17160_9	-0.00610409690903325	-0.0209195111166347	NA	NA
GSE17160_10	-0.00553308066737568	-0.0125506562138128	NA	NA
GSE17160_11	-0.00222647297245513	-0.0153674076794553	NA	NA
GSE17160_12	0.000620736777470335	-0.00833261098934624	NA	NA
GSE22971_1	0.0044993420238808	0.0127668317036836	NA	0.00754123728529147
GSE22971_2	-0.00184071613659242	0.00250095834531249	NA	-0.000487440183224277
GSE22971_3	0.0161310118891031	0.0428599105224436	0.0141978988234516	0.00264936049396048
GSE22971_4	0.0130964770701893	0.0421227980598916	0.00664192612653109	-0.00770827219488946
GSE13590_1	-0.00593274161461856	-0.0213836107486396	-0.00340332446065715	-0.0109058741269159
GSE13590_2	0.000778816199376947	0.00861097567208132	0	0.00410110554394298
GSE99731_1	-0.000346436973856542	0.00503511143452757	NA	-0.00830637956237649
GSE99731_2	-0.00180900712200157	-0.0296845577866469	NA	-0.00687378063002478
GSE99731_3	-0.0207690985019771	-0.0501598029544467	-0.022537555020564	-0.019671873112919
GSE27492_1	0.00134259807988622	0.026423222129369	0.00208333333333333	0.0165393320422308
GSE27492_2	0.00941824472043852	0.02982278450885	0.00944404840984646	0.00480304031725049
GSE27492_3	0.0107173592579546	0.0410530631798807	0.0236936889255908	0.00317936452218332
GSE27492_4	0.00989436798917157	0.0432584490694866	0.0178526647220494	0.00667055533120952
GSE27492_5	0.0072594852578789	0.0285792684618973	0.017981324458322	0.00632759728513708
GSE27492_6	-0.00122080824023248	0.00671148995742188	0.0045719317768971	-0.00274106737612563
GSE27492_7	0.000929399445193525	0.00813499641597416	0.00498496855095169	-3.90688327944824e-05
GSE27492_8	0.000587244623333778	0.00464242926909531	0.00355183717552979	-0.00398892629804836
E-GEOD-15069_1	0.00836208755592894	0.00982841305764869	0.00878532352143162	0.0132534412473929
E-GEOD-15069_2	-0.00289557567024419	0.00389286474375496	-0.00398591736797351	0.000289666067848875
E-GEOD-15069_3	-0.00720275063933168	-0.00995355451742452	-0.0118987107869327	0.0026786084598552
E-GEOD-15069_4	0.00839674373971341	0.023265915222267	0.00617423426153969	0.0119999459347073
E-GEOD-15118_1	-0.00114327013060292	0.00306453221716835	NA	NA
E-GEOD-15118_2	-0.000782472613458529	-0.0168003842169459	NA	NA
E-GEOD-15118_3	-0.00160730252871962	-0.00255969361950095	NA	NA
E-GEOD-15118_4	-0.0010926690156914	0.00738906319104268	NA	NA
E-GEOD-16007_1	0.00140682170966876	0.00687365103880026	NA	NA
E-GEOD-17473_1	-0.00521605456310646	0.0315647298333966	NA	0.00164940189912443
E-GEOD-18647_1	-0.00988300794497165	-0.0273711754514676	NA	-0.0108406348758757
E-GEOD-18647_2	-0.00452281945857754	-0.0261229066619331	NA	-0.00657139453590986
E-GEOD-18647_3	-0.00734193037305008	-0.0243658163248783	NA	0.0119040838016921
E-GEOD-18647_4	0.00234849691371431	-0.0183816499944614	-0.00121359223300971	1.21317184265269e-05
E-GEOD-18648_1	-0.000229478345332946	-0.0127782534656485	0.00078421533623672	0.00300829882763228
E-GEOD-18648_2	-0.010229581449277	-0.02595365354883	-0.0156530194521727	-0.00692779360727321
E-GEOD-2154_1	-0.000461975785126495	-0.0185473822916488	-0.00112951416583296	-0.0083610373459496
E-GEOD-2154_2	-0.00284831781401996	-0.00329465475053086	-0.00567473447680807	-0.0130503199469129
E-GEOD-2154_3	0.00232165448000965	0.000737765748697146	-0.00264991304757003	-0.0121705682703889
E-GEOD-2154_4	0.00391017131657906	-0.0128325690252391	-0.00194044385074384	-0.00854582203093336
E-GEOD-26475_1	-0.00165638390204813	0.0127465468221987	-0.00162852424527265	0.00257200790176742
E-GEOD-26475_2	0.000399487564611808	0.00248926043691248	-0.00101010101010101	-0.000934860766086173
E-GEOD-26475_3	0.00408015825435111	0.0283514278597741	0.00593665487056438	0.00210309014080081
E-GEOD-33567_1	-0.00294864113209221	-0.0234898856961298	NA	NA
E-GEOD-33567_2	9.97194714002295e-05	0.0127351123374106	NA	NA
E-GEOD-37287_1	-0.00273351696347889	-0.00880989283327062	NA	NA
E-GEOD-37287_2	0.0033381604132697	0.0143800435719692	NA	NA
E-GEOD-37287_3	-0.00495204582769496	-0.0175500391833744	NA	NA
E-GEOD-51994_1	0.00293485956841311	-0.00230903481725973	0.00312956530475261	-0.00349020043920428
E-GEOD-51994_2	-0.0014945096611664	0.000351585381007167	0.00150550843368691	0.0130573997371762
E-GEOD-51994_3	0.00154428973005752	0.00286090867277212	0.00337136734365708	0.0131320898628977
E-GEOD-65077_1	-0.000565964850288822	0.0139308159983408	NA	NA
E-MEXP-1244_1	-0.0103419650623183	-0.0350851774675362	NA	NA
E-MTAB-1123_1	-0.00143630053351446	0.0234917169735375	-0.00423965559001228	-0.000880481410074329
E-MTAB-1123_2	0.00612145704459861	0.0206640442850645	0.00122334723884165	0.00248779063972776
E-MTAB-1123_3	0.00459566164220518	-0.00564676148667685	0.00442421910802292	0.00362069319134493
E-MTAB-1123_4	0.00042554318223083	-9.13943406967717e-05	0	-0.00774920443247402
E-MTAB-1391_1	0.000910770436351569	-0.00353928288138647	0.00416584169668695	0.00115499717953499
E-MTAB-1391_2	-0.00323036340961865	-0.022693583586355	-0.00311475687293197	-0.00425803648137296
E-MTAB-1391_3	-0.00485285853919899	-0.0264123745291555	-0.00297971935858131	-0.00577070770558701
E-MTAB-2450_1	-0.00422101562738552	-0.0173573926564007	-1.36108903939711e-05	-0.00234381604067673
E-MTAB-2450_2	-0.00406291595577722	-0.00938973445624953	-0.00664402169537929	-0.0115303292396522
E-MTAB-2450_3	0.00100360020220523	0.0091927632863201	-0.00390684399391078	-0.00419002926526655
E-MTAB-2450_4	0.00242383556143697	0.0018457153293895	0.00389412614372511	-0.00862286326750067
E-MTAB-5023_1	-0.00184063899436402	0.00263269373484088	NA	-0.00257317142331408
E-MTAB-5326_1	-0.00804483990309349	-0.0303733841400498	NA	NA
E-MTAB-5326_2	0.00136495779932072	-0.0307703195721166	NA	NA
E-MTAB-5326_3	0.00957377036867114	0.0145623294596837	NA	NA
GSE102588_1	-0.000483395899912507	-0.00303343022148893	-0.000194025448115047	0.00179274145510007
GSE104793_1	0.0121083474447454	0.0261348378774457	0.00983316522869839	0.00115142737786855
GSE104794_1	0.0140949463447387	0.029046749611161	0.00391201921701676	0.00413821284145356
GSE104795_1	0.0183293763224268	0.0414033208716867	0.00974853120212891	0.00554698037175635
GSE105139_1	0	0.0215546266535396	NA	0.00630552082310718
GSE105139_2	0.00821863641107316	0.0211826902352483	NA	0.000815615372017226
GSE105139_3	0.00942052418608775	0.0102295932108603	0	0.00167409827913897
GSE10555_1	-0.00299611949983198	-0.0265076219461045	NA	NA
GSE10556_1	-0.00621394719103699	-0.0174902175761373	-0.0019684777349358	-0.00595513781391773
GSE106631_1	0.0162597717111554	0.0385902570117695	0.0128793823811467	0.0170830791339294
GSE13104_1	-0.00517680406984819	-0.0179734254608281	NA	NA
GSE13104_2	-0.00743430785582295	-0.0205883405209424	NA	NA
GSE13104_3	-0.00143791354459582	-0.0104794039167886	NA	NA
GSE16749_1	-0.00658204071810048	-0.0293694729297029	NA	NA
GSE16749_2	-0.00420658215326736	-0.00433825974938399	NA	NA
GSE16749_3	0.000413088522353645	-0.0211937455256431	NA	NA
GSE17348_1	-0.00701850841518253	-0.0206507160769346	NA	NA
GSE17563_1	-0.00171871684561316	-0.00852771558667859	NA	NA
GSE17563_2	-0.00309735873532016	-0.00518766649848603	NA	NA
GSE17569_1	0.00566389630353762	-0.00035648131617381	NA	NA
GSE17569_2	0.00349795655451131	-0.00591465171925807	NA	NA
GSE17570_1	0.00721360675986561	0.00353290708017558	NA	NA
GSE17570_2	0.00806115859470247	0.00614490775976775	NA	NA
GSE18991_1	-0.000634517766497462	0.000128208414787966	NA	0.0107243058056111
GSE18992_1	0.000634517766497462	-0.00508109618578098	NA	0.000253024687453564
GSE19299_1	0.00119215183694456	0.0026593128274966	0.00253004066727348	-0.00107937462314293
GSE20850_1	0.00226251873663757	0.0122381212537124	NA	NA
GSE21093_1	-0.0130551581133368	-0.0455556040910155	NA	NA
GSE21523_1	0.00524293378817802	0.0123722444616024	NA	NA
GSE21639_1	-0.00130352519607301	-0.0106783912887154	NA	NA
GSE21639_2	-0.00439458067590417	-0.0190957831865284	NA	NA
GSE21639_3	-0.0063098340201096	-0.00989180281502905	NA	NA
GSE21639_4	0.000905402343338134	-0.0150134446676454	NA	NA
GSE21710_1	-0.010483426197388	-0.0161677676577274	NA	NA
GSE21710_2	-0.00891303457309934	-0.0138037652648888	NA	NA
GSE21710_3	-0.00912432835523741	-0.00890214394990114	NA	NA
GSE22925_1	-0.000387858258831409	-0.00206399965739725	-0.005006547661847	-0.0136889739421385
GSE22925_2	-0.012470234697094	-0.0120659932651619	-0.00794872041140941	0.00243215574954819
GSE26499_1	0.00320586989062379	0.00659023010345702	NA	NA
GSE30160_1	0.00143468711521842	-0.0109153953807378	-0.00051956323453178	-0.00415744431074204
GSE30628_1	0.00830918785732062	0.0116857800996609	0.00269624829315077	0.00272006392918613
GSE30628_2	0.00221564452119902	0.00528997017401651	0.00161963600491184	-0.00106006885859744
GSE32163_1	-0.00624297186193284	-0.0173322011342396	NA	-0.00604473416203773
GSE33656_1	-0.00364495801282562	-0.0286484630231862	NA	NA
GSE33754_1	0.00463485537328947	0.0103411300686535	0.004705304917985	0.0025462261387663
GSE33754_2	-0.000475993642700726	-0.0151476150620148	-0.00554739374015444	-0.0103943840945651
GSE33754_3	-0.000396612687133081	-0.0142756881462515	-0.00152053168402015	0.00110977147059592
GSE34570_1	0.0127961651882345	0.00973900975593574	NA	NA
GSE35003_1	0.000959517816389746	-0.00465503090487165	NA	NA
GSE35466_1	0.0231544223777915	0.0341851213946552	NA	NA
GSE35466_2	0.021134444167676	0.0953290148082297	NA	NA
GSE35466_3	0.0177672060829868	0.0124518701511719	NA	NA
GSE35466_4	0.0157033668880873	0.0598039925916246	NA	NA
GSE35466_5	0.014574155607547	0.0693951579646446	NA	NA
GSE36925_1	0.00076219512195122	0.0185372365842241	NA	NA
GSE36925_2	-0.00541503700767893	-0.026973733622288	NA	NA
GSE36925_3	-0.00509299196209217	-0.0316501631770567	NA	NA
GSE37219_1	-0.0023484899257207	0.0118048023907787	NA	NA
GSE37676_1	0.011166959512038	0.0134169604572495	0.0184087232104532	0.00699946175813678
GSE41342_1	0.00331609144679058	-0.0127808731337281	0.00863688367499235	-0.00203203454492906
GSE41342_2	0.00739899242755374	0.0221382033141238	NA	0.00997949322151899
GSE41342_3	0.00247142108842697	0.0233251435662741	NA	-0.00183451417004048
GSE41342_4	-0.00249519664163444	-0.013121999897363	0.00178900704137885	0.00230580265401332
GSE41997_1	0.00940292128356018	0.0128527108485372	0.00278282571871871	0.00195124239819857
GSE43242_1	-0.00862123948043791	-0.0200119657387813	-0.00875590305783746	0.00105090435553287
GSE43242_2	-0.0038515163626094	-0.0222704477274535	-0.00118978041245721	0.00498451501420771
GSE43663_1	-0.00187498158578306	-0.00294760929441531	NA	-0.00429475921177421
GSE43854_1	-0.00166369850862416	0.00544850458756604	NA	NA
GSE45656_1	-0.0055139497805522	-0.0173759713520624	NA	NA
GSE45656_2	-0.010567228763108	-0.0383926350744682	NA	NA
GSE45656_3	-0.00613510640407517	-0.0359371366764048	NA	NA
GSE45793_1	-0.00522776794127915	0.00322961184695401	-0.000615750282007155	0
GSE45793_2	0.00156172511725257	-0.00414243994890566	0.00175427090033061	0
GSE45793_3	0.00693758374142452	0.00439582712382533	0.00375406640851167	0
GSE45793_4	0.0130706689841985	0.011654857735719	0.00602867365814964	0
GSE45793_5	-0.00134387840758338	-0.0151651030216205	-0.00636191972156199	0
GSE46390_1	-0.00208645071732874	0.020767224974551	NA	NA
GSE48438_1	0.00177720253296607	0.0085056450131906	NA	0.00296520578260952
GSE50549_1	-0.00491683027783065	-0.0133996760039706	-0.00847261665371291	-0.00142107379520298
GSE50549_2	-0.00513424579719307	-0.0108558946549398	-0.00805535010884274	0.00290285206459472
GSE51098_1	0.0116514253488857	0.0213710945749858	0.00906085322314684	0.00609187343778577
GSE53857_1	0.00254011506342291	0.0150193444140231	0.00134048257372654	0.0124243407789456
GSE53857_2	0.00400118472980524	0.0298213905824798	0.0026525198938992	0.0127826557178851
GSE53857_3	0.00170427837788749	-0.0111379161299102	0	0.00130474846601477
GSE53982_1	0.00935816787005138	-0.00163771351548183	0.00949946639905601	0.00900192704274536
GSE53982_2	0.00400002634743764	0.00570384520883676	0.00227323861087835	0.000980481152894942
GSE54779_1	0.011869844555946	0.0565974127249545	0.006735450919033	0.00567745076837383
GSE55900_1	0.00126582278481013	0.0419980153078932	0.0024330900243309	0.0109477488008758
GSE57104_1	-0.00318465910201719	0.00029197667734914	NA	-0.00863490654144154
GSE59387_1	-0.00791218888818511	-0.0265295014993853	NA	NA
GSE60401_1	-0.0167031549092066	-0.0716473953300504	NA	NA
GSE60401_2	-0.00366372298923411	-0.00167493174748229	NA	NA
GSE60651_1	-0.0160985431824101	-0.0430547119181725	NA	NA
GSE60737_1	0.00963289243012736	0.0423758329451607	NA	NA
GSE60761_1	0.000338979324093551	0.0133136270846301	0.00100806451612903	0.00253785678414601
GSE60761_2	0.000634517766497462	0.011641723215422	NA	0.0123206011096033
GSE60761_3	0.00287524472331549	0.0103825709999764	-0.000784738131714196	0.00412645106398393
GSE60761_4	0.00437971009613326	0.0122682270158726	0.000217328310634599	-0.00847754083340878
GSE63017_1	0	-0.0131229746250531	NA	-0.00843464167564976
GSE63017_2	0.000766871165644172	9.2360182141706e-06	NA	0.0117885583909539
GSE63017_3	-0.00419039406452409	0.00755564961379852	-0.0061053508081534	-0.00494743236214132
GSE63017_4	-0.000401543109258121	0.00256687731537102	NA	-0.0015930882258673
GSE63939_1	-0.00459921230007813	-0.0254101317591465	-0.00313219015995226	0.000656671892444682
GSE63939_2	0.0060719198424244	-0.00497737447788778	0.00706425813622587	0.000179655572299429
GSE64141_1	-0.000543038210754958	-0.000196000929139889	NA	NA
GSE64965_1	0.00458531050576999	0.00110482008671689	0.00364774662523658	0.00510916402550251
GSE65745_1	0	-0.0149227044111383	NA	-0.00107255696477461
GSE65745_2	0.000772797527047913	-0.000797757962645534	0.00138888888888889	0.00692792792792793
GSE65745_3	0.000145444954902368	-0.00825730235915143	0.00139275766016713	0.00831561274731503
GSE66416_1	-0.00152788157279483	-0.016645626671625	NA	NA
GSE66862_1	0.00353294600456644	0.0152851884508541	0.00555909104544959	-0.00386401541292846
GSE69108_1	0.019333271190024	0.0319298146672669	0.0103684283752351	0.0142700032524991
GSE71565_1	0.00143976845913911	0.000110881400482	NA	NA
GSE72261_1	0.00171551820146098	-0.0048440819222213	-0.00147457811810292	0.00444460446427402
GSE72261_2	0.00105438344680864	-0.00836922570925358	-0.00230243193360721	-0.00318958831293116
GSE72261_3	0.000887477907920053	-0.0132541296654291	-0.00305140295045697	0.0029972888370628
GSE7683_1	-0.0063850831021453	-0.0279961979596416	-0.0100249711943028	-0.0112144238272058
GSE7683_2	-0.00929291387728118	-0.0155369547247727	-0.00967786788204004	-0.0141759475744913
GSE78980_1	0.00504065336083266	0.0132657190167046	NA	NA
GSE78980_2	-0.00189171847888953	-0.0229400539198831	NA	NA
GSE78980_3	0.00122661756354882	0.0208035957323136	NA	NA
GSE78980_4	-0.00479248782249488	-0.0226318013287606	NA	NA
GSE78980_5	0.0018575863879332	0.00535513901799123	NA	NA
GSE78980_6	-0.00386789881087638	-0.0224006423245126	NA	NA
GSE78980_7	-0.0111000678862704	-0.00995486604902921	NA	NA
GSE78980_8	0.0017738479329344	0.00501200731608915	NA	NA
GSE78980_9	-0.00761757016338883	-0.00434998905993375	NA	NA
GSE78980_10	-0.00307628743455631	-0.0102104074099239	NA	NA
GSE81399_1	-0.00135382204647473	0.000672580286800793	NA	0.000105071083507674
GSE84609_1	-0.00740022670129292	-0.0195571495593619	-0.00340080419851026	-0.00603272302411334
GSE84907_1	-0.00847485158802805	-0.016431461356494	-0.00781458998983826	-0.00669407277563503
GSE84907_2	-0.00626687486012745	-0.0176932290406589	-0.00887034684135763	-0.00482549861372201
GSE84907_3	-0.00419899359338083	-0.00322785340565501	-0.00459111904593527	0.00484645135067659
GSE90127_1	-0.00350846683667157	-0.0131578524598399	NA	NA
GSE90127_2	0.0058870877805545	0.00960143263640856	NA	NA
GSE90127_3	-0.0034682877828646	-0.0169727957763651	NA	NA
GSE9247_1	-0.00518946713645515	-0.0159875712172968	-0.00799843259635039	-0.00323387931503612
GSE9247_2	-0.0171925531129021	-0.0272743600460704	-0.0181207371886903	-0.00351105332074152
GSE9247_3	-0.00296880050060259	-0.0202005659510388	-0.00456430661259204	-0.00522019464429192
GSE99306_1	-0.00474364108484791	-0.0193886341074106	-0.00148666970534991	-0.00891495721844213
GSE99306_2	0.00201054172910572	0.00697241351117527	0.00488117578466049	-0.00529773979375569
GSE99306_3	-0.0135816370423536	-0.0365790579009611	-0.0113025963021	-0.00610491745649948
GSE99306_4	0.00114200021472019	0.0032954716085144	0.00551865063173912	-0.00122446714436244
GSE99306_5	0.00451756303503013	-0.000234998382374967	0.00860441087760248	0.00505621681023398
GSE99306_6	0.00656987045480428	0.00987998071727359	0.00830431727135106	0.00500459994072146
GSE99306_7	0.00143598139210353	-0.0227071924203807	-0.00219367281257393	-6.67657918996586e-05
GSE99306_8	0.00722173038755483	0.00212197121421482	0.00424259578678818	0.00121909462328121
GSE99306_9	0.00790700355798134	0.0182476582935618	0.00967193152072179	0.00761689232823909
GSE99306_10	-0.0164236736726943	-0.0423849334719185	-0.00957636239412111	-0.0242458997823706
GSE99306_11	0.00351824491978396	-0.00281376793344605	0.00200717324456918	0.000855540518912859
GSE99306_12	0.00175997363914061	0.00830566701190064	0.00504457789595538	-0.00503418112263193
GSE99306_13	6.69414328827965e-05	-0.0167858396156187	0.000395867280110958	0.000221651034251792
GSE99414_1	0.00429308227032315	-0.00933263157906892	0.00713402175197616	-0.000583302335693278
GSE110581_1	0.000974664815642512	-0.0158894744666658	-0.000453937272033591	0.00215581627472745
GSE110581_2	0.000625	0.00173942508915973	0	-0.000434957463906599
GSE47799_1	-0.00306096751272771	0.00892142890612614	-0.00251752507098943	0.00301858571550813
GSE47799_2	-0.00409514837350985	0.0208091055502951	-0.0107168897180744	-0.0156801908248071
GSE47799_3	0.00292561958664855	-0.0125209440286288	0.0102968246284796	0.0133440558506802
GSE111628_1	0.00041514057323305	0.013429603517422	NA	NA
GSE111628_2	-0.000963171945152287	-0.0285700804312357	NA	NA
GSE111628_3	0.000536408547458271	-0.0133910276361199	NA	NA
GSE5657_1	-0.00834417773920762	-0.00226229557203361	-0.00481451765099831	-0.0205492610707092
GSE5657_2	8.73762988498183e-06	-0.00139705566055278	-0.000787954735323156	-0.00133710420173087
GSE13782_1	0.0102138073712655	0.0370058311858384	0.00524969110661969	-0.00396810286608141
GSE41039_1	0.000927821968926987	0.0134004942673849	0.00120772946859903	-4.53488982812625e-05
GSE84198_1	0.00214637288495281	0.00217296534245758	0.00306109568290836	0.00136710663978806
GSE84198_2	0.00248631423717479	-0.0045294268283634	0.00199640405526736	-0.00418313570487483
GSE84198_3	0.00657376351013399	0.0187010073489579	0.00614695893021184	-0.00383022516119331
E-GEOD-54216_1	0.000837877070419293	0.00618419982337151	0.000582366254085691	0.00846113261969818
E-GEOD-54216_2	0.00230055572979198	-0.000898569030987984	0.00414691956180702	0.00475910298496775
E-GEOD-54216_3	-0.00284977076146957	-0.0124428183351902	-0.00285383972277041	-6.16806583747694e-05
E-GEOD-6119_1	0.00189687585784317	0.0361714993464008	-0.00133752708273568	-0.00150063018917517
E-GEOD-6119_2	0.00298516861823299	0.0387673050019381	0.000236215228815249	0.00867079906323891
E-GEOD-6119_3	0.00325967611325137	0.0420404805899234	0.00113687964139189	0.0102405329864541
E-GEOD-8077_1	-0.000336567612344151	0.0019594473665908	0.00385172701947483	0.00178567191341767
E-GEOD-8077_2	0.00231281207079962	-0.0059601237605892	0.00318471337579618	-0.0097517835007432
E-GEOD-8077_3	-0.000148951705435137	-0.00549795846031377	-0.00150234318479925	-0.00659305729043868
GSE103416_1	0.00846360541833584	0.0327387653066415	0.00802844780259573	0.005036133912591
GSE103416_2	0.00520091167238091	0.0235711842713981	0.00589124139578323	-0.00144647830627948
GSE103416_3	-0.00151739404210754	0.0085951849175021	-0.000773311082322467	0.00778527046029919
GSE19950_1	-0.00719733863695695	-0.0270336648639682	-0.0118939786838588	-0.0094032266739416
GSE30322_1	-0.00273783433477724	-0.00428633996347431	0.0113156007674832	0.00108717928564961
GSE30322_2	0.00112986680148047	0.00841518166498046	0.00131811908598599	0.00406214922343955
GSE30322_3	-0.00366309258568972	0.00588746399699208	-0.00755371375973684	-0.00550232823391968
GSE42295_1	-0.000728311462445164	0.0105288003722233	0	0.00189857599078092
GSE42295_2	-0.00183360281280115	0.000827843706524238	0.00603024741446215	-0.00562233764950826
GSE42295_3	-0.00042737283650883	-0.00651659084631262	0.00153578305468539	0.00020523666963999
GSE66554_1	-0.00330084173783982	-0.0217969736064153	0.00197186313068322	0.00798595678651352
GSE66554_2	-0.00301937810987481	-0.0172512591937076	-0.0013489883709575	-0.00277367665234194
GSE66554_3	-0.00377375160927212	-0.026179142926528	0	-0.0021352769481512
GSE66554_4	-0.00897951214601057	-0.075246511811384	-0.00519636708699942	-0.0041896482813749
GSE74898_1	-0.0151728789770391	-0.0431928973051122	-0.016843810118529	-0.0120535227820522
GSE74898_2	-0.0196891812961734	-0.0545870160117736	-0.0214341828732398	-0.0196420203282961
GSE74898_3	-0.0234516045368071	-0.0556308512663073	-0.0248233827388133	-0.0095782967235334
GSE79176_1	0	0.000896354916033318	NA	NA
GSE79176_2	-0.00138996582522041	0.002337212106422	NA	NA
GSE79176_3	-0.000766871165644172	0.00168215845225986	NA	NA
GSE85785_1	0.00478169022745718	0.00544843899615852	0.00178630774343636	-0.00105131400751988
GSE23492_1	0.00193580749487614	-0.00151668213037494	NA	NA
GSE23492_2	0.00588634296878611	-0.00111745171026483	NA	NA
GSE23492_3	-0.00341286743525593	0.000649993714194729	NA	NA
GSE23492_4	0.00324273207685159	0.00525963303541871	NA	NA
GSE23492_5	0.00457709924518411	-0.00609703278064864	NA	NA
GSE44991_1	-0.0013858894871622	0.0020898990563891	0.00347514275527314	0.00484460499060071
GSE44991_2	0.0016436513723366	0.0111525069413422	NA	-0.0130633111010162
GSE39796_1	-0.012191200419785	-0.049610090339591	NA	NA
GSE39796_2	-0.00177761676741811	-0.0307163233069293	NA	NA
GSE39796_3	-0.0111547006683235	-0.0361054319265426	NA	NA
GSE18394_1	-0.00341760784573509	-0.024490599836833	-0.00243841466449909	0
GSE18394_2	-2.18932030546948e-05	0.00433785300615371	0.00833508261910925	0
GSE18394_3	-0.0117441648692245	-0.0293063360776952	-0.0111525788857487	0
GSE29233_1	-0.000576411321167192	-0.00176848284420457	NA	NA
E-MEXP-2291_1	-0.00382160477740856	-0.0127007554656261	NA	NA
E-MEXP-2291_2	0.0044038166188253	-0.0105656617249343	NA	NA
E-MEXP-2291_3	-0.014152584407521	-0.00220023194461894	NA	NA
GSE107363_1	-0.00261988247086668	-0.0370180149707051	NA	NA
GSE85761_1	-0.0103961907024664	-0.0566329834392675	NA	NA
GSE89179_1	0.0169148705345999	0.0578915093385736	NA	NA
GSE89179_2	0.00392540154152429	0.0233363905192914	NA	NA
GSE89179_3	-0.00634733319636458	-0.0126213864295189	NA	NA
GSE89179_4	0.00769224867760462	0.0225684451975383	NA	NA
GSE89179_5	0.0115798030984919	0.0257997913817625	NA	NA
GSE89179_6	0.00779001866039998	0.0149940564076669	NA	NA
GSE89179_7	-0.00126302971750296	-0.00951167313406937	NA	NA
E-GEOD-57723_1	0.018448781446748	0.0526473312089296	NA	NA
E-GEOD-57723_2	0.00863470284339047	0.00943349987503698	NA	NA
E-GEOD-57723_3	0.013548498196133	0.0410846525930468	NA	NA
E-GEOD-83930_1	0.00255185560675067	-0.00236637416595018	NA	NA
GSE100268_1	0.00844539414812081	0.0385485593889794	NA	NA
E-GEOD-55769_1	-0.00837358084398204	-0.0325376161505226	-0.00808876697644373	-0.0127642864184442
E-GEOD-55769_2	-0.000759878419452888	-0.00626451092798335	-0.00159744408945687	0.00791173631965797
E-GEOD-55769_3	-0.00512621151165839	-0.0385213708557637	-0.00630210465764892	-0.0126305739534142
E-GEOD-69110_1	0.00464062830869418	0.0333329126019919	0.000338715357073704	0.00300304643478227
E-MTAB-4304_1	-0.00901226205851203	-0.0096316047245795	-0.0165962937613334	-0.00601250936302482
E-MTAB-4879_1	-0.0205971696595548	-0.0514584257082826	-0.0102953294454136	0.00231609454130966
E-MTAB-4879_2	-0.0135400193175313	-0.0316132293901639	-0.00215935159771768	-0.00258974416784859
E-MTAB-4879_3	-0.0028146903786878	-0.00692935945057689	-3.11028994901125e-05	-0.00639276373586369
E-MTAB-4879_4	-0.00955540342966687	-0.02760569885668	0.00168322394525609	0.004348907224745
Cytokine_Explant_1	-0.00306419330337019	-0.00239933869782127	-0.0100624852352551	0.00203828937805664
Cytokine_Explant_2	0.0295942690931795	0.0726212477422278	0.0276515992487908	0.0259815881143553
Cytokine_Explant_3	0.0326408886181238	0.0881698431945289	0.0273970802190215	0.0224614637397544
Cytokine_Explant_4	-0.0048417009981661	-0.014271500226924	-0.00724259569991277	-0.00145792891534681
Cytokine_Explant_5	-0.00427596783120314	-0.00710986279434973	0.000501636875882339	-0.00290329234408005
FN1_Explant_1	0.0134881683133917	0.0639493344935358	0.00741890870464055	0.0140128981306787
E-MTAB-6266_1	-0.00656148255356297	-0.0283048148162315	-0.0048156931271414	-0.0109531535085156
E-MTAB-6266_B_1	-0.0092191091250709	-0.0368270854352962	-0.00744238690469981	-0.00848332596425348
E-MTAB-6266_B_2	-0.00389791091925735	-0.0158003241941874	-0.00173723168907041	-0.00016306239171399
E-MTAB-6266_B_3	0.0065100561478704	0.0251914381040108	0.000815626475354838	-0.000475727091725286
GSE70667_1	-0.000628922916506361	0.000278058997261342	-7.75915580384853e-06	-0.00581194842846114
GSE87608_1	-0.00366666561116155	-0.0199517671068335	NA	-0.0196590458551053
GSE87608_2	0.00331612565490415	0.00346941655442694	-0.000853750268643886	-0.00746420684238726
GSE87608_3	-0.000622863878486975	0.00847685261639327	-0.00133491917737522	0.00489473733646353
GSE87608_4	-0.0081304074860674	-0.00756484928435167	-0.00234953425964647	0.00364444909917385
GSE90890_1	0.00657193269283651	-0.00211820937224502	0.00854885057471264	0.00961738631464695
GSE97118_1	0.0151726945474382	0.0353192653526249	NA	NA
GSE97118_2	0.00444716896242745	0.0199401419517486	NA	NA
GSE97118_3	0.0179861174296153	0.0525306248973703	NA	NA
GSE97118_4	-0.00332901754432893	0.00136023437795355	NA	NA
GSE97118_5	0.00388934403785918	0.0357439555233019	NA	NA
GSE97118_6	-0.00585362444066209	0.0104247625824723	NA	NA
GSE97118_7	-0.00478774334861908	0.00543700830124513	NA	NA
GSE107592_1	-0.00853198641866564	-0.0468208261659018	-0.00714178221477449	-0.0130009196723041
GSE92641_1	0.00215514803116974	0.0102843886471614	-0.0041600455057607	-0.0089783658276809
GSE107849_1	0	-0.00410344447484857	NA	NA
E-ERAD-89_1	-0.00121358689677916	-0.000979797989231978	NA	NA
E-ERAD-89_2	-0.00251447550379789	-0.00208178648730804	NA	NA
E-ERAD-89_3	0.000448828135156997	0.00194297826075755	NA	NA
E-ERAD-89_4	0.00062111801242236	0.0160262451812908	NA	NA
E-GEOD-45893_1	0	-0.0131883282628539	NA	NA
E-GEOD-53105_1	-0.00406968590428684	-0.00910775362470496	-0.00243237085342349	0.00117525838694921
E-GEOD-53105_2	0.0091980119103061	0.00940654639620223	-0.00336993129254095	0.00707946840460312
E-GEOD-54461_1	-0.000736561207456269	-0.0140668068505303	-0.00370583652125444	0.00463355104816392
E-GEOD-54461_2	0.00440871453116524	0.000942470518003298	0.00397535576691627	0.00207955933139054
E-GEOD-54461_3	-0.00329298736765391	-0.00232966969733912	-0.000268792188495074	0.00210263962049786
E-GEOD-54461_4	0.00483988538490571	0.00504022866538187	0.00367797096127606	0.00492981185128969
E-GEOD-54461_5	0.00232976481823328	0.0175287537070392	0.00191882674415569	0.00737137539891391
E-GEOD-54461_6	-0.00103473785057386	0.0105119508867835	-0.00398460995866117	0.00776813441933275
E-GEOD-54461_7	-0.00283080517882827	-0.0027811995517085	-0.00305956329099772	0.00622342827987733
E-GEOD-54461_8	-0.00388967175737399	-0.00600561912824405	-0.00635925752489136	0.00701162359783683
E-GEOD-73372_1	-0.00886430994446212	-0.0125044349053864	NA	NA
E-GEOD-73372_2	0.000780942634821803	0.00555483679308688	NA	NA
E-GEOD-73372_3	0.00849826597006098	0.0211351769004253	NA	NA
E-GEOD-75549_1	0.0150492216735457	0.0487870625637339	NA	NA
E-GEOD-76988_1	0.00116272915902609	0.0146144167709198	NA	NA
E-MTAB-2923_1	-0.00501886862523407	-0.00590969949785917	NA	NA
E-MTAB-2923_2	0.000654263132954969	-0.000385992363740601	NA	NA
E-MTAB-2923_3	-0.00910824323523637	-0.0101480202485446	NA	NA
E-MTAB-2923_4	0.00540846718882141	0.0138482490736763	NA	NA
E-MTAB-3428_1	0.00540886434988807	0.0275827599594117	NA	NA
E-MTAB-3428_2	-0.00270561533326176	-0.00823345890928423	NA	NA
E-MTAB-3428_3	0.00163722420860197	0.00531767146925235	NA	NA
E-MTAB-3428_4	0.00773059273434183	0.0301839024673117	NA	NA
GSE102856_1	-0.00483636941165382	-0.0207670495924188	NA	NA
GSE103492_1	-0.00063265631039984	0.00393217064011582	0.0072851203504388	0.011934887773799
GSE103492_2	-0.000397988122595224	0.00866124569442247	0.00991990233217516	-0.00790808112289015
GSE103492_3	-0.000148185220620788	0.00794945418840527	0.00168101412049575	0.00570176970159133
GSE103492_4	3.39212422168569e-05	0.00189490679560006	-0.00642217623423821	0.0101077342814277
GSE103492_5	-0.000203910143312116	-0.00497951169411618	-0.00136566563328482	-0.0118949182925561
GSE103492_6	-0.00237512145121162	0.0024774192491572	-0.000581559128992557	0.00418025515504391
GSE103492_7	0.00285356609124557	0.00841796678288702	0.00190647808464796	0.00393074890020808
GSE103492_8	0.00523692680643233	0.0116608027311295	0.00797398279177145	0.00624667721780685
GSE103492_9	0.00291197256050165	0.00116229393459262	0.00445681553125521	0.00829494644264141
GSE103492_10	0.000370681128114126	-0.0142480494714839	0.00219979296066253	0.00055969380794624
GSE106259_1	-0.0129152413999367	-0.0282072135008187	-0.0133105691679362	-0.000190318474296253
GSE110303_1	0.00137084643228187	0.0175114560265739	NA	NA
GSE110303_2	-0.000686970795399198	0.0096886809608323	NA	NA
GSE110303_3	0.00940095763216846	0.0241219352963315	NA	NA
GSE110300_1	-0.00384744199004075	0.0025567443771668	NA	NA
GSE110300_2	-0.000144553791910712	0.000645841960981329	NA	NA
GSE110300_3	0.000590490749086597	0.0288405216217797	NA	NA
GSE110281_1	-0.0131217984837992	-0.0388636207724394	NA	NA
GSE110281_2	-0.00476827704008466	-0.0104275330285719	NA	NA
GSE110281_3	0.00995244489298596	0.0309212022211939	NA	NA
GSE104459_1	0.00115501179898062	-0.0159307927023444	-0.000884565094387514	-0.00168204342261992
GSE104459_2	-0.00262837824212596	0.000791089880807644	-0.00119431437949353	0.00366716728902609
GSE104459_3	-0.00688787552397518	-0.00376031715482427	-0.00211727643548682	0.0109358247202507
GSE110051_1	0.0020805890294445	0.000371408914561613	0.00590061609985019	0.00381172388400452
GSE110051_2	0.00310850727249204	0.0124593951475389	0.00578532928375366	-0.00192796113613641
GSE110051_3	0.00301120426007376	0.00852577856110464	0.00330444779595607	-0.00270402104851999
GSE112694_1	0.00651389647267967	0.000910577223517525	0.00250605534940937	-0.000946560763008015
GSE112694_2	0.00291527103487435	-0.00490328433470841	0.00242480834069659	0.002869684344693
GSE112694_3	0.0116341443717015	0.0154666584876945	0.0132226225915814	-0.00100878155205219
GSE112694_4	0.00114397769200719	0.00227355079568347	0.00357140433466606	0.00202649425894574
E-MTAB-5879_1	0.0133266049945893	0.0273138819730721	0.0056792837819566	-0.00758397105182797
E-MTAB-5879_2	0.00158961478805095	0.0277172333680581	0.00266127582676489	0.0118360810871879
E-MTAB-5879_3	0.00715341816680394	0.0238315222924337	0.00431658540555378	0.0127301549268384
E-MTAB-5879_4	0.00609864903010256	0.0334844594199007	0.00129685281636818	-0.00400924151054481
E-MTAB-5879_5	0.0104018317922741	0.0326988969796953	0.00406444320973626	-0.000720737106076555
E-MTAB-5879_6	0.0143723410962618	0.0297275614816283	0.00617782268870742	-0.00295051889216297
E-MTAB-5879_7	0.00482403968420801	0.0113485439167628	-0.00171821305841924	-0.000482531600333421
E-MTAB-5879_8	0.00629283229740374	0.0123658276905726	0	0.003822800361605
E-MTAB-5879_9	0.00371091478279351	0.0152434542811844	0	0.0148895275767459
E-MTAB-5879_10	-0.0059851392768649	-0.00748205738391096	-0.00375014479323526	0.0019047674719247
E-MTAB-4294_1	0.00163078214122091	0.0166846719442858	0.0101285273916285	0.00268083907032622
E-MTAB-4294_2	0.0023421763721076	0.013854570445967	-0.00601728750417224	-0.0105858324989146
E-MTAB-4294_3	-0.00435241460126065	-0.000237974462021187	-0.0126020441149558	-0.00959356918412204
E-MTAB-3186_1	0.0104628696325975	0.0411380114213169	0.00365179427305141	0.0162839399954801
E-MTAB-3186_2	0.021092205984422	0.0462043473666116	0.0208825552265763	0.0126588888805441
E-MTAB-3186_3	0.0148566452126267	0.0443533842340488	0.0192013235285454	0.00538442490782776
E-MTAB-3186_4	0.00766656363220811	0.020864244273813	0.00815400632707866	0.000183982344251247
