comparisonID	jaccard	cosine	sigjaccard	chrDir
22659600_1	-0.00437713401738824	-0.0447515105357887	NA	NA
24361742_1	0.037218411499013	0.0992607978408591	NA	NA
GSE72258_1	0	0.0104708888063153	NA	NA
GSE72258_2	0	-0.00871838976534123	NA	NA
GSE69531_1	0.0107906809352041	0.0273097002785631	NA	NA
GSE69531_2	0.0245979046164668	0.06651615382816	NA	NA
GSE69531_3	0.0250224271503577	0.0574193363616746	NA	NA
GSE69531_4	0.0107906809352041	0.0273097002785631	NA	NA
GSE58203_1	0.034208829083147	0.0731123679860001	NA	NA
GSE58203_2	0.0384464080372814	0.108821844252734	NA	NA
GSE58203_3	0.0328451080256985	0.135600554309947	NA	NA
GSE58203_4	0.0510780922776134	0.126481001131969	NA	NA
GSE58203_5	0.0226232678053497	0.086317216599432	NA	NA
GSE58203_6	0.0273879705415574	0.140145585933287	NA	NA
GSE58203_7	0.0349529690176746	0.149844343379183	NA	NA
GSE58203_8	0.0206544434390519	0.0952127067846364	NA	NA
GSE59642_1	0.000578096154539461	0.00852268576897739	NA	NA
GSE59642_2	0.00617756693869385	0.0115109390809539	NA	NA
GSE59642_3	0.000910687769886214	0.00264187879639014	NA	NA
GSE64922_1	0.0172077364518509	0.0804608376443799	NA	NA
GSE60162_1	0.00878986103331762	-0.00576455685480071	NA	NA
GSE31685_1	0.00175973757214413	-0.0173316031790923	NA	NA
E-MEXP-3890_1	0.0120949680582275	0.0465983075790575	NA	NA
GSE31980_1	0.0273202837865136	0.0873300938736671	NA	NA
GSE15615_1	0.0170141765405688	0.0629475330146946	NA	NA
GSE15083_1	0.00573803895685275	0.0220019278062969	NA	NA
GSE108035_1	-0.00456132319749169	-0.0125759234187904	NA	NA
GSE108035_2	0.00573254703562143	-0.00621133604797373	NA	NA
GSE108035_3	0.00362226309550234	-0.0153029923857455	NA	NA
GSE21959_1	0.00697273407190192	-0.00276252071284305	NA	NA
GSE21959_2	0.0002323968554658	-0.00618708375451752	NA	NA
GSE24742_1	-0.00643514673005045	0.00977744852498734	NA	NA
GSE24742_2	-0.00617255085340192	-0.03572462846347	NA	NA
GSE24742_3	0.00252072093205098	-0.00535252837588879	NA	NA
GSE74668_1	0.0223519504826649	0.0748214082687812	NA	NA
E-GEOD-10024_1	0.0445439812994121	0.0942464531521858	NA	NA
E-GEOD-10024_2	0.0424626289410236	0.106402303815352	NA	NA
E-GEOD-12860_1	0.0127249886393896	0.0450653305496124	NA	NA
E-GEOD-12860_2	-0.0243476681827759	-0.0488425901532037	NA	NA
E-GEOD-12860_3	-0.0188710204008031	-0.0325743177191447	NA	NA
E-GEOD-12860_4	-0.0072408267071367	0.00703073184437689	NA	NA
E-GEOD-12860_5	0.00149766188125112	0.0193662414452966	NA	NA
E-GEOD-12860_6	-0.0319281351098294	-0.0535501263001134	NA	NA
E-GEOD-12860_7	-0.00663500177080556	0.0170743280815705	NA	NA
E-GEOD-12860_8	0.000555116808691799	0.019725221259816	NA	NA
E-GEOD-14359_1	0.0170447258000244	0.0521209553996824	NA	NA
E-GEOD-14359_2	0.00245531516596111	-0.00236724953357808	NA	NA
E-GEOD-1919_1	0.0127151762993252	0.0284851245941431	NA	NA
E-GEOD-1919_2	0.00273431104809472	-0.0150863034338245	NA	NA
E-GEOD-1919_3	-0.00597794330772215	-0.03834029481514	NA	NA
E-GEOD-1919_4	0.031433602115074	0.0517556658222319	NA	NA
E-GEOD-1919_5	0.0146858261548306	0.009826315195818	NA	NA
E-GEOD-1919_6	0.0175499170869932	0.0407140023307941	NA	NA
E-GEOD-1919_7	0.0096050258788262	-0.00566111264823091	NA	NA
E-GEOD-1919_8	0.00156839944601413	0.0011860296500736	NA	NA
E-GEOD-1919_9	0.00201430805547318	-0.0104188821306454	NA	NA
E-GEOD-19664_1	0.0186378797415242	0.0643345650186278	NA	NA
E-GEOD-19664_2	-0.0174236132334692	-0.0240086894217803	NA	NA
E-GEOD-19664_3	-0.00623714977450366	-0.0157016210661521	NA	NA
E-GEOD-19664_4	0.0291359545868941	0.0946369846332856	NA	NA
E-GEOD-19664_5	-0.009006221703899	-0.00698898623605103	NA	NA
E-GEOD-19664_6	-0.0173015930131665	-0.0400644341666476	NA	NA
E-GEOD-43923_1	-0.00357083019369114	-0.00106153392501117	NA	NA
E-GEOD-51812_1	-0.0119797803594931	-0.0609226621842615	NA	NA
E-GEOD-51812_2	-0.01087522057463	-0.0593815471510566	NA	NA
E-GEOD-68760_1	0.0495472259592103	0.16173048319014	NA	NA
E-GEOD-82107_1	0.00739053693350576	-0.00610628158899521	NA	NA
E-GEOD-9451_1	0.0111366100055998	0.0503520760499881	NA	NA
E-GEOD-9451_2	-0.0106228043994095	-0.0124017158980352	NA	NA
E-GEOD-9451_3	-0.0321097352312843	-0.0554597708683384	NA	NA
E-GEOD-9451_4	-0.0151597740007141	-0.0513330593804077	NA	NA
E-MEXP-2019_1	7.56897717791062e-05	-0.00993295207080235	NA	NA
E-MEXP-2019_2	-0.00205420130259842	-0.00804454194210578	NA	NA
E-MEXP-2019_3	-0.00119987965350543	-0.016043639960013	NA	NA
E-MEXP-2019_4	-0.00355306332603742	-0.0264467698553523	NA	NA
E-MEXP-2276_1	0.00534591736965364	0.047185793658353	NA	NA
E-MEXP-2488_1	-0.0171971255244749	-0.0713459581019197	NA	NA
E-MEXP-3129_1	0.0161889970159898	0.0557059429700456	NA	NA
E-MEXP-3474_1	-0.0158439767822172	-0.0418885844627028	NA	NA
E-MTAB-3010_1	0.00442288543435222	0.038942023281151	NA	NA
E-MTAB-3010_2	0.00400345319915007	0.0466634791320081	NA	NA
E-MTAB-3010_3	0.00207715994725475	-0.00269001988370762	NA	NA
E-MTAB-3010_4	0.00806822949455342	0.0122412697329693	NA	NA
E-MTAB-4152_1	0.0170349427794302	0.0440467815057219	NA	NA
E-MTAB-4152_2	0.0155522755230927	0.0965117750090993	NA	NA
E-MTAB-4152_3	0.0468009404156117	0.115597939726481	NA	NA
GSE100609_1	-0.000361840949199006	0.00441160299485961	NA	NA
GSE100786_1	-0.00447761194029851	0.0153753893205412	NA	NA
GSE100786_2	-0.0054688659498997	-0.000831442718152364	NA	NA
GSE103697_1	0	0.00602898935829535	NA	NA
GSE103697_2	0	-0.00427382897770598	NA	NA
GSE103697_3	0	0.0022386466118515	NA	NA
GSE104113_1	0.00424997881769124	0.0114866323883451	NA	NA
GSE104113_2	0.0395351553788895	0.0847961696826403	NA	NA
GSE104113_3	0.00424997881769124	0.0114866323883451	NA	NA
GSE10575_1	0.0211565141993866	0.041744071101116	NA	NA
GSE10575_2	0.0190722584230597	0.0326735930828726	NA	NA
GSE10575_3	0.0105522183291397	0.0356334162171377	NA	NA
GSE13604_1	0.0248720102162952	0.0660624118092457	NA	NA
GSE13837_1	0.0329469226167904	0.0259486771834088	NA	NA
GSE13837_2	0.0381552202785603	0.0962698951881531	NA	NA
GSE13837_3	0.0434571073724871	0.110337829929939	NA	NA
GSE13837_4	0.0632631816524721	0.137588299530851	NA	NA
GSE13837_5	0.0313096303669839	0.0581028105478321	NA	NA
GSE13837_6	0.0446710952544991	0.125294538704769	NA	NA
GSE13837_7	0.0471004667044539	0.157311622720856	NA	NA
GSE13837_8	0.0657999083579666	0.16706762209417	NA	NA
GSE13837_9	-0.00138691176919964	-0.00204171503245132	NA	NA
GSE13837_10	0.000445022139420548	-0.00589639653246278	NA	NA
GSE13837_11	-0.00552070373091519	-0.0234622818137423	NA	NA
GSE13837_12	-0.0098978220815167	-0.0351102348204766	NA	NA
GSE13837_13	0.0254863522560446	0.0492689660709848	NA	NA
GSE13837_14	0.0349206579585465	0.0825115031405467	NA	NA
GSE13837_15	0.0345090780633871	0.0989126420620546	NA	NA
GSE13837_16	0.0534361221639286	0.144964288215769	NA	NA
GSE13837_17	0.0274328186185434	0.0720955602164453	NA	NA
GSE13837_18	0.038745933146222	0.100206363689436	NA	NA
GSE13837_19	0.0324082623024087	0.0960570230166071	NA	NA
GSE13837_20	0.0419635769666269	0.113975281014281	NA	NA
GSE13837_21	0.00863837496382735	0.00832715623055491	NA	NA
GSE13837_22	0.0147299627461471	0.0110541554627384	NA	NA
GSE13837_23	0.0120863618439443	0.0277870584667103	NA	NA
GSE13837_24	0.0301494860513569	0.080178590088857	NA	NA
GSE16464_1	0.0137055979037111	0.0431474777949944	NA	NA
GSE16464_2	0.00527575846158149	0.00677398244564305	NA	NA
GSE19060_1	0.0155200437900802	0.0180919705416909	NA	NA
GSE27372_1	0.00584911180479132	0.0271761328710221	NA	NA
GSE27390_1	0.00350317946827313	-0.00184913308418716	NA	NA
GSE29106_1	-0.00706654402100336	-0.0325445484510223	NA	NA
GSE29107_1	-0.0118284889918185	-0.0535293785480214	NA	NA
GSE29107_2	0.0132061053276305	0.0595870754267325	NA	NA
GSE29745_1	0.00987747768319818	0.0319441078274599	NA	NA
GSE29745_2	0.018387525863596	0.0530394334535121	NA	NA
GSE29745_3	0.0138275261723896	0.042876027176215	NA	NA
GSE35546_1	0.0154401579284743	0.0317321572245584	NA	NA
GSE35546_2	0.0207190769520873	0.0355939223326076	NA	NA
GSE35546_3	0.0162654831317533	0.0478002101123182	NA	NA
GSE35546_4	0.022297192437364	0.054551073582371	NA	NA
GSE35546_5	0.029509283366105	0.0613644845739582	NA	NA
GSE35546_6	0.0258560739286905	0.0510869417109556	NA	NA
GSE35955_1	-0.00223314489170348	0.026742455296332	NA	NA
GSE35956_1	0.0062873348955591	0.0242307972645425	NA	NA
GSE35957_1	0.0107759020786932	0.0416119224382613	NA	NA
GSE35958_1	0.00363310311425934	-0.00783963722288929	NA	NA
GSE39340_1	-0.0169056627295203	-0.0711851368399013	NA	NA
GSE39340_2	-0.00765140480661466	-0.049541244817821	NA	NA
GSE39340_3	-0.0191732691668693	-0.0171474648642638	NA	NA
GSE39795_1	0.00608437417393603	0.00834285189005851	NA	NA
GSE39795_2	-0.0118959768789132	0.00593458441552105	NA	NA
GSE39795_3	-0.0141349303302528	0.000322764482962244	NA	NA
GSE41038_1	0.00142293024715523	0.00489325751150753	NA	NA
GSE41038_2	0.00186946492469246	0.00847158049133541	NA	NA
GSE41038_3	0.00404444389337122	0.00807340949008298	NA	NA
GSE41992_1	0.00938910431187655	0.0237655180582555	NA	NA
GSE42235_1	0.0163739806034406	0.0249971334142002	NA	NA
GSE42235_2	0.019771798002751	0.0518012629115675	NA	NA
GSE42235_3	0.0157878998537504	0.0351770621268971	NA	NA
GSE42235_4	0.0150084550944221	0.0247994257356004	NA	NA
GSE45233_1	-0.00953292649637535	0.00579538808381397	NA	NA
GSE45233_2	-0.0108999339421717	-0.0163319059230931	NA	NA
GSE45233_3	0.00351692679612102	0.00566501513833554	NA	NA
GSE45233_4	0.0143617069893898	0.0232964095540011	NA	NA
GSE46053_1	0.016518725903205	0.0567413820668574	NA	NA
GSE46053_2	0.0220067599319918	0.0844254238919928	NA	NA
GSE46750_1	0.00870226272395649	0.046690640246023	NA	NA
GSE51588_1	-0.00395478798216248	-0.0276010460034986	NA	NA
GSE51588_2	-0.0233150544073212	-0.055482379640894	NA	NA
GSE51588_3	0.025349927368401	0.03715344567861	NA	NA
GSE52817_1	0.0146067892361483	0.0531488913547536	NA	NA
GSE52817_2	0.0179208426103422	0.0513275839152057	NA	NA
GSE52817_3	0.00548022271577411	0.022265146034051	NA	NA
GSE52817_4	-0.00162205777780785	-0.00998362903111252	NA	NA
GSE55235_1	0.0123566655253486	0.0509327312890563	NA	NA
GSE55235_2	-0.000418488658531342	-0.0042543210804561	NA	NA
GSE55235_3	-0.0188936283639583	-0.0439390949106333	NA	NA
GSE55457_1	0.00175799610754513	0.0389424368346915	NA	NA
GSE55457_2	-0.000457126169957085	-0.0207219846583779	NA	NA
GSE55584_1	-0.00425124192683886	0.0152669708028983	NA	NA
GSE57218_1	0.013966375504837	0.0927696603540717	NA	NA
GSE60762_1	0.0058432432234044	0.0478833907752435	NA	NA
GSE62914_1	-0.0110526126443822	-0.0265054754873328	NA	NA
GSE62914_2	0.000430152222255328	0.0056844605854874	NA	NA
GSE62914_3	0.00455584641574544	0.0237800072418152	NA	NA
GSE62914_4	-0.013740152433003	-0.0525700241765326	NA	NA
GSE64394_1	0.0116897596326478	0.0189426980610181	NA	NA
GSE66635_1	0.00477707006369427	-0.0173063421020014	NA	NA
GSE68038_1	-0.0153849917041634	-0.0202581253190853	NA	NA
GSE68428_1	0.0166785432123232	0.0746876131465391	NA	NA
GSE68428_2	0.011394325192482	0.070124337942511	NA	NA
GSE68428_3	0.0267106512842883	0.0652992524977345	NA	NA
GSE69459_1	0.00379204129204129	0.0196318699021284	NA	NA
GSE69459_2	0.0172829383218923	0.0358610100509291	NA	NA
GSE69459_3	-0.00808010977266765	0.00453259361375823	NA	NA
GSE69459_4	0.00887349263053268	0.0174641121419288	NA	NA
GSE69992_1	0.00536569711842541	0.027356605997708	NA	NA
GSE70719_1	-0.000224460398163757	-0.021195311832117	NA	NA
GSE7116_1	-0.00191737675677586	0.00364592606441553	NA	NA
GSE7116_2	-0.000214480303270538	0.0198586186719193	NA	NA
GSE7116_3	0.00309069204108031	0.0127203306599966	NA	NA
GSE72575_1	0.0158045342985348	0.0312879295055592	NA	NA
GSE72575_2	-0.00644915456060967	-0.0227607911793743	NA	NA
GSE72575_3	0.00277686740334024	0.01066028098058	NA	NA
GSE72575_4	0.00231481481481481	0.0347177893817865	NA	NA
GSE75181_1	0.024466565199524	0.0887182798506082	NA	NA
GSE75181_2	0.0361765481379957	0.109334029307741	NA	NA
GSE75181_3	0.0363296386798954	0.106025102906117	NA	NA
GSE75230_1	-0.0282726943699637	-0.0390397371705627	NA	NA
GSE7669_1	0.011178814123867	0.0752253140791854	NA	NA
GSE77916_1	0	0.00461582405714532	NA	NA
GSE80614_1	0.0119976834274555	0.0238139758092042	NA	NA
GSE80614_2	0.0101492391751457	0.0261784560229948	NA	NA
GSE80614_3	0.00444444444444444	0.0113499582950104	NA	NA
GSE80614_4	-0.000463095452014436	0.032221700462668	NA	NA
GSE80614_5	0.000447111276600323	-0.00599271430103224	NA	NA
GSE80614_6	0.00662448794591376	-0.00786014742824355	NA	NA
GSE80614_7	0.0155138415756511	0.00935712212675458	NA	NA
GSE80614_8	-2.71298293161928e-05	0.00955794870959635	NA	NA
GSE80614_9	0.0090422133765787	0.0362948015891901	NA	NA
GSE80614_10	0.0121524988347644	0.0425322485509174	NA	NA
GSE80614_11	0.00227272727272727	0.0338336855059244	NA	NA
GSE80614_12	-0.00538546427594828	0.0184534669888125	NA	NA
GSE80614_13	-0.0197900865998216	-0.014709905202742	NA	NA
GSE80614_14	-0.0136758009980473	-0.0424733393633045	NA	NA
GSE80614_15	-0.0176559246676833	-0.0545503339912283	NA	NA
GSE80614_16	-0.0132603647195313	-0.0509719418196996	NA	NA
GSE85254_1	0.0538509287745457	0.113354877750395	NA	NA
GSE86578_1	0.0211088829738853	0.0969523946935508	NA	NA
GSE86578_2	0.0272989542233703	0.097890813160816	NA	NA
GSE86578_3	0.0568244674815549	0.15663687892261	NA	NA
GSE9329_1	0.00918877433193706	0.00258617463307683	NA	NA
GSE93698_1	0.0120376218032261	0.0371380813778112	NA	NA
GSE93698_2	0.00912083101715805	0.0251716605377618	NA	NA
GSE93698_3	0.00516998127601524	0.0184813072816391	NA	NA
GSE93698_4	0.00880223386659424	0.0265716494516856	NA	NA
GSE93698_5	0.00347942054287616	0.0290983366431064	NA	NA
GSE93698_6	-0.0142104029940937	-0.0422796459774504	NA	NA
GSE93698_7	-0.00679835114381028	-0.0373792047044446	NA	NA
GSE93698_8	-0.000481431097291053	-0.0391912513410569	NA	NA
GSE93698_9	-0.00165434956927619	-0.0105277104138191	NA	NA
GSE93698_10	-0.00104985075897197	-0.00956792377535742	NA	NA
GSE93698_11	0.00113456929105863	0.00447562915264997	NA	NA
GSE93698_12	0.00545595460755801	0.0167866522509445	NA	NA
GSE93698_13	0.00684232445440283	0.0134862129595417	NA	NA
GSE93698_14	0.0082127879183612	0.0344648383707661	NA	NA
GSE93698_15	0.00407926540010533	0.0137207611480636	NA	NA
GSE93720_1	0.0308345480783216	0.0607024594237191	NA	NA
GSE93720_2	0.0520076577209031	0.0841041580212873	NA	NA
GSE93720_3	0.0512269940079152	0.0852671549776499	NA	NA
GSE93720_4	0.0565797377768014	0.103653995189918	NA	NA
E-MTAB-5564_1	-0.00203520937483202	-0.00404920889135763	NA	NA
GSE77753_1	0.000209516656885077	0.0095551331693026	NA	NA
GSE43861_1	0.00221371723924468	0.027674707204508	NA	NA
GSE112809_1	0	-0.0215106332670416	NA	NA
GSE111946_1	0.0137407758255258	0.0376041077878754	NA	NA
GSE111946_2	-0.00222435078756918	0.0243185623444986	NA	NA
E-MTAB-3201_1	0.00106300905683745	-0.00132112193648587	NA	NA
E-MTAB-6700_1	0.018127008133778	0.0697998309304969	NA	NA
GSE54749_1	0.00238095238095238	-0.00280321574474918	NA	NA
GSE57218_B_1	0.0365700607636091	0.0554727675378834	NA	NA
GSE57218_B_2	0.0234131061094126	0.0341923965455182	NA	NA
GSE57740_1	0.0122384250778511	0.00852572783492074	NA	NA
GSE52992_1	0.0344292098666968	0.082206479109063	NA	NA
GSE17160_1	0.00335188813539287	0.0396019161069831	NA	NA
GSE17160_2	-0.00333646417818419	0.00424858565251582	NA	NA
GSE17160_3	0.0127762868552064	0.0886769152809469	NA	NA
GSE17160_4	0.00854522675989618	0.0606864921508978	NA	NA
GSE17160_5	-0.000205303973095783	0.0561848163420499	NA	NA
GSE17160_6	-0.000896624613600343	0.0208684242494109	NA	NA
GSE17160_7	0.0394439663223423	0.114999018987189	NA	NA
GSE17160_8	0.0231664128771107	0.0642861590370623	NA	NA
GSE17160_9	-0.0313796292174786	-0.0775335184587683	NA	NA
GSE17160_10	-0.0285289188120152	-0.0759941070594356	NA	NA
GSE17160_11	-0.0303569311284416	-0.0639208875603808	NA	NA
GSE17160_12	-0.0294344462310287	-0.0710196508230448	NA	NA
GSE22971_1	-1.87046995557634e-05	-5.00851357137323e-05	NA	NA
GSE22971_2	-0.00297209184677215	0.0384632082673286	NA	NA
GSE22971_3	0.0268603648505032	0.0573698088023897	NA	NA
GSE22971_4	0.0326381750328539	0.0746334590558807	NA	NA
GSE13590_1	-0.00909872081283761	0.00615358947233012	NA	NA
GSE13590_2	0.00233644859813084	-0.00123940865713882	NA	NA
GSE99731_1	-0.00477252156717488	0.0201940621074676	NA	NA
GSE99731_2	-0.00310786602247435	-0.0440470318685645	NA	NA
GSE99731_3	-0.0281083134283332	-0.074389109302181	NA	NA
GSE27492_1	-6.85817298271738e-05	0.0315270586724053	NA	NA
GSE27492_2	0.00661262689652707	0.0599074315562912	NA	NA
GSE27492_3	0.0177150348382774	0.0796288126180852	NA	NA
GSE27492_4	0.0107567839971754	0.0590490156116593	NA	NA
GSE27492_5	0.00562166969079789	0.0588437960150086	NA	NA
GSE27492_6	0.00320915879718886	-0.00426601084792979	NA	NA
GSE27492_7	0.000888910765096104	0.00492079742561922	NA	NA
GSE27492_8	-0.00645107613106999	-0.0144444096046596	NA	NA
E-GEOD-15069_1	0.000708448332494862	-0.0464336544707464	NA	NA
E-GEOD-15069_2	-0.0225307965494225	-0.114334295986608	NA	NA
E-GEOD-15069_3	0.000570364902500304	-0.000481577960679606	NA	NA
E-GEOD-15069_4	-0.0122065249655089	-0.0251678746403827	NA	NA
E-GEOD-15118_1	-0.00508030524291407	-0.0407286430985087	NA	NA
E-GEOD-15118_2	-0.000761951204644855	-0.00439100660095826	NA	NA
E-GEOD-15118_3	0.0288114815936546	0.139970362965775	NA	NA
E-GEOD-15118_4	0.0213133271906712	0.109105553494799	NA	NA
E-GEOD-16007_1	0.0123969664392887	0.00674100597329002	NA	NA
E-GEOD-17473_1	0.000443414457190276	-0.000176635094775077	NA	NA
E-GEOD-18647_1	0.00893556177315827	0.0160595473238578	NA	NA
E-GEOD-18647_2	-0.0080535406298801	0.0231478467235185	NA	NA
E-GEOD-18647_3	0.0124685471187827	0.038505829673592	NA	NA
E-GEOD-18647_4	0.0175359316875275	0.0358219921738441	NA	NA
E-GEOD-18648_1	0.0389635014095688	0.132864697638363	NA	NA
E-GEOD-18648_2	0.0228908294648301	0.0839579140828347	NA	NA
E-GEOD-2154_1	0.00325637577206615	-0.0287811721656635	NA	NA
E-GEOD-2154_2	-0.00555577046596574	0.00557952467678577	NA	NA
E-GEOD-2154_3	-0.0147081436662064	-0.0600620188439753	NA	NA
E-GEOD-2154_4	-0.0131615265760837	-0.0581990065175294	NA	NA
E-GEOD-26475_1	0.0262776585983367	0.0501800368275851	NA	NA
E-GEOD-26475_2	0.012150902983009	0.0740986377534038	NA	NA
E-GEOD-26475_3	0.0132185992921003	0.0772608478643724	NA	NA
E-GEOD-33567_1	-0.0137610048213041	-0.0408710123794496	NA	NA
E-GEOD-33567_2	0.00228715007115679	-0.0197992127990094	NA	NA
E-GEOD-37287_1	0.000205841121507948	0.00361113752869768	NA	NA
E-GEOD-37287_2	-0.00122237513147271	-0.0220541794042577	NA	NA
E-GEOD-37287_3	-0.00178256964293341	0.00286996370183063	NA	NA
E-GEOD-51994_1	0.0126228594401889	0.0155640125357509	NA	NA
E-GEOD-51994_2	0.00914173833708549	0.0218751483455848	NA	NA
E-GEOD-51994_3	0.0106971329555796	0.0176977705816945	NA	NA
E-GEOD-65077_1	0.000320319565872776	-0.0284967141267934	NA	NA
E-MEXP-1244_1	-0.0181508226589008	-0.0480515569521749	NA	NA
E-MTAB-1123_1	0.00867059301243963	0.0298515092257666	NA	NA
E-MTAB-1123_2	0.00109707735216588	0.0328254311462957	NA	NA
E-MTAB-1123_3	0.00684903701012222	0.0259127751530338	NA	NA
E-MTAB-1123_4	0.00235849056603774	0.0398061833383225	NA	NA
E-MTAB-1391_1	-0.00745298832457305	-0.00864225615188904	NA	NA
E-MTAB-1391_2	-0.0249477027221733	-0.0562227109538021	NA	NA
E-MTAB-1391_3	-0.0236340722515571	-0.0654665230215843	NA	NA
E-MTAB-2450_1	0.0456919285898929	0.095964712886495	NA	NA
E-MTAB-2450_2	0.0329208234769333	0.121322560848348	NA	NA
E-MTAB-2450_3	-0.0107434690995541	-0.0238502345058756	NA	NA
E-MTAB-2450_4	-0.00404304434127823	-0.0416154957947866	NA	NA
E-MTAB-5023_1	-0.00427584661875694	-0.00938363758995835	NA	NA
E-MTAB-5326_1	-0.00636221086740487	0.00702763123920914	NA	NA
E-MTAB-5326_2	0.0164850207235578	0.0266537057190173	NA	NA
E-MTAB-5326_3	0.0100729593652761	0.0325964649352951	NA	NA
GSE102588_1	0.0121219338118454	0.0271029298919027	NA	NA
GSE104793_1	0.00409227243514992	-0.00926717081558422	NA	NA
GSE104794_1	0.00764954077891369	0.0010265428218428	NA	NA
GSE104795_1	-0.00710509592904326	-0.0187878511760194	NA	NA
GSE105139_1	-0.00239234449760766	-0.00784687189488911	NA	NA
GSE105139_2	-0.00283718573888271	0.0209363782301721	NA	NA
GSE105139_3	-0.000850402677159563	0.0264150916904696	NA	NA
GSE10555_1	-0.0212818431617476	-0.0758309887281037	NA	NA
GSE10556_1	0.0129900175441622	0.0253949501008341	NA	NA
GSE106631_1	0.0158306084338081	0.056575757511805	NA	NA
GSE13104_1	0.00375935000131092	0.0194450742475823	NA	NA
GSE13104_2	0.0136862575941842	0.0341819465790115	NA	NA
GSE13104_3	0.0107169616909383	0.0366035234888337	NA	NA
GSE16749_1	0.00188189709116454	0.0120180120114092	NA	NA
GSE16749_2	0.00218800231679391	0.0353680238148143	NA	NA
GSE16749_3	0.00102178961151267	0.014419902556515	NA	NA
GSE17348_1	-0.0179823444529327	-0.0631629886105479	NA	NA
GSE17563_1	0.0158063039521314	0.0598370743563835	NA	NA
GSE17563_2	-0.000834531041185976	-0.0182412935253854	NA	NA
GSE17569_1	-0.00717682031258269	-0.010878795193187	NA	NA
GSE17569_2	-0.0141164859635806	-0.024689912337868	NA	NA
GSE17570_1	-0.0184121408653593	-0.0424212117128352	NA	NA
GSE17570_2	-0.0127940757581901	-0.0258744652261969	NA	NA
GSE18991_1	0	0.0400790023301641	NA	NA
GSE18992_1	0.00240384615384615	0.028820054921868	NA	NA
GSE19299_1	0.0236091308795593	0.0726591324816222	NA	NA
GSE20850_1	0.00943581689853381	0.024429259606637	NA	NA
GSE21093_1	-0.00624540802414692	-0.00173189814847026	NA	NA
GSE21523_1	0.00422882575781658	0.0133600333622204	NA	NA
GSE21639_1	-0.00456845333749621	-0.0343353690648179	NA	NA
GSE21639_2	0.00238510878866892	0.0320328694229043	NA	NA
GSE21639_3	-0.00539879288280541	0.0184534204976278	NA	NA
GSE21639_4	0.00430701752750742	0.019323500637953	NA	NA
GSE21710_1	0.00440642527796139	-0.00361618409538581	NA	NA
GSE21710_2	0.0056793148697691	-0.00620024665213693	NA	NA
GSE21710_3	0.0115726802152021	0.00711878951654003	NA	NA
GSE22925_1	0.00872193012022064	0.022711326749512	NA	NA
GSE22925_2	0.00734594244031532	0.0227195131822759	NA	NA
GSE26499_1	-0.00839941196335893	-0.0331522865039067	NA	NA
GSE30160_1	-0.0110675242688306	-0.044521724956716	NA	NA
GSE30628_1	0.0134114873224056	0.037787683620843	NA	NA
GSE30628_2	0.00877216120600105	0.0602255992070637	NA	NA
GSE32163_1	-0.0304819206650042	-0.0516193263889234	NA	NA
GSE33656_1	-0.0107522167652701	-0.0205991777247728	NA	NA
GSE33754_1	0.00440618728020303	-0.012987809668087	NA	NA
GSE33754_2	0.00496752935649283	0.0280865981139526	NA	NA
GSE33754_3	0.00796879262952678	0.0300400210804726	NA	NA
GSE34570_1	-0.0476091668882729	-0.139535954450131	NA	NA
GSE35003_1	-0.000850579207088805	0.0265813307369997	NA	NA
GSE35466_1	0.0223917737606821	0.0757400977377444	NA	NA
GSE35466_2	0.00357119433985366	0.00478863493296986	NA	NA
GSE35466_3	0.0138144790256833	0.0397531917647285	NA	NA
GSE35466_4	0.00602820954482068	0.0162297130475451	NA	NA
GSE35466_5	-0.00146691254570683	-0.0123179193088453	NA	NA
GSE36925_1	-0.00229357798165138	0.0323495595592471	NA	NA
GSE36925_2	0.0229238540547561	0.0428205342207915	NA	NA
GSE36925_3	0.025573608727253	0.0448795398462498	NA	NA
GSE37219_1	0.00327037785899818	0.028486408924894	NA	NA
GSE37676_1	0.00644476114721634	-0.0156685268861939	NA	NA
GSE41342_1	0.00537986823590158	0.0347930252394928	NA	NA
GSE41342_2	0.00914239414428989	0.0151544469080149	NA	NA
GSE41342_3	-0.00376585605752272	0.0102057522111086	NA	NA
GSE41342_4	0.0029275147351575	-0.0325150922249663	NA	NA
GSE41997_1	0.00846352402867092	0.00979829602803901	NA	NA
GSE43242_1	0.0140534591967081	0.0145275375682323	NA	NA
GSE43242_2	0.00726474721417685	0.020311045632343	NA	NA
GSE43663_1	-0.0030197578441805	-0.0693191514696409	NA	NA
GSE43854_1	0.00691250496958995	0.0306866039702128	NA	NA
GSE45656_1	0.0128394801257711	0.0370261135926407	NA	NA
GSE45656_2	-0.00955813547388459	-0.0387538911855966	NA	NA
GSE45656_3	-0.00166339338553292	-0.0131003724999896	NA	NA
GSE45793_1	0.00754069341622	0.0256450268880099	NA	NA
GSE45793_2	0.0248170186543203	0.0762511610699498	NA	NA
GSE45793_3	0.0113927426645764	0.0371066811775276	NA	NA
GSE45793_4	0.0271105145121783	0.0699885574838726	NA	NA
GSE45793_5	0.0249499355627758	0.0579108073334396	NA	NA
GSE46390_1	-0.0160121603217975	-0.0520847054127037	NA	NA
GSE48438_1	-0.00448224970416888	0.00498444892549359	NA	NA
GSE50549_1	0.00475119121881632	0.000701399314958056	NA	NA
GSE50549_2	0.0125349582719598	0.00626887368085804	NA	NA
GSE51098_1	-0.0044528335219639	0.00087177839065753	NA	NA
GSE53857_1	-0.00234045725533415	-0.0127037150826472	NA	NA
GSE53857_2	0.00445956650711252	-0.00029217517075544	NA	NA
GSE53857_3	-0.000599253153237368	0.000336121174960206	NA	NA
GSE53982_1	-0.0330895585008372	-0.0881113898864941	NA	NA
GSE53982_2	0.000708496296114052	-0.00703065321946575	NA	NA
GSE54779_1	0.0248327706155346	0.0974589810415053	NA	NA
GSE55900_1	0	-0.000803375815158379	NA	NA
GSE57104_1	0.00426745340278686	-0.00405243493386184	NA	NA
GSE59387_1	-0.0184376751851368	-0.0356840088126292	NA	NA
GSE60401_1	0.0176416511359168	0.0536568591323004	NA	NA
GSE60401_2	-0.00186169124251725	-0.0321590716947067	NA	NA
GSE60651_1	0.0123475950880826	-0.0315280133525161	NA	NA
GSE60737_1	0.00829827200289347	0.0423849196164119	NA	NA
GSE60761_1	0.00448430493273543	0.0254438740870116	NA	NA
GSE60761_2	0.00240384615384615	0.0105299214459805	NA	NA
GSE60761_3	-0.00740165631469979	0.0078984019513032	NA	NA
GSE60761_4	0.00217639638265556	0.0187100619998859	NA	NA
GSE63017_1	0	-0.00870527814205044	NA	NA
GSE63017_2	-0.000726860399191731	0.00715690496166611	NA	NA
GSE63017_3	0.000796411157270861	-0.00132060040982249	NA	NA
GSE63017_4	0.000866125445989969	-0.00122068279757139	NA	NA
GSE63939_1	0.0127312532362007	0.0455912447432197	NA	NA
GSE63939_2	0.00704706853661572	0.011664365675127	NA	NA
GSE64141_1	-0.0208567924131622	-0.0874387676713581	NA	NA
GSE64965_1	0.00149756856772793	7.83801146284581e-05	NA	NA
GSE65745_1	0	0.0222511740315767	NA	NA
GSE65745_2	0	0.012902633623051	NA	NA
GSE65745_3	0	0.00441586880580218	NA	NA
GSE66416_1	0.00765077777561124	0.0281717001390506	NA	NA
GSE66862_1	-0.00077256829964577	-0.023502299771666	NA	NA
GSE69108_1	0.0109410822851747	0.0332551855541661	NA	NA
GSE71565_1	0.00988826032100559	0.0319242086912745	NA	NA
GSE72261_1	0.00742161996134721	0.0340986326784175	NA	NA
GSE72261_2	0.00812575764865998	0.0299613904813591	NA	NA
GSE72261_3	0.00746616023198901	0.036891471783292	NA	NA
GSE7683_1	-0.0290554783408861	-0.0543617751976038	NA	NA
GSE7683_2	-0.0463175479617996	-0.0883513122821219	NA	NA
GSE78980_1	-0.00472360751076772	0.00213561839785401	NA	NA
GSE78980_2	-0.000721250937626219	0.0143240920891359	NA	NA
GSE78980_3	-0.0129197376675891	-0.0061657213343216	NA	NA
GSE78980_4	-0.00296665624156876	0.0169206525523453	NA	NA
GSE78980_5	2.40384615384616e-05	-0.0268246404935852	NA	NA
GSE78980_6	-0.00314465408805031	-0.0421126160731371	NA	NA
GSE78980_7	-0.00679380410967483	-0.00203323931451769	NA	NA
GSE78980_8	-0.007764621136387	-0.00886987948821905	NA	NA
GSE78980_9	-0.00518300583032922	-0.0113295394076454	NA	NA
GSE78980_10	-0.00523533494168784	-0.0184066703051476	NA	NA
GSE81399_1	0.0100201574754489	-0.0148828351752258	NA	NA
GSE84609_1	0.0401036559256236	0.11218780951584	NA	NA
GSE84907_1	0.0229505118840122	0.0718418800063608	NA	NA
GSE84907_2	0.00242180142587242	0.0366757422666445	NA	NA
GSE84907_3	-0.00860564259680239	-0.048508355822893	NA	NA
GSE90127_1	-0.00707410629412972	-0.052120542504169	NA	NA
GSE90127_2	-0.00702767790098434	-0.0415047997779902	NA	NA
GSE90127_3	-0.00721081249990828	-0.0238888369416956	NA	NA
GSE9247_1	-0.00224146438282182	-0.00898889210732009	NA	NA
GSE9247_2	0.00719961862701531	0.00805558705848685	NA	NA
GSE9247_3	-0.00411150158722877	-0.0241682732656262	NA	NA
GSE99306_1	0.00362154589629805	0.0445550344849646	NA	NA
GSE99306_2	0.00749564961770515	0.0419080211382292	NA	NA
GSE99306_3	-0.00453169216402769	-0.00189104716901057	NA	NA
GSE99306_4	0.00307101225259763	0.036716880501663	NA	NA
GSE99306_5	0.00873324230693186	0.0452546017634428	NA	NA
GSE99306_6	-0.00075809040039887	0.0217928845891895	NA	NA
GSE99306_7	0.0153889419599862	0.0362960571938101	NA	NA
GSE99306_8	0.012258542229424	0.0622550800475588	NA	NA
GSE99306_9	0.00632210279228398	0.045216518205414	NA	NA
GSE99306_10	0.00256568247343789	0.0223164867507629	NA	NA
GSE99306_11	0.0123936294767369	0.0652800686315402	NA	NA
GSE99306_12	-0.00192853389321232	0.0216108987697488	NA	NA
GSE99306_13	0.020696494596941	0.0608399175502639	NA	NA
GSE99414_1	0.000319102112676056	0.0121193575346521	NA	NA
GSE110581_1	-0.00476972918656784	-0.0142871220405939	NA	NA
GSE110581_2	0	-0.00578580154034953	NA	NA
GSE47799_1	0.00881368633566158	0.0323587300771801	NA	NA
GSE47799_2	-0.00346152008275296	-0.00208281101171217	NA	NA
GSE47799_3	0.0161720870747962	0.0240010642369313	NA	NA
GSE111628_1	0.000882757113794898	-0.0223449946839425	NA	NA
GSE111628_2	-0.00446428571428571	0.00605732933918944	NA	NA
GSE111628_3	-0.00317424442406246	-0.00799404125624105	NA	NA
GSE5657_1	7.31939007544719e-05	-0.0207949155930284	NA	NA
GSE5657_2	-0.00372001626236617	-0.0125790170110122	NA	NA
GSE13782_1	0.0199084081587407	0.0662418617792024	NA	NA
GSE41039_1	-0.00149253731343284	-0.00180036461175186	NA	NA
GSE84198_1	-0.0081314799522892	-0.0164707759171428	NA	NA
GSE84198_2	-0.00610365431905177	-0.0268049064482206	NA	NA
GSE84198_3	-0.00466242505487977	-0.0148547031773399	NA	NA
GSE114469_1	0.00341052709057429	0.0211158914775465	NA	NA
GSE108036_1	0.000637303970637304	-0.0191359869983973	NA	NA
GSE60451_1	0.0249843618645382	0.095503726396784	NA	NA
GSE47902_1	-0.000860996150840737	-0.00567538587201448	NA	NA
GSE44325_1	-0.000442288008851969	0.0147163577873373	NA	NA
GSE4481_1	9.02955992776351e-05	0.0562976805468255	NA	NA
GSE4481_2	0.00775617691584549	0.0583069802005025	NA	NA
GSE4481_3	0.00318471337579618	0.0209706168076287	NA	NA
GSE102292_1	0.00390448909155923	0.00458943780516592	NA	NA
GSE102292_2	-0.00496360885044771	0.00234444412482604	NA	NA
GSE102292_3	-0.0200914670818627	-0.0797297285160339	NA	NA
GSE102292_4	-0.0326251901454814	-0.112355965616729	NA	NA
GSE41898_1	-0.00506246865695829	-0.0217935247547103	NA	NA
GSE87605_1	0.00707038899569301	0.00977488607197149	NA	NA
GSE87605_2	0.00762202938773078	0.0239427420517577	NA	NA
GSE87605_3	0.0133596535764718	0.024818369755954	NA	NA
E-GEOD-54216_1	-0.00203771935580133	-0.00836191668446121	NA	NA
E-GEOD-54216_2	0.000654986506537452	-0.00273474571030492	NA	NA
E-GEOD-54216_3	-0.0155440388122272	0.00892799357818665	NA	NA
E-GEOD-6119_1	0.0473576644871222	0.101685549695764	NA	NA
E-GEOD-6119_2	0.0486891935872132	0.0919240322731335	NA	NA
E-GEOD-6119_3	0.0434454584783083	0.0894159351687298	NA	NA
E-GEOD-8077_1	-0.016482107278643	-0.0697654012791778	NA	NA
E-GEOD-8077_2	-0.000929851626257775	0.0465460488399245	NA	NA
E-GEOD-8077_3	0.0236966833950078	0.0896185404379587	NA	NA
GSE103416_1	0.0199704555720934	0.0339489030468242	NA	NA
GSE103416_2	0.0335421267923947	0.059922981624306	NA	NA
GSE103416_3	0.026998771089441	0.0477450556021819	NA	NA
GSE19950_1	0.000943094881730666	0.0206067069750948	NA	NA
GSE30322_1	-0.00736392088991054	-0.022819310692745	NA	NA
GSE30322_2	-0.00142874692281807	-0.0126916108333293	NA	NA
GSE30322_3	0.00779602874994276	0.00365958474674703	NA	NA
GSE42295_1	0.00316455696202532	0.018694879505048	NA	NA
GSE42295_2	0.00800885173547253	0.0247594355819321	NA	NA
GSE42295_3	0.00732135313997151	0.0106714018949994	NA	NA
GSE66554_1	0.000502779214226492	0.0105517984721391	NA	NA
GSE66554_2	-0.00287584553088411	-0.019659404870587	NA	NA
GSE66554_3	0.00899341178782801	0.0267976589192167	NA	NA
GSE66554_4	0.00801097207148694	0.0633113131064451	NA	NA
GSE74898_1	-0.00922964849757453	-0.00747622624530392	NA	NA
GSE74898_2	-0.00470395257444256	-0.00203907466328148	NA	NA
GSE74898_3	-0.00325018910189202	-0.0299985474777263	NA	NA
GSE79176_1	0	-0.00936523544546621	NA	NA
GSE79176_2	0.00231279137529138	-0.00445756027676643	NA	NA
GSE79176_3	-0.00158227848101266	0.00360833755868905	NA	NA
GSE85785_1	1.11050135284205e-05	-0.0219751775665987	NA	NA
GSE16981_1	4.17524574265957e-05	0.0340649408981305	NA	NA
GSE16981_2	-0.0043437329348989	-0.00357298632682818	NA	NA
GSE16981_3	-0.00160064237660526	0.0336578790298608	NA	NA
GSE16981_4	-0.00160064237660526	0.0336578790298608	NA	NA
GSE16981_5	-0.00536462700682857	-0.00871905880402372	NA	NA
GSE16981_6	0.0127515436614791	0.00275477615460449	NA	NA
GSE16981_7	0.000224659465364184	-0.00485723836805201	NA	NA
GSE29859_1	0.00272475108301809	0.0178342807309031	NA	NA
GSE29859_2	0.00462443464957826	-0.0140278396396577	NA	NA
GSE23492_1	0.00846492009606913	0.0138492402597836	NA	NA
GSE23492_2	0.00315062638660397	0.0417628578753117	NA	NA
GSE23492_3	-0.0146271842712325	-0.0474758101532667	NA	NA
GSE23492_4	-0.0111223413665942	-0.0247847468997809	NA	NA
GSE23492_5	0.0160180234867369	0.0436305236521179	NA	NA
GSE44991_1	0.0307263843238002	0.0953017369802561	NA	NA
GSE44991_2	-0.0107376354112896	-0.0192056411318183	NA	NA
GSE39796_1	-0.00979838128088579	0.00886781991953755	NA	NA
GSE39796_2	-0.000852721709851907	0.0214404612487902	NA	NA
GSE39796_3	-0.00971507818785871	-0.0124144620474895	NA	NA
GSE18394_1	0.0255411105991551	0.100398086915958	NA	NA
GSE18394_2	0.030481745312266	0.0741729831660414	NA	NA
GSE18394_3	0.0118904527158607	0.0545921019069783	NA	NA
E-MEXP-2291_1	0.0170561513841203	0.0403992562088377	NA	NA
E-MEXP-2291_2	0.0249758162909753	0.0872768883616168	NA	NA
E-MEXP-2291_3	-0.00516574976880297	-0.041268509505187	NA	NA
GSE18738_1	-0.0567363753812272	-0.157630429561538	NA	NA
GSE107363_1	-0.0176361533064306	-0.0186259173974181	NA	NA
GSE85761_1	1.64424793656186e-05	0.033989753960373	NA	NA
GSE89179_1	-0.0132731934824621	-0.0362489768743671	NA	NA
GSE89179_2	-0.000499761722411726	-0.0155353977753573	NA	NA
GSE89179_3	-0.00165607063372063	-0.00412374180881302	NA	NA
GSE89179_4	-0.0179070785938121	-0.0456676102732291	NA	NA
GSE89179_5	0.00759011268962053	0.00869753041003865	NA	NA
GSE89179_6	-0.00986911617725096	-0.0236462157615783	NA	NA
GSE89179_7	0.0141884454351225	0.0206827285338782	NA	NA
E-GEOD-57723_1	0.00993575216252378	0.0357679194237062	NA	NA
E-GEOD-57723_2	0.0207120307863516	0.0215600873094083	NA	NA
E-GEOD-57723_3	0.00899406472021363	0.0484270710050741	NA	NA
E-GEOD-83930_1	0.00202760407535261	0.0337985478846328	NA	NA
GSE100268_1	0.0240370480098816	0.0615824500807024	NA	NA
E-GEOD-55769_1	0.0139113672229154	0.0169761205829409	NA	NA
E-GEOD-55769_2	0.00142045454545455	0.0098309234902204	NA	NA
E-GEOD-55769_3	-0.000951936512677198	0.00294269573317605	NA	NA
E-GEOD-69110_1	-0.0089960768592207	-0.0321350130388122	NA	NA
E-MTAB-4304_1	0.0197857012178504	0.0557253796716813	NA	NA
E-MTAB-4879_1	-0.00358660103567276	0.0015396700171231	NA	NA
E-MTAB-4879_2	-0.00230933054626894	0.00542845318178869	NA	NA
E-MTAB-4879_3	0.00507950625485045	0.0231602880924885	NA	NA
E-MTAB-4879_4	0.000209932742530387	-0.00642040223915466	NA	NA
Cytokine_Explant_1	0.0189004992165496	0.0520125669444701	NA	NA
Cytokine_Explant_2	0.0313886970299021	0.0771973696495078	NA	NA
Cytokine_Explant_3	0.0177574813992683	0.0528691818204041	NA	NA
Cytokine_Explant_4	0.0185426144465482	0.0456589598951129	NA	NA
Cytokine_Explant_5	-0.0091081691560354	-0.0173557223829099	NA	NA
FN1_Explant_1	0.00756342678405931	0.0558821456153748	NA	NA
E-MTAB-6266_1	0.00934367377341969	0.0207100903153619	NA	NA
E-MTAB-6266_B_1	0.00553208274850155	0.00872747859314791	NA	NA
E-MTAB-6266_B_2	0.0089411666902758	0.0311687759495634	NA	NA
E-MTAB-6266_B_3	0.00201017160417452	0.0250138201444956	NA	NA
GSE74220_1	0.0385162663748428	0.105201804523641	NA	NA
GSE114007_1	0.00180543988326801	0.0203716669637465	NA	NA
GSE109503_1	0.00590198992480767	0.00397530270388142	NA	NA
GSE109503_2	0.00258524685060311	0.0123599406162394	NA	NA
GSE109503_3	0.00218954116231738	-0.00615282719581588	NA	NA
GSE109503_4	0.0036892934027027	0.0140035189258309	NA	NA
GSE109503_5	-0.0218555292876774	-0.0435622343012707	NA	NA
GSE109503_6	0.0179726015849505	0.0605691642726589	NA	NA
GSE109108_1	0.000424739280898893	0.0567743142548166	NA	NA
GSE109108_2	0.00871106188607216	0.0315467800459227	NA	NA
GSE109108_3	0	0.0255120932688463	NA	NA
GSE109108_4	-4.94639902151235e-05	0.00655680115900513	NA	NA
GSE70667_1	-0.00232558139534884	0.0579400645632569	NA	NA
GSE87608_1	-0.00281686752355706	-0.0134900526918872	NA	NA
GSE87608_2	-0.00215070515070515	-0.00402263834208071	NA	NA
GSE87608_3	0.000512978687496099	-0.0148042743404774	NA	NA
GSE87608_4	-0.00495582294969049	-0.0187734850395574	NA	NA
GSE90890_1	-0.023453494326112	-0.085573770436522	NA	NA
GSE97118_1	-0.00537021738733936	-0.0401707294888594	NA	NA
GSE97118_2	0.0211304971027656	0.0433248559372138	NA	NA
GSE97118_3	-0.00621268410350501	-0.0289796440777748	NA	NA
GSE97118_4	0.0129560619009671	0.0371493054204959	NA	NA
GSE97118_5	-0.00442161847807247	0.0245830452712792	NA	NA
GSE97118_6	-0.000598268792535538	0.0247893692217922	NA	NA
GSE97118_7	0.00419726414552243	-0.00241053143393932	NA	NA
GSE107592_1	-0.00871551064668229	-0.0490071126789924	NA	NA
GSE92641_1	0.0170944285008139	0.01803925053529	NA	NA
GSE107849_1	0.000179971215222924	0.000922487289982594	NA	NA
E-ERAD-89_1	-0.00150599701497905	-0.00858866517307327	NA	NA
E-ERAD-89_2	-8.85778821028385e-06	0.0115484914421344	NA	NA
E-ERAD-89_3	0.000639448798307933	0.00832034525325715	NA	NA
E-ERAD-89_4	-0.0015527950310559	-0.00239205480746328	NA	NA
E-GEOD-45893_1	0	-0.0381057556421671	NA	NA
E-GEOD-53105_1	0.0137140265471969	0.00873590966511835	NA	NA
E-GEOD-53105_2	0.00221382737047874	-0.00536979439299186	NA	NA
E-GEOD-54461_1	-0.000794047088122926	3.04000437995305e-05	NA	NA
E-GEOD-54461_2	-0.000723302757221683	-0.00657150412846999	NA	NA
E-GEOD-54461_3	0.00672304825359224	0.000328183528749611	NA	NA
E-GEOD-54461_4	0.00645330277033593	0.0102083800767646	NA	NA
E-GEOD-54461_5	0.0159797367884648	0.0397591837625636	NA	NA
E-GEOD-54461_6	0.0171919913465294	0.048646159421739	NA	NA
E-GEOD-54461_7	0.0197069247898467	0.0664930378006266	NA	NA
E-GEOD-54461_8	0.0196405920238349	0.0748691757932745	NA	NA
E-GEOD-73372_1	0.0106106478141232	0.0314376071165564	NA	NA
E-GEOD-73372_2	0.0155718521203814	0.0412777788781241	NA	NA
E-GEOD-73372_3	0.00364766622239089	0.000101899128133349	NA	NA
E-GEOD-75549_1	0.0206785593582505	0.0458445642747444	NA	NA
E-GEOD-76988_1	-0.00758389341946964	-0.0338343989043056	NA	NA
E-MTAB-2923_1	-0.00644091400565079	-0.017524867675509	NA	NA
E-MTAB-2923_2	0.00454726229937655	0.030127325713297	NA	NA
E-MTAB-2923_3	0.00537916649262141	0.0314020549956258	NA	NA
E-MTAB-2923_4	0.00240450467625791	0.0126251735320873	NA	NA
E-MTAB-3428_1	0.0107218106489639	0.0198640438647196	NA	NA
E-MTAB-3428_2	0.0106288868875202	0.0258445756034301	NA	NA
E-MTAB-3428_3	0.00851216917044279	-0.00258579159342198	NA	NA
E-MTAB-3428_4	0.0103489407945674	0.00987916925944481	NA	NA
GSE102856_1	0.0160622664555477	0.0643626594292299	NA	NA
GSE103492_1	0.0118480032942623	0.039485268991122	NA	NA
GSE103492_2	0.00126900268950854	0.0119312596720735	NA	NA
GSE103492_3	0.0160313717583632	0.0517069545938433	NA	NA
GSE103492_4	0.0118853373274753	0.0502759835609297	NA	NA
GSE103492_5	-0.00595617042998532	-0.0296184581251855	NA	NA
GSE103492_6	0.00440128239583516	0.0177888636448242	NA	NA
GSE103492_7	0.0122377328727758	0.053910401531048	NA	NA
GSE103492_8	0.00172161618426575	-0.00117797190090328	NA	NA
GSE103492_9	0.00273248242226451	0.0250513850038776	NA	NA
GSE103492_10	-0.00372912821761927	0.0349977615455627	NA	NA
GSE106259_1	-0.00247874512743975	-0.02158536905392	NA	NA
GSE110303_1	-0.00312687330584112	0.0132240764669538	NA	NA
GSE110303_2	0.00219420794878112	0.0121669908589186	NA	NA
GSE110303_3	-0.0102222071836387	0.0151853813217016	NA	NA
GSE110300_1	0.00325956661179938	0.000785171848126342	NA	NA
GSE110300_2	0.00458468714493591	0.0012203985659985	NA	NA
GSE110300_3	-0.00256127089581367	0.00817129920601131	NA	NA
GSE110281_1	0.0180318190689681	0.0534487411093861	NA	NA
GSE110281_2	0.00316519463848173	0.0316185082018274	NA	NA
GSE110281_3	-0.0103776550663367	-0.022248073155426	NA	NA
GSE104459_1	-0.000763998187834394	-0.0144083394585631	NA	NA
GSE104459_2	-0.00870295572517744	-0.00791251045477571	NA	NA
GSE104459_3	0.00132282943122848	-0.0100646804921558	NA	NA
GSE110051_1	-0.000959809135712886	0.00441046802123713	NA	NA
GSE110051_2	-0.00386565593849184	-0.00338304992961124	NA	NA
GSE110051_3	0.000902136264193092	0.00122049050554104	NA	NA
GSE112694_1	0.00952288484438958	0.0422490281131917	NA	NA
GSE112694_2	0.0120870470751484	0.0257419056263098	NA	NA
GSE112694_3	-0.0190759137558128	-0.0441566610858372	NA	NA
GSE112694_4	-0.0158615649555364	-0.0491887172349057	NA	NA
GSE97232_1	0.0118731003039514	0.0830252169834978	NA	NA
GSE114079_1	0.00220264317180617	0.000916776063482399	NA	NA
GSE114079_2	-0.0061128526645768	-4.14223705287363e-05	NA	NA
GSE114079_3	-0.000639746148728185	-0.0114609472344864	NA	NA
GSE114079_4	0.00390044162318201	-0.0269075890689778	NA	NA
GSE104828_1	0.0143987121168263	0.0575150465153557	NA	NA
GSE114521_1	0.000888400131168518	0.0146004331221697	NA	NA
GSE114521_2	-0.0016118697284678	0.00296731072253052	NA	NA
GSE112413_1	0.00698013119178393	-0.0113878689836788	NA	NA
GSE112413_2	0.013424032205379	0.0195751341969179	NA	NA
GSE101909_1	-0.00357770576222863	0.00613983290714062	NA	NA
GSE101909_2	0.00448280456298884	0.0106019581529738	NA	NA
GSE114919_1	-0.00769710749197043	-0.0129706141726467	NA	NA
GSE114919_2	-0.00469276584819577	-0.00694681351513418	NA	NA
GSE114919_3	-0.00270387249951134	-0.00652503357740211	NA	NA
GSE114919_4	-0.00413650103556103	-0.0175677810047673	NA	NA
GSE114919_5	-0.00637467705994237	-0.0214205650792431	NA	NA
E-MTAB-5879_1	0.00796305988040565	0.0237116032421885	NA	NA
E-MTAB-5879_2	-0.000465855383703652	0.0108797386476414	NA	NA
E-MTAB-5879_3	0.0203401808495173	0.0631964179288503	NA	NA
E-MTAB-5879_4	0.0161249853076373	0.0335947967723271	NA	NA
E-MTAB-5879_5	0.00432638597834599	0.0258584816913826	NA	NA
E-MTAB-5879_6	0.0116685708003324	0.0388888479309292	NA	NA
E-MTAB-5879_7	0.00758846637373432	0.0559082572323468	NA	NA
E-MTAB-5879_8	0.00836421275664527	0.040983167978779	NA	NA
E-MTAB-5879_9	-0.00256227235946383	0.00818347564849466	NA	NA
E-MTAB-5879_10	0.0291096232604086	0.0596284208351847	NA	NA
E-MTAB-4294_1	0.0207537585278064	0.0669279578240981	NA	NA
E-MTAB-4294_2	0.0161761142464735	0.0543100202521067	NA	NA
E-MTAB-4294_3	-0.000103854366329871	-0.0026318210436462	NA	NA
E-MTAB-3186_1	0.0207461494564874	0.0777289201935406	NA	NA
E-MTAB-3186_2	0.0130307878370233	0.0437331704745366	NA	NA
E-MTAB-3186_3	0.013073469296848	0.0222011474679772	NA	NA
E-MTAB-3186_4	0.0172718402078262	0.0209441542049043	NA	NA
GSE114919_Rat_1	-0.0103556871504939	-0.0204774495693153	NA	NA
GSE114919_Rat_2	-0.00262275003267818	-0.0161796157763361	NA	NA
GSE114919_Rat_3	-0.00944121454193528	-0.025088324942606	NA	NA
GSE114919_Rat_4	-0.00798984658361962	-0.0294041715646718	NA	NA
GSE114919_Rat_5	-0.00837555056690355	-0.0372045802123941	NA	NA
