comparisonID	jaccard	cosine	sigjaccard	chrDir
22659600_1	0.032267547973126	0.0963136061025264	NA	NA
24361742_1	-0.00673015702191601	-0.0389088316722924	NA	NA
GSE72258_1	0	0.00220839691427625	NA	NA
GSE72258_2	0.000400641025641026	0.00195900086930169	NA	NA
GSE69531_1	0.0317872126708842	0.0752005426031624	NA	NA
GSE69531_2	0.0016524751642161	0.0283805307471317	NA	NA
GSE69531_3	-0.0300944306565999	-0.0584309396964399	NA	NA
GSE69531_4	0.0317872126708842	0.0752005426031624	NA	NA
GSE58203_1	-0.0173479868595267	-0.0774762794903452	NA	NA
GSE58203_2	-0.0192356643082288	-0.0858428887188976	NA	NA
GSE58203_3	-0.0386182456034949	-0.0740486472556433	NA	NA
GSE58203_4	-0.0442084967536476	-0.09104353440194	NA	NA
GSE58203_5	-0.0149717084227563	-0.0812948217845008	NA	NA
GSE58203_6	-0.0249660731247853	-0.0780789295071894	NA	NA
GSE58203_7	-0.0380313452751714	-0.0742600405410564	NA	NA
GSE58203_8	-0.060860675342531	-0.0988021508884359	NA	NA
GSE59642_1	0.0284902404935959	0.0402437695664268	NA	NA
GSE59642_2	-0.0160054577183685	-0.0102162122428464	NA	NA
GSE59642_3	-0.0457686476982996	-0.0614722708427652	NA	NA
GSE64922_1	-0.0114452691035686	-0.0546677384029258	NA	NA
GSE60162_1	-0.000407427262619919	0.0260585010491202	NA	NA
GSE31685_1	-0.000410092202796464	-0.0183222991535945	NA	NA
E-MEXP-3890_1	-0.0360203591207949	-0.0221839331199256	NA	NA
GSE31980_1	-0.027976165102199	-0.0640499354795618	NA	NA
GSE15615_1	-0.0379604728564367	-0.0559079782419245	NA	NA
GSE15083_1	0.000518019310090433	0.000402976130391024	NA	NA
GSE108035_1	0.00757297878925155	-0.00350635498867358	NA	NA
GSE108035_2	-0.0242765812027398	-0.0470502143885704	NA	NA
GSE108035_3	-0.0361145203142136	-0.0540548462044921	NA	NA
GSE21959_1	0.0264939699696745	0.0704353575230348	NA	NA
GSE21959_2	0.0140487573756515	0.0623254681097725	NA	NA
GSE24742_1	-0.00519815814606505	-0.0165465270182836	NA	NA
GSE24742_2	0.000788767327635275	-0.0134116634584648	NA	NA
GSE24742_3	0.00390375347596973	0.0343539304974529	NA	NA
GSE74668_1	-0.00875886008232451	-0.0506814427495116	NA	NA
E-GEOD-10024_1	-0.0390627593787417	-0.0777562349389411	NA	NA
E-GEOD-10024_2	-0.0517229768394949	-0.10404369132084	NA	NA
E-GEOD-12860_1	-0.0243951028242025	-0.0678112651314954	NA	NA
E-GEOD-12860_2	0.0140549884093939	0.0148849549191855	NA	NA
E-GEOD-12860_3	0.0141886281986797	0.00896581992621645	NA	NA
E-GEOD-12860_4	0.0180666442045699	0.00127723742567056	NA	NA
E-GEOD-12860_5	-0.00795925926853026	-0.0265682712902962	NA	NA
E-GEOD-12860_6	0.0168957234173617	0.0211672452266135	NA	NA
E-GEOD-12860_7	0.0131137677662112	0.00133943248726833	NA	NA
E-GEOD-12860_8	0.00661521957019045	-0.0148210932116395	NA	NA
E-GEOD-14359_1	0.00768952547468113	0.0132478379477957	NA	NA
E-GEOD-14359_2	-0.0127770954587054	-0.0189014350587116	NA	NA
E-GEOD-1919_1	-0.00979599066826418	-0.0389009895049744	NA	NA
E-GEOD-1919_2	0.00813351288987691	0.0176335148799673	NA	NA
E-GEOD-1919_3	0.0187122799409604	0.0485172178858652	NA	NA
E-GEOD-1919_4	-0.00393162726612919	-0.0211807827814521	NA	NA
E-GEOD-1919_5	0.0125422691731126	0.0185766158696002	NA	NA
E-GEOD-1919_6	0.00169729695988782	0.00501732410327852	NA	NA
E-GEOD-1919_7	0.00715767643979661	0.0310385936209795	NA	NA
E-GEOD-1919_8	0.00984042421828925	0.0322510257969679	NA	NA
E-GEOD-1919_9	-0.0045707601597633	-0.0121766740859869	NA	NA
E-GEOD-19664_1	-0.0754108154526953	-0.114804435956478	NA	NA
E-GEOD-19664_2	0.0348836887172666	0.0236237770574609	NA	NA
E-GEOD-19664_3	0.0362740333004005	0.0815360226204535	NA	NA
E-GEOD-19664_4	-0.0523379488278752	-0.0699690635947803	NA	NA
E-GEOD-19664_5	0.0378234132098867	0.0307386956673623	NA	NA
E-GEOD-19664_6	0.0390803611186352	0.0618562238528832	NA	NA
E-GEOD-43923_1	0.0186839492487671	0.0464832303506241	NA	NA
E-GEOD-51812_1	0.0830825116418562	0.120786846211261	NA	NA
E-GEOD-51812_2	0.086412669073358	0.129061672009508	NA	NA
E-GEOD-68760_1	-0.0434005170507609	-0.0972119427665338	NA	NA
E-GEOD-82107_1	-0.00949584018782866	-0.0242136335118831	NA	NA
E-GEOD-9451_1	0.0433328626894163	0.0833522208311212	NA	NA
E-GEOD-9451_2	0.0255996411024285	0.0735354704745956	NA	NA
E-GEOD-9451_3	0.00109034153574394	-0.00367403185622729	NA	NA
E-GEOD-9451_4	0.0208351240921436	0.0338627760820943	NA	NA
E-MEXP-2019_1	0.0196764558104313	0.0150579643625704	NA	NA
E-MEXP-2019_2	-0.0107230325938792	0.0103422641569347	NA	NA
E-MEXP-2019_3	0.0252029385989942	0.030756836789531	NA	NA
E-MEXP-2019_4	-0.00493260577865062	0.00263982873510817	NA	NA
E-MEXP-2276_1	-0.0067893999779575	-0.0546117524431818	NA	NA
E-MEXP-2488_1	0.0315154266671171	0.0659008433394889	NA	NA
E-MEXP-3129_1	-0.00869052981127614	-0.0264613911512823	NA	NA
E-MEXP-3474_1	0.0644899429431186	0.106853353243763	NA	NA
E-MTAB-3010_1	-0.0293687365732648	-0.0468749190270413	NA	NA
E-MTAB-3010_2	-0.0280773509977211	-0.0494424769007586	NA	NA
E-MTAB-3010_3	-0.00134251355495487	0.00334319803413194	NA	NA
E-MTAB-3010_4	0.00780025445244223	0.0226291607035333	NA	NA
E-MTAB-4152_1	0.00323759236037236	0.0110024627951073	NA	NA
E-MTAB-4152_2	-0.00733610390653591	-0.0245561826285801	NA	NA
E-MTAB-4152_3	0.00095201283001542	-0.00632855558510559	NA	NA
GSE100609_1	-0.000172956787190958	-0.000536904874686376	NA	NA
GSE100786_1	-0.000110668676857082	-0.021095374979771	NA	NA
GSE100786_2	0.0021834741164261	0.00554076196604925	NA	NA
GSE103697_1	0.000464252553389044	0.01352193822814	NA	NA
GSE103697_2	0	0.00322768746762043	NA	NA
GSE103697_3	0	0.0038381209211249	NA	NA
GSE104113_1	-0.010090556425261	-0.0680435131648487	NA	NA
GSE104113_2	-0.00633060105356471	-0.0109394601544031	NA	NA
GSE104113_3	-0.010090556425261	-0.0680435131648487	NA	NA
GSE10575_1	0.0176868635203314	0.0453587562576967	NA	NA
GSE10575_2	0.0469949991682685	0.10529574604903	NA	NA
GSE10575_3	-0.0171512122674765	-0.0526432364715259	NA	NA
GSE13604_1	0.00952651876774985	0.0247458056112223	NA	NA
GSE13837_1	0.000506283429197486	0.0256377242552173	NA	NA
GSE13837_2	-0.00204410889500862	-0.0157855062889655	NA	NA
GSE13837_3	-0.00812155732198826	-0.0127464869186815	NA	NA
GSE13837_4	-0.00983087740000133	-0.0140142887679787	NA	NA
GSE13837_5	0.000582661563799487	0.0102299355773181	NA	NA
GSE13837_6	-0.010686452611031	-0.0276637764427939	NA	NA
GSE13837_7	-0.0112077737238145	-0.0295904249078628	NA	NA
GSE13837_8	-0.0365987010828086	-0.0644477229859816	NA	NA
GSE13837_9	-0.00192565244268494	-0.000128175735112586	NA	NA
GSE13837_10	0.00596248693950334	-0.00125802237336762	NA	NA
GSE13837_11	0.0034466255641282	0.00421818356725429	NA	NA
GSE13837_12	0.015652099906168	0.0461498475307808	NA	NA
GSE13837_13	-0.0209081793082035	-0.0805880963131384	NA	NA
GSE13837_14	-0.01874358021053	-0.0714902585016204	NA	NA
GSE13837_15	-0.021784594256943	-0.0625586221730841	NA	NA
GSE13837_16	-0.0379516226584031	-0.0615514601664056	NA	NA
GSE13837_17	-0.0144400541140068	-0.0649351354450911	NA	NA
GSE13837_18	-0.0139846079227584	-0.080142490984044	NA	NA
GSE13837_19	-0.02007148813304	-0.0514813382306704	NA	NA
GSE13837_20	-0.0212888720591609	-0.0697774581126107	NA	NA
GSE13837_21	-0.00256107303153406	-0.0130294216605488	NA	NA
GSE13837_22	0.00242440717974534	0.00344408327506558	NA	NA
GSE13837_23	-0.00749662210977541	-0.0126993523114331	NA	NA
GSE13837_24	-0.0125354333208395	-0.00692765499412765	NA	NA
GSE16464_1	-0.000593787729919856	0.0181592442289362	NA	NA
GSE16464_2	-0.0133854032335558	-0.00238335848502082	NA	NA
GSE19060_1	0.00251974071727993	0.026996182301517	NA	NA
GSE27372_1	-0.0128163719113879	-0.0775512984270321	NA	NA
GSE27390_1	-0.010592317152291	-0.0316626009095402	NA	NA
GSE29106_1	0.0105532321271274	0.0112628477314823	NA	NA
GSE29107_1	0.024433867935277	0.0272692038181518	NA	NA
GSE29107_2	-0.0120921920567511	-0.0218099197898093	NA	NA
GSE29745_1	-0.0396249431291975	-0.0690244755598184	NA	NA
GSE29745_2	-0.0350951723678717	-0.0639526242713706	NA	NA
GSE29745_3	-0.0414452089230336	-0.0774106792786667	NA	NA
GSE35546_1	-0.0142042884697407	-0.0666963295399529	NA	NA
GSE35546_2	-0.0215866526625559	-0.0759422219818838	NA	NA
GSE35546_3	-0.0204245466776758	-0.0820200405719285	NA	NA
GSE35546_4	-0.0554217642752097	-0.0932544251661936	NA	NA
GSE35546_5	-0.0525789882901782	-0.0972878456312215	NA	NA
GSE35546_6	-0.0486693365264325	-0.0939123702270032	NA	NA
GSE35955_1	0.011904280204033	0.0289047574555579	NA	NA
GSE35956_1	-0.0144775139786023	-0.0514621655938262	NA	NA
GSE35957_1	0.0161920350418602	0.0022600617752446	NA	NA
GSE35958_1	-0.0322616081767986	-0.0604052343363625	NA	NA
GSE39340_1	0.000438321754435357	0.0253631588164114	NA	NA
GSE39340_2	0.00980995730245834	0.0548300482460667	NA	NA
GSE39340_3	-0.00531042499719939	-0.0348076206784637	NA	NA
GSE39795_1	0.000945912624684957	0.0107232790262196	NA	NA
GSE39795_2	0.00212661256649258	-0.00215086990013144	NA	NA
GSE39795_3	0.00496066815632365	-0.0125921268760064	NA	NA
GSE41038_1	0.0126575974712269	0.0018293666276574	NA	NA
GSE41038_2	0.00388867411006788	0.00663231510324897	NA	NA
GSE41038_3	0.00227636382508492	0.0141711357248404	NA	NA
GSE41992_1	0.000159386943644781	-0.00221359189311599	NA	NA
GSE42235_1	0.00207862945498415	0.0175337643608832	NA	NA
GSE42235_2	0.00972357325645969	0.0105053113780211	NA	NA
GSE42235_3	0.00377440165766295	0.0109387900022217	NA	NA
GSE42235_4	0.00747197694858796	0.0260088386507262	NA	NA
GSE45233_1	-0.0121568801234185	-0.0206168887445823	NA	NA
GSE45233_2	0.00692692439834431	0.00866665397192563	NA	NA
GSE45233_3	0.00653523331111381	0.0159203299174243	NA	NA
GSE45233_4	-0.00679804895065763	-0.0165052106195915	NA	NA
GSE46053_1	-0.00451175195101627	-0.0209232567762347	NA	NA
GSE46053_2	-0.00947829474349195	-0.0533263044051432	NA	NA
GSE46750_1	-0.00967323078061562	-0.00664983474982616	NA	NA
GSE51588_1	0.0616138538207192	0.0963349862886547	NA	NA
GSE51588_2	0.0427978523022043	0.0708135480856701	NA	NA
GSE51588_3	0.0160951043319366	0.0464256985528589	NA	NA
GSE52817_1	-0.0211336935876666	-0.0249956407628266	NA	NA
GSE52817_2	0.0176093061158893	0.0328929023716414	NA	NA
GSE52817_3	0.0296217605133273	0.05796468969149	NA	NA
GSE52817_4	-0.0266256369656203	-0.0431129670193149	NA	NA
GSE55235_1	-0.0149359521985394	-0.0686275486031779	NA	NA
GSE55235_2	0.0207659207910462	0.0229522598059652	NA	NA
GSE55235_3	0.0322025940905229	0.0789886292611008	NA	NA
GSE55457_1	-0.0107794335934778	-0.0572716799732846	NA	NA
GSE55457_2	-0.000102393595788868	0.0334557595924659	NA	NA
GSE55584_1	-0.0069264076920461	-0.0740642524955525	NA	NA
GSE57218_1	-0.00482860664809675	-0.051994220173004	NA	NA
GSE60762_1	-0.00516323422071464	-0.0622341029221401	NA	NA
GSE62914_1	0.00438310276112905	0.00947570816137238	NA	NA
GSE62914_2	0.021156950072657	0.0140403365585797	NA	NA
GSE62914_3	0.0331069178714436	0.0157261132944878	NA	NA
GSE62914_4	0.0234784988716386	0.0518679443744223	NA	NA
GSE64394_1	-0.0101952696542895	-0.0415393518723827	NA	NA
GSE66635_1	0.000123564924622169	0.00278542472364115	NA	NA
GSE68038_1	-0.0104561399745238	-0.025844170930039	NA	NA
GSE68428_1	-0.0163915443776911	-0.0752317264898402	NA	NA
GSE68428_2	-0.018954062909018	-0.0706095120910819	NA	NA
GSE68428_3	-0.0212596892581556	-0.059997232990629	NA	NA
GSE69459_1	-0.00792098738238919	-0.0266575712264855	NA	NA
GSE69459_2	-0.0375283031030016	-0.0506709020430697	NA	NA
GSE69459_3	-0.00908794188193352	-0.0352132797034718	NA	NA
GSE69459_4	-0.0276763139851938	-0.039938493912591	NA	NA
GSE69992_1	-0.0277588087855725	-0.0478470022086058	NA	NA
GSE70719_1	-0.00673388497877062	-0.035282435130648	NA	NA
GSE7116_1	0.0123170139984849	0.018423012667315	NA	NA
GSE7116_2	0.000872070001909182	0.00213797807939632	NA	NA
GSE7116_3	-0.0091848338297472	-0.0165704935587092	NA	NA
GSE72575_1	-0.00301098556119877	-0.0406139191034394	NA	NA
GSE72575_2	-0.00726654771419357	-0.0325417093721264	NA	NA
GSE72575_3	-0.00215665208035538	-0.0367386598788082	NA	NA
GSE72575_4	-0.000927643784786642	-0.0491758029634439	NA	NA
GSE75181_1	-0.0283769241276181	-0.0778155757979373	NA	NA
GSE75181_2	-0.032663685555207	-0.0956293058901116	NA	NA
GSE75181_3	-0.042782694559011	-0.0982082167855598	NA	NA
GSE75230_1	0.00113207253785054	0.00368084343877605	NA	NA
GSE7669_1	0.00289828369239671	0.0525453831904022	NA	NA
GSE77916_1	-0.000125285413515998	-0.00292641556290204	NA	NA
GSE80614_1	-0.00495716625816621	-0.0658673849579715	NA	NA
GSE80614_2	-0.00804577035583082	-0.0488643772448255	NA	NA
GSE80614_3	-0.00250505839730808	-0.041947867704954	NA	NA
GSE80614_4	-0.000817840755316991	-0.0161107129030567	NA	NA
GSE80614_5	0.00171764374242416	-0.00506705918469678	NA	NA
GSE80614_6	0.00203580245995896	-0.00208778823393154	NA	NA
GSE80614_7	0.0122362686873202	0.0187527941204558	NA	NA
GSE80614_8	0.0111881385803858	0.0300922571908058	NA	NA
GSE80614_9	-0.00577689704723497	-0.0388952380673349	NA	NA
GSE80614_10	-0.00632241025404842	-0.0306447848643267	NA	NA
GSE80614_11	-0.00244803120202481	-0.0114449604756575	NA	NA
GSE80614_12	6.32283002837538e-05	-0.000275902466902381	NA	NA
GSE80614_13	0.00191147923878169	0.0105463280510909	NA	NA
GSE80614_14	0.00913127233443418	0.0295901257138694	NA	NA
GSE80614_15	0.0126969972464753	0.0387524811770871	NA	NA
GSE80614_16	0.0133231847697464	0.0480252940127167	NA	NA
GSE85254_1	-0.0230295403831244	-0.077461756639703	NA	NA
GSE86578_1	-0.0141258000037692	-0.0600732442840159	NA	NA
GSE86578_2	-0.012054572292361	-0.0698992890452005	NA	NA
GSE86578_3	-0.027861318886228	-0.0868328829616573	NA	NA
GSE9329_1	-0.000892294639042952	0.0265019338527709	NA	NA
GSE93698_1	0.0224675845644011	0.0457974774369778	NA	NA
GSE93698_2	0.0265871644868629	0.0512166948521904	NA	NA
GSE93698_3	0.0334309121590513	0.068681500499473	NA	NA
GSE93698_4	0.0253614586841481	0.0496721089040704	NA	NA
GSE93698_5	0.031451727093377	0.0706859299734075	NA	NA
GSE93698_6	0.00222354413503116	-0.00435505086677963	NA	NA
GSE93698_7	0.0189885501893215	0.031479409581904	NA	NA
GSE93698_8	-0.00216686293517442	-0.00562586546097091	NA	NA
GSE93698_9	0.0250405701011823	0.0565307365095859	NA	NA
GSE93698_10	0.0167922255093787	0.0369689838427323	NA	NA
GSE93698_11	-0.00540821513006951	-0.000983691998269844	NA	NA
GSE93698_12	0.013118190798973	0.0555907737671699	NA	NA
GSE93698_13	-0.0213380831646444	-0.0391867480711712	NA	NA
GSE93698_14	0.0143542942996534	0.0321207442453688	NA	NA
GSE93698_15	0.0277284235774216	0.055858963039481	NA	NA
GSE93720_1	-0.0182457581491035	-0.0428262705382463	NA	NA
GSE93720_2	-0.0206256601633587	-0.0484166455966536	NA	NA
GSE93720_3	-0.0241993866416029	-0.053034756316737	NA	NA
GSE93720_4	-0.0216336987236945	-0.053793175281969	NA	NA
E-MTAB-5564_1	0.0265797006595571	0.0652691242246655	NA	NA
GSE77753_1	0.00155117769388699	-0.0245948484072772	NA	NA
GSE43861_1	0.00777021201040136	0.0270748179543494	NA	NA
GSE112809_1	-0.000124853906154189	-0.00892235657612791	NA	NA
GSE111946_1	-0.00116941321521117	0.0049365792403861	NA	NA
GSE111946_2	0.00154234789827119	-0.00280726367608908	NA	NA
E-MTAB-3201_1	-0.007142885386179	-0.0104632131849029	NA	NA
E-MTAB-6700_1	-0.0447459287669165	-0.066301602586059	NA	NA
GSE54749_1	-0.00046339202965709	-0.00537571673629717	NA	NA
GSE57218_B_1	0.00472448203989409	0.0250267062975788	NA	NA
GSE57218_B_2	0.00570275630438184	0.0444674948127449	NA	NA
GSE57740_1	-0.00225345877762622	-0.0126740843975664	NA	NA
GSE52992_1	-0.00619348451970078	-0.0253773321100966	NA	NA
GSE17160_1	-0.00725648613443603	-0.0569535596886692	NA	NA
GSE17160_2	-0.00515537760554431	-0.0638139101346344	NA	NA
GSE17160_3	-0.00400299923612545	-0.0625428539237241	NA	NA
GSE17160_4	-0.0190790035863934	-0.110088916814618	NA	NA
GSE17160_5	-0.00451954765226399	-0.0677603894061665	NA	NA
GSE17160_6	-0.00380046378332057	-0.0717570487956049	NA	NA
GSE17160_7	-0.00848999068506149	-0.0429725347472302	NA	NA
GSE17160_8	-0.0281882664039646	-0.0991606219125063	NA	NA
GSE17160_9	0.0382795775242616	0.0444694912589566	NA	NA
GSE17160_10	0.0295866514915166	0.0445349926041121	NA	NA
GSE17160_11	0.0276781709531869	0.0469329033662161	NA	NA
GSE17160_12	0.0248027289650521	0.03718964733436	NA	NA
GSE22971_1	0.00177707959463515	0.0424545422573819	NA	NA
GSE22971_2	0.000123784857522896	-0.0102994409491288	NA	NA
GSE22971_3	-0.00416540771703331	-0.00615736325428781	NA	NA
GSE22971_4	-0.0143371966030177	-0.0256315160061632	NA	NA
GSE13590_1	-0.0345393325476074	-0.0824871932558631	NA	NA
GSE13590_2	0.000338319088319088	-0.0102147092166175	NA	NA
GSE99731_1	0.000390204208863553	-0.00396991322195639	NA	NA
GSE99731_2	0.00235042064452225	0.0291551245351516	NA	NA
GSE99731_3	-0.000705152588646361	-0.00416688086716461	NA	NA
GSE27492_1	-0.00286295974095017	-0.0230722012699987	NA	NA
GSE27492_2	-0.00728727529886638	-0.0597159214740824	NA	NA
GSE27492_3	-0.013203378033114	-0.0436556869588285	NA	NA
GSE27492_4	-0.014463882598818	-0.0165437256097523	NA	NA
GSE27492_5	-0.0106301977565243	-0.0310907736752529	NA	NA
GSE27492_6	0.012675427683669	0.0575286307735165	NA	NA
GSE27492_7	0.0104976259590566	0.0505805317969703	NA	NA
GSE27492_8	0.0125682992490063	0.0636292146827566	NA	NA
E-GEOD-15069_1	0.00668016131967562	0.0517542214871734	NA	NA
E-GEOD-15069_2	-0.00286110559781021	0.000204447761159931	NA	NA
E-GEOD-15069_3	0.0214761490168738	-0.00876903591433091	NA	NA
E-GEOD-15069_4	0.0104396083606197	0.118179449406878	NA	NA
E-GEOD-15118_1	0.00464533903712567	0.00812147834994219	NA	NA
E-GEOD-15118_2	-0.000401284109149278	0.016880509008719	NA	NA
E-GEOD-15118_3	-0.0144795990527264	-0.0467213511546008	NA	NA
E-GEOD-15118_4	-0.00935311426860544	-0.0471803868447429	NA	NA
E-GEOD-16007_1	0.00521448546855555	0.0315318766158865	NA	NA
E-GEOD-17473_1	-0.0119842637571762	-0.0466946548128744	NA	NA
E-GEOD-18647_1	-0.0105714585780688	-0.0224076336380042	NA	NA
E-GEOD-18647_2	-0.00361652438109874	-0.0240785938316358	NA	NA
E-GEOD-18647_3	0.00666107010958561	0.0101578478186156	NA	NA
E-GEOD-18647_4	0.000264865799502575	0.00684800052915593	NA	NA
E-GEOD-18648_1	-0.0113784337148255	-0.0451374104890309	NA	NA
E-GEOD-18648_2	-0.00211946068377892	-0.0395253947043075	NA	NA
E-GEOD-2154_1	-0.00373950391359826	-0.0386272696951236	NA	NA
E-GEOD-2154_2	-0.00195149827678342	-0.00311007119751568	NA	NA
E-GEOD-2154_3	0.00611987609574942	0.0509768643450027	NA	NA
E-GEOD-2154_4	0.013562359721975	0.0729368260312472	NA	NA
E-GEOD-26475_1	-0.0148067543989011	-0.0921641162846404	NA	NA
E-GEOD-26475_2	-0.00127538303233231	-0.0556426436743631	NA	NA
E-GEOD-26475_3	-0.0107336417635767	-0.0693751879110465	NA	NA
E-GEOD-33567_1	0.0632524465518014	0.0975754144440272	NA	NA
E-GEOD-33567_2	0.027247947190045	0.0500972265165643	NA	NA
E-GEOD-37287_1	-0.0265620745793459	-0.0327282025468921	NA	NA
E-GEOD-37287_2	0.00134831725801242	0.00819372457943568	NA	NA
E-GEOD-37287_3	-0.00945200114817423	-0.0161070234659572	NA	NA
E-GEOD-51994_1	-0.00681476424079555	0.00446167378680465	NA	NA
E-GEOD-51994_2	-0.0112016066919646	-0.00189598639890697	NA	NA
E-GEOD-51994_3	-0.0150801108894302	-0.0073981515368437	NA	NA
E-GEOD-65077_1	-0.00186093082752818	-0.0163965347427515	NA	NA
E-MEXP-1244_1	0.000346984934253597	-0.00839981445826559	NA	NA
E-MTAB-1123_1	-0.0244399237570504	-0.11022493763415	NA	NA
E-MTAB-1123_2	-0.0128089109773349	-0.0856672433385163	NA	NA
E-MTAB-1123_3	0.00388960454701454	-0.00536390417779773	NA	NA
E-MTAB-1123_4	-0.000677932770698898	-0.0761065431620142	NA	NA
E-MTAB-1391_1	-0.00943647396112229	-0.0266893616616019	NA	NA
E-MTAB-1391_2	0.060638045301272	0.0681637278988973	NA	NA
E-MTAB-1391_3	0.0758391718230412	0.098161235875206	NA	NA
E-MTAB-2450_1	0.00984925489735854	0.0336509561496625	NA	NA
E-MTAB-2450_2	-0.0168007785975197	-0.0715787450734073	NA	NA
E-MTAB-2450_3	-0.0239149142655077	-0.0446766323841934	NA	NA
E-MTAB-2450_4	0.00660256498052927	0.0476081610137076	NA	NA
E-MTAB-5023_1	-0.00323924059891874	0.0080930848270521	NA	NA
E-MTAB-5326_1	-0.0168928193557784	-0.0566369027218979	NA	NA
E-MTAB-5326_2	-0.0386986918020232	-0.059108574673349	NA	NA
E-MTAB-5326_3	-0.0225825287038278	-0.0350866829642654	NA	NA
GSE102588_1	-0.00153367657420999	-0.00684802444386212	NA	NA
GSE104793_1	0.0191033995667064	0.007890629690123	NA	NA
GSE104794_1	-0.010367336012734	-0.0335317914756473	NA	NA
GSE104795_1	-0.00871442559192123	-0.0533123118912683	NA	NA
GSE105139_1	6.2968444239766e-05	-0.017917056092673	NA	NA
GSE105139_2	-0.00109749116081239	-0.024356558121033	NA	NA
GSE105139_3	-0.000787725326081646	-0.0155469773028266	NA	NA
GSE10555_1	0.0138005105207399	0.0265515862345545	NA	NA
GSE10556_1	0.00626132772726952	0.0288148773658126	NA	NA
GSE106631_1	-0.0183241292646069	-0.0450341380475989	NA	NA
GSE13104_1	-0.0166967668352107	-0.0376792521045886	NA	NA
GSE13104_2	0.000951054037088991	-0.0127558136542449	NA	NA
GSE13104_3	-0.0123810267652728	-0.0318473109794038	NA	NA
GSE16749_1	0.0202753638994603	0.0175721078138723	NA	NA
GSE16749_2	-0.00445832023525991	-0.0114680897315971	NA	NA
GSE16749_3	0.00700584533913408	0.0206807915172891	NA	NA
GSE17348_1	0.0128536185002596	0.0570209700942909	NA	NA
GSE17563_1	-0.0313787065513515	-0.0275775840645591	NA	NA
GSE17563_2	0.0461111396910531	0.0864157706110591	NA	NA
GSE17569_1	0.0325308102329787	0.0497929681563755	NA	NA
GSE17569_2	0.0433346590954038	0.0650206161467402	NA	NA
GSE17570_1	0.0519664724233016	0.0772453114180271	NA	NA
GSE17570_2	0.0308141316473456	0.0562064714578156	NA	NA
GSE18991_1	-0.000464684014869888	-0.00107118113308472	NA	NA
GSE18992_1	0	-0.0053179778181131	NA	NA
GSE19299_1	-0.0251457771945574	-0.0361910529915076	NA	NA
GSE20850_1	-0.00794912037423039	-0.0120149093369042	NA	NA
GSE21093_1	0.0150844693781058	0.0268807279608947	NA	NA
GSE21523_1	-0.0204285607913391	-0.0424630944707243	NA	NA
GSE21639_1	-2.32649005864186e-06	0.014065089767395	NA	NA
GSE21639_2	-0.00440551305800477	-0.00787789536710947	NA	NA
GSE21639_3	1.72115378644999e-05	-0.00121332440649688	NA	NA
GSE21639_4	0.0050615910512008	0.0113724107611812	NA	NA
GSE21710_1	0.036383834939194	0.104385050271093	NA	NA
GSE21710_2	0.0363357785068047	0.101583474385622	NA	NA
GSE21710_3	0.0337587327327634	0.100895336226351	NA	NA
GSE22925_1	-0.0257357474283407	-0.064153983999419	NA	NA
GSE22925_2	-0.00561645097504185	0.010205506415575	NA	NA
GSE26499_1	-0.00404515506875555	-0.00354727781653088	NA	NA
GSE30160_1	0.0207022827976482	0.0363058357854313	NA	NA
GSE30628_1	-0.0106357756550718	-0.0344241157901535	NA	NA
GSE30628_2	-0.0211828462753054	-0.0355126273100568	NA	NA
GSE32163_1	0.00175555715085082	0.00414691047279246	NA	NA
GSE33656_1	0.0383082961675703	0.0874540473175078	NA	NA
GSE33754_1	0.000336690102701646	0.0278098821047294	NA	NA
GSE33754_2	-0.00197800015016263	0.00914142563954427	NA	NA
GSE33754_3	-0.00110050118904592	0.0192957318621185	NA	NA
GSE34570_1	0.024058768522527	0.0455477344678241	NA	NA
GSE35003_1	0.00462904344982463	5.64845677868391e-05	NA	NA
GSE35466_1	-0.0156681458346337	-0.0499146876237158	NA	NA
GSE35466_2	0.000780121398629144	0.0066122878415436	NA	NA
GSE35466_3	-2.01073269960952e-05	-0.0308353120059255	NA	NA
GSE35466_4	-0.00225854880786083	-0.0165606062100222	NA	NA
GSE35466_5	-0.00317825340617253	-0.00294122680704304	NA	NA
GSE36925_1	0	-0.0226253920917314	NA	NA
GSE36925_2	-0.0235876238445912	-0.061814002873173	NA	NA
GSE36925_3	-0.0265738682991039	-0.061870340753307	NA	NA
GSE37219_1	-0.0208965177798967	-0.0365786399324855	NA	NA
GSE37676_1	0.00515195103765509	0.021499259323042	NA	NA
GSE41342_1	0.00939312453453387	0.0476628011406488	NA	NA
GSE41342_2	0.00352343520553774	0.048879122242395	NA	NA
GSE41342_3	0.00199648450206761	-0.0051960992982222	NA	NA
GSE41342_4	0.00459989740996029	0.092612626196796	NA	NA
GSE41997_1	-0.00159006078277392	-0.0130332082522625	NA	NA
GSE43242_1	0.00363925402017707	0.0249769237939957	NA	NA
GSE43242_2	0.00214422418105055	0.0144261930178765	NA	NA
GSE43663_1	0.00178173994041207	0.0403312818849409	NA	NA
GSE43854_1	-0.0216706423385754	-0.0484783793987028	NA	NA
GSE45656_1	-0.012095923108706	-0.00417666689929986	NA	NA
GSE45656_2	0.0437571690284134	0.0604243863445601	NA	NA
GSE45656_3	0.0384472491846685	0.0483911351153452	NA	NA
GSE45793_1	-0.00134495677067914	0.00986416978169941	NA	NA
GSE45793_2	-0.0253605415512798	-0.0422389785859041	NA	NA
GSE45793_3	0.000559546428121751	0.0175383710956908	NA	NA
GSE45793_4	-0.025136682121673	-0.0234778134973597	NA	NA
GSE45793_5	-0.00625700642385098	-0.0120872968546656	NA	NA
GSE46390_1	0.00403594106223286	0.0146949273124547	NA	NA
GSE48438_1	-0.0149430000496934	-0.0372156660323556	NA	NA
GSE50549_1	-0.00199169560578166	-0.0199448393823582	NA	NA
GSE50549_2	-0.0161782028383426	-0.022958595841257	NA	NA
GSE51098_1	0.0149298419420871	0.0315555746605683	NA	NA
GSE53857_1	0.00850961155941034	0.0741262550570435	NA	NA
GSE53857_2	0.000584190859545824	0.0320758348757469	NA	NA
GSE53857_3	-0.000521127963717013	0.0128351333730631	NA	NA
GSE53982_1	0.0217367375971862	0.104174667059586	NA	NA
GSE53982_2	0.000336993099385883	-0.0104038270423756	NA	NA
GSE54779_1	-0.0515053238305665	-0.0752203424989109	NA	NA
GSE55900_1	0	0.0167121372914784	NA	NA
GSE57104_1	-0.00158796743073841	-0.0184232855843536	NA	NA
GSE59387_1	-0.0134433886187659	-0.0460640744918775	NA	NA
GSE60401_1	-0.0190569112771551	-0.0430744637331459	NA	NA
GSE60401_2	-0.00163586603840315	2.49102262188308e-06	NA	NA
GSE60651_1	0.0187171445878664	0.0840583959071459	NA	NA
GSE60737_1	-0.0394629203495247	-0.0463370772211403	NA	NA
GSE60761_1	0.000219212440757589	-0.00144303238928892	NA	NA
GSE60761_2	0	0.00258587266256093	NA	NA
GSE60761_3	0.000350094715769752	-0.0239641540898776	NA	NA
GSE60761_4	0.00227845438886534	-0.0244939035630097	NA	NA
GSE63017_1	0	-0.000206301199023112	NA	NA
GSE63017_2	6.25335792829754e-05	-0.00318340328145673	NA	NA
GSE63017_3	0.00455740644665515	0.0219063650756267	NA	NA
GSE63017_4	0.00251438345123958	0.00869659988324612	NA	NA
GSE63939_1	-0.0126941116517719	0.00651306647076351	NA	NA
GSE63939_2	-0.0130435815564672	-0.00806925424261611	NA	NA
GSE64141_1	0.0533032660586472	0.142495717021868	NA	NA
GSE64965_1	0.0129796707403727	0.0101107763076102	NA	NA
GSE65745_1	6.2968444239766e-05	-0.00345689302042204	NA	NA
GSE65745_2	0.000991145420974999	0.00280945438752211	NA	NA
GSE65745_3	0.000991145420974999	-0.00785057879078272	NA	NA
GSE66416_1	0.00686671457738822	0.0337145840304804	NA	NA
GSE66862_1	0.00434386509571587	0.0496238789248139	NA	NA
GSE69108_1	0.016378224531205	0.0351503056735376	NA	NA
GSE71565_1	0.00267852212139119	0.0153474104748815	NA	NA
GSE72261_1	-0.00500086184313929	-0.00486467743253602	NA	NA
GSE72261_2	-0.0133281513768242	-0.0418325913374043	NA	NA
GSE72261_3	-0.0208176645586298	-0.0554508507354256	NA	NA
GSE7683_1	0.00176035357612699	0.0116501037712608	NA	NA
GSE7683_2	0.00684194397705823	0.0574954541049265	NA	NA
GSE78980_1	0.0103203266434172	0.0558443480762862	NA	NA
GSE78980_2	0.00132464514331364	0.0491583689014555	NA	NA
GSE78980_3	0.00870153325985005	0.0566614536179065	NA	NA
GSE78980_4	-0.0117295227148875	-0.0823802343576343	NA	NA
GSE78980_5	0.000731492413650915	0.00317161380325945	NA	NA
GSE78980_6	-0.000525602318060318	0.0329475020420468	NA	NA
GSE78980_7	-0.01503568956722	-0.0403642511003734	NA	NA
GSE78980_8	0.00156657726114998	0.0179039562464055	NA	NA
GSE78980_9	-0.0147779679194328	-0.0502955127496142	NA	NA
GSE78980_10	-0.00624748984379205	0.00423842570166645	NA	NA
GSE81399_1	-0.000582782115779189	0.000942849553446691	NA	NA
GSE84609_1	-0.0100446870805289	-0.0198158989672397	NA	NA
GSE84907_1	-0.0303488167065071	-0.081016090183744	NA	NA
GSE84907_2	-0.0316400317882057	-0.0736685978204493	NA	NA
GSE84907_3	0.00741666125332151	0.00506615756170803	NA	NA
GSE90127_1	0.0452149771713005	0.0659694135982144	NA	NA
GSE90127_2	0.0240269596502643	0.0473880177356067	NA	NA
GSE90127_3	0.0256145420675346	0.0330354438541445	NA	NA
GSE9247_1	-0.00492488150578788	-0.00466961565952597	NA	NA
GSE9247_2	0.0258288128326742	0.0211835602221902	NA	NA
GSE9247_3	0.00406502561189293	0.0374107592159083	NA	NA
GSE99306_1	-0.00338240940989504	0.00105888218092126	NA	NA
GSE99306_2	0.0158641711922732	0.0284638584464964	NA	NA
GSE99306_3	-0.0147456618883102	-0.0408365943200463	NA	NA
GSE99306_4	0.0111057885207642	0.0409745037315509	NA	NA
GSE99306_5	0.00120531792414643	0.0043147506533025	NA	NA
GSE99306_6	0.0135011066696921	0.0335249977750321	NA	NA
GSE99306_7	-0.0105278239286071	-0.0673442468439769	NA	NA
GSE99306_8	0.00878860765763	0.0288301043287688	NA	NA
GSE99306_9	0.0171696978946235	0.0428051195389284	NA	NA
GSE99306_10	-0.0097303476376955	-0.0461036511815736	NA	NA
GSE99306_11	-0.00779062849801842	-0.000728450322440418	NA	NA
GSE99306_12	0.0230187233203601	0.0473242202542388	NA	NA
GSE99306_13	-0.0357559832720703	-0.0736705593788001	NA	NA
GSE99414_1	-0.00166964123266149	-0.0363639566979219	NA	NA
GSE110581_1	-0.00793592961626153	-0.0316746569789249	NA	NA
GSE110581_2	-0.000924214417744917	-0.0380082117527384	NA	NA
GSE47799_1	0.00423358295836304	0.0600022432075558	NA	NA
GSE47799_2	-0.00498789789556699	0.0182765541770913	NA	NA
GSE47799_3	0.0107337613623814	0.0246599669593475	NA	NA
GSE111628_1	6.07276404299916e-05	-0.00686768912968233	NA	NA
GSE111628_2	0.000123997564071522	0.010983566815128	NA	NA
GSE111628_3	0.000390219687339949	0.00421854361401856	NA	NA
GSE5657_1	0.00176710585946031	0.000261449617833369	NA	NA
GSE5657_2	0.000186658130609106	0.0103425377496406	NA	NA
GSE13782_1	0.000249679423322215	-0.0230892781906358	NA	NA
GSE41039_1	-0.000186647057934375	0.00271380220279082	NA	NA
GSE84198_1	0.0012143729404031	0.0127017710075131	NA	NA
GSE84198_2	0.000859139248887171	0.0186998408034383	NA	NA
GSE84198_3	-0.0169808634570785	0.00236259943588187	NA	NA
GSE114469_1	-0.00308558647384261	-0.023918084073821	NA	NA
GSE108036_1	0.00433740842406625	-0.0292060173837146	NA	NA
GSE60451_1	-0.00404258992857821	-0.0124592787664029	NA	NA
GSE47902_1	0.00147513614384301	0.0631850369548847	NA	NA
GSE44325_1	-0.00938395508194743	-0.0275378112929335	NA	NA
GSE4481_1	-0.00184331736190037	-0.0282486845531904	NA	NA
GSE4481_2	-0.0131312453111367	-0.0680571429801321	NA	NA
GSE4481_3	0	-0.0382070217498049	NA	NA
GSE102292_1	0.00634391676646505	0.0049794179288584	NA	NA
GSE102292_2	0.00346536698513879	0.0513101185930299	NA	NA
GSE102292_3	0.0405163483531176	0.118520240319717	NA	NA
GSE102292_4	0.0691746997404339	0.161089944829907	NA	NA
GSE41898_1	0.0277455841829297	0.0997547059149429	NA	NA
GSE87605_1	-0.0041431136526103	-0.0387324381400848	NA	NA
GSE87605_2	0.00812286670727981	0.015132311061723	NA	NA
GSE87605_3	-0.00168863671396001	-0.0124749645653554	NA	NA
E-GEOD-54216_1	0.00786912666123551	0.0479596260668773	NA	NA
E-GEOD-54216_2	0.01203463470269	0.0555945522299725	NA	NA
E-GEOD-54216_3	0.0022267205440509	0.030143233504207	NA	NA
E-GEOD-6119_1	-0.0783078073731938	-0.150082495737	NA	NA
E-GEOD-6119_2	-0.0808114905764886	-0.151884313983687	NA	NA
E-GEOD-6119_3	-0.0769603859111939	-0.145225542208219	NA	NA
E-GEOD-8077_1	-0.00184783878802814	-0.0106518363082355	NA	NA
E-GEOD-8077_2	0.00166266103112792	0.00157327580254241	NA	NA
E-GEOD-8077_3	0.00167479607474838	0.010156221350433	NA	NA
GSE103416_1	-0.0314292266938021	-0.0718061730911289	NA	NA
GSE103416_2	-0.00593224358089864	-0.00942744830117668	NA	NA
GSE103416_3	-0.00974706066930238	-0.00664728593695106	NA	NA
GSE19950_1	-0.0114790775480593	-0.062025441647974	NA	NA
GSE30322_1	0.0250141047884403	0.106669878307278	NA	NA
GSE30322_2	0.0199016857569205	0.0875331440498114	NA	NA
GSE30322_3	0.00766082273767384	0.0548876524257349	NA	NA
GSE42295_1	0.000124003039993965	-0.0186253269858255	NA	NA
GSE42295_2	-0.0066411911792892	-0.0306598646462637	NA	NA
GSE42295_3	-0.00908887247902541	-0.0179148903933415	NA	NA
GSE66554_1	0.0199898010912616	0.0558636235889561	NA	NA
GSE66554_2	0.0172882251084295	0.0701582801656302	NA	NA
GSE66554_3	0.00644447869171405	0.0116782936320568	NA	NA
GSE66554_4	-0.0077862666513638	-0.023593365519306	NA	NA
GSE74898_1	0.00548562545970535	0.00161062967922357	NA	NA
GSE74898_2	-0.00855978283096161	-0.0205869277592035	NA	NA
GSE74898_3	0.00351553021991962	0.00154833373767118	NA	NA
GSE79176_1	0.000462962962962963	0.0126099290835943	NA	NA
GSE79176_2	-0.000863925272505866	0.0232860503835527	NA	NA
GSE79176_3	-0.000463821892393321	0.0136057468760275	NA	NA
GSE85785_1	0.00448523604982	0.0083006964709102	NA	NA
GSE16981_1	0.00948715626318548	0.00456573810394277	NA	NA
GSE16981_2	0.012774625574889	0.0292135447893321	NA	NA
GSE16981_3	-0.00582299718401203	-0.0130300898304142	NA	NA
GSE16981_4	-0.00582299718401203	-0.0130300898304142	NA	NA
GSE16981_5	-0.000960861166288745	-0.0108519158239321	NA	NA
GSE16981_6	0.00130573611626703	-0.00819431833521125	NA	NA
GSE16981_7	-0.00153543769519916	-0.0292257651141728	NA	NA
GSE29859_1	-0.00273461311039947	-0.00758081450430994	NA	NA
GSE29859_2	0.0120362505805453	0.0572680887117708	NA	NA
GSE23492_1	0.157578366666345	0.425347726950878	NA	NA
GSE23492_2	0.0711595324326518	0.14118984357383	NA	NA
GSE23492_4	0.500364153885367	0.807748865180814	NA	NA
GSE23492_5	-0.443515192372543	-0.752640434839559	NA	NA
GSE44991_1	-0.0015691650881838	0.0324235475354566	NA	NA
GSE44991_2	0.00639494866125755	0.123540199874848	NA	NA
GSE39796_1	-0.0134351024079835	-0.0383574357716955	NA	NA
GSE39796_2	0.000447017642976534	-0.028668233922908	NA	NA
GSE39796_3	-0.0220392203710475	-0.0221917008290811	NA	NA
GSE18394_1	-0.0134583315649481	-0.00208199952549221	NA	NA
GSE18394_2	-0.0172092583901149	0.0115426089627773	NA	NA
GSE18394_3	-0.0056592661132847	-0.0104543842674851	NA	NA
GSE29233_1	-0.01281928957458	-0.0474758101532667	NA	NA
E-MEXP-2291_1	0.00263309919494051	0.000680155833502792	NA	NA
E-MEXP-2291_2	0.0212634082727564	0.0342759281044079	NA	NA
E-MEXP-2291_3	-0.0128415042210252	-0.0301602146499793	NA	NA
GSE18738_1	0.0207145422906184	0.0547625900342939	NA	NA
GSE107363_1	-0.0155751305876984	-0.0575260824631919	NA	NA
GSE85761_1	0.0222563367053734	0.0216021139737063	NA	NA
GSE89179_1	0.0480938447740441	0.0622905586344206	NA	NA
GSE89179_2	-0.00224040951579512	-0.00239230340242851	NA	NA
GSE89179_3	-0.000435323127162296	0.00998284593853742	NA	NA
GSE89179_4	-0.00612488747197557	0.012494771975655	NA	NA
GSE89179_5	-0.00722500533571763	-0.0258946859689493	NA	NA
GSE89179_6	-0.00280633398157631	0.00039494404706332	NA	NA
GSE89179_7	-0.00246753431814975	-0.0123232945673007	NA	NA
E-GEOD-57723_1	-0.0230733801456999	-0.023381825293231	NA	NA
E-GEOD-57723_2	0.00696721455158656	0.0251555866082151	NA	NA
E-GEOD-57723_3	-0.0200387934853149	-0.0190317845413761	NA	NA
E-GEOD-83930_1	0.0048724232636355	0.0039879891076621	NA	NA
GSE100268_1	-0.021729820308518	-0.0426982792267791	NA	NA
E-GEOD-55769_1	-0.00586897939471285	-0.0483384685375751	NA	NA
E-GEOD-55769_2	-0.000124638989435924	-0.0425683395050114	NA	NA
E-GEOD-55769_3	-0.0050146615234186	-0.0600996010720477	NA	NA
E-GEOD-69110_1	0.00121180290620836	0.0189630928941162	NA	NA
E-MTAB-4304_1	-0.0030195450274874	0.0129625946733346	NA	NA
E-MTAB-4879_1	-0.016748694751408	-0.0432025982044938	NA	NA
E-MTAB-4879_2	0.0327410584174277	0.0416875340605275	NA	NA
E-MTAB-4879_3	0.00606974150219394	-0.00731289578833951	NA	NA
E-MTAB-4879_4	-0.00323800194181952	0.0135734316821298	NA	NA
Cytokine_Explant_1	-0.0204985825739425	-0.0156637076928389	NA	NA
Cytokine_Explant_2	-0.0413835365668887	-0.0833541350367833	NA	NA
Cytokine_Explant_3	-0.051486688215906	-0.0791319703932877	NA	NA
Cytokine_Explant_4	-0.00817416779250784	-0.0164765598570698	NA	NA
Cytokine_Explant_5	-0.0472074389079373	-0.0737264091003901	NA	NA
FN1_Explant_1	-0.00315889619871672	-0.0390150652034301	NA	NA
E-MTAB-6266_1	0.0374246008771051	0.069220538014099	NA	NA
E-MTAB-6266_B_1	0.0275796425380014	0.0517478522306987	NA	NA
E-MTAB-6266_B_2	0.040894005031282	0.0756677850462232	NA	NA
E-MTAB-6266_B_3	0.01066364482203	0.0250074058309186	NA	NA
GSE74220_1	-0.0274189695952334	-0.0591521023685375	NA	NA
GSE114007_1	0.0326269579315443	0.0468870493396776	NA	NA
GSE109503_1	0.000793582690927205	0.00152901037492721	NA	NA
GSE109503_2	-0.0213285306522334	-0.0293184951204795	NA	NA
GSE109503_3	0.0173892465316191	0.0288101681138636	NA	NA
GSE109503_4	0.0249534199650846	0.0434439438266859	NA	NA
GSE109503_5	0.00524451898573288	0.0145055665637354	NA	NA
GSE109503_6	-0.0144609020405987	-0.0114136919342985	NA	NA
GSE109108_1	-0.00505178896352389	-0.0363363161142012	NA	NA
GSE109108_2	-0.000457768910570509	0.00722895867004369	NA	NA
GSE109108_3	-0.00125679982031317	0.00205013328919676	NA	NA
GSE109108_4	-0.00118508393571785	-0.00671137694073168	NA	NA
GSE70667_1	-0.0020068443441913	-0.013633376112295	NA	NA
GSE87608_1	0.00273841849108108	0.0477604551594451	NA	NA
GSE87608_2	0.00505816865420544	0.0109845396790209	NA	NA
GSE87608_3	0.0062185903433859	-0.000127692192063897	NA	NA
GSE87608_4	0.00631942638578117	0.0177956209616456	NA	NA
GSE90890_1	0.0158680590464403	0.0360629891356894	NA	NA
GSE97118_1	0.0280093428230603	0.0646584670847599	NA	NA
GSE97118_2	0.00217821410376679	0.0283924883477608	NA	NA
GSE97118_3	0.0311383883370862	0.0731319918626784	NA	NA
GSE97118_4	-0.00483922583056144	0.0143870921294308	NA	NA
GSE97118_5	0.0047712670289611	0.0209388398146625	NA	NA
GSE97118_6	0.00329505269356285	0.00619409182264188	NA	NA
GSE97118_7	0.00384006045290904	0.0124820906493247	NA	NA
GSE107592_1	-0.0134560887364316	-0.0646062402553091	NA	NA
GSE92641_1	0.00289043223081293	0.0166191607600319	NA	NA
GSE107849_1	-0.0187142949113648	-0.0631900545313658	NA	NA
E-ERAD-89_1	0.000585642514395831	0.00746537528829232	NA	NA
E-ERAD-89_2	0.00165213272223392	0.00808304471053871	NA	NA
E-ERAD-89_3	0.000279088568347862	0.00296649262632766	NA	NA
E-ERAD-89_4	-0.000457847350112543	-0.00227411233633738	NA	NA
E-GEOD-45893_1	0	0.0230818703095407	NA	NA
E-GEOD-53105_1	0.00135678316934695	-0.0230920349295086	NA	NA
E-GEOD-53105_2	0.00911424592161357	0.0254182740862042	NA	NA
E-GEOD-54461_1	0.00299019662257549	0.00479383171863318	NA	NA
E-GEOD-54461_2	-0.00210976244630815	-0.00245257699752285	NA	NA
E-GEOD-54461_3	-0.00647129323452698	-0.0119711352900356	NA	NA
E-GEOD-54461_4	-0.00941354663781591	-0.0202182772710328	NA	NA
E-GEOD-54461_5	-0.0463455356372807	-0.0548127586688262	NA	NA
E-GEOD-54461_6	-0.0588215021837822	-0.077774837357501	NA	NA
E-GEOD-54461_7	-0.0595356408986586	-0.0808394823183685	NA	NA
E-GEOD-54461_8	-0.057962123470123	-0.0850598003165859	NA	NA
E-GEOD-73372_1	0.00839200938369328	0.029348500035618	NA	NA
E-GEOD-73372_2	-0.000757999511647013	0.0134994668524816	NA	NA
E-GEOD-73372_3	-0.00571721944643519	-0.0239899710801605	NA	NA
E-GEOD-75549_1	-0.015422984423754	-0.0842929424978915	NA	NA
E-GEOD-76988_1	0.00273294781723261	0.0187455569726988	NA	NA
E-MTAB-2923_1	0.0337594885272317	0.076233717740454	NA	NA
E-MTAB-2923_2	-0.0499425204164808	-0.108466765771075	NA	NA
E-MTAB-2923_3	-0.0601521498492577	-0.0923444372253073	NA	NA
E-MTAB-2923_4	-0.0255264921419219	-0.0377183496709112	NA	NA
E-MTAB-3428_1	-0.041871093253692	-0.0636945745261001	NA	NA
E-MTAB-3428_2	0.00465099167644641	0.0440690988062993	NA	NA
E-MTAB-3428_3	-0.00435049433138735	-0.0188091294793115	NA	NA
E-MTAB-3428_4	-0.0410347855777225	-0.0598177796113447	NA	NA
GSE102856_1	-0.00976812978342997	-0.059602517519524	NA	NA
GSE103492_1	-0.00347503184057387	-0.00702428145173254	NA	NA
GSE103492_2	0.000262224547993501	0.0303483189361399	NA	NA
GSE103492_3	-0.000453108387337756	-0.00545913264168846	NA	NA
GSE103492_4	-0.00671752643191785	-0.03223743050653	NA	NA
GSE103492_5	-0.00308103643560918	0.00860328097520342	NA	NA
GSE103492_6	8.64057948357106e-05	-0.00119643415280443	NA	NA
GSE103492_7	0.00321524476582034	-0.0110472161062765	NA	NA
GSE103492_8	-0.00168479568314729	-0.0243015073850637	NA	NA
GSE103492_9	-0.000469714084043607	-0.0331864141660164	NA	NA
GSE103492_10	-0.00139961028150623	-0.0114128358903664	NA	NA
GSE106259_1	0.0132382348554166	0.0394731758913335	NA	NA
GSE110303_1	-0.000273157235153869	0.0277359787473202	NA	NA
GSE110303_2	-0.00284186171459906	-0.0378514727012597	NA	NA
GSE110303_3	-0.00176499311940936	-0.00848458147984294	NA	NA
GSE110300_1	-0.000231583199620174	0.00283487637478564	NA	NA
GSE110300_2	0.000460401646383022	0.0153112234009923	NA	NA
GSE110300_3	-0.00329251427615663	-0.0188087443599997	NA	NA
GSE110281_1	-0.00873531744357772	-0.0319334392837119	NA	NA
GSE110281_2	-0.0099070382226027	-0.0375616001705695	NA	NA
GSE110281_3	0.00249816471339035	-0.00871308904773515	NA	NA
GSE104459_1	-0.012396985177865	-0.0270117079267903	NA	NA
GSE104459_2	-0.0016399389966241	-0.0136944721401598	NA	NA
GSE104459_3	-0.000571286713801054	0.0123499061171236	NA	NA
GSE110051_1	0.0434508217519069	0.0674259714702158	NA	NA
GSE110051_2	0.0198561023547353	-0.00580594784224966	NA	NA
GSE110051_3	0.0451431654356488	0.0489784842199314	NA	NA
GSE112694_1	-0.0274253698892391	-0.0106509144380571	NA	NA
GSE112694_2	-0.0373338932319823	-0.00581616654904268	NA	NA
GSE112694_3	0.0222138721516097	0.0700508519377974	NA	NA
GSE112694_4	0.0250118310349784	0.0540911447893164	NA	NA
GSE97232_1	-0.00322283609576427	-0.0349993914689619	NA	NA
GSE114079_1	-0.000123361085927931	-0.0255839970907128	NA	NA
GSE114079_2	-0.00033682962570364	-0.0404488229426311	NA	NA
GSE114079_3	-0.0023872826914921	-0.0185601885364515	NA	NA
GSE114079_4	-0.00186159084844312	-0.0140243146864303	NA	NA
GSE104828_1	-0.0403820322695011	-0.0790052197845552	NA	NA
GSE114521_1	-0.00145911457039468	-0.0231526104383255	NA	NA
GSE114521_2	-0.00925961137489146	-0.0614369279080815	NA	NA
GSE112413_1	-0.00579754699001476	-0.0201860792370282	NA	NA
GSE112413_2	-0.0163684271122188	-0.0355450426506331	NA	NA
GSE101909_1	-3.77456377975843e-05	-0.00261067459502912	NA	NA
GSE101909_2	0.00431490598364116	0.00474405804665972	NA	NA
GSE114919_1	0.000184703822089724	-0.00391595553293854	NA	NA
GSE114919_2	-0.000143007718264067	-0.0102965088682795	NA	NA
GSE114919_3	-0.0183964807174495	-0.0116035670402766	NA	NA
GSE114919_4	-0.00728694165881611	0.00262707677724255	NA	NA
GSE114919_5	0.0139361190576903	0.0146032559805477	NA	NA
E-MTAB-5879_1	0.0160894475438993	0.0592937216709401	NA	NA
E-MTAB-5879_2	0.00985923130395821	0.0398423802825002	NA	NA
E-MTAB-5879_3	-0.0124231455891649	0.00347274934305549	NA	NA
E-MTAB-5879_4	-0.0125035421451033	-0.0130088927106988	NA	NA
E-MTAB-5879_5	0.0165184372566927	0.0655071126338418	NA	NA
E-MTAB-5879_6	-0.00970795942912986	-0.00485730017132778	NA	NA
E-MTAB-5879_7	-0.0182563886567815	-0.0739945833140372	NA	NA
E-MTAB-5879_8	-0.0219078552969652	-0.0911601364148437	NA	NA
E-MTAB-5879_9	-0.000902904576576985	0.0221546409797255	NA	NA
E-MTAB-5879_10	-0.0424931954440736	-0.0911782285161772	NA	NA
E-MTAB-4294_1	-0.0344673657077569	-0.0498570045440062	NA	NA
E-MTAB-4294_2	-0.0438543858584712	-0.0704593203599395	NA	NA
E-MTAB-4294_3	-0.0190491513274191	-0.0462362189112054	NA	NA
E-MTAB-3186_1	-0.0647239607165359	-0.0895019692451861	NA	NA
E-MTAB-3186_2	0.00443054554479087	0.0118642271530985	NA	NA
E-MTAB-3186_3	0.0248621245812264	0.059825444653973	NA	NA
E-MTAB-3186_4	0.0160284121363249	0.0359034285951784	NA	NA
GSE114919_Rat_1	-0.00645962874888394	-0.0169554504215122	NA	NA
GSE114919_Rat_2	0.0105689286099774	-0.00901865392978085	NA	NA
GSE114919_Rat_3	-0.0030065584922122	-0.0346918993990628	NA	NA
GSE114919_Rat_4	0.00105906988083566	0.00564588084217203	NA	NA
GSE114919_Rat_5	0.0264760766517161	0.0428835886169107	NA	NA
