comparisonID	jaccard	cosine	sigjaccard	chrDir
22659600_1	0.0134363861673184	0.0670301040759102	NA	NA
24361742_1	0.00293291652748525	-0.00983716986708719	NA	NA
GSE72258_1	0	0.0160796031635437	NA	NA
GSE72258_2	0.0002465483234714	0.0160363309727486	NA	NA
GSE69531_1	0.0153392264792799	0.0500990486843276	NA	NA
GSE69531_2	0.012491232187778	0.0269008365955251	NA	NA
GSE69531_3	0.00213463574162041	-0.0168013269336101	NA	NA
GSE69531_4	0.0153392264792799	0.0500990486843276	NA	NA
GSE58203_1	0.00210280464787024	0.0427705886587657	NA	NA
GSE58203_2	0.0125232308619435	0.0564120816170064	NA	NA
GSE58203_3	0.0156193050285008	0.0387191945665114	NA	NA
GSE58203_4	-0.0303374173862788	-0.0491362779516799	NA	NA
GSE58203_5	5.95039567629144e-05	0.0290474444981498	NA	NA
GSE58203_6	0.00674834914432486	0.0200512087490179	NA	NA
GSE58203_7	0.00275974087847473	0.00539251353008536	NA	NA
GSE58203_8	-0.0333378652686861	-0.0649795821063637	NA	NA
GSE59642_1	0.0446789600420655	0.097418627593838	NA	NA
GSE59642_2	-0.00176469550662649	-0.0112912598510551	NA	NA
GSE59642_3	-0.0478770680922459	-0.133415871712409	NA	NA
GSE64922_1	0.018371015549383	-0.00697610976899805	NA	NA
GSE60162_1	-0.0108677863997083	-0.0635930058693655	NA	NA
GSE31685_1	0.0158532622167638	0.0378936092663747	NA	NA
E-MEXP-3890_1	0.0155060875244701	0.0683496028179337	NA	NA
GSE31980_1	-0.0270262061876134	-0.0449462519658824	NA	NA
GSE15615_1	0.0166575156924603	0.0209375085293673	NA	NA
GSE15083_1	0.0005713866043718	0.018219362288288	NA	NA
GSE108035_1	-0.022119710724956	-0.0441951572686394	NA	NA
GSE108035_2	-0.0738525848820259	-0.162741287720961	NA	NA
GSE108035_3	-0.0839260591779525	-0.183473091105143	NA	NA
GSE21959_1	0.0170456378406623	0.0499275896911913	NA	NA
GSE21959_2	0.0159125579941839	0.0860294281354755	NA	NA
GSE24742_1	-0.00705045102378488	-0.0262386134164851	NA	NA
GSE24742_2	-0.00239920705207201	0.0235761206126191	NA	NA
GSE24742_3	-0.00487654292986004	-0.0313767912383091	NA	NA
GSE74668_1	-0.00054605494409155	0.0038266083179805	NA	NA
E-GEOD-10024_1	-0.00755590660991892	-0.00181844193748334	NA	NA
E-GEOD-10024_2	-0.00506191438524545	-0.00897692539004577	NA	NA
E-GEOD-12860_1	-0.00760906884720608	-0.0169398380702248	NA	NA
E-GEOD-12860_2	0.0104928009075425	-0.0278739572496484	NA	NA
E-GEOD-12860_3	0.00559012132927475	-0.0394061388679922	NA	NA
E-GEOD-12860_4	0.00638016436439303	-0.019195620791863	NA	NA
E-GEOD-12860_5	0.0115029818851157	-0.0281246083682027	NA	NA
E-GEOD-12860_6	0.0071403015189201	-0.0323681446367301	NA	NA
E-GEOD-12860_7	0.00809444734426744	-0.01611796999804	NA	NA
E-GEOD-12860_8	0.00137892013810992	-0.0204631506266455	NA	NA
E-GEOD-14359_1	-0.049824899481463	-0.0840048515018042	NA	NA
E-GEOD-14359_2	0.0312920302901275	0.0990050498549063	NA	NA
E-GEOD-1919_1	-0.0129706907861737	-0.100937988397409	NA	NA
E-GEOD-1919_2	-0.0304967976497898	-0.0747715297553625	NA	NA
E-GEOD-1919_3	-0.0144588360376584	-0.0300863982154348	NA	NA
E-GEOD-1919_4	-0.0109511089301375	-0.0710950528075377	NA	NA
E-GEOD-1919_5	-0.0258759678898055	-0.0704657631359056	NA	NA
E-GEOD-1919_6	-0.000891564098570028	-0.00674240985113032	NA	NA
E-GEOD-1919_7	-0.00180842934354365	-0.0175010252710277	NA	NA
E-GEOD-1919_8	0.00262207331540092	0.00630740252844979	NA	NA
E-GEOD-1919_9	-0.00126453809635218	-0.0369318986875383	NA	NA
E-GEOD-19664_1	-0.0194436261453027	-0.0632004267640751	NA	NA
E-GEOD-19664_2	-0.000799133136915077	-0.0160617037469116	NA	NA
E-GEOD-19664_3	0.0395625046259658	0.0996931365217992	NA	NA
E-GEOD-19664_4	0.00787057332623581	-0.0273790470839863	NA	NA
E-GEOD-19664_5	-0.0170925718530464	-0.0603412846773236	NA	NA
E-GEOD-19664_6	0.0412262783228369	0.109400514595148	NA	NA
E-GEOD-43923_1	0.00627874376536754	0.0472347391262376	NA	NA
E-GEOD-51812_1	0.00259949767513788	0.00732548730844988	NA	NA
E-GEOD-51812_2	0.00606448020417514	0.0211043829331082	NA	NA
E-GEOD-68760_1	-0.0145917303310914	-0.0437362946169868	NA	NA
E-GEOD-82107_1	-0.00120265157046818	0.00574157431883464	NA	NA
E-GEOD-9451_1	0.053856628144795	0.115594914264103	NA	NA
E-GEOD-9451_2	0.0476680385251998	0.119678162818138	NA	NA
E-GEOD-9451_3	-0.0200171506874831	-0.0719204018450144	NA	NA
E-GEOD-9451_4	-0.00285112262522466	-0.0190359404429549	NA	NA
E-MEXP-2019_1	0.0319137040957401	0.0555371842116693	NA	NA
E-MEXP-2019_2	-0.0228622165806163	-0.00426086006547635	NA	NA
E-MEXP-2019_3	0.0205585408137723	0.0441179254716944	NA	NA
E-MEXP-2019_4	0.0150275968965008	0.0686392470046706	NA	NA
E-MEXP-2276_1	-0.00355246670974116	-0.0374164507928675	NA	NA
E-MEXP-2488_1	0.00638762375141037	0.0772442364841542	NA	NA
E-MEXP-3129_1	-0.000733042596086289	0.0288466284957335	NA	NA
E-MEXP-3474_1	0.0166042762468573	0.0345305412011359	NA	NA
E-MTAB-3010_1	-0.0387598852109797	-0.0916158205771157	NA	NA
E-MTAB-3010_2	-0.0306983136086974	-0.099580511617388	NA	NA
E-MTAB-3010_3	0.00449482541857867	0.0331501775095729	NA	NA
E-MTAB-3010_4	0.0273955575910204	0.0448732308112636	NA	NA
E-MTAB-4152_1	0.00239093554764793	0.00397098963488402	NA	NA
E-MTAB-4152_2	-0.00453551183156974	-0.0706871925884066	NA	NA
E-MTAB-4152_3	-0.0065071263646544	-0.0470083165322032	NA	NA
GSE100609_1	-0.0038633408008117	-0.0357002992490202	NA	NA
GSE100786_1	-0.00137232589533543	-0.000144962038220593	NA	NA
GSE100786_2	3.43130245522116e-05	0.0231441660797695	NA	NA
GSE103697_1	0	-0.0102438531026063	NA	NA
GSE103697_2	0	-0.0113115493407434	NA	NA
GSE103697_3	-0.000315457413249211	-0.00548119440664197	NA	NA
GSE104113_1	-0.0169968814834275	-0.0754010815468424	NA	NA
GSE104113_2	0.045316116783285	0.0682088381617322	NA	NA
GSE104113_3	-0.0169968814834275	-0.0754010815468424	NA	NA
GSE10575_1	-0.00416161939281192	-0.0595452326029864	NA	NA
GSE10575_2	-0.0145064506547708	-0.0186962535710653	NA	NA
GSE10575_3	-0.0959070199658339	-0.203615543317524	NA	NA
GSE13604_1	0.0107892094021288	0.0485682823778002	NA	NA
GSE13837_1	0.00241504481831464	0.0273674169446547	NA	NA
GSE13837_2	0.00692598021999514	0.0332253709376174	NA	NA
GSE13837_3	0.0057153744125897	0.0267526913052791	NA	NA
GSE13837_4	-0.00560358581326075	-0.00150650442486828	NA	NA
GSE13837_5	0.00235264167078276	0.0552171170627693	NA	NA
GSE13837_6	0.0097620484185972	0.0570617885687851	NA	NA
GSE13837_7	0.00807347092218282	0.048864677001332	NA	NA
GSE13837_8	-0.00777059536485274	-0.00140531555191774	NA	NA
GSE13837_9	-0.0110687736176244	-0.0180959427154304	NA	NA
GSE13837_10	-0.0120773410459722	-0.0217317838047215	NA	NA
GSE13837_11	-0.0113970699866805	-0.0250531279122706	NA	NA
GSE13837_12	-0.00445701956447973	-0.0101476169846727	NA	NA
GSE13837_13	0.00188885834744521	0.0162956586619393	NA	NA
GSE13837_14	0.0140136242031087	0.0495824697208423	NA	NA
GSE13837_15	0.0135581213399001	0.0387292659948007	NA	NA
GSE13837_16	-0.00330639412657324	0.00208079547143011	NA	NA
GSE13837_17	0.00292212976074457	0.0358188626146445	NA	NA
GSE13837_18	0.00523056953985075	0.0398371777459975	NA	NA
GSE13837_19	0.00875893567129674	0.0335812576802311	NA	NA
GSE13837_20	-0.0143357737478812	-0.0273865732059654	NA	NA
GSE13837_21	-0.00943397238818957	-0.0159264242046295	NA	NA
GSE13837_22	-0.00266417540736092	0.00658658735054537	NA	NA
GSE13837_23	-0.00460440538871556	0.0023723579290026	NA	NA
GSE13837_24	0.00161025684341744	0.0195327470069537	NA	NA
GSE16464_1	-0.0382874857314477	-0.0803418557382576	NA	NA
GSE16464_2	0.034768690701844	0.0889196563199181	NA	NA
GSE19060_1	0.00106179365046482	0.0408374349994041	NA	NA
GSE27372_1	-0.00328396322095395	-0.0250122547686703	NA	NA
GSE27390_1	0.0023332032203669	0.0230097664380375	NA	NA
GSE29106_1	-0.00304664491750879	-0.0085417108686893	NA	NA
GSE29107_1	-0.00402461012117997	-0.00892460956594302	NA	NA
GSE29107_2	0.0100662445152979	0.0112844070348712	NA	NA
GSE29745_1	-0.115350081674099	-0.24728940973775	NA	NA
GSE29745_2	-0.0140216419706633	-0.0567592359289832	NA	NA
GSE29745_3	-0.0733191202973355	-0.135385894686955	NA	NA
GSE35546_1	-0.000159067638234362	0.040488210056678	NA	NA
GSE35546_2	0.00376237407124299	0.0544769024655675	NA	NA
GSE35546_3	0.00413036364490972	0.0408572549267537	NA	NA
GSE35546_4	0.022881536867209	0.0621344722460003	NA	NA
GSE35546_5	0.0151342397689286	0.052190034730586	NA	NA
GSE35546_6	0.0157647189867287	0.0512438622587769	NA	NA
GSE35955_1	0.0111433924063156	0.0187298799087136	NA	NA
GSE35956_1	0.0382242009319614	0.0621690344602851	NA	NA
GSE35957_1	0.0346512825366599	0.0673693939253513	NA	NA
GSE35958_1	0.0248840935574583	0.0407156225580987	NA	NA
GSE39340_1	0.00293158966989799	0.028591137603191	NA	NA
GSE39340_2	0.0156693598265863	0.100594703483047	NA	NA
GSE39340_3	-0.0116278993922265	-0.081924358410706	NA	NA
GSE39795_1	-0.000207679035003631	0.0221327937325119	NA	NA
GSE39795_2	-0.00201757754153153	0.00330415369732613	NA	NA
GSE39795_3	-0.000578666423156288	-0.0156901842890753	NA	NA
GSE41038_1	-0.00158409708451256	-0.00650136429896248	NA	NA
GSE41038_2	0.000558092368628731	0.0149140505365543	NA	NA
GSE41038_3	0.00320744370663848	0.0101998619333248	NA	NA
GSE41992_1	0.00545638740983827	0.0138654311224139	NA	NA
GSE42235_1	0.00394875282298755	0.00833654648477004	NA	NA
GSE42235_2	0.007307127028993	-2.66463342542602e-05	NA	NA
GSE42235_3	0.00836055171519218	0.00854887044737022	NA	NA
GSE42235_4	0.0081314941323732	0.00955954955942811	NA	NA
GSE45233_1	-0.0153803825171785	-0.0502575379242398	NA	NA
GSE45233_2	-0.00210559514485907	-0.0112262960349093	NA	NA
GSE45233_3	0.00245673017412906	0.016251061150842	NA	NA
GSE45233_4	-0.0146382217966906	-0.0289017081045417	NA	NA
GSE46053_1	0.000819689953122177	0.0525116071107155	NA	NA
GSE46053_2	0.00113988221376703	0.0396623913628985	NA	NA
GSE46750_1	0.00827521506689959	0.0692472070636133	NA	NA
GSE51588_1	0.0462491146319241	0.110281603630921	NA	NA
GSE51588_2	0.0436842032504882	0.0912685125494972	NA	NA
GSE51588_3	0.00605737089326371	0.0190673076647489	NA	NA
GSE52817_1	0.01316093327726	0.014583568625226	NA	NA
GSE52817_2	-0.0491387213391843	-0.0485732149648566	NA	NA
GSE52817_3	0.00488800046968652	0.0333004062635789	NA	NA
GSE52817_4	0.0481355147767562	0.0497841026008277	NA	NA
GSE55235_1	-0.0113661837750023	-0.109999287810823	NA	NA
GSE55235_2	-0.00369090463563575	-0.0390269935437972	NA	NA
GSE55235_3	0.0133961600383968	0.0394996413569086	NA	NA
GSE55457_1	-0.00577875102664669	-0.0891861381808551	NA	NA
GSE55457_2	-0.000214072291245425	-0.0163636564545893	NA	NA
GSE55584_1	-0.0100349062690169	-0.118222928501366	NA	NA
GSE57218_1	-0.000776972311902482	0.0158952658615607	NA	NA
GSE60762_1	-0.00838874391138137	-0.0377860674859337	NA	NA
GSE62914_1	0.00986771242428152	0.0240620897875803	NA	NA
GSE62914_2	0.0322025244614428	0.0274970503021698	NA	NA
GSE62914_3	0.0206009554296667	0.0194372374930355	NA	NA
GSE62914_4	-0.0103203268816935	-0.0191222923550155	NA	NA
GSE64394_1	-0.0318388852202992	-0.0992970426665931	NA	NA
GSE66635_1	-0.000604249347605541	-0.0124224511606401	NA	NA
GSE68038_1	0.0161716609739638	0.0309546069630955	NA	NA
GSE68428_1	-0.00688941048959783	-0.00894126078429009	NA	NA
GSE68428_2	-0.00111798617007491	0.00202655361952365	NA	NA
GSE68428_3	-0.0142887716585436	-0.0112433194800429	NA	NA
GSE69459_1	0.00578373883290848	0.0203243708154376	NA	NA
GSE69459_2	0.0111907416116142	0.0305719551643439	NA	NA
GSE69459_3	0.000573285964757198	-0.0237667496477821	NA	NA
GSE69459_4	0.00128836091097718	0.0021903355019804	NA	NA
GSE69992_1	-0.0142761683813074	-0.0485005641002694	NA	NA
GSE70719_1	0.0234719480523084	0.0956662433763422	NA	NA
GSE7116_1	-0.00123361623687211	0.00560810638913296	NA	NA
GSE7116_2	-0.00116158636124686	0.0118655997039237	NA	NA
GSE7116_3	-0.00374110057232149	0.00418801365401098	NA	NA
GSE72575_1	-0.00919522071286188	-0.0235119840224982	NA	NA
GSE72575_2	-0.00543366994713077	-0.0189930094760884	NA	NA
GSE72575_3	-0.0118569600796394	-0.0476215080704153	NA	NA
GSE72575_4	-0.001078225774542	0.00710833615041197	NA	NA
GSE75181_1	-0.016584832488394	-0.0609708662792803	NA	NA
GSE75181_2	-0.01594203034843	-0.0278554353685675	NA	NA
GSE75181_3	-0.0176330126844185	-0.0621172816320596	NA	NA
GSE75230_1	-0.0011207636578673	-0.000980274116347311	NA	NA
GSE7669_1	0.00717036439229975	0.0678782524395321	NA	NA
GSE77916_1	-0.000135287081043463	0.0541725147729593	NA	NA
GSE80614_1	-4.27641747363935e-05	0.0191129352313561	NA	NA
GSE80614_2	0.0031027527461439	0.0564496248099361	NA	NA
GSE80614_3	0.000224537699452628	0.0427265418344952	NA	NA
GSE80614_4	0.00372649415997842	0.0141402756845954	NA	NA
GSE80614_5	0.00247615580802101	0.00594891616536031	NA	NA
GSE80614_6	0.00698789952587265	0.004251205220779	NA	NA
GSE80614_7	0.00381517044380184	-0.00742685577192717	NA	NA
GSE80614_8	-0.00140759612211481	-0.0185390436405407	NA	NA
GSE80614_9	8.06680808183831e-05	0.00264877821320818	NA	NA
GSE80614_10	0.000313571924361752	0.036187169203873	NA	NA
GSE80614_11	0.000603891609513096	0.0163956023476783	NA	NA
GSE80614_12	0.00693885853682668	0.0776176480308213	NA	NA
GSE80614_13	0.00638505653429366	0.0600749490107575	NA	NA
GSE80614_14	0.0110653510009183	0.0702320159489867	NA	NA
GSE80614_15	0.0128756028754148	0.0729510838445635	NA	NA
GSE80614_16	0.0205749129999309	0.0706550385331784	NA	NA
GSE85254_1	-0.0225229352545974	-0.0559932805934437	NA	NA
GSE86578_1	0.00122032521420738	-0.015690027935224	NA	NA
GSE86578_2	0.00352183452519021	0.0205426216489891	NA	NA
GSE86578_3	-0.00882005793700796	-0.0244899776206027	NA	NA
GSE9329_1	0.00449516148910396	0.0354021712832837	NA	NA
GSE93698_1	0.00519099695355424	0.0218436850100015	NA	NA
GSE93698_2	-0.00333546179934532	0.00410639482047407	NA	NA
GSE93698_3	0.0185234396129954	0.0571691926967475	NA	NA
GSE93698_4	0.000304630386261953	0.0267113952838666	NA	NA
GSE93698_5	0.0270396039905896	0.0677481767947178	NA	NA
GSE93698_6	-0.00473093738398286	-0.0502063650148175	NA	NA
GSE93698_7	0.0223760292018977	0.0562784111834792	NA	NA
GSE93698_8	0.00244311652616376	0.00494467294475397	NA	NA
GSE93698_9	0.036189264882306	0.0949399093673893	NA	NA
GSE93698_10	0.0233668015267619	0.0967828740271487	NA	NA
GSE93698_11	0.00974139916976072	0.0521251390242033	NA	NA
GSE93698_12	0.0386084266963661	0.120375680620536	NA	NA
GSE93698_13	-0.0198822789610143	-0.0592499961557674	NA	NA
GSE93698_14	0.0113284087845551	0.0495677817066701	NA	NA
GSE93698_15	0.0320626144844882	0.0851830812137575	NA	NA
GSE93720_1	-0.0195781892736836	-0.0288120146591988	NA	NA
GSE93720_2	-0.0150786634522453	-0.0162399201887356	NA	NA
GSE93720_3	-0.021631470947151	-0.0338381177454935	NA	NA
GSE93720_4	-0.0173777547055488	-0.0181186040807152	NA	NA
E-MTAB-5564_1	0.00715524660537465	0.0280052012640598	NA	NA
GSE77753_1	-0.00683525823424413	-0.056025545606517	NA	NA
GSE43861_1	0.00302504793715751	0.0117596201854115	NA	NA
GSE112809_1	0.000424767692197004	0.012629458506166	NA	NA
GSE111946_1	-0.0292976850334086	-0.0537989904646121	NA	NA
GSE111946_2	0.00112417902929254	-0.0311297656607225	NA	NA
E-MTAB-3201_1	-0.00773572799937417	0.0161468643183081	NA	NA
E-MTAB-6700_1	-0.0134713776104264	-0.0301219799406412	NA	NA
GSE54749_1	-0.000314465408805031	-0.0255101068020033	NA	NA
GSE57218_B_1	0.0106997786096919	0.09080749342623	NA	NA
GSE57218_B_2	0.0123521670238716	0.105581618532212	NA	NA
GSE57740_1	-0.000762086735599644	0.0242568518668588	NA	NA
GSE52992_1	0.000704503807367148	-0.0693835496490274	NA	NA
GSE17160_1	-0.00417398425292614	-0.0847819420446176	NA	NA
GSE17160_2	-0.000160321137570389	-0.0547680346467542	NA	NA
GSE17160_3	0.00369117887112961	0.00829035619168402	NA	NA
GSE17160_4	-0.0234871699182308	-0.123413007690977	NA	NA
GSE17160_5	-0.00222977076343164	-0.0666770402918784	NA	NA
GSE17160_6	-0.000260365977214244	-0.0577784725500244	NA	NA
GSE17160_7	0.00709631838703443	0.010762762219579	NA	NA
GSE17160_8	-0.0269511053693792	-0.0989533645958566	NA	NA
GSE17160_9	0.0824103154025976	0.177137101530171	NA	NA
GSE17160_10	0.0768040079234288	0.168471025411064	NA	NA
GSE17160_11	0.0769490777480483	0.174612474782412	NA	NA
GSE17160_12	0.0793055868493137	0.165974428780132	NA	NA
GSE22971_1	0.000609510497070225	0.0905948207167897	NA	NA
GSE22971_2	0.00019888601924707	-0.0508745723801333	NA	NA
GSE22971_3	-0.00293926638771875	0.00558790104070585	NA	NA
GSE22971_4	-0.0202998997931533	-0.0445351009161283	NA	NA
GSE13590_1	0.00155550436400987	-0.00252925815835133	NA	NA
GSE13590_2	0.000493734968245053	-0.0585473618826599	NA	NA
GSE99731_1	0.00115928499490513	0.0200887618568676	NA	NA
GSE99731_2	-0.00100545443242279	-0.0158936082742871	NA	NA
GSE99731_3	0.000720892927714219	-0.0164987518460767	NA	NA
GSE27492_1	7.03522959299822e-05	-0.0229546220482004	NA	NA
GSE27492_2	-0.00533292581862635	-0.0684349781117468	NA	NA
GSE27492_3	-0.0150828881198734	-0.0454728238887129	NA	NA
GSE27492_4	-0.00757945613766167	0.0019548098855356	NA	NA
GSE27492_5	-0.00129690822817564	-0.00210859959759278	NA	NA
GSE27492_6	0.00509903967347841	0.0504476837412438	NA	NA
GSE27492_7	0.00595402047655418	0.0763060666380361	NA	NA
GSE27492_8	0.0111763125328248	0.0902256139052133	NA	NA
E-GEOD-15069_1	0.00301594966428875	0.0752124907705063	NA	NA
E-GEOD-15069_2	-0.0143285188895424	-0.0922725013616907	NA	NA
E-GEOD-15069_3	0.0170438790969489	0.00272894313787677	NA	NA
E-GEOD-15069_4	0.0096409760850672	0.20779109366215	NA	NA
E-GEOD-15118_1	0.0139234839325886	0.100333608305358	NA	NA
E-GEOD-15118_2	0.00056226337452428	-0.0409080154388825	NA	NA
E-GEOD-15118_3	0.00901027153629746	0.0478572667911854	NA	NA
E-GEOD-15118_4	0.0252209104920595	0.129554549082928	NA	NA
E-GEOD-16007_1	-0.0227931834220902	-0.100006795849543	NA	NA
E-GEOD-17473_1	-0.00948509085902541	-0.0556273286417066	NA	NA
E-GEOD-18647_1	-0.0128345971357446	-0.0457431749234074	NA	NA
E-GEOD-18647_2	-0.00600889407652485	-0.0595264971036596	NA	NA
E-GEOD-18647_3	0.0131596992653023	0.0502175413530182	NA	NA
E-GEOD-18647_4	0.0124264827030868	0.0296633157063568	NA	NA
E-GEOD-18648_1	0.0203964107449599	0.081358772566626	NA	NA
E-GEOD-18648_2	0.0128598384430959	-0.0221144422804585	NA	NA
E-GEOD-2154_1	0.00215237904344221	-0.0435906275413888	NA	NA
E-GEOD-2154_2	0.0118432482961209	0.0802029173151182	NA	NA
E-GEOD-2154_3	0.0103233894410013	0.16929055548792	NA	NA
E-GEOD-2154_4	0.0160711526374701	0.148023640094864	NA	NA
E-GEOD-26475_1	-0.00167977825880308	-0.0426403553949117	NA	NA
E-GEOD-26475_2	-0.00658613772385501	-0.0954345461705739	NA	NA
E-GEOD-26475_3	-0.00974441240783394	-0.123322300722062	NA	NA
E-GEOD-33567_1	0.0820925016035528	0.155902069238672	NA	NA
E-GEOD-33567_2	0.027223880639647	0.0600629588700979	NA	NA
E-GEOD-37287_1	-0.0170063265972696	-0.0334354909545405	NA	NA
E-GEOD-37287_2	-0.0275297998292032	-0.0503243780626145	NA	NA
E-GEOD-37287_3	-0.00547680273812132	-0.0149719167388735	NA	NA
E-GEOD-51994_1	0.00765263695620843	0.0689023351433915	NA	NA
E-GEOD-51994_2	0.0154867161935491	0.0888226677531422	NA	NA
E-GEOD-51994_3	0.0197579985627572	0.0661024404868386	NA	NA
E-GEOD-65077_1	0.00355404347080773	0.112692914678918	NA	NA
E-MEXP-1244_1	0.00947244934989994	0.100743205006762	NA	NA
E-MTAB-1123_1	-0.0388720844654524	-0.193352180383413	NA	NA
E-MTAB-1123_2	-0.029572803851443	-0.161240681586866	NA	NA
E-MTAB-1123_3	-0.00118695844311792	-0.0617118732142812	NA	NA
E-MTAB-1123_4	-0.00183612442943524	-0.195602275830292	NA	NA
E-MTAB-1391_1	0.0515550942152789	0.186495671269135	NA	NA
E-MTAB-1391_2	0.11131552091609	0.279408536569388	NA	NA
E-MTAB-1391_3	0.09709671815186	0.252775099014266	NA	NA
E-MTAB-2450_1	0.0303980960652862	0.12648829825865	NA	NA
E-MTAB-2450_2	-0.000654698166832866	-0.0553501501741247	NA	NA
E-MTAB-2450_3	-0.037043588716715	-0.0834378968484897	NA	NA
E-MTAB-2450_4	0.00118364322172542	0.0842317745893124	NA	NA
E-MTAB-5023_1	-0.012445502263821	-0.0329878578742088	NA	NA
E-MTAB-5326_1	0.000173207069606296	0.0116466543587373	NA	NA
E-MTAB-5326_2	0.00280013357742505	0.0166487274599079	NA	NA
E-MTAB-5326_3	-0.00104402519414525	0.00424437693472225	NA	NA
GSE102588_1	0.0097024063685815	0.0562908310514154	NA	NA
GSE104793_1	0.0391833854954073	0.0855342554748099	NA	NA
GSE104794_1	-0.0273990490683821	-0.00661919370837994	NA	NA
GSE104795_1	-0.0326882530904307	-0.0438198608895052	NA	NA
GSE105139_1	-0.000246913580246914	-0.0503423670984861	NA	NA
GSE105139_2	-0.00893032729669777	-0.0564752693199002	NA	NA
GSE105139_3	-0.010904643269175	-0.031109301083407	NA	NA
GSE10555_1	-0.0530345932819764	-0.0566839073153478	NA	NA
GSE10556_1	0.00748208229280431	0.0176036921586617	NA	NA
GSE106631_1	-0.00283848212537577	-0.0112841354430047	NA	NA
GSE13104_1	0.0799171036327394	0.16604707184806	NA	NA
GSE13104_2	0.0643169427291853	0.175449652597228	NA	NA
GSE13104_3	-0.0261140405396703	0.0291857678402557	NA	NA
GSE16749_1	0.065412988808084	0.103800268326065	NA	NA
GSE16749_2	0.00722443109997589	0.0383884741173551	NA	NA
GSE16749_3	-0.00603025910393974	-0.00976003670516858	NA	NA
GSE17348_1	0.0140959055111382	0.0242682210154288	NA	NA
GSE17563_1	-0.0585593013634516	-0.123107574061992	NA	NA
GSE17563_2	0.0573842334206133	0.135597714290575	NA	NA
GSE17569_1	0.0472888535206316	0.0906558171934036	NA	NA
GSE17569_2	0.0421792703142167	0.0619014930514408	NA	NA
GSE17570_1	0.00295392204689135	0.00318607301327494	NA	NA
GSE17570_2	0.0287694670282549	0.0474506090800551	NA	NA
GSE18991_1	0.000247279920870425	-0.0336638533299827	NA	NA
GSE18992_1	0.000247279920870425	-0.0170079051184569	NA	NA
GSE19299_1	-0.0397145829678279	-0.0307136117564419	NA	NA
GSE20850_1	-0.028500478859929	-0.0594227793509547	NA	NA
GSE21093_1	0.0694799916353186	0.161623054788469	NA	NA
GSE21523_1	0.00202799038721017	-0.0373275446229745	NA	NA
GSE21639_1	0.00307374239657147	0.0550118108914554	NA	NA
GSE21639_2	-0.00334383811691115	-0.0204128174580107	NA	NA
GSE21639_3	-0.00450634648324711	-0.011771176243289	NA	NA
GSE21639_4	-0.00451637525456102	-0.0185518189658853	NA	NA
GSE21710_2	0.798561894377715	0.983354432606964	NA	NA
GSE21710_3	0.744654305294223	0.973538882355358	NA	NA
GSE22925_1	-0.0219741534211384	-0.0988052692267453	NA	NA
GSE22925_2	0.0282801428276844	0.106269855208309	NA	NA
GSE26499_1	-0.00947192362809353	-0.0106898585373775	NA	NA
GSE30160_1	0.0534636090097777	0.149925851269502	NA	NA
GSE30628_1	-0.0469750154245331	-0.101286231341568	NA	NA
GSE30628_2	-0.0122621813313107	-0.0694639043221104	NA	NA
GSE32163_1	-0.00963036839849387	-0.0588594968420559	NA	NA
GSE33656_1	0.0685644852438811	0.180801206891303	NA	NA
GSE33754_1	-0.0049529505839765	0.0494667946225752	NA	NA
GSE33754_2	0.00661765796733708	0.091305924917766	NA	NA
GSE33754_3	0.0116659123717442	0.136414039228558	NA	NA
GSE34570_1	-0.0163591379820088	-0.0156009354616325	NA	NA
GSE35003_1	-0.00943089223565174	-0.0294894609942746	NA	NA
GSE35466_1	-0.00764152584549742	-0.00014313225592073	NA	NA
GSE35466_2	-0.023885423058317	-0.0869934642089481	NA	NA
GSE35466_3	-0.016686637966778	-0.0537270395709612	NA	NA
GSE35466_4	-0.0180090890613826	-0.0558806870100091	NA	NA
GSE35466_5	-0.017619300383261	-0.0866677680703604	NA	NA
GSE36925_1	-0.0020578342530106	-0.0139454188027848	NA	NA
GSE36925_2	-0.0276428571199167	-0.108687319594353	NA	NA
GSE36925_3	-0.0247100116126922	-0.0924049684515907	NA	NA
GSE37219_1	-0.0520992214108413	-0.111227015583027	NA	NA
GSE37676_1	0.0229339050232446	0.0981580213106006	NA	NA
GSE41342_1	0.0041632399416096	0.0783412968856826	NA	NA
GSE41342_2	0.0028637275587289	0.051738641425641	NA	NA
GSE41342_3	0.000295540711267883	-0.00222443479031268	NA	NA
GSE41342_4	0.010998335788976	0.228008819164531	NA	NA
GSE41997_1	0.0106950149395622	0.0735662804102282	NA	NA
GSE43242_1	0.00712897071858729	0.115229719875293	NA	NA
GSE43242_2	0.00367244005896432	0.0725498676198467	NA	NA
GSE43663_1	1.2457673575334e-06	-0.0286775076689923	NA	NA
GSE43854_1	-0.0470104397100179	-0.0785174233152675	NA	NA
GSE45656_1	-0.00371628764754248	-0.0253029897942378	NA	NA
GSE45656_2	0.109463833406154	0.204453259808416	NA	NA
GSE45656_3	0.124078583496482	0.191265319191235	NA	NA
GSE45793_1	0.00613142331248224	0.0217091686206055	NA	NA
GSE45793_2	-0.00867035595878872	-0.0119092980012885	NA	NA
GSE45793_3	-0.0113722930110913	0.000174401628903108	NA	NA
GSE45793_4	-0.0178506498979438	0.0109199661666596	NA	NA
GSE45793_5	-0.0118395068226351	-0.000283324812350813	NA	NA
GSE46390_1	-0.006756145772475	0.0145737769639028	NA	NA
GSE48438_1	-0.00292537594013687	-0.00524143860762334	NA	NA
GSE50549_1	0.00667590752353826	0.0254635830500277	NA	NA
GSE50549_2	-0.00408736172623699	-0.0276249728584921	NA	NA
GSE51098_1	0.0213791304891195	0.0790771929815294	NA	NA
GSE53857_1	0.000436318546498481	0.0554280125961271	NA	NA
GSE53857_2	-0.000190420851582348	0.0428653685723492	NA	NA
GSE53857_3	0.00118212099110911	0.0394175572821617	NA	NA
GSE53982_1	-0.00781552749870344	0.0263834749797031	NA	NA
GSE53982_2	-0.00927441072101621	-0.0235995527131423	NA	NA
GSE54779_1	-0.0241821191816397	-0.0399478230618525	NA	NA
GSE55900_1	-0.000562018897371552	0.0283628784524515	NA	NA
GSE57104_1	-0.0103299258446816	-0.0511960011194815	NA	NA
GSE59387_1	-0.0122010782139464	-0.0482407853608559	NA	NA
GSE60401_1	0.0436969446758149	0.0862782587580378	NA	NA
GSE60401_2	0.00330419595882244	0.00609339907746536	NA	NA
GSE60651_1	0.0380018798121165	0.144741153196441	NA	NA
GSE60737_1	-0.013991822091887	-0.0538081034024414	NA	NA
GSE60761_1	0.00109239931854958	-0.0204311272778863	NA	NA
GSE60761_2	3.66340623511726e-07	0.0247635155438472	NA	NA
GSE60761_3	-0.00501238913951416	-0.0602751451599109	NA	NA
GSE60761_4	-0.00880420753701483	-0.0823992324795994	NA	NA
GSE63017_1	0	0.023734546344623	NA	NA
GSE63017_2	-0.000179671904744788	-0.0044125990603266	NA	NA
GSE63017_3	0.00432358630913632	0.0120214288995709	NA	NA
GSE63017_4	0.00104272094179795	0.0388176629949994	NA	NA
GSE63939_1	0.0352312158158435	0.111947144888458	NA	NA
GSE63939_2	0.00900753281504212	0.0083379691085625	NA	NA
GSE64141_1	0.0289831969093938	0.132022526523462	NA	NA
GSE64965_1	0.0304576250186141	0.0638325936695901	NA	NA
GSE65745_1	-0.000247157686604053	0.00974839829108278	NA	NA
GSE65745_2	-0.000739280433711188	0.0104117084774097	NA	NA
GSE65745_3	6.82231352384026e-05	0.0117836974855875	NA	NA
GSE66416_1	0.0203961607401061	0.0975598223968588	NA	NA
GSE66862_1	0.0212628071928334	0.169151307483578	NA	NA
GSE69108_1	0.0149405019407598	0.0457359652256271	NA	NA
GSE71565_1	0.0141960366330029	0.0593969721035036	NA	NA
GSE72261_1	0.0024860873680801	0.0164297300027749	NA	NA
GSE72261_2	-0.0157219087146487	-0.0716154420240311	NA	NA
GSE72261_3	-0.0100052306107077	-0.0560345335249894	NA	NA
GSE7683_1	0.00604436324875091	0.0568178171298761	NA	NA
GSE7683_2	0.0191153329159945	0.156526266488685	NA	NA
GSE78980_1	-0.00107296058297251	0.0192935222798952	NA	NA
GSE78980_2	-0.000852477855547057	-0.05120315937296	NA	NA
GSE78980_3	-0.00478648487034339	-0.0260184779293326	NA	NA
GSE78980_4	-0.00995010144595094	-0.101723183322479	NA	NA
GSE78980_5	0.00136023472565776	0.0608462486731872	NA	NA
GSE78980_6	0.00235693474291262	-0.0136986214451062	NA	NA
GSE78980_7	0.0179093135091383	-0.0307210612836214	NA	NA
GSE78980_8	0.010327737149158	0.0135816714036253	NA	NA
GSE78980_9	0.025584698367165	-0.00667788181363617	NA	NA
GSE78980_10	0.0183357427831163	0.0184713799048153	NA	NA
GSE81399_1	0.00122232037833661	0.00374842472341187	NA	NA
GSE84609_1	0.0128498819689843	0.0321161621535932	NA	NA
GSE84907_1	-0.00199590346001781	-0.0411639612808588	NA	NA
GSE84907_2	-0.0235448218904431	-0.0689487028235195	NA	NA
GSE84907_3	-0.0169655796848868	-0.0458468157348424	NA	NA
GSE90127_1	0.0395204489773502	0.156600381884101	NA	NA
GSE90127_2	0.0319385661906934	0.102653919407431	NA	NA
GSE90127_3	0.0160129302327062	0.0837726775663971	NA	NA
GSE9247_1	0.00555504036398271	0.0691304457513459	NA	NA
GSE9247_2	0.0293912867567166	0.0519401263309893	NA	NA
GSE9247_3	0.00292949948435311	0.031695523840339	NA	NA
GSE99306_1	-0.0311266075276989	-0.04737463833402	NA	NA
GSE99306_2	-0.0360833847348134	-0.0504820150852868	NA	NA
GSE99306_3	0.00883979412674604	0.0108051424884557	NA	NA
GSE99306_4	-0.035354108761852	-0.0497834903515804	NA	NA
GSE99306_5	-0.0390191962564149	-0.0732039686187671	NA	NA
GSE99306_6	-0.033177441483698	-0.047608562795171	NA	NA
GSE99306_7	-0.000384640852670259	-0.0308917176829345	NA	NA
GSE99306_8	-0.0323992162915485	-0.0417325952315809	NA	NA
GSE99306_9	-0.0232981398345084	-0.024242900104294	NA	NA
GSE99306_10	0.00338601703472651	-0.0306220856376392	NA	NA
GSE99306_11	-0.0496794414825394	-0.0918830378360767	NA	NA
GSE99306_12	-0.0237615272260299	-0.022658591691914	NA	NA
GSE99306_13	-0.0306580606576231	-0.0975403373041176	NA	NA
GSE99414_1	-0.0040153373637623	-0.0650291085061128	NA	NA
GSE110581_1	0.00422881449910907	0.0022872447719722	NA	NA
GSE110581_2	0.00116792567343073	0.00311897761211282	NA	NA
GSE47799_1	0.000820442258225164	0.0201673786916714	NA	NA
GSE47799_2	1.92732555559802e-05	0.0187501845472085	NA	NA
GSE47799_3	-0.00144204673307324	-0.00301248570690911	NA	NA
GSE111628_1	-0.00461667064010897	-0.0716371791508419	NA	NA
GSE111628_2	0.00015667795526846	0.00951184235861065	NA	NA
GSE111628_3	-0.00579027016642709	-0.0328791822756319	NA	NA
GSE5657_1	0.000764363771242284	0.00132208444737352	NA	NA
GSE5657_2	-0.00392608475192192	-0.00732927324491893	NA	NA
GSE13782_1	-0.0048255482912947	-0.000855736055215271	NA	NA
GSE41039_1	0.00078181402465678	0.039637811339721	NA	NA
GSE84198_1	0.00202239608574062	0.0553960938429849	NA	NA
GSE84198_2	0.000612705791692581	-0.00309423558148674	NA	NA
GSE84198_3	-0.0521907848681093	-0.0939138989980854	NA	NA
GSE114469_1	0.0421349696393679	0.0342462551084852	NA	NA
GSE108036_1	-0.00101428655164989	-0.00438500440806242	NA	NA
GSE60451_1	0.00839866423443855	0.0367128946823194	NA	NA
GSE47902_1	0.00152005558430209	0.138730816166052	NA	NA
GSE44325_1	0.00551694585916847	-0.0176141043249996	NA	NA
GSE4481_1	-0.00511971460817317	-0.100080534521773	NA	NA
GSE4481_2	-0.010362477016344	-0.0259408429208866	NA	NA
GSE4481_3	-0.000492119500375494	-0.041851148788971	NA	NA
GSE102292_1	0.030755419180194	0.0901584050203289	NA	NA
GSE102292_2	0.0106316745321592	0.100867292970325	NA	NA
GSE102292_3	0.0158065159667519	0.137109347509087	NA	NA
GSE102292_4	0.0453469733247448	0.146541737066269	NA	NA
GSE41898_1	0.0463143236239122	0.130772236183892	NA	NA
GSE87605_1	0.00610559870032715	3.36216499336629e-05	NA	NA
GSE87605_2	0.000787479499509636	-0.0242309238045257	NA	NA
GSE87605_3	-0.000619269211757978	-0.0188929703404574	NA	NA
E-GEOD-54216_1	0.0216901048401307	0.101796947496645	NA	NA
E-GEOD-54216_2	0.0355685054361713	0.133560741891977	NA	NA
E-GEOD-54216_3	0.0162508185500817	0.0956938659980022	NA	NA
E-GEOD-6119_1	-0.0312400694909468	-0.073675710147869	NA	NA
E-GEOD-6119_2	-0.0337079456897445	-0.0792130955350599	NA	NA
E-GEOD-6119_3	-0.0370903143187367	-0.0882875196667627	NA	NA
E-GEOD-8077_1	-0.0011527907349853	-0.0508505318755046	NA	NA
E-GEOD-8077_2	0.0025167966687874	-0.0192950151095343	NA	NA
E-GEOD-8077_3	0.00478583018439397	0.0313995292605286	NA	NA
GSE103416_1	-0.0592231901295003	-0.14669663995703	NA	NA
GSE103416_2	-0.0107720392786639	-0.0100177920309969	NA	NA
GSE103416_3	0.00714379186611858	0.0239043069883351	NA	NA
GSE19950_1	-0.0246812449315036	-0.170470338475979	NA	NA
GSE30322_1	0.0210294572586085	0.117479062013375	NA	NA
GSE30322_2	0.0121879520625988	0.0787341688625495	NA	NA
GSE30322_3	-0.00342680256244307	0.0147763460647858	NA	NA
GSE42295_1	-0.000941008608105355	-0.0785979750588821	NA	NA
GSE42295_2	-0.0161077970660767	-0.0505414711271159	NA	NA
GSE42295_3	-0.0113174302965222	-0.0225697991323904	NA	NA
GSE66554_1	0.0647983671935773	0.124017384140613	NA	NA
GSE66554_2	0.0423632452918087	0.151275556187224	NA	NA
GSE66554_3	0.00186115328065731	0.0109257935913493	NA	NA
GSE66554_4	0.0147372174479403	-0.0187959021578458	NA	NA
GSE74898_1	-0.00315256570623734	-0.0384014261309384	NA	NA
GSE74898_2	-0.002458035562848	-0.0451148664356151	NA	NA
GSE74898_3	0.00898811913345732	0.0110994782870495	NA	NA
GSE79176_1	-1.69448691420384e-06	0.00536644881151989	NA	NA
GSE79176_2	-0.00100474515087518	-0.0104224718308197	NA	NA
GSE79176_3	-0.000248603299265653	-0.0159303966266333	NA	NA
GSE85785_1	-0.000743632669873727	0.00642195997828894	NA	NA
GSE16981_1	0.0594275979903285	0.101408256672648	NA	NA
GSE16981_2	0.0269655260708358	0.0787861673634389	NA	NA
GSE16981_3	0.0389331672755884	0.0473686565460926	NA	NA
GSE16981_4	0.0389331672755884	0.0473686565460926	NA	NA
GSE16981_5	-0.0018848119944484	-0.0259252987264693	NA	NA
GSE16981_6	0.00397758831292128	0.0159506761402514	NA	NA
GSE16981_7	0.00170204917758831	0.0363801659188617	NA	NA
GSE29859_1	-0.000384947854312452	0.0726775149603789	NA	NA
GSE29859_2	0.00794787349146613	0.158954789951901	NA	NA
GSE23492_1	0.023949730933957	0.0727081473139616	NA	NA
GSE23492_2	-0.018455055905437	-0.0561128538051551	NA	NA
GSE23492_3	0.024387282563517	0.104385050271093	NA	NA
GSE23492_4	-0.0113095600747647	0.0142326790889218	NA	NA
GSE23492_5	-0.0128334000938547	-0.0564438963309932	NA	NA
GSE44991_1	0.000790677857317557	0.0189567172053025	NA	NA
GSE44991_2	0.00215972944509664	-0.0117148776154586	NA	NA
GSE39796_1	-0.00381361487618715	-0.0317967415890265	NA	NA
GSE39796_2	-0.0065436996057806	-0.0535923712478393	NA	NA
GSE39796_3	-0.000497637527128891	0.016933395164359	NA	NA
GSE18394_1	0.0141763060499228	0.048431612255786	NA	NA
GSE18394_2	0.0249157648964408	0.0683209642398675	NA	NA
GSE18394_3	-0.00185162808426235	0.00314451875710614	NA	NA
GSE29233_1	0.00326196064295544	-0.00361618409538581	NA	NA
E-MEXP-2291_1	0.0181582079707325	0.0238904458089499	NA	NA
E-MEXP-2291_2	0.0163149818683673	0.0111894831106244	NA	NA
E-MEXP-2291_3	0.00445604851459194	0.0119012141701322	NA	NA
GSE18738_1	0.0122434817990933	0.0510788852635647	NA	NA
GSE107363_1	0.00474752954380396	0.0245382910344781	NA	NA
GSE85761_1	0.0251790617094455	0.014077284463447	NA	NA
GSE89179_1	0.0387178077145328	0.0758933116388872	NA	NA
GSE89179_2	-0.00961433978729121	-0.0313457139356748	NA	NA
GSE89179_3	0.00991267422401775	0.0416397087640195	NA	NA
GSE89179_4	0.0126702383350277	0.0321925372439372	NA	NA
GSE89179_5	0.0213939072392218	0.0225000765729159	NA	NA
GSE89179_6	0.0172899405175441	0.0492736144035317	NA	NA
GSE89179_7	-0.00117138979766692	0.0199162481291789	NA	NA
E-GEOD-57723_1	-0.00709175850596213	-0.00562217557503886	NA	NA
E-GEOD-57723_2	0.0177689410958548	0.0719299909807064	NA	NA
E-GEOD-57723_3	0.0228052461475356	0.0480506390826108	NA	NA
E-GEOD-83930_1	-0.0021087605208245	-0.00548907234471528	NA	NA
GSE100268_1	-0.00942803628019167	-0.0648324457813125	NA	NA
E-GEOD-55769_1	0.00561348198962767	0.0510408847208011	NA	NA
E-GEOD-55769_2	0.000537287045719275	0.0974691514122925	NA	NA
E-GEOD-55769_3	0.00992198919712473	0.043191130958109	NA	NA
E-GEOD-69110_1	-0.000444138077528753	0.013128960258519	NA	NA
E-MTAB-4304_1	-0.000742515099577568	0.00877948622587925	NA	NA
E-MTAB-4879_1	-0.0190850812346316	-0.0350434610234777	NA	NA
E-MTAB-4879_2	0.0148116775250413	0.0482902244482291	NA	NA
E-MTAB-4879_3	0.00958818473629729	0.0178832631365507	NA	NA
E-MTAB-4879_4	0.0189346578145735	0.0474557356199085	NA	NA
Cytokine_Explant_1	-0.000354176584890009	0.0203047992621157	NA	NA
Cytokine_Explant_2	-0.0518875511933804	-0.136405652412635	NA	NA
Cytokine_Explant_3	-0.0459860027020815	-0.0997099693835867	NA	NA
Cytokine_Explant_4	-0.0135116905238001	-0.0713108732140779	NA	NA
Cytokine_Explant_5	-0.0298360477084066	-0.0567137199974907	NA	NA
FN1_Explant_1	0.00568234923099508	0.0113701887288341	NA	NA
E-MTAB-6266_1	0.0329079670014327	0.0683172317861574	NA	NA
E-MTAB-6266_B_1	0.0188933849984627	0.0188548923829147	NA	NA
E-MTAB-6266_B_2	0.0419541906211206	0.102271039986979	NA	NA
E-MTAB-6266_B_3	0.0302581933503629	0.0935080135071739	NA	NA
GSE74220_1	0.0126743067134453	0.0332197216353146	NA	NA
GSE114007_1	0.0148969808990492	0.0400972584329874	NA	NA
GSE109503_1	0.0311475029804124	0.059026615680214	NA	NA
GSE109503_2	0.016946244672899	0.0473446878990389	NA	NA
GSE109503_3	0.0198353816559075	0.0332469361489457	NA	NA
GSE109503_4	0.022728425998805	0.0398456192290324	NA	NA
GSE109503_5	-0.0279273968897377	-0.0559868701484445	NA	NA
GSE109503_6	0.0167056174330603	0.0284835412657795	NA	NA
GSE109108_1	-0.00866266185722914	-0.0926228543423093	NA	NA
GSE109108_2	0.0157676970055476	-0.00859807046090053	NA	NA
GSE109108_3	0.0010332046634296	-0.00100943662883468	NA	NA
GSE109108_4	0.000261822349421619	0.00998890575895819	NA	NA
GSE70667_1	-0.00148016785780165	-0.0257080714644435	NA	NA
GSE87608_1	0.00213332657746862	0.00485134508295465	NA	NA
GSE87608_2	-0.0136114084732566	-0.0688380700692517	NA	NA
GSE87608_3	-0.0240053529407314	-0.118134954251026	NA	NA
GSE87608_4	-0.00411728724373795	-0.0417471634695188	NA	NA
GSE90890_1	-0.0333629684194516	-0.121750262015054	NA	NA
GSE97118_1	0.0214426689006841	0.122129868955143	NA	NA
GSE97118_2	0.0279963144604968	0.136299059078752	NA	NA
GSE97118_3	0.0234709322179328	0.122401935014917	NA	NA
GSE97118_4	0.0442966372056803	0.131524843653817	NA	NA
GSE97118_5	0.00752454490361502	0.0449591726268948	NA	NA
GSE97118_6	0.029681464800122	0.0702957002117958	NA	NA
GSE97118_7	0.00848620349784836	0.0697717468389958	NA	NA
GSE107592_1	-0.00143238755198745	-0.0599579029847757	NA	NA
GSE92641_1	0.0166810089905851	0.080336217825843	NA	NA
GSE107849_1	-0.0335189744539606	-0.100796752866764	NA	NA
E-ERAD-89_1	0.000799375115312776	0.0224052590510784	NA	NA
E-ERAD-89_2	-0.00106969143732097	0.00450600795795305	NA	NA
E-ERAD-89_3	-0.00222022387830746	-0.00679712015369772	NA	NA
E-ERAD-89_4	-0.000313277523622683	-0.0273273700184655	NA	NA
E-GEOD-45893_1	0	0.0736443072988247	NA	NA
E-GEOD-53105_1	-0.00311479767849141	-0.0341855765989835	NA	NA
E-GEOD-53105_2	0.0413584780913511	0.133887382245875	NA	NA
E-GEOD-54461_1	-0.0211681260300575	-0.0715773032753799	NA	NA
E-GEOD-54461_2	-0.0251739902061239	-0.0807748693507776	NA	NA
E-GEOD-54461_3	-0.0382830900306373	-0.126099757103296	NA	NA
E-GEOD-54461_4	-0.0566157697807027	-0.160759111329698	NA	NA
E-GEOD-54461_5	-0.071027071231375	-0.183023364583571	NA	NA
E-GEOD-54461_6	-0.0592540864318155	-0.178334716135159	NA	NA
E-GEOD-54461_7	-0.0527962937525522	-0.170782449246888	NA	NA
E-GEOD-54461_8	-0.0479375482680173	-0.161375602738473	NA	NA
E-GEOD-73372_1	0.0190298774740802	0.051648788759398	NA	NA
E-GEOD-73372_2	0.0101808449289876	0.0242346552137852	NA	NA
E-GEOD-73372_3	-0.00916607293807201	-0.0417590469383423	NA	NA
E-GEOD-75549_1	-0.00950294933079995	-0.0606268781717356	NA	NA
E-GEOD-76988_1	0.0222723595846198	0.128591209102397	NA	NA
E-MTAB-2923_1	0.0841638667197411	0.22941691971597	NA	NA
E-MTAB-2923_2	-0.103595271271062	-0.267362175038407	NA	NA
E-MTAB-2923_3	-0.0830259545920505	-0.162194186248679	NA	NA
E-MTAB-2923_4	-0.0694062378248012	-0.130718249534032	NA	NA
E-MTAB-3428_1	-0.0566303237945367	-0.107139025086477	NA	NA
E-MTAB-3428_2	0.00732070335870598	0.088075331597939	NA	NA
E-MTAB-3428_3	-0.0119384863382969	-0.0723074627855141	NA	NA
E-MTAB-3428_4	-0.0559003555029799	-0.111507525523039	NA	NA
GSE102856_1	-0.00130122481568069	-0.00648753430602085	NA	NA
GSE103492_1	0.00273412036729617	-0.0183841259110571	NA	NA
GSE103492_2	-0.00475566716873988	0.0313065680093852	NA	NA
GSE103492_3	-0.00400121425176399	-0.027023229506163	NA	NA
GSE103492_4	-0.00180952613627245	-0.0582604942261406	NA	NA
GSE103492_5	0.0080617049292324	0.0818076136138359	NA	NA
GSE103492_6	0.00269840881980898	0.0431056373535995	NA	NA
GSE103492_7	-0.0037346968969329	-0.0417629174325403	NA	NA
GSE103492_8	-0.0022230755738694	0.0242360846324054	NA	NA
GSE103492_9	-0.00253525654045986	0.0168092770485811	NA	NA
GSE103492_10	0.000539166133160465	-0.0103375531709695	NA	NA
GSE106259_1	0.01595136142333	0.0517052080225566	NA	NA
GSE110303_1	-0.00261680297250196	0.0348019315547328	NA	NA
GSE110303_2	-0.000772571468721501	-0.0823696991068506	NA	NA
GSE110303_3	-0.00373366738961931	-0.0288054152888398	NA	NA
GSE110300_1	0.00645420824426005	0.0649838958046789	NA	NA
GSE110300_2	-0.00171615249041141	-0.029719722258855	NA	NA
GSE110300_3	0.00071890824509636	-0.0356469158300526	NA	NA
GSE110281_1	0.00954980460146066	0.0334797805557609	NA	NA
GSE110281_2	-0.0162236224925631	-0.0378296140564397	NA	NA
GSE110281_3	-0.0195175220425926	-0.0818646386984357	NA	NA
GSE104459_1	-0.0238559142984195	-0.145379504985775	NA	NA
GSE104459_2	-0.0290159616699097	-0.155863535221685	NA	NA
GSE104459_3	-0.00366163127492738	-0.0103941581187906	NA	NA
GSE110051_1	0.040722409712044	0.144238039289374	NA	NA
GSE110051_2	0.0110906704638221	-0.0557984649644644	NA	NA
GSE110051_3	0.0315054988891698	0.0761290148989746	NA	NA
GSE112694_1	-0.037121148849039	-0.0675514299972596	NA	NA
GSE112694_2	-0.033698121601883	-0.0543170602764021	NA	NA
GSE112694_3	0.0473974465785678	0.134015664864043	NA	NA
GSE112694_4	0.0285111679634729	0.103155733009361	NA	NA
GSE97232_1	0.000781230070661463	0.0821466544081218	NA	NA
GSE114079_1	-0.000510776022522092	0.0315803249418264	NA	NA
GSE114079_2	-0.00190522014229773	-0.0786806079095849	NA	NA
GSE114079_3	-0.0047216022881522	-0.103409167037898	NA	NA
GSE114079_4	-0.00982366032995903	-0.0912807412992349	NA	NA
GSE104828_1	-0.0528773362150789	-0.163461175408009	NA	NA
GSE114521_1	-0.00372687710505121	-0.0106567517231556	NA	NA
GSE114521_2	-0.0190201372295253	-0.158650080888276	NA	NA
GSE112413_1	-0.0159851387903765	-0.0351093882200984	NA	NA
GSE112413_2	-0.019817685235033	-0.0580668305445783	NA	NA
GSE101909_1	-0.020007382508679	-0.116102701452297	NA	NA
GSE101909_2	0.0108219506080698	0.0135871023314875	NA	NA
GSE114919_1	-0.0121065713335031	-0.039989202465733	NA	NA
GSE114919_2	-0.015722197952606	-0.0550886933644724	NA	NA
GSE114919_3	-0.0294575553845969	-0.0712236792195081	NA	NA
GSE114919_4	-0.0316083846979145	-0.0476440670943372	NA	NA
GSE114919_5	-0.00831743664599624	0.00152928676702409	NA	NA
E-MTAB-5879_1	0.0189572944323617	0.0875611697223405	NA	NA
E-MTAB-5879_2	-0.00706054966169605	0.00778658704332267	NA	NA
E-MTAB-5879_3	0.0103510994491548	0.0536874621436921	NA	NA
E-MTAB-5879_4	-0.00338476664371961	-0.00305073115632037	NA	NA
E-MTAB-5879_5	0.0172222653784287	0.0826854840941784	NA	NA
E-MTAB-5879_6	-0.00544310035416163	-0.0118731703843583	NA	NA
E-MTAB-5879_7	-0.00615268208562106	-0.0351363608534456	NA	NA
E-MTAB-5879_8	-0.00785610714327266	-0.0187173468273687	NA	NA
E-MTAB-5879_9	0.0014551200145132	0.0045950062932681	NA	NA
E-MTAB-5879_10	-0.0204652966917877	-0.0591526346072203	NA	NA
E-MTAB-4294_1	-0.0134318744004874	0.00039865690267092	NA	NA
E-MTAB-4294_2	0.0060782210775327	0.0243551026171795	NA	NA
E-MTAB-4294_3	0.00774324721353278	0.0385901037229546	NA	NA
E-MTAB-3186_1	-0.0552521735996231	-0.112015699683115	NA	NA
E-MTAB-3186_2	-0.00210307321155336	-0.00771462205974838	NA	NA
E-MTAB-3186_3	-0.00750222099677901	-0.0089989875687645	NA	NA
E-MTAB-3186_4	-0.0120757277602956	-0.052199604163888	NA	NA
GSE114919_Rat_1	-0.0411650678802602	-0.0853675633795603	NA	NA
GSE114919_Rat_2	0.0168256820394165	0.0340082371625677	NA	NA
GSE114919_Rat_3	-0.0374199070348285	-0.110491167379549	NA	NA
GSE114919_Rat_4	-0.0535365807877966	-0.105543370955162	NA	NA
GSE114919_Rat_5	-0.0151218433891001	-0.00462262392638471	NA	NA
