comparisonID	jaccard	cosine	sigjaccard	chrDir
22659600_1	-0.00672561510436874	-0.0699877373999271	NA	NA
24361742_1	0.0101696917607626	0.0541205479958807	NA	NA
GSE72258_1	-0.000119731800766284	-0.0261229204816303	NA	NA
GSE72258_2	-0.000251311263178888	-0.0193618475055538	NA	NA
GSE69531_1	-0.00486134922907195	-0.0722596829866532	NA	NA
GSE69531_2	0.0354703158944209	0.0458490550527477	NA	NA
GSE69531_3	0.0225297808878239	0.0703528557224538	NA	NA
GSE69531_4	-0.00486134922907195	-0.0722596829866532	NA	NA
GSE58203_1	-0.00807014045338907	-0.0840484225539198	NA	NA
GSE58203_2	-0.0152919484347221	-0.0987323137277199	NA	NA
GSE58203_3	-0.00929262211270172	-0.0508197091079453	NA	NA
GSE58203_4	0.0336563968450607	0.0608455008944167	NA	NA
GSE58203_5	-0.00923869454148957	-0.078946899814646	NA	NA
GSE58203_6	-0.00847417290297149	-0.0377049509368276	NA	NA
GSE58203_7	0.0132796675459726	0.0230769868286648	NA	NA
GSE58203_8	0.0806788668522961	0.173759356186699	NA	NA
GSE59642_1	-0.0880651950463317	-0.206913950659916	NA	NA
GSE59642_2	0.00389326533779673	-0.00459599525107475	NA	NA
GSE59642_3	0.105890059839595	0.250642599825554	NA	NA
GSE64922_1	-0.0223050005843436	-0.0421249644784092	NA	NA
GSE60162_1	0.00863476605717716	0.104474368238823	NA	NA
GSE31685_1	-0.0193636789938405	-0.109670365064169	NA	NA
E-MEXP-3890_1	-0.0292217541845355	-0.083293542281934	NA	NA
GSE31980_1	0.0123736237652715	-0.0261842809236203	NA	NA
GSE15615_1	-0.06076573493335	-0.103477383254586	NA	NA
GSE15083_1	0.000390051151208858	-0.0260027576469387	NA	NA
GSE108035_1	0.0121434136404988	0.0362582260250098	NA	NA
GSE108035_2	0.169367479194026	0.32153427766873	NA	NA
GSE108035_3	0.194800765258142	0.365549860445485	NA	NA
GSE21959_1	-0.0300334566321506	-0.129004608553996	NA	NA
GSE21959_2	-0.0271926491276404	-0.191189597357741	NA	NA
GSE24742_1	0.00412172593529417	0.052478302567576	NA	NA
GSE24742_2	0.00054762067165236	-0.0433963902936178	NA	NA
GSE24742_3	0.00497327556068637	0.0569086462791932	NA	NA
GSE74668_1	-0.00771809509130242	-0.0374654144626623	NA	NA
E-GEOD-10024_1	0.00608553604411652	0.00699362423015141	NA	NA
E-GEOD-10024_2	-0.00183599840270013	-0.000347039134004706	NA	NA
E-GEOD-12860_1	-0.00014337333676369	1.63977176910284e-05	NA	NA
E-GEOD-12860_2	0.00144679245869068	0.0520206760504326	NA	NA
E-GEOD-12860_3	4.64015367133211e-05	0.0455991898877585	NA	NA
E-GEOD-12860_4	-0.00273691784441513	0.0425031250446348	NA	NA
E-GEOD-12860_5	-0.014039037478517	0.0463521365213395	NA	NA
E-GEOD-12860_6	-0.00105741018297827	0.0546333545209143	NA	NA
E-GEOD-12860_7	-0.00659271172045287	0.0375306547887989	NA	NA
E-GEOD-12860_8	-0.000271316639458456	0.0389473361000481	NA	NA
E-GEOD-14359_1	0.0970935899419493	0.251477383539443	NA	NA
E-GEOD-14359_2	-0.052349860117281	-0.199085105531126	NA	NA
E-GEOD-1919_1	0.00948280972788004	0.116171382520074	NA	NA
E-GEOD-1919_2	0.0485669203352482	0.144928663219588	NA	NA
E-GEOD-1919_3	0.0284939099172207	0.110815858176638	NA	NA
E-GEOD-1919_4	0.0116314930466022	0.0759392604433142	NA	NA
E-GEOD-1919_5	0.0457996334125603	0.129430391780043	NA	NA
E-GEOD-1919_6	0.00467300630150906	0.000552623006760221	NA	NA
E-GEOD-1919_7	0.00590912810838366	0.0294207223155576	NA	NA
E-GEOD-1919_8	-0.000336462259591911	0.00258200177606251	NA	NA
E-GEOD-1919_9	0.00275517974165607	0.0385072233153364	NA	NA
E-GEOD-19664_1	0.00283904743981524	0.0200914357539683	NA	NA
E-GEOD-19664_2	-0.00183769751685864	-0.0132742517109843	NA	NA
E-GEOD-19664_3	-0.0312963418508956	-0.107271827078245	NA	NA
E-GEOD-19664_4	-0.0237463723097765	-0.029415201698325	NA	NA
E-GEOD-19664_5	0.0254772312244207	0.0834722947755145	NA	NA
E-GEOD-19664_6	-0.0469154714262736	-0.113923843272108	NA	NA
E-GEOD-43923_1	0.00843232186448319	-0.00682772245896485	NA	NA
E-GEOD-51812_1	0.0244109100839044	0.0714970053421655	NA	NA
E-GEOD-51812_2	0.0184524389697235	0.0632991668774197	NA	NA
E-GEOD-68760_1	0.0259604361490496	0.0306098394745455	NA	NA
E-GEOD-82107_1	-0.00345736303175459	-0.0126382979114943	NA	NA
E-GEOD-9451_1	-0.0549978518686226	-0.144865509062446	NA	NA
E-GEOD-9451_2	-0.0523227078605877	-0.172545596930384	NA	NA
E-GEOD-9451_3	0.00757783592562637	0.0270863783477785	NA	NA
E-GEOD-9451_4	-0.00493935185398307	-0.0719706187649713	NA	NA
E-MEXP-2019_1	-0.0630179226034219	-0.108655453557068	NA	NA
E-MEXP-2019_2	0.0207758062334435	0.0579041619437808	NA	NA
E-MEXP-2019_3	-0.053615704891274	-0.0923315406626536	NA	NA
E-MEXP-2019_4	-0.0173500857844528	-0.0918729820506574	NA	NA
E-MEXP-2276_1	0.0034777540214451	0.063980358553064	NA	NA
E-MEXP-2488_1	-0.0256174753532168	-0.133593044929438	NA	NA
E-MEXP-3129_1	0.00219088941387759	0.0257023219105166	NA	NA
E-MEXP-3474_1	0.0120233953749676	0.0283166824167638	NA	NA
E-MTAB-3010_1	0.0853622139422515	0.156474264475468	NA	NA
E-MTAB-3010_2	0.0576528241437557	0.115006220765636	NA	NA
E-MTAB-3010_3	-0.00847122937000163	-0.0765120050137931	NA	NA
E-MTAB-3010_4	-0.0424135423957838	-0.154488343205721	NA	NA
E-MTAB-4152_1	0.00605813067478997	0.0314453977922973	NA	NA
E-MTAB-4152_2	0.00429880107778497	0.140172748462697	NA	NA
E-MTAB-4152_3	0.0158228541448	0.134085176737174	NA	NA
GSE100609_1	0.00292106446234728	0.0522488038639631	NA	NA
GSE100786_1	-0.00193158629872807	-0.00382506331397332	NA	NA
GSE100786_2	-0.00267670295435999	-0.0718653153865121	NA	NA
GSE103697_1	-0.000107776423856058	0.00961478845458104	NA	NA
GSE103697_2	-0.000119760479041916	0.00371710493346319	NA	NA
GSE103697_3	-0.000239348970799426	0.0206186967296482	NA	NA
GSE104113_1	0.011084608542272	0.0850720588285202	NA	NA
GSE104113_2	-0.0225753151410173	-0.0313797136331229	NA	NA
GSE104113_3	0.011084608542272	0.0850720588285202	NA	NA
GSE10575_1	0.00328936339387944	0.0617729270480653	NA	NA
GSE10575_2	0.0341502041998011	0.112976515636075	NA	NA
GSE10575_3	0.214239055337864	0.411202418825746	NA	NA
GSE13604_1	-0.00418792134462816	-0.0401606746748198	NA	NA
GSE13837_1	-0.00291334284715116	-0.0300403869701082	NA	NA
GSE13837_2	-0.00455765411498982	-0.0538336638244404	NA	NA
GSE13837_3	-0.00950678883673962	-0.0655223376600248	NA	NA
GSE13837_4	0.00704833449746348	-0.00572952716049875	NA	NA
GSE13837_5	-0.00339991010780146	-0.0664627873710045	NA	NA
GSE13837_6	-0.00852884796238891	-0.089256443910473	NA	NA
GSE13837_7	-0.0118927428731439	-0.0736815048677855	NA	NA
GSE13837_8	0.00817804704988983	0.00284849111084817	NA	NA
GSE13837_9	0.00638655554886024	0.0483804459717192	NA	NA
GSE13837_10	0.0137406285117881	0.0538856120309542	NA	NA
GSE13837_11	0.00813302192171205	0.0415715960099571	NA	NA
GSE13837_12	0.00763666598954617	0.0291348960765567	NA	NA
GSE13837_13	-0.00766207211296808	-0.0571617460570814	NA	NA
GSE13837_14	-0.0138938891237424	-0.0918001958875649	NA	NA
GSE13837_15	-0.014658430400189	-0.0688408901578295	NA	NA
GSE13837_16	0.0102110657683507	0.00643564932813815	NA	NA
GSE13837_17	-0.0086784565003197	-0.0722845749298951	NA	NA
GSE13837_18	-0.0104280048782636	-0.0887444995956767	NA	NA
GSE13837_19	-0.0065191373297827	-0.0669232922021665	NA	NA
GSE13837_20	0.00248024491165574	0.00190618697168387	NA	NA
GSE13837_21	0.00445244719208864	0.0443384927269055	NA	NA
GSE13837_22	0.00606256626281861	0.0289963524472306	NA	NA
GSE13837_23	0.0069219450972763	0.0332433125437442	NA	NA
GSE13837_24	0.00939480643854772	0.0417244202300473	NA	NA
GSE16464_1	0.0601675855969374	0.235252558624137	NA	NA
GSE16464_2	-0.0660118334773304	-0.179275250588832	NA	NA
GSE19060_1	-0.0028829390637391	-0.0333558119759116	NA	NA
GSE27372_1	0.00120513624823485	0.0422949511349524	NA	NA
GSE27390_1	-0.00764235315596363	-0.0837193720074804	NA	NA
GSE29106_1	0.00224799079993211	-0.00254894450413944	NA	NA
GSE29107_1	0.0249928327628765	0.04535945814315	NA	NA
GSE29107_2	-0.0264204894834418	-0.057895856037368	NA	NA
GSE29745_2	0.0569695339622898	0.160565251127371	NA	NA
GSE29745_3	0.361973972626043	0.586859953165504	NA	NA
GSE35546_1	-0.00867846693482691	-0.116478906314234	NA	NA
GSE35546_2	-0.0144190718244889	-0.132408864988548	NA	NA
GSE35546_3	-0.0132426204346593	-0.119976194720116	NA	NA
GSE35546_4	-0.0497004918394045	-0.141491288138083	NA	NA
GSE35546_5	-0.0399806739454536	-0.127579441480038	NA	NA
GSE35546_6	-0.0370354229348088	-0.133436730863651	NA	NA
GSE35955_1	0.00149648609425679	0.00930622499746794	NA	NA
GSE35956_1	-0.0291091425362234	-0.104427377924778	NA	NA
GSE35957_1	-0.0226436259785879	-0.083215141263911	NA	NA
GSE35958_1	-0.0403883436839815	-0.101819597731493	NA	NA
GSE39340_1	-0.00137988222891386	-0.0479616325438728	NA	NA
GSE39340_2	-0.00953150940010184	-0.11950350024645	NA	NA
GSE39340_3	0.00537001749671458	0.0832320311088957	NA	NA
GSE39795_1	-0.00722849035369171	-0.0682790339634328	NA	NA
GSE39795_2	-0.0198883754862685	-0.0918802960704185	NA	NA
GSE39795_3	-0.00847185011923886	-0.0602505504465235	NA	NA
GSE41038_1	0.00407104389954077	0.0224250211795372	NA	NA
GSE41038_2	-0.00974475668319288	-0.0451925018831536	NA	NA
GSE41038_3	-0.000274219898313346	-0.0163423682802678	NA	NA
GSE41992_1	0.0190252597823353	0.0395676681074519	NA	NA
GSE42235_1	-0.0019050335984276	0.021797677506401	NA	NA
GSE42235_2	-0.000945541311952761	0.0323049722294917	NA	NA
GSE42235_3	0.00116305135309156	0.0268276376026449	NA	NA
GSE42235_4	0.00155193300223613	0.0395416379064699	NA	NA
GSE45233_1	0.016478691997128	0.107730318913823	NA	NA
GSE45233_2	-0.00130514666527781	-0.0114979216843834	NA	NA
GSE45233_3	-0.000659634465379228	-0.0166198646207977	NA	NA
GSE45233_4	0.0237106265930788	0.104320096067117	NA	NA
GSE46053_1	-0.00829615920781025	-0.0670788201950335	NA	NA
GSE46053_2	-0.0047752321817463	-0.0450319293813038	NA	NA
GSE46750_1	-0.0142980946625747	-0.166107926097372	NA	NA
GSE51588_1	-0.075313909398982	-0.201771085283576	NA	NA
GSE52817_1	0.0253552361226503	0.0643945810719455	NA	NA
GSE52817_2	0.0914066466959635	0.122165541194653	NA	NA
GSE52817_3	0.0221669490253031	0.00759300425030369	NA	NA
GSE52817_4	-0.0627846318162203	-0.0623735085600838	NA	NA
GSE55235_1	0.0157182734651059	0.158627455141282	NA	NA
GSE55235_2	0.00929319864205915	0.0543859416331575	NA	NA
GSE55235_3	-0.00781241800440224	-0.0591375856708337	NA	NA
GSE55457_1	0.00578613094290484	0.122777527227608	NA	NA
GSE55457_2	-0.00160532836799407	0.0366697752833983	NA	NA
GSE55584_1	0.00760261522878973	0.139864223054336	NA	NA
GSE57218_1	-0.000490360581903371	0.0216972000971943	NA	NA
GSE57218_2	-0.00769863984244908	-0.102761292466137	NA	NA
GSE57218_3	-0.00717109081957629	-0.120693879513135	NA	NA
GSE60762_1	0.00184926703149596	0.00427818481671956	NA	NA
GSE62914_1	-0.0268468104946194	-0.0775308862319512	NA	NA
GSE62914_2	-0.041151959945236	-0.0540875811288777	NA	NA
GSE62914_3	-0.0431086901000316	-0.0361650646216381	NA	NA
GSE62914_4	0.00316980322157277	-0.00129022624237895	NA	NA
GSE64394_1	0.0222475882414674	0.095275902283926	NA	NA
GSE66635_1	0.00115955053480086	0.033950517729689	NA	NA
GSE68038_1	-0.0112587877106467	-0.0584679497085255	NA	NA
GSE68428_1	-0.00685590310242572	-0.0289928541194972	NA	NA
GSE68428_2	-0.0126912510752646	-0.0497907583416094	NA	NA
GSE68428_3	0.00352211176177996	-0.000887602660133497	NA	NA
GSE69459_1	0.00616421609447353	0.031980992740372	NA	NA
GSE69459_2	3.53305242251859e-05	-0.0322823815475185	NA	NA
GSE69459_3	-0.000732053476749927	0.0259634745031432	NA	NA
GSE69459_4	0.0167001191726228	0.0388233691107996	NA	NA
GSE69992_1	0.0330663619710823	0.11345099001344	NA	NA
GSE70719_1	-0.0321540330663848	-0.218175662468401	NA	NA
GSE7116_1	0.0027001280225239	0.0148788318295765	NA	NA
GSE7116_2	0.000831066562632185	0.0287886537603202	NA	NA
GSE7116_3	0.00100225873916819	0.00864464826984628	NA	NA
GSE72575_1	-0.000540071457621143	-0.0222223913889294	NA	NA
GSE72575_2	0.00192035930811081	-0.0385351633161824	NA	NA
GSE72575_3	0.00352210317286433	0.00998665891741391	NA	NA
GSE72575_4	-0.00119623383544303	-0.0577484053174119	NA	NA
GSE75181_1	0.0216901234926226	0.105131033082807	NA	NA
GSE75181_2	-0.00941876171555774	-0.0772638593136842	NA	NA
GSE75181_3	0.0216039498006688	0.0877977315796936	NA	NA
GSE75230_1	-0.00438146699853862	-0.0338425968158366	NA	NA
GSE7669_1	-0.00145954836988416	-0.0590991156357824	NA	NA
GSE77916_1	-0.000478468899521531	-0.0585787561862943	NA	NA
GSE80614_1	-0.00504904336481984	-0.0566443486038906	NA	NA
GSE80614_2	-0.00806510267776582	-0.102769964937374	NA	NA
GSE80614_3	-0.00194962055147977	-0.0584444959707304	NA	NA
GSE80614_4	-0.00158422183643206	-0.000604350339091402	NA	NA
GSE80614_5	0.00130616639999952	0.00404814599889152	NA	NA
GSE80614_6	-0.00205625847286708	0.0116498279326106	NA	NA
GSE80614_7	-0.00055066596178679	0.013293762521869	NA	NA
GSE80614_8	0.00906505956901677	0.043909172099109	NA	NA
GSE80614_9	-0.00365519090530025	-0.0237021644080969	NA	NA
GSE80614_10	-0.00512226979754947	-0.0695494732719284	NA	NA
GSE80614_11	-0.00158020217246356	-0.0566899372456748	NA	NA
GSE80614_12	-0.00690745507442883	-0.0610041187907366	NA	NA
GSE80614_13	-0.00512251593324988	-0.0254463520856099	NA	NA
GSE80614_14	-0.00344390532847967	-0.0262944822166399	NA	NA
GSE80614_15	-0.00526043869340771	-0.070180992745542	NA	NA
GSE80614_16	-0.0152216430937289	-0.073320217273516	NA	NA
GSE85254_1	0.00995638958179999	0.0145929686823747	NA	NA
GSE86578_1	-0.00644465241172157	-0.0120111011528571	NA	NA
GSE86578_2	-0.00851015291855752	-0.0590842361440963	NA	NA
GSE86578_3	0.000998561581716694	-0.0129078250712938	NA	NA
GSE9329_1	-0.000832260677335041	-0.0285090198024066	NA	NA
GSE93698_1	0.0293546248870822	0.0312736263768219	NA	NA
GSE93698_2	0.0292798085279962	0.0463202310463222	NA	NA
GSE93698_3	0.000705565562330208	-0.0280621479607232	NA	NA
GSE93698_4	0.0246624402005301	0.0291905520295341	NA	NA
GSE93698_5	0.00930310484969287	-0.0188046944944904	NA	NA
GSE93698_6	0.00446654951424763	0.0238970456542394	NA	NA
GSE93698_7	-0.0257318886266727	-0.105220671445675	NA	NA
GSE93698_8	-6.90864804606863e-05	-0.0157875621817782	NA	NA
GSE93698_9	-0.0254781893309909	-0.0953665071337092	NA	NA
GSE93698_10	-0.0232864156117545	-0.130327123410968	NA	NA
GSE93698_11	-0.00226163469474363	-0.0370249332485139	NA	NA
GSE93698_12	-0.021133338453201	-0.104204389160862	NA	NA
GSE93698_13	0.0200923449868542	0.10606320883725	NA	NA
GSE93698_14	0.00402437747214824	0.0126943866747752	NA	NA
GSE93698_15	-0.0146615234344473	-0.0790788153230925	NA	NA
GSE93720_1	0.0117357770423114	-0.00873451291516445	NA	NA
GSE93720_2	0.000752921373253595	-0.0305936439967142	NA	NA
GSE93720_3	0.0115629250705588	0.0140634119453138	NA	NA
GSE93720_4	0.011047073019482	-0.00665565718872244	NA	NA
E-MTAB-5564_1	-0.00905263961803507	-0.0360340708012185	NA	NA
GSE77753_1	0.00250579059480213	0.0949935212619895	NA	NA
GSE43861_1	-0.00198909799146877	-0.00186518055613317	NA	NA
GSE112809_1	-0.000729163972594327	-0.0249902894509656	NA	NA
GSE111946_1	0.0624625365124999	0.196782049107393	NA	NA
GSE111946_2	0.00207920489644458	0.117880671741284	NA	NA
E-MTAB-3201_1	-0.000625337820016302	-0.0140871446260187	NA	NA
GSE57740_1	6.10758347417414e-05	-0.0629864796889744	NA	NA
GSE52992_1	0.00751793799696451	0.11972011880941	NA	NA
GSE17160_1	-0.00400519947541499	-0.0105896578226005	NA	NA
GSE17160_2	-0.00498708039091694	-0.0492641763775976	NA	NA
GSE17160_3	-0.00229000985572987	0.00325799085848851	NA	NA
GSE17160_4	0.00441990778467934	0.079166408107234	NA	NA
GSE17160_5	0.000105487084293823	0.0100300086620104	NA	NA
GSE17160_6	-0.00218871639524912	-0.0232320791328639	NA	NA
GSE17160_7	0.00261750327791539	0.0607644880362905	NA	NA
GSE17160_8	0.000213535328475359	0.0398737328429032	NA	NA
GSE17160_9	-0.063650148724776	-0.166819334672723	NA	NA
GSE17160_10	-0.0649345737012317	-0.165707717485755	NA	NA
GSE17160_11	-0.0530582716678172	-0.157602809265948	NA	NA
GSE17160_12	-0.0768997846033264	-0.185940692197263	NA	NA
GSE22971_1	-0.00056076266866003	-0.149769566704567	NA	NA
GSE22971_2	0.000296251120234031	0.066964479677769	NA	NA
GSE22971_3	-0.00457142572973982	-0.0126360987870835	NA	NA
GSE22971_4	0.0190734814800909	0.0634197281693564	NA	NA
GSE13590_1	0.00655697063112527	0.0533478933315767	NA	NA
GSE13590_2	-0.000359030400206004	0.0708513017311677	NA	NA
GSE99731_1	0.00151476604265434	0.0185831028058612	NA	NA
GSE99731_2	0.0007187970104085	0.0161050083221916	NA	NA
GSE99731_3	0.0127963876960909	0.0235443792914599	NA	NA
GSE27492_1	0.000236293291230581	0.0264829480783384	NA	NA
GSE27492_2	0.00299176585901857	0.0669453634640569	NA	NA
GSE27492_3	0.0117291076322893	0.062361847272279	NA	NA
GSE27492_4	-5.34920457028517e-05	0.00110381882411064	NA	NA
GSE27492_5	-0.00245532226679251	-0.0092904685138442	NA	NA
GSE27492_6	-0.00850632685281499	-0.0975600184714215	NA	NA
GSE27492_7	-0.0126830424587649	-0.130960087611803	NA	NA
GSE27492_8	-0.0130750467407445	-0.130459760409216	NA	NA
E-GEOD-15069_1	-0.00435890134992623	-0.113978312492819	NA	NA
E-GEOD-15069_2	0.00192455588230909	-0.000285515808557574	NA	NA
E-GEOD-15069_3	-0.0122347746862219	0.0163815014125292	NA	NA
E-GEOD-15069_4	-0.00135916211360514	-0.116431718716143	NA	NA
E-GEOD-15118_1	-0.0013689071991574	-0.062243564470702	NA	NA
E-GEOD-15118_2	0.000119674485399713	0.0888448340071247	NA	NA
E-GEOD-15118_3	-7.90763104046716e-05	0.00587943216323051	NA	NA
E-GEOD-15118_4	-0.0059200492230369	-0.0760656419227812	NA	NA
E-GEOD-16007_1	0.000916048014745906	0.0185567313626455	NA	NA
E-GEOD-17473_1	0.00960709301825285	0.0638268081070277	NA	NA
E-GEOD-18647_1	0.00759585497212094	0.0404804283964175	NA	NA
E-GEOD-18647_2	0.00770995981195163	0.0638085843109177	NA	NA
E-GEOD-18647_3	-0.00864531659659778	-0.0509482212832508	NA	NA
E-GEOD-18647_4	-0.00191545399289464	-0.0231660090343906	NA	NA
E-GEOD-18648_1	-0.00183809829856164	-0.0342970911928059	NA	NA
E-GEOD-18648_2	0.00632310359970463	0.0723842427351624	NA	NA
E-GEOD-2154_1	0.00190194302035993	0.0597596439503475	NA	NA
E-GEOD-2154_2	-0.00670767147711948	-0.0864953793490663	NA	NA
E-GEOD-2154_3	-0.00877281740337578	-0.177056704792782	NA	NA
E-GEOD-2154_4	-0.0220004767519506	-0.220356119844026	NA	NA
E-GEOD-26475_1	0.00235471394393691	0.0565095050884566	NA	NA
E-GEOD-26475_2	0.00417150420011707	0.116064852555799	NA	NA
E-GEOD-26475_3	0.00574559615376171	0.148504826319387	NA	NA
E-GEOD-33567_1	-0.144332216363729	-0.281850334121016	NA	NA
E-GEOD-33567_2	-0.0067611785671675	-0.0168736290477186	NA	NA
E-GEOD-37287_1	0.0404315158166927	0.0606154239066639	NA	NA
E-GEOD-37287_2	0.0576331004741584	0.0797762983814298	NA	NA
E-GEOD-37287_3	0.0131471400243196	0.0288773417830952	NA	NA
E-GEOD-51994_1	-0.00605711517043976	-0.0474196807130242	NA	NA
E-GEOD-51994_2	-0.00824680603856295	-0.0643662916519303	NA	NA
E-GEOD-51994_3	-0.0127579152594077	-0.0504841565828206	NA	NA
E-GEOD-65077_1	-0.00316459362250722	-0.0996468875345672	NA	NA
E-MEXP-1244_1	-0.0125692214022345	-0.183843742677556	NA	NA
E-MTAB-1123_1	0.0249923486311998	0.200373399746073	NA	NA
E-MTAB-1123_2	0.0194723512802559	0.168701386365555	NA	NA
E-MTAB-1123_3	0.00385758764975083	0.0367496103867307	NA	NA
E-MTAB-1123_4	0.000847795435369247	0.155443328799642	NA	NA
E-MTAB-1391_1	-0.021368390196564	-0.1379615335356	NA	NA
E-MTAB-1391_2	-0.124518068658803	-0.268747661560155	NA	NA
E-MTAB-1391_3	-0.105866718131159	-0.264346648861935	NA	NA
E-MTAB-2450_1	-0.0109802117233878	-0.0922537096096937	NA	NA
E-MTAB-2450_2	0.000785483890619392	0.0836298369472531	NA	NA
E-MTAB-2450_3	0.0421523061949623	0.171970487660682	NA	NA
E-MTAB-2450_4	0.0143537062575601	0.0434728741757159	NA	NA
E-MTAB-5023_1	0.00334467231480718	0.0210664933533164	NA	NA
E-MTAB-5326_1	-0.00010396552330569	-0.000166259640160051	NA	NA
E-MTAB-5326_2	-0.00889644727694348	-0.0147102252788209	NA	NA
E-MTAB-5326_3	0.00414560780816037	0.0195294537773723	NA	NA
GSE102588_1	-0.00407131109955226	-0.0479353070267059	NA	NA
GSE104793_1	-0.0507114037010867	-0.184537554013215	NA	NA
GSE104794_1	-0.00386514987094447	-0.0731069432512192	NA	NA
GSE104795_1	0.00119780373555613	-0.0355142790586621	NA	NA
GSE105139_1	-0.000119817821861663	0.0318622453855798	NA	NA
GSE105139_2	-0.00251450863136457	-0.0228791184654812	NA	NA
GSE105139_3	-0.00302638195861432	-0.0416318517878258	NA	NA
GSE10555_1	-0.00455724903192371	-0.0383888079894069	NA	NA
GSE10556_1	-0.00520124349271428	-0.0211365441009402	NA	NA
GSE106631_1	-0.0289316636624695	-0.167551419303641	NA	NA
GSE13104_1	-0.0464095878812903	-0.0466606348835903	NA	NA
GSE13104_2	-0.0214258680971378	-0.0271625193557955	NA	NA
GSE13104_3	0.00900589887286742	0.0200247774694073	NA	NA
GSE16749_1	-0.0791431084237113	-0.145922160163073	NA	NA
GSE16749_2	0.00374949959320624	-0.009646332749466	NA	NA
GSE16749_3	0.00565953918148192	0.0126727689434559	NA	NA
GSE17348_1	0.0192890428406307	0.142739592951909	NA	NA
GSE17563_1	0.0717873662822428	0.149915541146027	NA	NA
GSE17563_2	-0.0608129490008624	-0.19386319754424	NA	NA
GSE17569_1	-0.0372329347328506	-0.0877963664211667	NA	NA
GSE17569_2	-0.0823127773570496	-0.141503609889578	NA	NA
GSE17570_1	-0.0404988617572324	-0.0797744093833705	NA	NA
GSE17570_2	-0.0217925391462486	-0.0628731629112468	NA	NA
GSE18991_1	0.000107805088400172	0.0675994626907797	NA	NA
GSE18992_1	-0.000119760479041916	0.026164882687164	NA	NA
GSE19299_1	0.0227847983714147	0.0438080797491904	NA	NA
GSE20850_1	0.0235651597913986	0.0367902034422779	NA	NA
GSE21093_1	-0.0577541357169766	-0.171503301470227	NA	NA
GSE21523_1	0.00282952434175675	0.0550060181311656	NA	NA
GSE21639_1	-0.00237664529864403	-0.0526211513191872	NA	NA
GSE21639_2	0.00302746788411884	0.0124938621238696	NA	NA
GSE21639_3	0.00481139635250587	0.0177938363443137	NA	NA
GSE21639_4	0.0123856104206018	0.0297766176953328	NA	NA
GSE21710_1	-0.0991363519557394	-0.247497104094061	NA	NA
GSE21710_2	-0.101233912355021	-0.25180185286832	NA	NA
GSE21710_3	-0.0836668546429792	-0.223463751104124	NA	NA
GSE22925_1	0.0110122151534115	0.0785666413109338	NA	NA
GSE22925_2	-0.0139298371824407	-0.0617272186354292	NA	NA
GSE26499_1	0.00223321202456873	0.000974862486023189	NA	NA
GSE30160_1	-0.0419214568390356	-0.163153323105067	NA	NA
GSE30628_1	0.0444178643485174	0.10969113493563	NA	NA
GSE30628_2	0.0113084730241948	0.0487418126140541	NA	NA
GSE32163_1	-0.000642503592575817	0.00379697777698361	NA	NA
GSE33656_1	-0.0883565855118996	-0.257062741836045	NA	NA
GSE33754_1	-0.00194416400075309	-0.0643952139571446	NA	NA
GSE33754_2	-0.0072668692288348	-0.137181329977482	NA	NA
GSE33754_3	-0.0100733869113175	-0.157133397211777	NA	NA
GSE34570_1	-0.0180446590827251	-0.07873959999034	NA	NA
GSE35003_1	-0.000594575094248574	-0.0266687650952632	NA	NA
GSE35466_1	-0.0101667512707799	-0.083813783611252	NA	NA
GSE35466_2	0.00462296593420458	0.0463232713910093	NA	NA
GSE35466_3	-0.00106609219275252	-0.0382053763213831	NA	NA
GSE35466_4	-0.00169845606498638	-0.0148863113181997	NA	NA
GSE35466_5	-0.00185018122416225	0.0453283790030742	NA	NA
GSE36925_1	-0.000215655465680563	-0.02182720608826	NA	NA
GSE36925_2	0.00847649436532649	0.026805268976313	NA	NA
GSE36925_3	0.00360046672548977	0.0131521529267007	NA	NA
GSE37219_1	0.0424495418883645	0.161249502576359	NA	NA
GSE37676_1	-0.0069340097144364	-0.0669637117580168	NA	NA
GSE41342_1	-0.0127924281349035	-0.123527427741627	NA	NA
GSE41342_2	-0.00358402406605559	-0.0690164152321944	NA	NA
GSE41342_3	-0.000849706795240252	0.00958224302468968	NA	NA
GSE41342_4	-0.00850766043848581	-0.194066694764708	NA	NA
GSE41997_1	-0.00256825590446492	-0.0106830143507476	NA	NA
GSE43242_1	-0.00367815618720616	-0.123959979861579	NA	NA
GSE43242_2	-0.0024899667223519	-0.0993551064518034	NA	NA
GSE43663_1	-0.000585657841574701	-0.000631907082841239	NA	NA
GSE43854_1	0.0474973205418747	0.0710877862555773	NA	NA
GSE45656_1	0.0190057522385738	0.0175421025762034	NA	NA
GSE45656_2	-0.109263487410251	-0.232206397328473	NA	NA
GSE45656_3	-0.0978798131681719	-0.186420932999043	NA	NA
GSE45793_1	-7.32659232455819e-05	0.00735932071031305	NA	NA
GSE45793_2	0.0103297432974465	0.0304628248193757	NA	NA
GSE45793_3	0.010259528495898	0.00841072334066843	NA	NA
GSE45793_4	0.0201060202068011	0.0132071314013271	NA	NA
GSE45793_5	0.0163843418616138	0.00591106455359205	NA	NA
GSE46390_1	0.00129986129307121	-0.00332281083299496	NA	NA
GSE48438_1	-0.00143515815909638	-0.00894152989955417	NA	NA
GSE50549_1	-0.0015123645820877	-0.0147489949665956	NA	NA
GSE50549_2	0.0165919702724507	0.0559356681748585	NA	NA
GSE51098_1	-0.0213258802421143	-0.0633601120586971	NA	NA
GSE53857_1	-0.00315270048131517	-0.0874345629032721	NA	NA
GSE53857_2	-0.00104297621703163	-0.0533543667652386	NA	NA
GSE53857_3	0.000167932758781521	-0.0380141355910798	NA	NA
GSE53982_1	-0.0119246312830488	-0.103007341960703	NA	NA
GSE53982_2	-0.000936656734453372	-0.0145661470729329	NA	NA
GSE54779_1	0.0331887700625835	0.0603811231715103	NA	NA
GSE55900_1	0.000215621014439647	-0.0768113664576513	NA	NA
GSE57104_1	0.0018441593281733	0.04613510275382	NA	NA
GSE59387_1	0.0077534986271628	0.0173624126291592	NA	NA
GSE60401_1	-0.0267410939824149	-0.0228524457271043	NA	NA
GSE60401_2	0.00601549392853285	0.0357187664385833	NA	NA
GSE60651_1	-0.000604959454757131	-0.0192267926180841	NA	NA
GSE60737_1	-0.0253805483793996	-0.0731055001816525	NA	NA
GSE60761_1	-0.000630933280390135	1.53683604026844e-05	NA	NA
GSE60761_2	-1.14630752851797e-07	0.0109206258770024	NA	NA
GSE60761_3	0.000139627165718339	-0.0286869472627509	NA	NA
GSE60761_4	-0.00221218164445705	-0.0322579159489776	NA	NA
GSE63017_1	0	-0.025002790538461	NA	NA
GSE63017_2	0.000227252600468454	-0.0127397442004763	NA	NA
GSE63017_3	-0.000405656702432912	-0.0264621772427088	NA	NA
GSE63017_4	-0.000691248107071021	-0.0242030111987565	NA	NA
GSE63939_1	-0.0236715326825521	-0.0975687878317917	NA	NA
GSE63939_2	-0.02982911271494	-0.07849149923221	NA	NA
GSE64141_1	-0.060602279248049	-0.210140301069926	NA	NA
GSE64965_1	-0.0674132460231833	-0.150749771340493	NA	NA
GSE65745_1	0.000239520958083832	0.00907110035718644	NA	NA
GSE65745_2	0.000837721397797989	0.0262109703438369	NA	NA
GSE65745_3	0.000610255632136453	0.0156913743027044	NA	NA
GSE66416_1	-0.0107858281731635	-0.074250348453535	NA	NA
GSE66862_1	-0.0164126509050544	-0.142530193782871	NA	NA
GSE69108_1	-0.0123174284204382	-0.0499064030630217	NA	NA
GSE71565_1	0.000170898800517899	-0.01165824322875	NA	NA
GSE72261_1	-0.00195962735024876	-0.0195887432742718	NA	NA
GSE72261_2	0.0109259582317829	0.0563851928608999	NA	NA
GSE72261_3	0.00584467291769765	0.0389386340606833	NA	NA
GSE7683_1	-0.00177674618925623	-0.0472287744044707	NA	NA
GSE7683_2	-0.00899315631909586	-0.0514145734451456	NA	NA
GSE78980_1	-0.00465199333624642	-0.0364447231667735	NA	NA
GSE78980_2	0.00107704171777496	0.0637836188228201	NA	NA
GSE78980_3	0.00187716085471613	0.0407544565924265	NA	NA
GSE78980_4	0.00620906944218924	0.108938823499826	NA	NA
GSE78980_5	-0.000931167262726359	-0.0714063006557235	NA	NA
GSE78980_6	-0.000250890266003219	-0.0105698529186454	NA	NA
GSE78980_7	0.00249951291739943	0.0353210838157639	NA	NA
GSE78980_8	0.00107415301641571	-0.0224600758289715	NA	NA
GSE78980_9	-0.00588687036694996	0.00649886278577227	NA	NA
GSE78980_10	-0.00671129629743259	-0.0395799149031301	NA	NA
GSE81399_1	-0.00104145939541923	0.0147622353191829	NA	NA
GSE84609_1	0.009570613741934	0.0409349527782152	NA	NA
GSE84907_1	0.00420881339362734	0.0583401266204522	NA	NA
GSE84907_2	0.00972772940786369	0.0521400595333616	NA	NA
GSE84907_3	0.00128625613063205	-0.00498515302511416	NA	NA
GSE90127_1	-0.0401407643639638	-0.104486945896458	NA	NA
GSE90127_2	-0.000451514353042075	-0.013516198460753	NA	NA
GSE90127_3	-0.0429518349159072	-0.0859016605378814	NA	NA
GSE9247_1	-0.00997365124080238	-0.112961739186774	NA	NA
GSE9247_2	-0.0244723774364364	-0.0417877409353928	NA	NA
GSE9247_3	-0.00133708947768549	-0.0137737304543229	NA	NA
GSE99306_1	0.0284995787991888	0.0692319016517165	NA	NA
GSE99306_2	0.0273255612092787	0.0640120859719812	NA	NA
GSE99306_3	-0.00267901013365953	-0.00133886619783827	NA	NA
GSE99306_4	0.0220517210125456	0.0497277925371293	NA	NA
GSE99306_5	0.0241596161068694	0.0615676457210227	NA	NA
GSE99306_6	0.0149157730417695	0.0423231730100275	NA	NA
GSE99306_7	-0.0027719313064177	0.02090953393168	NA	NA
GSE99306_8	0.0240266471722822	0.057340928721108	NA	NA
GSE99306_9	0.0117848095357717	0.0317198524273632	NA	NA
GSE99306_10	0.000874528549005072	0.0462255635452102	NA	NA
GSE99306_11	0.0376754916802233	0.0919268190302991	NA	NA
GSE99306_12	0.0105302119818095	0.0289603491044638	NA	NA
GSE99306_13	0.0190120883778191	0.0879001187666846	NA	NA
GSE99414_1	0.00140096340615835	0.0305084554603014	NA	NA
GSE110581_1	0.000167984590831336	0.0119154202187931	NA	NA
GSE110581_2	-0.00050221381529397	-0.00733313691594677	NA	NA
GSE47799_1	-0.0017916531116051	-0.010088380226005	NA	NA
GSE47799_2	-0.00276434343754359	-0.0149435849597802	NA	NA
GSE47799_3	0.00166112446710066	0.0064786964010652	NA	NA
GSE111628_1	-0.000119788104855757	0.00574631504520511	NA	NA
GSE111628_2	0.000979948298501505	-0.0116356493878309	NA	NA
GSE111628_3	0.00202369757661122	-0.0052994813872383	NA	NA
GSE5657_1	0.00123622361509354	-0.00207709696034424	NA	NA
GSE5657_2	0.00101331525381146	0.0399782067099664	NA	NA
GSE13782_1	-0.00411848776272505	0.01574226537771	NA	NA
GSE41039_1	6.2116883372079e-05	-0.0379006046591651	NA	NA
GSE84198_1	-0.00227505630662658	-0.0523110841054478	NA	NA
GSE84198_2	-0.000839244369068365	0.00787440639206479	NA	NA
GSE84198_3	0.0541222890472517	0.116411593011376	NA	NA
E-GEOD-54216_1	-0.0245905465478724	-0.101172481877274	NA	NA
E-GEOD-54216_2	-0.0358575318401592	-0.161715854271634	NA	NA
E-GEOD-54216_3	-0.0179758582171725	-0.155260127016722	NA	NA
E-GEOD-6119_1	0.0162842401766083	0.0291181155131435	NA	NA
E-GEOD-6119_2	0.0166401755220765	0.0295062479899677	NA	NA
E-GEOD-6119_3	0.0214771951871869	0.0325692463615047	NA	NA
E-GEOD-8077_1	0.00555658305455351	0.050145270326622	NA	NA
E-GEOD-8077_2	-0.000608154160973033	0.0413129782446173	NA	NA
E-GEOD-8077_3	-0.00437706064611988	-0.0167460705835677	NA	NA
GSE103416_1	0.0487816398185545	0.185441484537327	NA	NA
GSE103416_2	0.00174297840978724	0.0311823457753405	NA	NA
GSE103416_3	-0.0036047053932266	0.0190123018792888	NA	NA
GSE19950_1	0.0277811072990094	0.206228924508533	NA	NA
GSE30322_1	-0.0186091409865127	-0.137628283170531	NA	NA
GSE30322_2	-0.0142921748007443	-0.0801381967854575	NA	NA
GSE30322_3	0.000904978532540032	0.000622580656064683	NA	NA
GSE42295_1	0.000539703852822809	0.0886275293796921	NA	NA
GSE42295_2	-0.00164660257261356	-0.0193749658627013	NA	NA
GSE42295_3	-0.0045183395672889	-0.0397414269186287	NA	NA
GSE66554_1	-0.0649256277194514	-0.135149683692102	NA	NA
GSE66554_2	-0.0358835632008009	-0.168652045149553	NA	NA
GSE66554_3	0.0107704650161406	0.0412811606749791	NA	NA
GSE66554_4	-0.0368046541182763	0.00541486417750414	NA	NA
GSE74898_1	-0.00518227612103168	-0.0134338970115598	NA	NA
GSE74898_2	-0.00116499713531301	-0.00681337360497298	NA	NA
GSE74898_3	-0.0214817006506312	-0.0746337584008092	NA	NA
GSE79176_1	-0.000119448865770294	-0.0134294458069858	NA	NA
GSE79176_2	8.43121505070744e-05	-0.00852464492019208	NA	NA
GSE79176_3	-1.18024573269484e-05	0.00297433970523674	NA	NA
GSE85785_1	-0.00585023351969074	-0.0125249359460955	NA	NA
GSE23492_1	-0.0123983314148986	-0.0417835949168926	NA	NA
GSE23492_2	0.0359469899152075	0.136837620766312	NA	NA
GSE23492_3	-0.0165148987744871	-0.0631711787392139	NA	NA
GSE23492_4	0.0214890105254489	0.0476983597049491	NA	NA
GSE23492_5	0.00479939347279703	0.0199809857002439	NA	NA
GSE44991_1	0.00366300091215679	0.00140835680391224	NA	NA
GSE44991_2	0.000299336396522555	0.0274743675628172	NA	NA
GSE39796_1	-0.00602697357234955	0.00380968840250311	NA	NA
GSE39796_2	0.00365080040578563	0.0374707989075729	NA	NA
GSE39796_3	-0.0122330334096743	-0.0388484262270781	NA	NA
GSE18394_1	-0.0119599219350819	-0.0635742629448094	NA	NA
GSE18394_2	-0.0191662891889119	-0.0455599961268305	NA	NA
GSE18394_3	0.000282197422838325	-0.0355709030503093	NA	NA
GSE29233_1	0.00595079524167541	0.0320163981052237	NA	NA
E-MEXP-2291_1	-0.0194415398095304	-0.031634681536309	NA	NA
E-MEXP-2291_2	-0.00996848964468735	-0.00218412213190759	NA	NA
E-MEXP-2291_3	-0.0102979576465277	-0.0271868937454805	NA	NA
GSE107363_1	-0.00445979082700501	-0.0733559092530363	NA	NA
GSE85761_1	-0.0332990144770198	-0.00632762295676716	NA	NA
GSE89179_1	-0.0980014517800589	-0.190132527492202	NA	NA
GSE89179_2	0.00535700424779598	0.0437641301025059	NA	NA
GSE89179_3	-0.024545980926913	-0.121009491365002	NA	NA
GSE89179_4	-0.0102633688782015	-0.0506921170932295	NA	NA
GSE89179_5	-0.0374646332713738	-0.0659676001487283	NA	NA
GSE89179_6	-0.0325121731459034	-0.116619445651078	NA	NA
GSE89179_7	-0.0180583197935947	-0.0674466005178022	NA	NA
E-GEOD-57723_1	0.00110367384298874	-0.0266315537755973	NA	NA
E-GEOD-57723_2	-0.0156946199390023	-0.109949552679798	NA	NA
E-GEOD-57723_3	-0.0343919967161108	-0.0964551234419798	NA	NA
E-GEOD-83930_1	0.00522238428849431	0.0217846316715213	NA	NA
GSE100268_1	0.0322209805890465	0.164864169823277	NA	NA
E-GEOD-55769_1	-0.00617561996227595	-0.0804526182615932	NA	NA
E-GEOD-55769_2	-0.00192568729058196	-0.155444160318122	NA	NA
E-GEOD-55769_3	-0.00792214673084814	-0.102390072864463	NA	NA
E-GEOD-69110_1	-0.00547547267702869	-0.0501336174692431	NA	NA
E-MTAB-4304_1	0.0076151548107187	0.0599540686901638	NA	NA
E-MTAB-4879_1	0.00128444213954724	-0.00454651850390031	NA	NA
E-MTAB-4879_2	-0.0232160157421841	-0.0511682199856312	NA	NA
E-MTAB-4879_3	-0.00327463630442993	-0.0104436016905041	NA	NA
E-MTAB-4879_4	-0.0265276352124768	-0.11069724075166	NA	NA
Cytokine_Explant_1	-0.00870530074841229	-0.0230602786846281	NA	NA
Cytokine_Explant_2	0.0755823465492334	0.181614782768688	NA	NA
Cytokine_Explant_3	0.057671355042854	0.140436714543321	NA	NA
Cytokine_Explant_4	0.0165626718712394	0.0835115023285278	NA	NA
Cytokine_Explant_5	0.0204052428337962	0.0344412108486267	NA	NA
FN1_Explant_1	-0.00831242070010164	-0.0523570963957769	NA	NA
E-MTAB-6266_1	-0.0183823456964673	-0.045204514832459	NA	NA
E-MTAB-6266_B_1	-0.0123644672662936	-0.0237680825302977	NA	NA
E-MTAB-6266_B_2	-0.021878215287898	-0.056157039187532	NA	NA
E-MTAB-6266_B_3	-0.0206566732594938	-0.0356663233379346	NA	NA
GSE70667_1	0.000370963617304792	0.0902931960439377	NA	NA
GSE87608_1	0.00111273307998991	0.0127817306928432	NA	NA
GSE87608_2	0.0132852915569178	0.0834852590809981	NA	NA
GSE87608_3	0.0228778274378401	0.145559398610571	NA	NA
GSE87608_4	0.00437839369891356	0.0641797026584515	NA	NA
GSE90890_1	0.0221946843913243	0.125986858569068	NA	NA
GSE97118_1	-0.0294123233554214	-0.119765972642323	NA	NA
GSE97118_2	-0.00110868109824959	-0.0355950196850825	NA	NA
GSE97118_3	-0.0413938867215732	-0.152801773533284	NA	NA
GSE97118_4	-0.0107868862953553	-0.0262382103465177	NA	NA
GSE97118_5	-0.00928457819121745	-0.0798196880620384	NA	NA
GSE97118_6	-0.0174900363436146	-0.0672964801682751	NA	NA
GSE97118_7	-0.00161454506026261	-0.0305325680118416	NA	NA
GSE107592_1	-0.00459071984595698	0.00376495662256109	NA	NA
GSE92641_1	-0.0237509075135068	-0.105063134926909	NA	NA
GSE107849_1	0	-0.00109940465466224	NA	NA
E-ERAD-89_1	-0.00013034671193958	-0.0228672313322783	NA	NA
E-ERAD-89_2	-0.000168843344540142	0.0132856643899896	NA	NA
E-ERAD-89_3	-0.000596851597030601	0.00843414432513714	NA	NA
E-ERAD-89_4	0.00032303516365276	0.0389503355457764	NA	NA
E-GEOD-45893_1	0	-0.112809532261385	NA	NA
E-GEOD-53105_1	-0.000857210876774171	0.0252291489591174	NA	NA
E-GEOD-53105_2	-0.035251505787178	-0.200364327166498	NA	NA
E-GEOD-54461_1	0.0129502116762603	0.0628430183023845	NA	NA
E-GEOD-54461_2	0.0115398545022341	0.0648022830950155	NA	NA
E-GEOD-54461_3	0.0266919433477464	0.114663463146064	NA	NA
E-GEOD-54461_4	0.0513407567047127	0.170865576226199	NA	NA
E-GEOD-54461_5	0.0996406746547513	0.225919975624491	NA	NA
E-GEOD-54461_6	0.11109851669875	0.232707468447358	NA	NA
E-GEOD-54461_7	0.127063513993093	0.235083887050279	NA	NA
E-GEOD-54461_8	0.140869313985743	0.247390421978877	NA	NA
E-GEOD-73372_1	-0.0144553949394799	-0.082418395786554	NA	NA
E-GEOD-73372_2	-0.0141415737548806	-0.0673718755066772	NA	NA
E-GEOD-73372_3	-0.00342580107493214	0.0391259131280668	NA	NA
E-GEOD-75549_1	-0.00774131622982764	-0.0320049628437909	NA	NA
E-GEOD-76988_1	-0.0177258388703339	-0.151754397264813	NA	NA
E-MTAB-2923_1	-0.10305038890074	-0.265121483716697	NA	NA
E-MTAB-2923_2	0.16208625487584	0.313005745811365	NA	NA
E-MTAB-2923_3	0.119551662515103	0.195475979326228	NA	NA
E-MTAB-2923_4	0.0730753478513015	0.13815802254803	NA	NA
E-MTAB-3428_1	0.0695490594842949	0.147368330879145	NA	NA
E-MTAB-3428_2	-0.00497571882401837	-0.114146556170844	NA	NA
E-MTAB-3428_3	0.0109111326974971	0.0878260364357942	NA	NA
E-MTAB-3428_4	0.0702566364819361	0.15384468085539	NA	NA
GSE102856_1	0.00464330017853668	0.117133799093863	NA	NA
GSE103492_1	0.0099864635607605	0.0728031058935433	NA	NA
GSE103492_2	-0.00638400932942305	-0.0502412114543122	NA	NA
GSE103492_3	0.00825335417677485	0.0690372270323641	NA	NA
GSE103492_4	0.0140842714807731	0.123356790085931	NA	NA
GSE103492_5	-0.00646171678301918	-0.0685076939719794	NA	NA
GSE103492_6	-0.000269481367859587	0.0039450490135961	NA	NA
GSE103492_7	0.0054818220457249	0.0809354089616809	NA	NA
GSE103492_8	4.16166783886573e-05	-0.0171436360497191	NA	NA
GSE103492_9	0.00441071699745277	0.0373811369082758	NA	NA
GSE103492_10	0.00176586148287887	0.073070850295354	NA	NA
GSE106259_1	0.000540061785937245	-0.00423319690010719	NA	NA
GSE110303_1	0.00117382105493617	-0.0262928168554119	NA	NA
GSE110303_2	0.000181767035572443	0.135045325008053	NA	NA
GSE110303_3	0.00367965067377261	0.0697744586896588	NA	NA
GSE110300_1	-0.00243569068839455	-0.0604648877966369	NA	NA
GSE110300_2	0.00050160966471576	-0.00138865793308475	NA	NA
GSE110300_3	-0.000957640962150944	0.0692784734937161	NA	NA
GSE110281_1	0.00213828297800591	0.0378450544096541	NA	NA
GSE110281_2	0.0111665576104181	0.0885060312892168	NA	NA
GSE110281_3	0.00907534162551838	0.0619548696620675	NA	NA
GSE104459_1	0.0195673813927246	0.156480483288088	NA	NA
GSE104459_2	0.0287793595544002	0.195789093925442	NA	NA
GSE104459_3	-0.00330664108453683	-0.0248810069570158	NA	NA
GSE110051_1	-0.0522486269943757	-0.100279961662665	NA	NA
GSE110051_2	-0.0110474877734278	0.0499892865805085	NA	NA
GSE110051_3	-0.0494694806999739	-0.0455612108902326	NA	NA
GSE112694_1	0.0836811410601808	0.114319926859213	NA	NA
GSE112694_2	0.0321605752551621	0.0340310922327749	NA	NA
GSE112694_3	-0.050314833114112	-0.142167345405942	NA	NA
GSE112694_4	-0.0948890316464594	-0.200254294742808	NA	NA
E-MTAB-5879_1	-0.0165560148962475	-0.0598867893999224	NA	NA
E-MTAB-5879_2	-0.00139463730970869	0.0143997102611545	NA	NA
E-MTAB-5879_3	-0.0164496843142911	-0.036678810524958	NA	NA
E-MTAB-5879_4	0.00109475833063384	0.0219411913545525	NA	NA
E-MTAB-5879_5	-0.016706413162071	-0.052027110286209	NA	NA
E-MTAB-5879_6	0.00574902269206757	0.0376328768203738	NA	NA
E-MTAB-5879_7	0.00447297657045796	0.0484584124675976	NA	NA
E-MTAB-5879_8	0.00407838925494628	0.0146280804448737	NA	NA
E-MTAB-5879_9	0.00196356448728089	0.00634500144225404	NA	NA
E-MTAB-5879_10	0.0037242701198864	0.0405618777556052	NA	NA
E-MTAB-4294_1	0.0126274240966379	0.0307259411512352	NA	NA
E-MTAB-4294_2	-0.005970818210758	-0.03894011519749	NA	NA
E-MTAB-4294_3	-0.0165003442434264	-0.103613471289685	NA	NA
E-MTAB-3186_1	0.0840931376480183	0.160319878475352	NA	NA
E-MTAB-3186_2	-0.00778412078320653	0.0017425787687176	NA	NA
E-MTAB-3186_3	-0.0142375121023574	-0.014742263140304	NA	NA
E-MTAB-3186_4	0.00788756421998409	0.0709781187030615	NA	NA
