comparisonID	jaccard	cosine	sigjaccard	chrDir
22659600_1	0.00716829213411114	0.0395209021110548	-0.00432940228858596	0.00430211977246863
24361742_1	0.000212404900837413	-0.00642519742248978	0.00625	-0.00735005241016428
GSE72258_1	0.00271739130434783	0.0220398229479177	0	0.00285902780822747
GSE72258_2	0	-0.00766723290047552	NA	0.000155485052212043
GSE69531_1	0.00542127458568556	-0.00296792235470133	NA	NA
GSE69531_2	-0.00783364347922524	-0.0435108486914154	NA	NA
GSE69531_3	-0.00934919179641271	-0.055213032846006	NA	NA
GSE69531_4	0.00542127458568556	-0.00296792235470133	NA	NA
GSE58203_1	0.00215553742147313	-0.0428866065629979	0	0.00617968384661124
GSE58203_2	-0.0136881381391373	-0.0750552088719622	0.00284900284900285	0.0050826942982037
GSE58203_3	-0.0168061072429749	-0.112673939591131	-0.000330526608562125	-0.0307770676434536
GSE58203_4	-0.0265002395840112	-0.171647949499842	-0.00609821266781978	-0.0459803043998063
GSE58203_5	-0.00392528819495112	-0.0212358390853005	0	0.00695377517126265
GSE58203_6	-0.0119899716252702	-0.0655162024162427	-3.24922884968634e-05	-0.0307261303571267
GSE58203_7	-0.0117914224094088	-0.0948046722779087	-0.000145008968224872	-0.020908693930442
GSE58203_8	-0.0186519150966643	-0.117710626061441	-0.00342714210814022	-0.0373002470286075
GSE59642_1	-0.00196231031476029	0.00450597967023865	NA	NA
GSE59642_2	-0.00210486375272912	-0.0127596606975726	NA	NA
GSE59642_3	-0.00226278116904627	-0.0201854644809064	NA	NA
GSE64922_1	-0.00198818911022629	-0.0211258053489239	0.00303309234857815	0.00699450320114375
GSE60162_1	-0.00188481662298669	-0.021466371620355	NA	NA
GSE31685_1	0.00630624516695806	0.0776719588204701	0.00211864406779661	-0.00351896988108926
E-MEXP-3890_1	-0.00159876728161997	-0.00496707899128393	0.00157456996455705	0.00229202052611954
GSE31980_1	-0.00464842391057513	-0.0133947117136805	-3.7038640081366e-05	-0.00389941231893567
GSE15615_1	-0.0101237864081792	-0.0831639895450883	-0.00247623948900005	0
GSE15083_1	0.0114392620611979	0.0422522504903917	NA	0.0179213175265657
GSE108035_1	0.00733312200675097	0.0190446231220691	-0.000257534513396939	0.00606796935641726
GSE108035_2	0.00235194053018707	-0.000981309819406322	-0.000775996542928814	0.01624486863711
GSE108035_3	0.000778814694627874	-0.0138269650318696	-0.000722156667508703	0.0132198313356455
GSE21959_1	-0.000870070288505682	0.00984436602113139	0	-0.0105289437082306
GSE21959_2	-0.00937999035825123	0.0215661710093904	0	-0.00337117619919784
GSE24742_1	-0.0292264523085672	-0.0529881713091713	NA	-0.0313455244711805
GSE24742_2	-0.00712863914600525	-0.00945271049597209	NA	-0.0409921715298048
GSE24742_3	0.00832270353833798	0.0240755819524118	NA	0.00139131705139302
GSE74668_1	-0.0111982942895332	-0.0579899389648046	NA	NA
E-GEOD-10024_1	-0.0167021424576255	-0.0666941294902493	NA	NA
E-GEOD-10024_2	-0.0151171414747791	-0.053104995959914	NA	NA
E-GEOD-12860_1	-0.00779373180565837	0.0060880397640778	NA	NA
E-GEOD-12860_2	0.0100802365087069	0.0674573019315101	NA	NA
E-GEOD-12860_3	0.0103548120289969	0.0504420503032428	NA	NA
E-GEOD-12860_4	0.00142510174187189	0.0313527414043602	NA	NA
E-GEOD-12860_5	0.00351795544889292	0.0341025440791436	NA	NA
E-GEOD-12860_6	0.0133348625400966	0.0842322797067713	NA	NA
E-GEOD-12860_7	-0.000904760429135224	0.0310008792898392	NA	NA
E-GEOD-12860_8	0.00518418239666276	0.0328767861967026	NA	NA
E-GEOD-14359_1	-0.0147046319393655	-0.097255558269456	-0.00206114365645804	-0.0140817197124583
E-GEOD-14359_2	0.0170148718731223	0.0896053375642292	0.00494611023228246	0.0346102049841218
E-GEOD-1919_1	-0.0509871506110844	-0.151436837715339	NA	NA
E-GEOD-1919_2	-0.0128013366535463	-0.0421449959407057	NA	NA
E-GEOD-1919_3	0.0198147810176281	0.0454950145940242	NA	NA
E-GEOD-1919_4	-0.108445657000393	-0.305387443346996	NA	NA
E-GEOD-1919_5	-0.0431890075120139	-0.182399026583186	NA	NA
E-GEOD-1919_6	-0.102469257859677	-0.25347797636026	NA	NA
E-GEOD-1919_7	-0.0602352749526342	-0.190060057122613	NA	NA
E-GEOD-1919_8	-0.0448147322641498	-0.1667191987759	NA	NA
E-GEOD-1919_9	-0.0130451008761109	0.0195467733206481	NA	NA
E-GEOD-19664_1	-0.00235216192590732	-0.00791771586079612	NA	NA
E-GEOD-19664_2	-0.0139642891109076	-0.049986079676301	NA	NA
E-GEOD-19664_3	0.0141969254190178	0.0595891338569466	NA	NA
E-GEOD-19664_4	-3.7057285704533e-05	0.0211174460188317	NA	NA
E-GEOD-19664_5	-0.00317860316710959	-0.0360906085741596	NA	NA
E-GEOD-19664_6	0.00209494993189918	0.0231552179853051	NA	NA
E-GEOD-43923_1	0.00704823771184641	0.00532162075353117	-0.0047392001439013	0.0204278241082044
E-GEOD-51812_1	0.00330428261430381	0.0496981389680539	-0.000486909658691862	0.0152702873295371
E-GEOD-51812_2	0.00324219408687161	0.0456906996934151	-0.00018000933446941	0.0132098912953442
E-GEOD-68760_1	-0.0142068644646434	-0.0895773773606122	-0.00312431238186692	-0.0207128099153419
E-GEOD-82107_1	-0.0487102008529412	-0.128279961703782	0.0031055900621118	-0.0620669409106957
E-GEOD-9451_1	-0.00134083836878963	0.00557361776824887	-0.00420440229147353	-0.0193383957072625
E-GEOD-9451_2	0.0105408352577321	0.0370800896591431	-0.00257313654390428	0.0106874994668042
E-GEOD-9451_3	0.00365441204778902	0.0108422447990508	-0.00184744923229321	-0.00305315391522288
E-GEOD-9451_4	0.0165894378853462	0.14479513146584	0.000599707824680553	0.0337418558081289
E-MEXP-2019_1	0.0090053178831001	0.131385324533884	NA	0.0360742928697162
E-MEXP-2019_2	0.0113790819717689	0.0264801611526447	0.00246305418719212	-0.000363433360594178
E-MEXP-2019_3	0.0038861571227429	0.11603344460882	NA	0.00992216066213652
E-MEXP-2019_4	0.0211622749808878	0.05679624739311	0.0149253731343284	0.02197332021999
E-MEXP-2276_1	-0.0128282140856289	-0.0489039041623397	NA	-0.00982377912497289
E-MEXP-2488_1	-0.00393182962503698	-0.0348051246516441	-0.000405618667809422	-0.0319511325313106
E-MEXP-3129_1	0.00969189416987599	0.000766762227936995	0	0.0325732375378194
E-MEXP-3474_1	0.00589988057635945	0.0136500194932944	NA	0.0204525262336253
E-MTAB-3010_1	-0.00414759772670881	-0.0443828801862392	NA	NA
E-MTAB-3010_2	-0.00481793927837861	-0.0444743358090601	NA	NA
E-MTAB-3010_3	0.000334037774283071	0.00758674543501299	NA	NA
E-MTAB-3010_4	0.0111840770001153	0.0495846527078075	NA	NA
E-MTAB-4152_1	0.000373600780552855	-0.00476729205885668	-0.00318239679941808	0.00836750839945728
E-MTAB-4152_2	-0.0123331242322245	-0.0617913018245373	0.00184487045800914	-0.0215993498642707
E-MTAB-4152_3	-0.00872378974803098	-0.0496552198482064	-0.00199194169043415	-0.00456796590723239
GSE100609_1	0.00525280640628173	0.0178457304858074	NA	0.00206879099122618
GSE100786_1	-0.00847479063222096	-0.0384324560280601	0	-0.00978992514576243
GSE100786_2	-0.0100429845223255	-0.0482931282481188	NA	0.00146639556850165
GSE103697_1	0.00268817204301075	-0.0274115051685819	NA	NA
GSE103697_2	0.00273224043715847	0.00964938570192403	NA	NA
GSE103697_3	0.00264550264550265	-0.00780705363928125	NA	NA
GSE104113_1	6.89730413845156e-05	0.00264586244257734	NA	NA
GSE104113_2	0.00911144660858891	0.0276680697275292	NA	NA
GSE104113_3	6.89730413845156e-05	0.00264586244257734	NA	NA
GSE10575_1	0.00507490278541825	0.0166850150242403	-0.015625	-0.00911821198469128
GSE10575_2	0.000272957870157521	-0.0250713362325453	-0.00314465408805031	-0.00938097821041698
GSE10575_3	0.00143855663500403	-0.017895791184545	-6.09240089934966e-05	0.00428217153401373
GSE13604_1	-0.00514224501362598	-0.0152916180133639	0	-0.0106496316242309
GSE13837_1	0.00303575382023535	-0.0146457759448114	0	-0.0197622852705926
GSE13837_2	-0.0101512326048362	-0.00710141852999587	0	-0.0393981668977434
GSE13837_3	-0.0229381053246185	-0.0472118605238396	-0.000687530238598457	-0.0497231346575401
GSE13837_4	-0.0250028642793884	-0.107391613876905	-0.00679864117364117	-0.0404833315248012
GSE13837_5	-0.00432098990863873	-0.006435604880369	0	-0.0127686663054998
GSE13837_6	-0.00420909704441026	-0.0216883683843434	0	-0.0312434152437227
GSE13837_7	-0.0244120166727659	-0.075516621854268	-0.00219298245614035	-0.0442390198866244
GSE13837_8	-0.0354760447270561	-0.152597150168872	-0.00715941545155726	-0.0470385074221597
GSE13837_9	-0.0125189648677289	-0.0492658519949749	-0.00307555843670938	0.00765089176532667
GSE13837_10	-0.00627222690973954	-0.0361201910313199	-0.00238507846606245	0.00662456966087329
GSE13837_11	-0.00789068354872827	-0.0256920159745968	-0.00143637957729401	0.0145701714016543
GSE13837_12	0.00350716822114058	0.0111038830380387	-0.00141640087292261	0.0235592858719791
GSE13837_13	-0.00409198027159913	-0.039492913812912	0	0.00823388608076617
GSE13837_14	-0.022299748924129	-0.076275309871089	0.00193798449612403	-0.0158319038466506
GSE13837_15	-0.0251692030120388	-0.0937972251476877	-0.00188561171220131	-0.0355247907843768
GSE13837_16	-0.0237251781870819	-0.128799636815748	-0.00398512944132727	-0.043621963464161
GSE13837_17	-0.000493313118055715	-0.0554832549949159	0	0.00935099981131106
GSE13837_18	-0.0171004307076194	-0.0893905544077453	0.00200803212851406	-0.0148273225225692
GSE13837_19	-0.0319754556799464	-0.116819683962148	-0.00453813097919678	-0.0357499358929062
GSE13837_20	-0.0400271201673151	-0.150257112462824	-0.00784717670193838	-0.0572634528651743
GSE13837_21	-0.00937180634721899	-0.0455355254749794	-0.00328530529872812	0.0110825499199868
GSE13837_22	-0.00767130297960378	-0.0477036540759172	-0.00121787442430107	0.00640811359226423
GSE13837_23	-0.00462020965029167	-0.0349488526989933	-0.00285444101989353	0.00951423869352465
GSE13837_24	-0.00873622585488725	-0.0636670930326315	-0.00463482315265705	-0.00974011989369079
GSE16464_1	-0.0216302050828369	-0.11278103786342	NA	NA
GSE16464_2	0.00885064994925848	0.0788080406181578	NA	NA
GSE19060_1	-0.00941383094883444	-0.0242791730028863	0	-0.0182702573694816
GSE27372_1	0.00894714224323163	-0.0428206603464278	0.00917431192660551	0.00849072428945811
GSE27390_1	-0.00772130216783525	-0.0252635602434352	0	-0.012975840311948
GSE29106_1	-0.0157716005289968	-0.0799483861932942	NA	NA
GSE29107_1	-0.00450746315378592	-0.00883169907247169	NA	NA
GSE29107_2	-0.0102313698443864	-0.0527706723039582	NA	NA
GSE29745_1	-0.00161270332446672	-0.0479616325438728	NA	NA
GSE29745_2	-0.0121489488211445	-0.113633111348906	NA	NA
GSE29745_3	-0.00184426430192685	-0.0191862424079438	NA	NA
GSE35546_1	0.00582852139375868	0.011217210043749	NA	NA
GSE35546_2	-0.00335771614712299	0.00554109796507912	NA	NA
GSE35546_3	-0.00318342944834496	0.00926358958534192	NA	NA
GSE35546_4	0.00573698006100528	0.0301659983445787	NA	NA
GSE35546_5	-0.00323265798502623	0.0255724394607187	NA	NA
GSE35546_6	0.000691308795778424	0.027356587848592	NA	NA
GSE35955_1	0.00279887414591425	0.0198024483976046	-0.00109409190371991	0.0033901350675353
GSE35956_1	0.00931884675517568	0.0417124310219194	0.00158227848101266	0.0128678886396617
GSE35957_1	0.0125499023477595	0.0665892383019164	3.40771897028469e-05	0.00605248571755749
GSE35958_1	-0.00136981934245106	0.00837713560426386	0.00066577896138482	0.00347898700449237
GSE39340_2	0.268015826503302	0.552727822767509	0.085423197492163	0.231070720193569
GSE39340_3	0.172308369367079	0.398509210051403	0	0.201932570074139
GSE39795_1	-0.00587051543873725	-0.0290961274062154	NA	-0.00624669894468033
GSE39795_2	-0.00152120383130797	-0.0309137189511334	0.00351281759287377	-0.00188903135572341
GSE39795_3	0.00504779097548406	-0.0147149819779169	0	-0.00240207782731409
GSE41038_1	0.00746980282724877	0.012350341648416	NA	0.00918026684448861
GSE41038_2	0.00868636330308747	0.0315190626268657	NA	0.0131906978772627
GSE41038_3	0.00771249863650805	0.0186916130304059	NA	0.00964580531412215
GSE41992_1	-0.00526124263327795	-0.0275431230347549	NA	NA
GSE42235_1	0.0283541669275233	0.0766387947420936	-0.00015460729746444	0.0352303139839644
GSE42235_2	0.0276006851812148	0.0540485759438341	0.00265957446808511	0.0442245748151592
GSE42235_3	0.0278451707734927	0.0478319944151631	-0.000965241260042028	0.0328125544783831
GSE42235_4	0.0171812593173186	0.0426757387291246	-0.00274656679151061	0.0249410694644652
GSE45233_1	-0.0417661684490599	-0.117209499733483	NA	-0.0339854784029419
GSE45233_2	-0.0190373841627004	0.0138046966811851	0	-0.0200194293574637
GSE45233_3	0.0267008815886809	0.0440467738913479	NA	0.0172521500774014
GSE45233_4	-0.0245764428259914	-0.0965246592922208	0	-0.00706825171325196
GSE46053_1	-0.0239901216814301	-0.069267445117855	-0.00706189174234287	0.00506077748629946
GSE46053_2	-0.0291880937328869	-0.0990639949997981	-1.89350905097324e-05	0.00461573672719738
GSE46750_1	-0.0264914118139925	-0.0913519134242309	0	0.00741101774894571
GSE51588_1	-0.00387830251355113	-0.00661211619016956	0.00289907063171334	-0.00526752774857185
GSE51588_2	0.0216572807340284	0.0915170297509599	0.00425417533846298	0.00437129310858039
GSE51588_3	-0.0390607816328586	-0.169155634281559	-0.00322649775397501	-0.0070489122611154
GSE52817_1	-0.000477200500368365	-0.0238451645867294	NA	NA
GSE52817_2	-0.0087167027994373	-0.081182475005835	NA	NA
GSE52817_3	-0.00110477060868128	-0.0281612665564598	NA	NA
GSE52817_4	0.00432240737780901	0.0532282659380531	NA	NA
GSE55235_1	-0.105109577413572	-0.269315432326875	-0.014919840607914	-0.0877663869391324
GSE55235_2	-0.0860848074899864	-0.264744779838343	-0.00981362869758011	-0.0798823401978467
GSE55235_3	-0.0227825410634115	-0.0976823346722817	-0.00256410256410256	-0.0466798364576217
GSE55457_1	-0.0921997157071784	-0.224594925587293	-0.0238167938931298	-0.058373092049883
GSE55457_2	-0.0749480466701371	-0.201264962771228	-0.0187952898550725	-0.0873224851030837
GSE55584_1	-0.0345912860133094	-0.0804944028566208	-0.0166666666666667	-0.0317233664357485
GSE57218_1	-0.00569165629124064	-0.0866549078566253	0	-0.0171383983018975
GSE60762_1	-0.00124174416178633	0.0146847292493287	NA	-0.00174237362602685
GSE62914_1	0.00115240376661676	0.0335601564602737	NA	0.00366054465104591
GSE62914_2	0.00183058081200087	0.0463453650412311	NA	0.00196609060338569
GSE62914_3	0.00363185452468339	0.0260898904170462	0	-0.00648934045543872
GSE62914_4	-0.00055075840593504	0.0114243420078306	0	0.0116215654595867
GSE64394_1	-0.0273020178481104	-0.109962558788184	NA	-0.0354284581572926
GSE66635_1	0.0126112660249085	0.030051845466087	NA	0.00844527732035269
GSE68038_1	-0.000276645763844797	0.00444786520281026	0	-0.0203421764244315
GSE68428_1	-0.0130824274837277	-0.0803860694209236	-0.00544280968445493	-0.020011823693143
GSE68428_2	-0.0160681443060736	-0.0718917473489333	-3.98649905652857e-05	-0.0169497782425788
GSE68428_3	-0.0157638128877368	-0.0984665539704967	0.0022075055187638	-0.0192396355977818
GSE69459_1	-0.00532633735011938	-0.0379793531503689	NA	NA
GSE69459_2	-0.00790530843847812	-0.0251213445334019	NA	NA
GSE69459_3	0.00951977905030738	0.0151023486781235	NA	NA
GSE69459_4	-0.00279418175494213	-0.0204576226290322	NA	NA
GSE69992_1	0.0214576740694347	0.0644263755528675	0.00493207853907777	0.0260913142850086
GSE70719_1	0.0020683736457546	0.0456021913341908	0	0.00280576441102757
GSE7116_1	-0.0129712757647624	0.00403974691542904	-0.00142045454545455	-0.0213892183801766
GSE7116_2	0.0354678545550359	0.0570035900352503	0	0.0113669091556062
GSE7116_3	0.0177305025626021	0.0429068563135291	0	0.024518775952338
GSE72575_1	0.00381053973937966	0.00668576460589878	-0.00279329608938547	0.00658885936707553
GSE72575_2	-0.00288661278697538	0.00326192303324369	0.000558629495637369	-0.02207759319532
GSE72575_3	-0.00147176970652031	0.00378620054986083	-0.00243875048562549	-0.00974536092503863
GSE72575_4	0.000201527772446356	-0.0280011544534627	0	-0.00808146967294132
GSE75181_1	0.0102354864013132	0.0241382651430062	0.002655210326932	0.0198231178962952
GSE75181_2	-0.0209693322216201	-0.116929106009222	0.000785696602615407	-0.0267379978044228
GSE75181_3	0.00235494590254798	-0.00919134579091112	0.0011499125629374	0.0269418335946047
GSE75230_1	-0.00425514851568711	0.00738018813928279	0.00446428571428571	-0.00194217925159613
GSE7669_1	-0.0250135057616146	-0.101130778280859	0	-0.0344751989851185
GSE77916_1	-0.00448430493273543	-0.00288676926664612	0	0.0104969815185552
GSE80614_1	0.0143603688607167	0.0662880091854782	0	0.0411900573680149
GSE80614_2	0.00305531959688695	0.0606862968697291	0	0.0083482207146186
GSE80614_3	0.00970873786407767	0.0409535247534569	0	0.027266946234514
GSE80614_4	-0.00239214261631598	-0.0227720443587235	-0.000852541189038169	-0.0175580038897756
GSE80614_5	-0.0378957748611222	-0.0801743149841442	-0.00785615697477618	-0.0316901427297327
GSE80614_6	-0.029058907234575	-0.122505765576724	-0.00263595607107057	-0.0479854538255945
GSE80614_7	-0.0266232514964703	-0.111128481708561	-0.00190769716800993	-0.0381001363154293
GSE80614_8	-0.0232456165263119	-0.084371209971804	-0.00711379215198743	-0.0260983808645098
GSE80614_9	0.0130434782608696	0.0105145098520585	0	0.00983736972110404
GSE80614_10	0.00360344525388736	0.0245405106552966	0	-0.010942268652252
GSE80614_11	0.0101522842639594	0.0108836076031819	NA	0.00614601155627635
GSE80614_12	0.00667065051645791	0.0278056730570878	0.00395080679056338	-0.0201214488491668
GSE80614_13	0.00696425975134248	0.0231746358818372	-0.00232978041819558	-0.0208547416671294
GSE80614_14	-0.02284024948179	-0.0268951699821881	-0.00304822521894133	-0.0224730356852402
GSE80614_15	-0.0134303528970419	-0.0200726137593521	-0.0044565045351573	-0.0104382730973046
GSE80614_16	-0.00544388334834971	-0.0244827808319828	0.00070711363137904	-0.00431078519557396
GSE85254_1	-0.0286925604912945	-0.100796706398669	-0.00582684294815355	-0.0295419127385645
GSE86578_1	0.00821531602412798	-0.0127771496758037	0	0.0236630211294815
GSE86578_2	0.00701901021933687	-0.0124204833413241	0	0.016757238685873
GSE86578_3	-0.0387524614431045	-0.16301502766875	0.0016396010145335	-0.029053390685738
GSE9329_1	0.0112374879468563	0.00901569681593948	NA	NA
GSE93698_1	-0.00161739948541722	0.0139911200970208	-0.000635949402688684	0.0391881645248002
GSE93698_2	-0.00351191199002843	0.0221653225896196	-0.000360749209489845	0.046048283406435
GSE93698_3	0.0179027767440594	0.125868125194927	0.00135845397397301	0.0550351386656708
GSE93698_4	0.00519391323130134	0.0587333921606939	0.000896343998949451	0.0465444555462965
GSE93698_5	0.00904843614859135	0.0782352657381639	0.000858088144847347	0.0623174025050819
GSE93698_6	0.00279503315952272	0.0141077540395633	0	-0.00645334015037026
GSE93698_7	0.041278601807109	0.186916530460807	0.00566270127373228	0.0484841592020422
GSE93698_8	0.0370219700261901	0.108315299449784	0	0.00890173272590207
GSE93698_9	0.029493831727411	0.130401137586611	0.00227307248879224	0.00793685424810115
GSE93698_10	0.0558310250276951	0.190597003702911	0.00960633290543432	0.0473927222629003
GSE93698_11	0.0298468430871853	0.0850998079800912	0.00980392156862745	0.0177402377961734
GSE93698_12	0.0215034856967086	0.113020461877936	0.00328797462585902	0.0277521218293807
GSE93698_13	-0.0322095068380777	-0.130588569018447	-0.00276633935170521	-0.0361261515649397
GSE93698_14	-0.0405012127690141	-0.0725941722103551	-0.00561797752808989	-0.0215765887392286
GSE93698_15	0.00472486747044704	0.0561362510331382	-0.00132618939048488	-0.00348942120071676
GSE93720_1	-0.0201132833319727	-0.119434006060719	NA	NA
GSE93720_2	-0.0203501319224495	-0.125983241655132	NA	NA
GSE93720_3	-0.0270430741638527	-0.13659697054792	NA	NA
GSE93720_4	-0.0228213260296384	-0.129569960698976	NA	NA
E-MTAB-5564_1	-0.000889907647036779	-0.0265430062482261	0.00546926307328029	-0.00066056658118601
GSE77753_1	0.00134406154786615	-0.0157085601872758	NA	-0.00769952192444068
GSE43861_1	0.00563944943926194	0.0236069778162554	NA	NA
GSE112809_1	0.00252525252525253	-0.00828734453631564	NA	NA
GSE111946_1	-0.00967044650281013	-0.0600737216847447	NA	NA
GSE111946_2	-0.00365274889351037	-0.0335813175905987	NA	NA
E-MTAB-3201_1	0.00375263282936655	-0.0373738629464402	-0.00117014648657806	0.00405052120018221
E-MTAB-6700_1	-0.0132741265373168	-0.107050102546396	-0.00235357858997779	0
GSE54749_1	0.00261780104712042	0.0182638883241752	NA	0.00883966805917938
GSE57218_B_1	-0.0181609486562839	-0.0992751768254044	0	-0.0325434951171782
GSE57218_B_2	-0.0222493915225414	-0.0812900772174774	-0.00510204081632653	-0.0278468862786002
GSE57740_1	0.00461807428869055	0.00584679834614227	NA	NA
GSE52992_1	-0.00943520161687864	-0.0394578368808974	0.00013290802764487	-0.00875303273735279
GSE17160_1	-0.0262255563996511	-0.0610874234675127	NA	NA
GSE17160_2	-0.00948781661962723	-0.0364104798331126	NA	NA
GSE17160_3	-0.0272967426353661	-0.0542508176427771	NA	NA
GSE17160_4	-0.0285164076848983	-0.109803408908608	NA	NA
GSE17160_5	-0.0251338574984623	-0.0756084702007683	NA	NA
GSE17160_6	-0.0204632905828125	-0.0599393723355905	NA	NA
GSE17160_7	-0.0198492131651559	-0.0960212762567391	NA	NA
GSE17160_8	-0.0205661292796757	-0.0904054567435094	NA	NA
GSE17160_9	0.00338756259936695	0.0390423121783513	NA	NA
GSE17160_10	0.00231263177365133	0.0349378513107742	NA	NA
GSE17160_11	0.00132164134611046	0.0190696440256463	NA	NA
GSE17160_12	0.00228664615542725	0.0370730935940674	NA	NA
GSE22971_1	0.0078125	0.0497788268876456	NA	0.00830881689138597
GSE22971_2	0.000371120107962213	-0.0380538380610261	NA	-0.00088507346570257
GSE22971_3	-0.00886342302703215	-0.0668165084016357	-0.00380283152587331	-0.0160367427630053
GSE22971_4	-0.0109743846237627	-0.102777845979444	-0.00533827979562457	-0.0167084043541555
GSE13590_1	0.00822322687732787	0.0201740765790998	0.000139553429027113	0.0127915421858917
GSE13590_2	0.00263157894736842	-0.00911326145870643	0	-0.000294249920824964
GSE99731_1	-0.0315474490767181	-0.0761049708134315	NA	-0.028233740767817
GSE99731_2	-0.00685316670410948	-0.0131790063033419	NA	-0.0343209119872313
GSE99731_3	0.00498887351918487	0.0265542427882157	0.00364109229047667	-0.00734873640494001
GSE27492_1	-0.00418723172712212	-0.03236506187179	0	-0.0194022963362634
GSE27492_2	-0.0246729680542303	-0.0845111320606919	0	-0.00486168197210213
GSE27492_3	-0.0243986459372796	-0.105580408748772	-0.00426723200695803	-0.0126247676103452
GSE27492_4	-0.0241361815295761	-0.0787182565369254	-0.0025	-0.0175228875234456
GSE27492_5	-0.0241124195588375	-0.0916546815076954	-0.00324675324675325	-0.0114463051972853
GSE27492_6	-0.0223096623915822	-0.0468515930419121	-0.00260992385163351	-0.0248372915635242
GSE27492_7	-0.00991086079850333	-0.0520147785276229	0.0028735632183908	-0.0185497569967201
GSE27492_8	-0.015226331392611	-0.0364232943436799	-0.00574712643678161	-0.0183292695247397
E-GEOD-15069_1	0.00575245351710838	0.041510572449166	-0.00980392156862745	0.0179911891894376
E-GEOD-15069_2	0.0111224259546541	0.0973043617531608	0.000650054171180932	0.0341639605172737
E-GEOD-15069_3	0.00424276265363608	0.0534529449882205	0.00045151753020079	0.00594797904496882
E-GEOD-15069_4	0.00477011303461553	0.0253621722630279	0	0.00577843913144682
E-GEOD-15118_1	0.00103413485791155	0.0144283778673835	NA	NA
E-GEOD-15118_2	0	0.00375837022853059	NA	NA
E-GEOD-15118_3	0.00814672243384919	-0.0198854180815245	NA	NA
E-GEOD-15118_4	0.00502456853483717	-0.0113901986927926	NA	NA
E-GEOD-16007_1	0.00485253480609518	0.00415051225739432	NA	NA
E-GEOD-17473_1	-0.00837073690164165	-0.0243180993161991	NA	-0.00851103755329002
E-GEOD-18647_1	-0.00309478077739757	-0.0331526155614421	NA	-0.00871419763162653
E-GEOD-18647_2	-0.0082730170984343	-0.0347056948929225	NA	-0.00642698875047603
E-GEOD-18647_3	0.00369493148535775	-0.0186339981637922	NA	-0.00352307583552648
E-GEOD-18647_4	-0.0023356040312699	-0.0159064957265618	0	-0.0136917710231804
E-GEOD-18648_1	0.00235027090065648	-0.0265983771777925	0.00605217516982223	-0.018748615030037
E-GEOD-18648_2	0.00199234656940326	-0.00733372043352321	0.00188679245283019	0.000221802761060409
E-GEOD-2154_1	0.0107532443866224	0.0157402489078457	0.00909090909090909	-0.00654073801104351
E-GEOD-2154_2	0.00120354201379608	0.0164333986035351	0.00378787878787879	0.0226469626804365
E-GEOD-2154_3	0.00653792742626434	0.0455795771314606	0.00704225352112676	0.0178867507096084
E-GEOD-2154_4	0.014047792590773	0.0501413985925435	0.00950570342205323	0.00765888077430217
E-GEOD-26475_1	-0.0114932228689311	-0.0222722470032548	-0.0134259259259259	-0.0106398316689001
E-GEOD-26475_2	-0.0331069313827935	-0.0983533125469558	0	-0.0502905421186293
E-GEOD-26475_3	-0.0109189584794217	-0.0771317495135979	0	-0.0180746600665063
E-GEOD-33567_1	0.00564372085655463	0.046553673375314	NA	NA
E-GEOD-33567_2	-0.000402833583471096	0.0180394352681674	NA	NA
E-GEOD-37287_1	0.00074665918167154	0.0189039256155598	NA	NA
E-GEOD-37287_2	0.00320532603971082	0.011429751256515	NA	NA
E-GEOD-37287_3	-0.00106568038779588	0.0171917910774484	NA	NA
E-GEOD-51994_1	-0.00313695424805341	-0.00637381191062814	-0.00485436893203883	-0.0111078333462375
E-GEOD-51994_2	-0.00135480047475742	-0.0058188862412555	0.00103092783505155	-0.00874098067321938
E-GEOD-51994_3	0.000568762178601279	-0.00245337375568598	0	-0.00864300808402832
E-GEOD-65077_1	-0.000272772359067615	-0.00167418622809356	NA	NA
E-MEXP-1244_1	-0.00493414975500146	0.027866589136988	NA	NA
E-MTAB-1123_1	-0.0198904931303768	-0.0523294466230496	-0.00158730158730159	-0.00202250040003446
E-MTAB-1123_2	-0.0137860342895904	-0.0328413739287798	-0.00124069478908189	-0.00872474951309688
E-MTAB-1123_3	-0.0242332204199509	-0.0145851558784576	0	-0.0371508307447599
E-MTAB-1123_4	-0.0113636363636364	-0.0731005640951086	0	-0.0398056653491436
E-MTAB-1391_1	0.0119815852865966	0.0384801695704488	0.00366748166259169	0.0172661454622026
E-MTAB-1391_2	0.00968828001976453	0.0906242222766178	8.4212406958885e-05	0.0303948105824536
E-MTAB-1391_3	0.0107463368953168	0.0931125470354525	-0.000440094386777312	0.0288509018140236
E-MTAB-2450_1	-0.00795543320264625	-0.0174130079710156	-0.00268817204301075	-0.0011108869912472
E-MTAB-2450_2	-0.00709870174105749	-0.0319372850598773	-0.0036231884057971	0.00268230937143033
E-MTAB-2450_3	0.00483583576951253	-0.0352439799944572	0.00115607601343579	-0.00206160381780267
E-MTAB-2450_4	-0.000216148154001261	-0.0350733487931406	-0.00641748937100514	-0.00128271239095315
E-MTAB-5023_1	-0.00035353115423063	-0.0237580190398131	NA	0.00187603365923874
E-MTAB-5326_1	0.0052625731851671	0.0115280934675973	NA	NA
E-MTAB-5326_2	0.00468909910655149	0.0152110161673734	NA	NA
E-MTAB-5326_3	-0.000564213195573171	0.000810768971076424	NA	NA
GSE102588_1	0.0192966286977219	0.0289999154820206	0.0277569392348087	0.0150672777385106
GSE104793_1	-0.00178680641150012	0.0111726326823552	0.0012794510924098	-0.00996813666490577
GSE104794_1	-0.0101497814310557	-0.0394068821355821	-0.000983836485695222	-0.0153660068960162
GSE104795_1	-0.0126195711236953	-0.0480169310704229	-0.000247068110860613	-0.0137219015025489
GSE105139_1	0	0.00215479531553012	NA	0.00627133641790786
GSE105139_2	-0.00280100826874603	-0.0438793448385999	NA	0.0122013747453895
GSE105139_3	-0.0027600611689232	-0.0473390020003644	0	0.0169268615392726
GSE10555_1	-0.00276299681132343	0.0163347312369091	NA	NA
GSE10556_1	0.000244886199942378	-0.0118638041027816	-0.000300914780934039	-0.00255690493971324
GSE106631_1	-0.0121277673635355	-0.0504427264971682	6.91142433337805e-05	-0.0261124578544699
GSE13104_1	-0.00260270527717242	-0.0161147440620425	NA	NA
GSE13104_2	-0.00313970000815002	-0.00706865497446999	NA	NA
GSE13104_3	-0.00337950615127281	-0.0289490697615348	NA	NA
GSE16749_1	0.00740359783454686	0.0730748116290983	NA	NA
GSE16749_2	-0.00994843904318242	-0.0368231991823044	NA	NA
GSE16749_3	0.00783653169511112	0.0264311051544875	NA	NA
GSE17348_1	0.0151751758369769	0.046524098290446	NA	NA
GSE17563_1	-0.00315561767581525	-0.0384176905519682	NA	NA
GSE17563_2	0.00841722518162455	0.0686479028758799	NA	NA
GSE17569_1	0.00324970694281754	0.0271921923567395	NA	NA
GSE17569_2	0.00449475266580471	0.0506537124240259	NA	NA
GSE17570_1	0.00467238774428509	0.0467098567699432	NA	NA
GSE17570_2	0.00166292362973049	0.034348020091105	NA	NA
GSE18991_1	0	-0.0136491422938785	NA	0.00478424190514494
GSE18992_1	0	0.0176428330601812	NA	0.005787828352827
GSE19299_1	0.00207153597214557	0.00810747519103035	-0.000895574149606074	0.00337648437833462
GSE20850_1	-0.00233844187880146	0.0105832517480961	NA	NA
GSE21093_1	0.00681219531317537	0.0421429426413223	NA	NA
GSE21523_1	-0.000190433948876891	0.00717830973704503	NA	NA
GSE21639_1	-0.00174518405493038	0.00546983671676265	NA	NA
GSE21639_2	0.00318475221834633	0.0100094067660327	NA	NA
GSE21639_3	0.0150909233954217	0.0337102369740296	NA	NA
GSE21639_4	0.0165057716524772	0.0223816565719914	NA	NA
GSE21710_1	0.00309003285934913	0.028591137603191	NA	NA
GSE21710_2	0.00330427638040423	0.0319097085405832	NA	NA
GSE21710_3	0.00115978607855199	0.0229266196357671	NA	NA
GSE22925_1	0.0164970988162727	0.0418021743953964	-0.010300880304822	0.016774228673728
GSE22925_2	0.00615823021125203	0.00164342997247661	-0.00142334782931906	0.0109955196357716
GSE26499_1	0.0112941273181123	0.0392527106655958	NA	NA
GSE30160_1	0.004880446556243	0.0313434860154168	0.00290117687451122	0.0061353053103833
GSE30628_1	-0.00172857445902809	-0.0284004216471877	-0.00256913431444724	-0.0205197421643376
GSE30628_2	-0.00645588866989485	-0.0155126788610771	-0.0015739825862498	-0.000137517639961649
GSE32163_1	-0.000993514782157942	0.0286440423239968	NA	0.00781264226629287
GSE33656_1	0.0286495819393337	0.129996431317819	NA	NA
GSE33754_1	-0.000249723306692496	0.0161435142275463	0	0.0130757053993223
GSE33754_2	-0.00269102273647227	-0.00714881994164098	0.00338233143191458	-0.0161533259177585
GSE33754_3	1.5048690738843e-05	-0.0148988593264378	0.00380720431936821	1.6785355479474e-05
GSE34570_1	0.0104804688907208	0.0447584577990569	NA	NA
GSE35003_1	-0.0101694655014047	-0.0163564160418989	NA	NA
GSE35466_1	-0.0204086049157983	-0.0553554235420658	NA	NA
GSE35466_2	-0.00911397690996379	-0.0645770415742463	NA	NA
GSE35466_3	-0.0189313819984857	-0.0563615037343828	NA	NA
GSE35466_4	-0.0249654372386998	-0.0839976139286825	NA	NA
GSE35466_5	-0.0195388906842651	-0.0986079529784944	NA	NA
GSE36925_1	-0.00246305418719212	-0.0198659405044524	NA	NA
GSE36925_2	-0.00732334336247938	0.0122184623820146	NA	NA
GSE36925_3	-0.0045027059983913	0.0113606818136228	NA	NA
GSE37219_1	-0.0121257374503401	-0.0703921317503548	NA	NA
GSE37676_1	0.00624385773301555	-0.0010634048601545	-8.19887183523549e-05	-0.0091639079874374
GSE41342_1	-0.0125828781217162	-0.023216127508085	0.00746268656716418	-0.0218038114277523
GSE41342_2	-0.0124001615263797	-0.0514113760861879	NA	-0.0138280583315773
GSE41342_3	-0.0112631176872663	-0.0788546477835009	NA	-0.0246554236639664
GSE41342_4	0.0020726961975583	0.0190026322395361	0.0151515151515152	-0.000793593707741099
GSE41997_1	0.000773214234542729	0.0132709808187715	0	0.0109491259796966
GSE43242_1	0.00994313792375271	0.0389289413653935	0.0172413793103448	0.0246192995877428
GSE43242_2	0.00554820918248134	0.00320609023956008	0	0.00989823290357247
GSE43663_1	0.00208494713702502	0.00386960470486542	0	-0.00597022452220725
GSE43854_1	0.0042875436629897	0.0112892100537417	NA	NA
GSE45656_1	-0.00327973565372424	0.0150637773237458	NA	NA
GSE45656_2	0.00969890273548792	0.0836324798652126	NA	NA
GSE45656_3	0.0078287330986121	0.0855268649900026	NA	NA
GSE45793_1	-0.00396785709788605	-0.0378581382660484	0	-0.0180101027123325
GSE45793_2	-0.002502958989789	-0.0355720398697962	0.000904087465897518	-0.00601601720900942
GSE45793_3	0.00375302700011889	0.00776069579311759	-0.00154417139689252	0.0120408117548078
GSE45793_4	-0.00565097460152664	-0.0231612839517062	-0.00168881589990199	-0.00776707852802434
GSE45793_5	0.0018886144343645	-0.0148274121958943	-0.00196971786986474	0.0121231938318266
GSE46390_1	0.000769580183579799	0.0129555738736268	NA	NA
GSE48438_1	-0.00595144574993027	-0.0198703223132604	NA	0.000298781622558671
GSE50549_1	0.0068044932957257	0.0187147309931138	0.00194909324804407	0.00604995315221357
GSE50549_2	9.49955533996287e-06	0.0222942067923123	1.54374531915994e-05	-0.00235955610637189
GSE51098_1	0.000821680459865493	-0.00399500019973872	0.00328227571115974	0.0170110220036659
GSE53857_1	-5.79919682790111e-06	0.0198553194890475	0	-0.0026061256977742
GSE53857_2	-0.0086720005651813	-0.0127187867440808	0	-0.0169870475865327
GSE53857_3	0.00634509458666305	0.0107323588036433	0	0.00723518256737888
GSE53982_1	0.00838061453225098	0.0326843595340549	0.00133941438768417	0.000289133643114753
GSE53982_2	-0.00177722335720718	1.80957810526506e-05	0	-0.00173160656786975
GSE54779_1	-0.0205289298809397	-0.0985121059867715	-0.00875984659177453	-0.00770008562946485
GSE55900_1	0	-0.0236680086868533	0	-0.0333202770233888
GSE57104_1	-0.00504301167096729	-0.0257926943810795	NA	-0.0203234814533206
GSE59387_1	-0.000342851064365955	0.00646277437552232	NA	NA
GSE60401_1	0.00299469655039374	0.0312349394503515	NA	NA
GSE60401_2	0.00501223987959413	0.0204318765387544	NA	NA
GSE60651_1	0.00873204900501875	0.0367571689235448	NA	NA
GSE60737_1	-0.00138578808461872	-0.0149476723587773	NA	NA
GSE60761_1	-0.00609756097560976	-0.0464399830374101	0	0.002619949379682
GSE60761_2	0.00691244239631336	0.0362523581295976	NA	0.0249538451744334
GSE60761_3	-0.0134900294914783	-0.0154551674326158	0	-0.00994966056502177
GSE60761_4	-0.0227109390126765	-0.0642899856528271	0	-0.027812173149258
GSE63017_1	0	0.0148826186429996	NA	-0.0075204501500949
GSE63017_2	0.00253807106598985	0.0100088603939327	NA	0.00657569842244045
GSE63017_3	0.000186831159952032	0.00330681210600248	0	0.00229041558806727
GSE63017_4	-0.00229357798165138	0.00639081600259721	NA	0.00376109752314548
GSE63939_1	0.0103302193941087	0.0370645273818247	0.000665248338032376	0.0120802439816665
GSE63939_2	0.00901504930207545	0.0559488381645069	0.00131028795352833	0.0236254754263192
GSE64141_1	0.000235910889785201	0.0236474035149104	NA	NA
GSE64965_1	-0.00129232313814955	-0.00342046140108982	0.00223857264690762	-0.00455465422732105
GSE65745_1	0	-0.00190156839915844	NA	-0.0083567187055753
GSE65745_2	-0.00523560209424084	0.00735998239151276	0	-0.0218245501937337
GSE65745_3	-0.00260416666666667	0.0134591904880485	0	-0.027941573161097
GSE66416_1	-0.00204476584345475	-0.00833911213279837	NA	NA
GSE66862_1	-0.00406080150820406	0.0145483243227762	-0.00145772594752187	0.0122881534844931
GSE69108_1	-0.00578307473322997	-0.0383987051538935	-0.00317258883248731	-0.00505299979847732
GSE71565_1	0.00760001135749771	0.00701124412260116	NA	NA
GSE72261_1	0.00416160928248855	0.0198509170881374	-0.00704225352112676	-0.000866796772423437
GSE72261_2	0.00147895825721	0.00297588409263931	-0.00333113795654181	-0.000442628084567579
GSE72261_3	0.00149464579412227	0.0149066128743348	-0.00333860929730593	-0.0051175387583418
GSE7683_1	-0.000849850031137602	0.0166693579404043	0.00704225352112676	-0.0224213677185548
GSE7683_2	0.00722620736189067	0.0468788420371784	0.00342465753424658	-0.0110156197628161
GSE78980_1	-0.00379188949538605	-0.0443749396003719	NA	NA
GSE78980_2	0	0.00242314665401836	NA	NA
GSE78980_3	-0.0100432153326566	-0.0360723433093955	NA	NA
GSE78980_4	0.0024881218490241	0.0017274951510335	NA	NA
GSE78980_5	0.00449361857128847	0.0171731885547295	NA	NA
GSE78980_6	0.00249787414965986	0.00968239411029832	NA	NA
GSE78980_7	0.011811561472884	0.0520229140795588	NA	NA
GSE78980_8	0.0034282021675103	0.0433419225522586	NA	NA
GSE78980_9	0.00954639127652622	0.0567748772070633	NA	NA
GSE78980_10	0.00919634936320536	0.0567129638855513	NA	NA
GSE81399_1	-0.0013160213585796	0.00155760634801778	NA	0.00203783494154438
GSE84609_1	-0.00463607578461023	-0.0316851052283793	-0.00122399886797793	0.00372992886589889
GSE84907_1	7.88965653524907e-05	-0.00470523425128877	0.000282522144811319	7.61175086442974e-05
GSE84907_2	0.000282163038898478	0.015194158988742	-0.00220164129414788	-0.00372163377346395
GSE84907_3	0.0038874898379176	0.0302099955537856	-0.00503932884252033	-0.00613403172263556
GSE90127_1	0.00278599053651097	0.0374145094624017	NA	NA
GSE90127_2	0.00672641776068721	0.00458368420260091	NA	NA
GSE90127_3	0.00358888107753354	0.0308643154708309	NA	NA
GSE9247_1	0.00965060981673854	0.0138380504538904	-0.000312343828085957	0.00736023112860055
GSE9247_2	0.00551893076597832	0.0544369283442074	0.00145342585221623	0.0101392780815748
GSE9247_3	0.00193173293323331	0.0224917244604581	-0.000455465587044534	-0.0140204306870974
GSE99306_1	0.00199988215235105	-0.0107190659229365	-0.00232430219766163	-0.00815733609402453
GSE99306_2	-0.00163561524022215	-0.0223107869790265	-1.51666434954058e-05	-0.00315403912294209
GSE99306_3	0.00150862158862087	0.0186151522570657	-0.000970422612213657	-0.0180294433849012
GSE99306_4	-0.000729101720167786	-0.0187678382142792	-0.000689210342606672	-0.00325686647820316
GSE99306_5	-0.00180211334023086	-0.0252598953114197	-0.00203433493707185	-0.00172932431361176
GSE99306_6	-0.00334971129774385	-0.0287507037307405	-0.000605945255885898	-0.00650747802292609
GSE99306_7	-0.00806164313688963	0.0170858451261352	-0.0147058823529412	-0.0176853189715183
GSE99306_8	-0.00525180152673605	-0.0309835026095518	-0.00247687229350346	-0.0133778101816712
GSE99306_9	-0.0046494896961425	-0.0291227425583896	-0.00121118939407493	-0.00733239536579517
GSE99306_10	0.00426238962846997	0.00597832911508355	0.0043859649122807	-0.018378618042452
GSE99306_11	-0.00280007232984721	-0.028094098422175	-0.00363611569976887	-0.00857960088207146
GSE99306_12	-0.00396779092847163	-0.0261067034636736	-0.00109618790588702	-0.00326251091654349
GSE99306_13	0.00147846104551474	-0.00039322263270126	-0.00743333649853681	-5.21334058597375e-05
GSE99414_1	-0.0131614495635633	-0.000906593913717072	0.0106382978723404	-0.00256301296979399
GSE110581_1	-0.00118411207752012	0.0325272277003219	0.00714285714285714	0.00501417710808258
GSE110581_2	-0.00434782608695652	0.00416745706820268	0	-0.00329291361618045
GSE47799_1	-0.00186229465849913	-0.00481570481520666	0	0.00788357206049923
GSE47799_2	0.00535683185777238	0.0107550192937988	0	0.00544037287045966
GSE47799_3	-0.00578115932743272	-0.0129346935350079	0.00467289719626168	-0.00751088052651133
GSE111628_1	-0.00460523192327779	-0.0125528516112878	NA	NA
GSE111628_2	-0.0152284263959391	0.0237936712222547	NA	NA
GSE111628_3	-0.00612671630801496	0.0104314180435592	NA	NA
GSE5657_1	0.0107472521367231	0.0409482213932619	0.0128205128205128	0.0084343077966787
GSE5657_2	-0.00691244239631336	0.00277878299443857	0	-0.00147256641694365
GSE13782_1	-0.00878891222728994	-0.0768977021798185	-0.00363636363636364	-0.00593948877460475
GSE41039_1	-0.0101626016260163	-0.0693346988384858	0	-0.0311503368479043
GSE84198_1	0.000600844824237716	0.0128549280223781	0.00892857142857143	-0.0135412813829769
GSE84198_2	-0.00368099616179586	0.00715185392690408	0	-0.0107074421007005
GSE84198_3	-0.00649670504017389	-0.0453467240814335	-0.00154152371537391	-0.0172100912260978
GSE114469_1	0.00074115497028634	-0.00470444723587997	NA	NA
GSE108036_1	0.00728155339805825	0.0737678293577649	0	0.0310036786120237
GSE60451_1	-0.0316951854145955	-0.080463487860523	-0.00279329608938547	-0.0329437370263655
GSE47902_1	-0.00208333333333333	0.00107862702953336	NA	NA
GSE44325_1	-0.00392388054266323	-0.00560142377085427	NA	NA
GSE4481_1	0.00231481481481481	-0.0492272544448911	NA	0.00412972103488718
GSE4481_2	0.00936407553571482	-0.0161690875363811	0	-0.00377741287951835
GSE4481_3	0.00267379679144385	-0.0100362218804581	NA	-0.0059025497036764
GSE102292_1	-0.00900453724505528	-0.0285722505976044	NA	NA
GSE102292_2	0.017992356887945	0.0426404974297567	NA	NA
GSE102292_3	0.00787324478121952	0.0546481682895594	NA	NA
GSE102292_4	0.000635648744114078	0.0406537688317857	NA	NA
GSE41898_1	0.0216177135668736	0.0883798237258485	0.0021926635259878	0.0162842989646265
GSE87605_1	0.00933798277069771	0.0174604663055823	-7.52003062703382e-05	0.019786838513249
GSE87605_2	-0.00742817551353645	-0.0611690484714424	-0.00328291223404255	-0.0181865659446238
GSE87605_3	-0.00237857295628676	-0.0367985811985149	1.31354848600548e-05	0.00177326006941715
E-GEOD-54216_1	0.00575251702367795	0.0141180630165219	0.0004739336492891	0.0142807470641164
E-GEOD-54216_2	0.00461129661580529	0.029838683291444	0.00156833967057876	0.0150901156295925
E-GEOD-54216_3	0.0063602476685447	0.0363363108313149	0.0028735632183908	0.0181652253162551
E-GEOD-6119_1	-0.00631131881777312	-0.0203449026496914	-0.00366112098096406	0.0169081077543678
E-GEOD-6119_2	-0.0032318214209721	-0.0139462013548752	-0.00313196279809462	0.0232268320089761
E-GEOD-6119_3	-0.00465773174336918	-0.0180830166821029	-0.0030812985556632	0.0132422947166705
E-GEOD-8077_1	0.0128525168914602	0.0441109371970033	0	0.0374526981506695
E-GEOD-8077_2	0.00890395880681242	-0.0359650325858677	0	0.016365066478652
E-GEOD-8077_3	-0.00727522124567194	-0.0608288469844454	0	-0.0261920629331236
GSE103416_1	-0.0049811912139682	-0.0620420775484684	0.00017825807098662	0.0036097226718994
GSE103416_2	-0.00718056840424776	-0.0720459988442354	-5.86585952439612e-05	-0.000654179425962208
GSE103416_3	-0.0103743786364026	-0.0628084850925541	-0.00142311859535725	0.00157951835680622
GSE19950_1	0.00081739901472107	0.00189997101221765	0	0.00461795312700404
GSE30322_1	0.0129036387467913	0.0390966231292363	-0.00127949229745637	0.00303469804709424
GSE30322_2	-0.00137454178356075	0.0141602976537353	-0.00694444444444444	-0.00631795284166623
GSE30322_3	-0.00578730198712429	-0.0020263961000038	-0.00652173913043478	-0.00481448180370306
GSE42295_1	-0.0137189716312057	-0.0680870375453534	NA	-0.0254164949471281
GSE42295_2	-0.00951801946812705	-0.00637437751648185	-0.00446428571428571	-0.0190961820671493
GSE42295_3	0.00229575652931621	0.00708388725234073	0.00617283950617284	-0.00365434608657845
GSE66554_1	0.0127094831840038	0.052909807336626	0.00200281007181583	0.00929899361067733
GSE66554_2	0.020186859545976	0.0427191392565496	0.00333036241361533	0.0149886683422483
GSE66554_3	0.00943352480148498	0.00413303731982984	0	0.00918568519525569
GSE66554_4	0.00251722431879119	0.0278161109061968	0.00346810205622132	0.00164412550068811
GSE74898_1	0.00471305513152782	0.0383099191904774	-0.00315965255260668	-0.004410432348757
GSE74898_2	0.00282449449125366	0.0328265261291075	-0.00447841502619309	-0.0176519462276584
GSE74898_3	0.00557702036659838	0.0450403590007247	-0.00253234258716928	-0.0177897903131894
GSE79176_1	0.00251256281407035	0.0103252444165148	NA	NA
GSE79176_2	0.00280112044817927	0.0121719542722847	NA	NA
GSE79176_3	-0.00216450216450216	0.00377476130775032	NA	NA
GSE85785_1	-0.00901649935024408	-0.0506627383697464	0	-0.00983394512262069
GSE16981_1	0.00226032001660691	0.0104773894415188	-9.15397765553069e-05	0.00411172988462734
GSE16981_2	0.00627387917114591	0.0176146367458675	0.00266502229121039	0.00487089116585519
GSE16981_3	-0.000334574709389747	-0.000703153178780174	-0.000565908067299651	0.0041288000817846
GSE16981_4	-0.000334574709389747	-0.000703153178780174	-0.000565908067299651	0.0041288000817846
GSE16981_5	-0.00264651697618166	-0.0104088029414005	0.00595238095238095	0.00744546493433513
GSE16981_6	0.00252613240418118	-0.0120618311067041	0	0.0102704469885261
GSE16981_7	-0.00537429509609411	0.00809364362455925	0	-0.00362574192040913
GSE29859_1	0.0134260306582601	0.0517124583070867	0.0148002986188876	0.0116210571233936
GSE29859_2	-0.00815795478315116	0.0288602098236493	-0.00025811209439528	-0.00593729422252343
GSE23492_1	0.00643770018051649	0.0265858746495598	NA	NA
GSE23492_2	0.00580689706410558	0.0107423210402392	NA	NA
GSE23492_3	0.000361936001986586	0.0253631588164114	NA	NA
GSE23492_4	-0.000351721608006058	-0.00413881055473153	NA	NA
GSE23492_5	0.00157148484134528	0.00592499795692165	NA	NA
GSE44991_1	0.00279348657742323	-0.0112088495103095	0	-0.00835551526594147
GSE44991_2	0.00422243173659209	0.00996435323892727	NA	0.00879681349313803
GSE39796_1	-0.00306777003206167	-0.000103158381160108	NA	NA
GSE39796_2	-0.00331732058827888	-0.00994393554606344	NA	NA
GSE39796_3	0.00168323463050171	0.011627132852237	NA	NA
GSE18394_1	-0.00597292903600254	-0.0537355326658341	-0.000575064198889862	-0.0135228166305097
GSE18394_2	-0.000392025489047891	-0.0336616937009141	-0.00220120740226191	-0.00750950939295141
GSE18394_3	-0.00359795836356788	-0.0335218027441827	0.000389334392728989	-0.0329568341762461
GSE29233_1	-0.0150237634673339	-0.0711851368399013	NA	NA
E-MEXP-2291_1	0.00452679534401616	0.0359116165737249	NA	NA
E-MEXP-2291_2	0.00562227692003895	0.0187724870051433	NA	NA
E-MEXP-2291_3	0.0040338464268032	0.0161358326321584	NA	NA
GSE18738_1	0.00274290649168849	0.0407433915583614	0.00170648464163823	0.0137627099911583
GSE107363_1	0.00637161379567198	-0.00384852342534796	NA	NA
GSE85761_1	8.08538848583217e-05	0.0237885130242681	NA	NA
GSE89179_1	0.00096298199298775	0.031842718801764	NA	NA
GSE89179_2	5.52525993227438e-05	0.0039681565488297	NA	NA
GSE89179_3	0.00643053342921533	0.036636804050416	NA	NA
GSE89179_4	0.00411737164274082	0.0259720416613554	NA	NA
GSE89179_5	0.00215782942764927	0.028006883308286	NA	NA
GSE89179_6	0.00232632049910719	0.0299699845731067	NA	NA
GSE89179_7	-0.00102415338481402	0.00205416689020807	NA	NA
E-GEOD-57723_1	-0.0166427093043815	-0.129685335912998	NA	NA
E-GEOD-57723_2	-0.0152768373218071	-0.0735601517842282	NA	NA
E-GEOD-57723_3	-0.0206934466275649	-0.122226890146089	NA	NA
E-GEOD-83930_1	0.00310486557417508	0.0193155354162678	NA	NA
GSE100268_1	-0.00095928156895931	0.00976643622539628	NA	NA
E-GEOD-55769_1	0.00373834675105092	0.0291808310532293	0.00373134328358209	-0.0107445008688912
E-GEOD-55769_2	-0.00427350427350427	0.0187230107994464	0	-0.00891776657470602
E-GEOD-55769_3	-0.00118967452300786	0.0105184040598277	0.00268817204301075	-0.0225894755492558
E-GEOD-69110_1	-0.0126666644619722	-0.0143388413673167	0.00271286215823256	-0.00465976289505701
E-MTAB-4304_1	-0.0149979816683499	-0.0598700628347359	-0.000807005645276278	0.0196486012480026
E-MTAB-4879_1	0.00139210744119643	-0.00308249072336322	0	0.00937233343992947
E-MTAB-4879_2	-0.00713286217984095	-0.0216983589244629	-0.00183823529411765	-0.00724031433602391
E-MTAB-4879_3	0.00114189994442451	0.0106400015999324	-0.015625	-0.0108058608058608
E-MTAB-4879_4	-0.000503227182115746	0.0296190321765746	-0.0142857142857143	0.0249247316400288
Cytokine_Explant_1	-0.00620078591227063	-0.0568161152164323	-0.00174536684437675	-0.0182014623004785
Cytokine_Explant_2	-0.00927231725022735	-0.0786335482109	-0.00273455828789542	-0.00119920620843508
Cytokine_Explant_3	-0.00819490142324474	-0.0763003563324261	-0.00354947214593464	-0.0119750077333728
Cytokine_Explant_4	-0.00167286698593821	-0.0130870321630129	0	0.0113392806646719
Cytokine_Explant_5	0.00392762755061121	-0.00729213247262595	0.00270751947769963	-0.00974425754889818
FN1_Explant_1	-0.0145031134832889	-0.0753345498024203	0.00442477876106195	-0.0174228185916954
E-MTAB-6266_1	-0.00491850250803864	-0.0267790074210011	-0.0018780138287243	-0.00668470163883008
E-MTAB-6266_B_1	-0.00345418722000962	-0.00181808898675561	-0.00311469342882955	-0.00797735235570617
E-MTAB-6266_B_2	-0.0082070081253364	-0.0458083238002069	-0.000158039086433653	-0.0306798976290502
E-MTAB-6266_B_3	-1.7742154544571e-05	-0.0496289950759338	0.000478067616718874	-0.0126134967733953
GSE74220_1	-0.00635120608281925	-0.0525401863562894	-2.03902377815422e-05	-0.000540759877963062
GSE114007_1	-0.0109294681772154	-0.0563534970956704	-0.00330243927185557	-0.0240940970768029
GSE109503_1	0.00501213109578979	0.0303125992567943	0.00338169500583288	0.000826057453591244
GSE109503_2	-0.00104400002508979	0.00903409561192864	0.00204162276080084	0.00492912717525765
GSE109503_3	0.00446851898367691	0.0310544614427997	0.000299243091005105	0.00901327505261454
GSE109503_4	-0.00668358132569748	-0.046875352810657	-0.00335834750667729	-0.0421614389900544
GSE109503_5	-0.00099045621116697	-0.00534525275693008	-0.00303643724696356	0.0116700023164627
GSE109503_6	-0.0010541011961348	-0.0219199764353268	0.00014914796206715	0.00927644916617753
GSE109108_1	0.00598514838635728	-0.00719373979585116	0	0.0131551131611653
GSE109108_2	-0.000765175215725953	0.0231535579594067	0.000345065562456867	0.0180239187156157
GSE109108_3	0.00046996496624797	-0.0101287766779286	NA	0.0174093088584432
GSE109108_4	0.00150158061116965	-0.00182423656124871	0	-0.000814554093806629
GSE70667_1	0	-0.0296345731698675	0	0.00773736067853715
GSE87608_1	-0.0227914752044229	-0.00447684541369983	NA	-0.00320129039758196
GSE87608_2	0.00383717765238066	-0.00598193212072117	0	0.00684139907318527
GSE87608_3	0.0156407229678742	-0.011827156890591	0	-0.00270063124994674
GSE87608_4	-4.77027081661821e-05	-0.00819886106466812	0	0.00227738670111412
GSE90890_1	0.00964877308661195	0.0166044989109692	-0.00490196078431373	-0.00776583098619661
GSE97118_1	-0.00327709457183733	-0.0132067012567193	NA	NA
GSE97118_2	-0.00685838994068184	-0.0126065478305711	NA	NA
GSE97118_3	0.00204034688120069	-0.0158571785484249	NA	NA
GSE97118_4	-0.000661871797456319	-0.00569797214249824	NA	NA
GSE97118_5	0.0130695651721565	0.0134773559200002	NA	NA
GSE97118_6	0.00933046797862896	0.0185030872953322	NA	NA
GSE97118_7	0.0121740799674282	0.0217867263508677	NA	NA
GSE107592_1	-0.00130346336738684	0.0228631261934454	0.0011040368583098	0.0070694414707208
GSE92641_1	-0.00420772337354135	0.0025387666994671	0.00142045454545455	0.00469605702533054
GSE107849_1	0.00234226015992856	-0.00521048710600954	0.00101969272039995	-0.00603609578043537
E-ERAD-89_1	0	0.0056642115772252	NA	NA
E-ERAD-89_2	-0.00199203187250996	-0.00255538880488114	NA	NA
E-ERAD-89_3	-0.00189393939393939	-0.00572289689621656	NA	NA
E-ERAD-89_4	0.00255102040816327	-0.0214445579090221	NA	NA
E-GEOD-45893_1	0	0.0262922057719907	NA	NA
E-GEOD-53105_1	-0.0118498435403128	0.0156228479534155	0	-0.0057901038768668
E-GEOD-53105_2	0.00358727957437822	0.0651020615398152	0.00271739130434783	0.019474880401835
E-GEOD-54461_1	-0.00125295986961642	-0.00156877974572757	-0.00117924528301887	-0.00900281045941204
E-GEOD-54461_2	-0.00246037554611859	-0.00732024922291193	-0.00204918032786885	-0.0211344537815126
E-GEOD-54461_3	-0.0124931514962658	-0.0314683283201103	-0.00297833123538932	-0.023153088581878
E-GEOD-54461_4	-0.0132212981493434	-0.0547043274850595	-0.00260669959925434	-0.0294334604036097
E-GEOD-54461_5	-0.0084643051496232	-0.0664014081407747	-0.00214727880394146	-0.0229452618992261
E-GEOD-54461_6	-0.00728691877366929	-0.0649392064148129	-0.00148117213036933	-0.030927109368393
E-GEOD-54461_7	-0.00610720011677182	-0.0558221600470857	-0.00013415654017459	-0.0254588055810871
E-GEOD-54461_8	-0.00372255181300663	-0.0537212029528245	-0.0012619975647946	-0.0309243203246121
E-GEOD-73372_1	-0.00746243140035872	-0.020175912381282	NA	NA
E-GEOD-73372_2	-0.0043003234339076	-0.0320497688612456	NA	NA
E-GEOD-73372_3	0.00173077706962995	-0.005413087098884	NA	NA
E-GEOD-75549_1	-0.0296844348477332	-0.102431988335802	NA	NA
E-GEOD-76988_1	-0.00365530762250787	0.00693278395863539	NA	NA
E-MTAB-2923_1	0.00951523895347446	0.0731623867712683	NA	NA
E-MTAB-2923_2	-0.00759324849090521	-0.0886014593400574	NA	NA
E-MTAB-2923_3	-0.00555400502291296	-0.0582648404680428	NA	NA
E-MTAB-2923_4	-0.00664289045055969	-0.0319475802609224	NA	NA
E-MTAB-3428_1	-0.00938800623132544	-0.0838715115957775	NA	NA
E-MTAB-3428_2	0.00600075472013106	-0.00098340518826741	NA	NA
E-MTAB-3428_3	-0.000913651417742594	0.00933079971252182	NA	NA
E-MTAB-3428_4	-0.0106388415360256	-0.0772178814351431	NA	NA
GSE102856_1	-0.00126677528235773	-0.0470739869700599	NA	NA
GSE103492_1	-0.00546380623078873	-0.0117808232018324	-0.00156876335532575	0.0146718218553349
GSE103492_2	0.000322242579091634	-0.0138907921118123	0	0.00855443042154061
GSE103492_3	-0.00119167847400117	-0.0326904999009959	-0.000505565697649764	0.0080062139485493
GSE103492_4	-0.00410457697729016	-0.0263778307477556	0.00159936856098372	0.00840032604284735
GSE103492_5	-0.00102150896162058	0.00103481302594909	0	-0.00183201728866516
GSE103492_6	-0.00284892981977549	-0.0115385407886271	0.00574712643678161	0.00306635198070541
GSE103492_7	-0.000713222700803564	-0.0145641599421777	0	0.00355576031262575
GSE103492_8	-0.00639542025482631	-0.00906006938165704	0	-0.00140144060509238
GSE103492_9	-0.00413526879447132	-0.0108093192512642	0	-0.00860663134520392
GSE103492_10	-0.00133802027377912	-0.00217038910607169	0	0.00172025635080741
GSE106259_1	0.0228345488449663	0.0562909252482562	0.00586743117165451	0.0364519505666384
GSE110303_1	-0.000942337565921909	0.00023607531669197	NA	NA
GSE110303_2	-0.0250146620832623	-0.139162140517117	NA	NA
GSE110303_3	-0.0278723330402184	-0.0373937433673315	NA	NA
GSE110300_1	-0.0156515748213709	-0.0466508893436713	NA	NA
GSE110300_2	-0.00202106887559294	0.0141489383726325	NA	NA
GSE110300_3	-0.0296414343340273	-0.108736098763782	NA	NA
GSE110281_1	-0.00206344338192495	-0.0357964322236235	NA	NA
GSE110281_2	-0.00438195662012756	-0.0281134618893306	NA	NA
GSE110281_3	0.0004019518255541	0.00672379380890316	NA	NA
GSE104459_1	0.0051754234749547	0.0157762330074512	0	0.00609165542716307
GSE104459_2	0.00145649793990453	-0.00669111216884484	-0.00222222222222222	0.0111304254099853
GSE104459_3	0.00915701572808247	0.011870182475471	0.0277777777777778	-0.011668163636151
GSE110051_1	0.00162188226742767	1.27187168574919e-05	0.00354533732494749	-0.00370194634551291
GSE110051_2	-0.000526848953505965	0.0117075446042702	0.00380646960401562	0.00216177261874378
GSE110051_3	0.00059789270752836	0.00774135194324884	0.00234480756322592	-0.00114903166942726
GSE112694_1	-0.0023106115092479	-0.0276489934013457	-0.000120414244147871	-0.0182584147983968
GSE112694_2	-0.000493032384745349	-0.0078261005084105	-0.000233867436862669	-0.009906569465393
GSE112694_3	-0.000655081605661029	0.00784890367831927	-0.00126611838618137	-0.00938092095279507
GSE112694_4	0.000307658871129684	0.030879546678538	0.000404149907390944	0.0007519053242344
GSE97232_1	0.00272707582649103	0.00691786270645941	0	0.0195223304878463
GSE114079_1	0	0.0346914188278415	NA	NA
GSE114079_2	-0.00242718446601942	0.00157860939534202	NA	NA
GSE114079_3	0.001953125	0.0384495693280243	NA	NA
GSE114079_4	0.000219951816954882	0.0441580716170056	NA	NA
GSE104828_1	-0.0209012604950561	-0.10381338300548	NA	NA
GSE114521_1	0.00240402065798269	0.020951278823583	-0.0131578947368421	-0.0106373817319884
GSE114521_2	-0.000386026443507773	-0.0082936337337387	-0.00485436893203883	-0.00308731780845609
GSE112413_1	0.000425053411522594	0.043500451157009	0.00475675675675676	0.00349291812628367
GSE112413_2	0.000763180052671132	-0.00178146131010474	-0.00106158574742322	0.00641910441700717
GSE101909_1	0.00128486846120979	0.00263474553458747	0.00270562770562771	0.00309945976318235
GSE101909_2	0.00080477580890963	0.00131759930144568	-0.000816272397931425	-0.00243773473611204
GSE114919_1	-0.00563414614680926	-0.0352960383057201	-0.00129436446109185	-0.00561512200900632
GSE114919_2	-0.00474408057794864	-0.0344033283221438	0.00164473684210526	-0.00758231256584497
GSE114919_3	0.00264667829229876	0.0144345167008104	-0.00192969065112554	-0.0058541010324567
GSE114919_4	0.000668513113983681	0.00385870063834163	-0.00179283301136257	-0.00489784394439356
GSE114919_5	-0.0107435251572601	-0.0512524091765901	0	0.00683875698992275
E-MTAB-5879_1	-0.00222846144886339	-0.0296514739010473	-0.00139144403562097	-0.016436343272302
E-MTAB-5879_2	-0.0126209260309037	-0.0814406220632088	-3.65146743347483e-05	-0.00332522789648751
E-MTAB-5879_3	-0.00691241242695741	-0.0675157059912865	-0.00170163191377259	-0.00708680181434016
E-MTAB-5879_4	-0.00806970945941492	-0.0786016551906845	-3.30338266384777e-05	-0.0087416079867346
E-MTAB-5879_5	-0.00547529642861458	-0.0329580670611053	-0.00139903918557276	0.00577945579322045
E-MTAB-5879_6	-0.00809134038059547	-0.0790250809940423	-0.00138319672131148	-0.00811380198363225
E-MTAB-5879_7	0.00735768575546885	-0.017109437971239	0	-0.0125027730377848
E-MTAB-5879_8	0.0150695952304253	-0.000209687736319481	0	0.000784652674342676
E-MTAB-5879_9	0.000221229353773481	-0.01147814376466	0	-0.014703697770736
E-MTAB-5879_10	-0.00855750269989801	-0.0566686769327876	0	-0.00703282958828697
E-MTAB-4294_1	-0.0106661993605954	-0.0834299810542076	-0.00210927487295498	0.00144116501729013
E-MTAB-4294_2	-0.00061151223588716	-0.0406394122583165	-0.000955921003729025	0.00136170846697163
E-MTAB-4294_3	0.0125318338932887	0.0467539192227438	0.0029585798816568	-0.00615886717716675
E-MTAB-3186_1	-0.0096505865510222	-0.112072535886055	-0.00155946112697059	-0.00648182271674982
E-MTAB-3186_2	-0.0164727929644705	-0.0844561842047109	-0.000733692090703362	-0.00675706929168413
E-MTAB-3186_3	-0.0188605616843501	-0.0802050324991656	-0.00367516022084586	-0.0289355664184246
E-MTAB-3186_4	-0.0217435439385824	-0.103182492285493	-0.00288739172281039	-0.0330477306189619
GSE114919_Rat_1	-0.000722592275340703	-0.0285328871168946	-0.000440780673338813	0.0135003760113547
GSE114919_Rat_2	-0.00707860786978941	-0.0389104281239867	0.000990177357630621	-0.0106165362162056
GSE114919_Rat_3	0.00122235108501668	-0.00638730094754985	-0.00242400825393873	-0.0338853677007919
GSE114919_Rat_4	-0.00186276217416834	-0.00972709306403623	-0.00192862954866205	-0.00566788360367279
GSE114919_Rat_5	-0.0109565966023329	-0.0523737466320011	-0.000291925058268249	0.00559258620760425
