comparisonID	jaccard	cosine	sigjaccard	chrDir
22659600_1	-0.0273201603939868	-0.0626961388306077	-0.0189609700529045	-0.0147216124077211
24361742_1	0.0178093634188904	0.0387543095242773	0.0104868506846338	0
GSE72258_1	0	-0.0194957621224125	0	0
GSE72258_2	0	-0.00381292795754267	NA	0
GSE69531_1	0.000866322054871825	0.00761998908600536	NA	NA
GSE69531_2	-0.00489815664184308	-0.0291557166267188	NA	NA
GSE69531_3	-0.0107425324233655	-0.0301209939302144	NA	NA
GSE69531_4	0.000866322054871825	0.00761998908600536	NA	NA
GSE58203_1	0.0226509156991822	0.0456850063771701	0.0213646647470177	0.0219968267500237
GSE58203_2	0.0165128328674896	0.0297095890382303	0.00447911327233716	0.0240662985944609
GSE58203_3	0.00917978447274936	0.0245883898375591	0.00619863275400931	0.0143639286222017
GSE58203_4	0.00633162605634055	0.0343181383959186	0.0111725454880743	0.0269966432385484
GSE58203_5	0.0226628895184136	0.0388462140184049	0.0166666666666667	0.0220821436984845
GSE58203_6	0.0154321775739717	0.0190436566291398	0.0101721270264424	0.00961672994471485
GSE58203_7	0.00309554112060798	-0.00245082674925371	0.00337651388561255	0.0128606519877235
GSE58203_8	-0.00463178670103499	-0.022414182896187	0.000961413054480024	-0.005306990277302
GSE59642_1	0.000320008473032915	0.0408070190095767	NA	NA
GSE59642_2	-0.00199871575984302	0.00885109897418619	NA	NA
GSE59642_3	-0.00785640731351856	-0.0403326734132691	NA	NA
GSE64922_1	0.0167239777455499	0.00655627323283009	0.0144160497901834	0.00603430626913275
GSE60162_1	0.00326594312651708	0.0795630563563647	NA	NA
GSE31685_1	0.00190576628987992	-0.0260841409935251	-0.00508370134538359	0
E-MEXP-3890_1	0.012324528878063	0.0380530338153939	0.00436103949027007	0.00667297348298357
GSE31980_1	0.00495185447869165	0.0425815597750184	0.00485528182730285	0
GSE15615_1	0.00656433279317149	0.00764961032374173	0.00571561767773556	0
GSE15083_1	-0.00230030365852864	-0.0175419050414617	NA	0.00393535448336051
GSE108035_1	0.00535317207215477	0.0103743941275725	0.00294969459560954	0.00211474033644369
GSE108035_2	-0.00504962729024742	-0.0415136359282312	-0.00201825640517647	-0.00936831480689993
GSE108035_3	-0.00479993214808959	-0.0419871201564361	-0.00278190673834195	-0.0112743165215607
GSE21959_1	0.0113673131869561	0.0365289042376566	0.0156098583064875	0.00469753929368714
GSE21959_2	0.0101976193716285	0.0259864338358636	0.0160046564978938	0.0134894479948875
GSE24742_1	0.0168740623861928	0.0520699268644175	NA	0.012683251616665
GSE24742_2	0.00893421884882985	0.0205656066521898	NA	0.0165417661385181
GSE24742_3	0.00574372526965561	0.0150953180882186	NA	-0.00868277939586326
GSE74668_1	0.0235456397165942	0.0640273036304355	NA	NA
E-GEOD-10024_1	0.0265008310848306	0.0789435027371705	NA	NA
E-GEOD-10024_2	0.0209371610218857	0.0241253451872027	NA	NA
E-GEOD-12860_1	0.00229298752258455	-0.0673848184476952	NA	NA
E-GEOD-12860_2	-0.0186920332430887	-0.0970953030724021	NA	NA
E-GEOD-12860_3	-0.0231742117409863	-0.0931042453787539	NA	NA
E-GEOD-12860_4	-0.0186768089908728	-0.0924075234921106	NA	NA
E-GEOD-12860_5	-0.0127300088803478	-0.104818970114033	NA	NA
E-GEOD-12860_6	-0.0165794853294853	-0.0876008960367629	NA	NA
E-GEOD-12860_7	-0.0182584899588218	-0.0997486265064141	NA	NA
E-GEOD-12860_8	-0.0195122340317973	-0.0889848857880879	NA	NA
E-GEOD-14359_1	-0.0280082911211544	-0.0944258378040679	-0.0124945509243043	-0.0584158385597417
E-GEOD-14359_2	0.00903857268129119	0.0445060932381985	0.0120363821093748	0.0126742641479805
E-GEOD-1919_1	0.0129877255179035	0.0348786742663502	NA	NA
E-GEOD-1919_2	-0.00257304730110129	0.0520671409771004	NA	NA
E-GEOD-1919_3	0.000445496437876787	0.0443414248173914	NA	NA
E-GEOD-1919_4	-0.0207060597804696	-0.0326418629102203	NA	NA
E-GEOD-1919_5	-0.00751247932045399	0.00768122175182694	NA	NA
E-GEOD-1919_6	-0.0216997114774484	-0.0677291344901726	NA	NA
E-GEOD-1919_7	-0.0199751589346856	-0.0468708587797892	NA	NA
E-GEOD-1919_8	-0.00919487958307546	-0.0407787841744581	NA	NA
E-GEOD-1919_9	0.001161013253272	0.00421965460281661	NA	NA
E-GEOD-19664_1	0.00433217040059012	-0.0135852102113841	NA	NA
E-GEOD-19664_2	-0.0097545640083325	-0.0378105860665736	NA	NA
E-GEOD-19664_3	-0.00749431693891374	-0.0280873589402897	NA	NA
E-GEOD-19664_4	0.00845082121307561	-0.00818022519396978	NA	NA
E-GEOD-19664_5	-0.0121290669301926	-0.0488640703099873	NA	NA
E-GEOD-19664_6	-0.0152353851439001	-0.055731889813643	NA	NA
E-GEOD-43923_1	-0.0257625195237829	-0.0584385093904435	-0.0193262740122644	-0.0390511508325641
E-GEOD-51812_1	-0.00851932051067792	-0.0471854750050707	-0.00548347519455142	-0.0221268142968448
E-GEOD-51812_2	-0.00830673294484503	-0.0506460595360602	-0.00523095229663234	-0.0255426426602461
E-GEOD-68760_1	0.00923662977299698	0.0136561041485583	0.00548217403159244	0.013258521321944
E-GEOD-82107_1	0.00877072246606623	0.00635201325279502	0	0.00307573209651732
E-GEOD-9451_1	-0.000557654637420855	-0.0132554261980589	-0.00383343040274242	-0.018991956043262
E-GEOD-9451_2	-0.00307823684164887	-0.00148575294031691	-0.000949983289892964	-0.00599459628915307
E-GEOD-9451_3	0.000542279354122981	0.00570964985597035	-0.00110726356899045	-0.00764179691636968
E-GEOD-9451_4	-0.00370505785070275	-0.0154437539058739	-0.0068232911990414	-0.0137908141752105
E-MEXP-2019_1	0.000915258102359831	-0.0140967899684795	NA	-0.000356044124970926
E-MEXP-2019_2	-0.00618442610325103	-0.0175085802909252	-0.0111186594202899	-0.0098646114854059
E-MEXP-2019_3	0.00118737729276406	-0.0117558935917029	NA	-0.00224977944445928
E-MEXP-2019_4	-0.00748012717864585	-0.0107155769507777	-0.0111763236763237	-0.0241548731490161
E-MEXP-2276_1	0.0247729151904115	0.0145499724704003	NA	0.0153135928517588
E-MEXP-2488_1	-0.00424427764001198	0.0252048009288116	-0.00187229292527863	-0.00469911231930336
E-MEXP-3129_1	0.00483869764313527	0.0328765715744398	0.00251450676982592	0.0127349873185631
E-MEXP-3474_1	0.00288628932355942	0.0295326863093486	NA	0
E-MTAB-3010_1	-0.00413453767349688	-0.0446284665974639	NA	NA
E-MTAB-3010_2	-0.00558259676270669	-0.0426462329661382	NA	NA
E-MTAB-3010_3	0.00263336927205696	0.00250728567240156	NA	NA
E-MTAB-3010_4	0.00364066855027652	0.0193800566497595	NA	NA
E-MTAB-4152_1	-0.0233249609603715	-0.0400563552583608	-0.00846531477549803	-0.0143444677430496
E-MTAB-4152_2	0.00616507640351254	0.0268405035245383	0.00616040319730455	0.0167854406989928
E-MTAB-4152_3	-0.005073722192933	-0.0222165161856706	0.00734205942381771	0.000918960774260564
GSE100609_1	-0.0063082333231579	-0.01163008653696	NA	-0.00601673282167133
GSE100786_1	-0.00534078858575147	0.0131186210913394	NA	0.00273612902964224
GSE100786_2	-0.0121437663990855	-0.0118423590879755	NA	-0.0106404989193219
GSE103697_1	0	0.0199999345768416	NA	NA
GSE103697_2	0	0.0120397006583653	NA	NA
GSE103697_3	0	0.0137505087419072	NA	NA
GSE104113_1	-0.00872031175730609	-0.0272546642935961	NA	NA
GSE104113_2	-0.00194946874765816	-0.0507534401426388	NA	NA
GSE104113_3	-0.00872031175730609	-0.0272546642935961	NA	NA
GSE10575_1	-0.00764015178171391	-0.0387969228143707	0	-0.0159459186240483
GSE10575_2	-0.00936758927160003	-0.0272933815798093	-0.0117749714537901	-0.0278133807203436
GSE10575_3	-0.0126547146338449	-0.0473167743726762	-0.0044572415839567	-0.0158926631082155
GSE13604_1	-0.00212244071395907	-0.016693861481197	-0.00619183595768404	-0.00604062564198455
GSE13837_1	-0.00404936439048204	-0.00421500380432355	0	-0.000535483820808258
GSE13837_2	-0.00783512269584633	-0.0254421098173086	-0.0117508813160987	0.00276430710897664
GSE13837_3	-0.00783825207648126	-0.00736889507652449	-0.00524110208629309	-0.00113325572248792
GSE13837_4	0.00260183282003008	0.010455219401424	0.00941647423091979	-5.14699850215402e-05
GSE13837_5	-0.010888551357509	-0.0142819868784933	0	-0.00713738948460028
GSE13837_6	0.000677250677250676	0.00636349482838007	-0.00578595317725753	0.00134012501427511
GSE13837_7	0.00886795981369471	0.0247192666133609	0.00344919602169087	0.000959179171753942
GSE13837_8	0.0167121418073177	0.0261060983069924	0.0152906692063102	0.0112279602188603
GSE13837_9	-0.00259861262132522	0.000827843706524238	0.00603024741446215	-0.00562233764950826
GSE13837_10	-0.0100518195529919	-0.019907323068394	0.000936240910902815	-0.00565198278031958
GSE13837_11	-0.0135661532185257	-0.0250548951565455	-0.00692866452773983	-0.00336815689163337
GSE13837_12	-0.0190689270655766	-0.0195960683640253	-0.00517846678784344	-0.0101549188250426
GSE13837_13	0.026623990579926	0.0721795633485552	0.0177514792899408	0.0204938801200261
GSE13837_14	0.0238337368535377	0.0488955575574125	0.0119370028790319	0.0234473486833833
GSE13837_15	0.0131554257696034	0.0329551393325535	0.0108613085111466	0.0197594403322735
GSE13837_16	0.0113350957789564	0.0131418002241341	0.00641229523726334	0.00059389759989395
GSE13837_17	0.0225993078154863	0.0659766252190246	0.0143884892086331	0.0204477919838179
GSE13837_18	0.0186127911036267	0.0552227366803182	0.0108274748026301	0.0154489955693101
GSE13837_19	0.0134126840357282	0.0493479447449785	0.00618632354299874	0.0109642994842992
GSE13837_20	0.0145017933913803	0.0224435508210128	0.00997572985634694	0.00877600800008247
GSE13837_21	-0.0100008075316263	-0.000771395729257248	0.00296102971735028	-0.0054776990542776
GSE13837_22	-0.00212657144929198	-0.0110274826833621	0.00442276464991664	-0.00540471944271317
GSE13837_23	-0.0040564904964043	-0.0249327519244904	0.00176571008327799	-0.000329290513027764
GSE13837_24	-0.00234288698017741	-0.0136410826901184	-0.000724403777404636	-0.00309161107434765
GSE16464_1	-0.0137792616768449	-0.0247765114748879	NA	NA
GSE16464_2	0.00790143580351704	0.0495846877349371	NA	NA
GSE19060_1	0.00406156598574266	0.0105062006019612	0	-0.00242570386666443
GSE27372_1	0.0126542406190331	-0.00609976663423875	0.0176417871146937	0.0168095184414956
GSE27390_1	-0.00712487484706907	-0.0205867606862741	0.00208394915755247	-0.00573233716090859
GSE29106_1	-0.00211323849715759	-0.0348775633498462	NA	NA
GSE29107_1	-0.00795192490032829	-0.00857673431425567	NA	NA
GSE29107_2	0.00789932876787569	0.0379423209063921	NA	NA
GSE29745_1	-0.0023557553232177	-0.0193749658627013	NA	NA
GSE29745_2	0.0131865732145585	0.0631488498829269	NA	NA
GSE29745_3	-0.00397296212801603	-0.037393013247589	NA	NA
GSE35546_1	0.00917543701346108	0.00783732336737472	NA	NA
GSE35546_2	0.00664315299977549	-0.0106939644999361	NA	NA
GSE35546_3	0.0142065927458616	0.0113128585953777	NA	NA
GSE35546_4	0.00872360721677459	-0.0144132238538289	NA	NA
GSE35546_5	0.0111209549722034	-0.000728158053226456	NA	NA
GSE35546_6	0.015063497862103	-0.00660316265104197	NA	NA
GSE35955_1	0.00472987703388791	0.00881747297811245	0.000286365102881449	0.00196973565735828
GSE35956_1	-0.00628919139620708	-0.059032771432744	-0.000115942028985507	0.00455308762461609
GSE35957_1	0.00364465728204894	0.000313781292118521	0.0100493089460891	0.00726014916653811
GSE35958_1	-0.00132565933141682	-0.0515549858653508	0.00104526200589557	0.0036667193445979
GSE39340_1	-0.00581028059207442	-0.00852482568663815	NA	-0.0147124300797273
GSE39340_2	0.00981797193414721	0.00713612530910216	NA	-0.020029356140438
GSE39340_3	-0.0220679664682016	-0.0164366881425522	NA	-0.0150495309206505
GSE39795_1	0.00972081719806179	0.015912626144173	NA	0.0031486456619921
GSE39795_2	0.0141028440907161	0.0320545839148103	0.000465466136407643	-0.00337937058098262
GSE39795_3	0.00793863967036257	0.0281962821922147	0.00892857142857143	-0.00756051857216076
GSE41038_1	0.000680955153610293	0.00381253480521176	NA	0.00107891739607397
GSE41038_2	0.000933463034086509	-0.00980328023731477	NA	-0.00717366305539746
GSE41038_3	-0.0023515288635089	-0.00292545764768277	NA	-0.00218472952255492
GSE41992_1	0.00210874863066561	0.00380975524703157	NA	NA
GSE42235_1	0.0103272406305106	-0.0256840176500316	-0.012821901584413	-0.00599092787853974
GSE42235_2	0.0160702589741017	0.00121346022479375	-0.00185587026039287	0.00101400917443274
GSE42235_3	0.0114069881901132	-0.00970823435251401	0.00624023986929229	-0.00155165458494938
GSE42235_4	0.00461666992429261	-0.0137321954101014	0.00444688109161793	0.00135568750017424
GSE45233_1	-0.0125276720665259	-0.0360623697282426	NA	-0.00533201010648991
GSE45233_2	-0.00805430622544415	-0.00234270678200144	0	0.000106312090138502
GSE45233_3	-0.000582290452374399	0.0129923400595534	NA	-0.000397900881662144
GSE45233_4	-0.00495753185074733	-0.0245836605207403	0	4.45359338598246e-05
GSE46053_1	-0.0101058095421911	-0.00545621085250075	0.0133805659015743	-0.00048920674994294
GSE46053_2	-0.00536447060348783	0.0154739433534276	0.013478835978836	0.00489130354493532
GSE46750_1	0.00396277024857244	0.00585198126372612	NA	0
GSE51588_1	0.00392603251224683	0.0397806091785127	-0.00554809358578952	0.00743082846927376
GSE52817_1	0.000806361520676702	-0.0213634074115118	NA	NA
GSE52817_2	0.00297693147566398	0.0583013025799686	NA	NA
GSE52817_3	0.000760121305381341	0.0286406610714382	NA	NA
GSE52817_4	-0.00270912148791871	-0.0621539043783444	NA	NA
GSE55235_1	-0.0121819956081192	-0.0428721344056789	-0.00166394734273243	-0.0215656369334266
GSE55235_2	-0.0319111188922139	-0.0798084441640311	-0.00748747765329694	-0.0203983090378237
GSE55235_3	-0.0196869755181321	-0.0588230225344691	-0.0128600600695733	0.00208657647870065
GSE55457_1	-0.00168733480825545	0.0101809917757718	-0.00384110464756777	0.000942253504466636
GSE55457_2	0.00391346761713655	0.0219705648173945	0.00812216670330519	5.32242325394575e-05
GSE55584_1	-0.0248411191834663	-0.0357638594656709	-0.00753492523799558	-0.0185861019166203
GSE57218_1	0.00908568142610696	0.0357270897996143	0.0140925537992763	0.0191936933545406
GSE57218_2	0.00142069904546852	-0.0107169611402059	0.0110116646592734	-0.00275170778669116
GSE57218_3	-0.017992652519223	-0.0268691468417845	6.77830940988833e-05	0.00717850978830206
GSE60762_1	0.00648095618762732	-0.0197444248447091	NA	0.0231464843824566
GSE62914_1	-0.00644647328955957	0.00365291163873584	NA	-0.0116831978011981
GSE62914_2	0.00287068236342553	0.0204006223192677	NA	-0.00324551761061011
GSE62914_3	0.00310992888213394	0.0369397832895841	0	-0.00433180628267065
GSE62914_4	-0.00830013140933313	-0.0700246787660482	0	-0.0190828923269143
GSE64394_1	0.00698972318661024	0.0413307734354143	NA	0.0154849672514159
GSE66635_1	-0.00995282042180613	-0.00241116141749937	NA	-0.0033504443282312
GSE68038_1	0.0126935708500268	0.0301332544869685	0.00650267839094401	0.00971906428505398
GSE68428_1	0.00794330239388441	0.0198270750818711	0.0136150661288996	0.0161035698430837
GSE68428_2	0.0119149168579643	0.0286149426976586	0.0108552204091083	0.0143366198081902
GSE68428_3	0.00294894158009624	0.0133023917012684	0.01111513885343	0.0142267490639233
GSE69459_1	0.0052314752945932	-0.00767993113543651	NA	NA
GSE69459_2	-0.00553481515480768	-0.039088640975387	NA	NA
GSE69459_3	-0.0155896944153496	-0.00497669603356606	NA	NA
GSE69459_4	-0.0018372744189325	-0.00862057253970763	NA	NA
GSE69992_1	0.0090163205852392	0.01790290894055	0.0053354580415308	0.0054948682332238
GSE70719_1	-0.00169128287799473	-0.0776116271289741	0.00328444252715793	0.00243346001251476
GSE7116_1	0.00442378123964822	0.0185757473018364	0	0.00695912156546527
GSE7116_2	0.0105925987902783	0.0429980937504597	NA	0.013195553741586
GSE7116_3	0.00372112941466976	0.0165567438478745	-0.00561797752808989	0.00156924786970358
GSE72575_1	-0.000524469877259126	-0.0378402280377642	0.00592855681182819	0.0048587129532768
GSE72575_2	-0.00941047397138303	-0.0350873559316605	0.00203836104992595	-0.0109953594142057
GSE72575_3	-0.0124584292180066	-0.0418042919702254	-0.00156582772972708	-0.0103516785242627
GSE72575_4	0.00432900432900433	-0.0137721891467201	0	0.010887977675632
GSE75181_1	0.0111582262397553	0.0109006621906724	0.00338702147525677	-0.00148281685890478
GSE75181_2	0.0140129839283869	0.0542689200663795	0.00982453500625029	0.00976796426839298
GSE75181_3	0.0131852909385311	0.0275174271364048	0.00921633164844638	0.0021407262666804
GSE75230_1	-0.00946498759191438	-0.0219566311613947	-0.0167217448777264	-0.021868620803122
GSE7669_1	0.0059757286939033	0.00887934048616214	0.0108695652173913	-0.00923325730162923
GSE77916_1	0.00442477876106195	0.00279976849626542	0.00581395348837209	0
GSE80614_1	0.00723131909234478	0.0147081344012939	0.00884955752212389	-0.00257346068434561
GSE80614_2	-0.00025129212832359	0.00604666919097515	0.00538759689922481	0.000997629151983858
GSE80614_3	0.00840336134453781	0.0110198390269904	0	-0.00108921738483658
GSE80614_4	-0.00312444180568898	-8.86213690752457e-05	-0.00232178908768785	-0.00172189294519196
GSE80614_5	0.0151546660284124	0.0231171526812615	0.00888991484186242	0.00680124748485664
GSE80614_6	0.00583539576541779	0.0163055157014134	0.00512738666708179	0.0148136576710997
GSE80614_7	-0.000466548533638101	0.00249091109673758	0.00621921822293208	0.00540224014652531
GSE80614_8	-0.00551156129920673	-0.0200722152983517	-0.00589528974448692	0.000172570029843741
GSE80614_9	0.00957854406130268	0.0348187113335625	0.0147058823529412	0.00913874299461133
GSE80614_10	0.0100354595364247	0.028097783252636	0.0111111111111111	0.00589999607196211
GSE80614_11	0.00854700854700855	0.0341843430884237	NA	-0.00850734684703668
GSE80614_12	0.00641007880523114	0.00645610722016392	0.0152250587786845	0.0083959262036766
GSE80614_13	0.00339824686431941	0.000702184169530703	0.00343192413372882	-0.00598643068401133
GSE80614_14	0.00636458960840105	0.00883661006990903	0.00169879062736206	0.00298145460592455
GSE80614_15	0.00303036171047453	0.00334473900355286	0.00669932859902661	0.00208656559603359
GSE80614_16	0.00456912596515979	-0.00509543930121936	0.00763491979968924	-0.0092754524762729
GSE85254_1	0.00774493326615438	0.0299347236669592	0.0110875556526468	0.0159690948539869
GSE86578_1	0.0177124505928854	0.0748163395536773	0.0225806451612903	0.013361876789737
GSE86578_2	0.014253408283259	0.0697875894423757	0.0175438596491228	0.0139206215323837
GSE86578_3	0.0160822822778999	0.0496273093530276	0.0227859972963399	0.0165622081009718
GSE9329_1	0.00587920700540078	0.0410358898677117	NA	NA
GSE93698_1	-0.00200548538208057	0.0315568777860011	-0.00190545281107093	0.00950616235994514
GSE93698_2	-0.0031209917847226	0.0303178694973136	-0.00189056372556236	0.0124205497712272
GSE93698_3	0.0033621517795347	0.0521484077656983	0.000245534722900222	0.0211279550362326
GSE93698_4	-0.00278697335931385	0.0302955713006665	-0.00230578209176085	0.0130263688804357
GSE93698_5	0.00087397301421854	0.0532577804807146	-0.0012116223382804	0.0185061336280024
GSE93698_6	-0.0128432935821538	-0.0147788447278498	0.00413223140495868	-0.000324355366977414
GSE93698_7	0.0084951032775256	0.0298441809647057	-9.49898390623094e-05	0.0102390776291656
GSE93698_8	-0.00573835953954817	-0.0138070126912787	0.00641025641025641	-0.00212956103786407
GSE93698_9	0.0188107167360114	0.048043462067182	0.0066875078189862	0.0212416069791494
GSE93698_10	0.0306664493682266	0.0427536519062364	0.00895235881847279	0.013758656893439
GSE93698_11	0.0077434641348013	0.00146651715394499	0.00340136054421769	0.00558507057256307
GSE93698_12	0.0220910043219351	0.054221525509139	0.0117791170082166	0.0146943344922598
GSE93698_13	-0.0187227744598359	-0.0432551966631301	-0.00681498551741175	-0.0117898884745614
GSE93698_14	-0.000238364580209087	0.02333154623931	-0.00271739130434783	0.00416268371236778
GSE93698_15	0.0185368465521386	0.0528835321149666	0.00470638837008373	0.024903025531274
GSE93720_1	0.00480962292352343	0.0208025993738408	NA	NA
GSE93720_2	0.00263078049303702	0.0363085889533517	NA	NA
GSE93720_3	0.00439226720799334	0.0193542149815116	NA	NA
GSE93720_4	0.00772248359594043	0.0512990002690394	NA	NA
E-MTAB-5564_1	-0.0140290534639889	0.00283374138615709	-0.0156442527281611	-0.0040875210143882
GSE77753_1	-0.0178171639777788	-0.0284583297417608	NA	-0.0125164298555929
GSE43861_1	-0.00114246911807027	0.0328052598444303	NA	NA
GSE112809_1	0	-0.0144266341367971	NA	NA
GSE111946_1	-0.00938042619073455	-0.0443159130511868	NA	NA
GSE111946_2	-0.000450563728572028	0.0091312831976506	NA	NA
E-MTAB-3201_1	0.00819542014270697	0.0482027742392768	0.000591846633522301	0.00860455203476242
GSE57740_1	0.00362839958158996	0.0240525775058402	NA	NA
GSE52992_1	0.000805333263872728	0.0153851233738339	0.000452527674240012	0.0188112995744022
GSE17160_1	0.0260964002804325	0.0193379265875637	NA	NA
GSE17160_2	0.00431649752636847	-0.0369133307773146	NA	NA
GSE17160_3	0.0177671297930482	0.0265258819154618	NA	NA
GSE17160_4	0.00598433481764832	-0.00625148994929448	NA	NA
GSE17160_5	-0.00192369427814801	-0.00555899183345543	NA	NA
GSE17160_6	0.00194182142228103	-0.0103338836774685	NA	NA
GSE17160_7	-0.00498168706563313	0.00688376681588558	NA	NA
GSE17160_8	0.00583669449634121	-0.022662702218458	NA	NA
GSE17160_9	0.00777800672691218	0.0437525341137217	NA	NA
GSE17160_10	0.00966617084694553	0.0602441678457867	NA	NA
GSE17160_11	0.00950874813774195	0.0490458585366589	NA	NA
GSE17160_12	0.00614551178025633	0.0427886968076839	NA	NA
GSE22971_1	0.00497131664610387	0.00393689277199216	NA	-0.00498938311316224
GSE22971_2	-0.00686079159496422	-0.0192128616515435	NA	-0.00999936101934713
GSE22971_3	0.0139741124331111	0.0532597644326547	-0.00398484983094529	0.0172964342641461
GSE22971_4	0.0164106764299765	0.0490914779069111	-0.00425721521764058	0.0137488699443708
GSE13590_1	0.0116998141147742	0.0151130172220284	0.0179341382031773	0.0150323881448308
GSE13590_2	0	-0.00188653996462471	0	-0.00518868778232329
GSE99731_1	-0.0178577999263786	-0.0165291265370661	NA	-0.00562336187859208
GSE99731_2	-0.00425787991050333	-0.00761669864787902	NA	0.000636455048219752
GSE99731_3	-0.00473768132042752	-0.0435395248201911	0.00423378994418456	-0.0155852867544179
GSE27492_1	0.00948994692679728	0.04869905990941	0.0111111111111111	0.024241090522584
GSE27492_2	-0.0143314272734157	-0.0013575920915569	0.00450458628926773	-0.0168701658267901
GSE27492_3	-0.0186688275078121	-0.0223308873690751	-0.0114434152151524	-0.0284833603825099
GSE27492_4	-0.0030252843919998	0.00309762381098905	-0.00013100556430865	-0.0046700049979172
GSE27492_5	-0.00315035951634362	-0.0255438850700212	-0.00504658900896706	-0.0257295739409409
GSE27492_6	0.00109949300504359	0.0102275515861037	-0.0130036663408565	-0.0091969131418257
GSE27492_7	0.0148142468591127	0.0154156376865943	0.00496042606475427	0.00403339832837319
GSE27492_8	0.00569430141862069	0.0261469171233523	0.00847638918585735	0.00349206961634303
E-GEOD-15069_1	0.000321855401727605	0.0221907689433238	-0.0108488407565589	-0.00144385671292905
E-GEOD-15069_2	-0.0049294659309408	0.0115641211903649	0.000270033541177821	-0.0155752465010918
E-GEOD-15069_3	0.0104080469532046	0.0334240356739983	0.0100039050229552	0.0179673590938143
E-GEOD-15069_4	-0.0209245747344345	-0.0428339509551854	-0.0292813695446506	-0.0237557038836414
E-GEOD-15118_1	0.000484455303732412	-0.0363114290147033	NA	NA
E-GEOD-15118_2	0	0.0393090561174291	NA	NA
E-GEOD-15118_3	0.00040486161094026	0.0360017786931238	NA	NA
E-GEOD-15118_4	0.00534344676560559	-0.00752192982099214	NA	NA
E-GEOD-16007_1	0.00452771905483538	0.0155450482454816	NA	NA
E-GEOD-17473_1	0.0168263697961773	0.0235835364824565	NA	0.0120812409435074
E-GEOD-18647_1	0.0027086069130531	0.00675909961764724	NA	0.0126380135121864
E-GEOD-18647_2	-0.00308312243684539	-0.00935534423235371	NA	0.00153224132433497
E-GEOD-18647_3	0.00953668933108768	0.00840545989465935	NA	-0.00752657635760316
E-GEOD-18647_4	0.00486936469614152	-0.00532182559164067	-0.000118161408483989	-0.00710735324516139
E-GEOD-18648_1	0.0021885670346201	-0.0162233346442162	-0.00424190276814237	0.0057226641149723
E-GEOD-18648_2	0.000468314393644212	0.0163947376947127	-0.00268943061986513	0.00864083930379082
E-GEOD-2154_1	-0.0123356810999832	-0.00274850202166226	-0.0168788580246914	-0.0139494119616447
E-GEOD-2154_2	-0.0315760292974206	-0.0289855012851659	-0.0057986302207546	-0.0233428276430034
E-GEOD-2154_3	-0.00314385622026779	0.0128099736020955	0.0125571982729938	0.00267572838880952
E-GEOD-2154_4	0.0128198152960678	0.0545038412868527	0.00411437947686814	0.0202130910683756
E-GEOD-26475_1	0.0385694269403575	0.0453253376927796	0.0226425744878957	0.0317048415110725
E-GEOD-26475_2	0.0148120577200734	0.0604752441599634	0	0.0315504909126148
E-GEOD-26475_3	0.016996391209069	0.0658012551852158	0.0236195987654321	0.0335207948878281
E-GEOD-33567_1	-0.00072328423787715	0.0156036318451339	NA	NA
E-GEOD-33567_2	-0.00010836890576733	0.0185911790587784	NA	NA
E-GEOD-37287_1	0.0104211774811365	0.0412312250745625	NA	NA
E-GEOD-37287_2	0.00901711833157014	0.0529519268932751	NA	NA
E-GEOD-37287_3	0.0013765371888874	-0.0105767286530946	NA	NA
E-GEOD-51994_1	0.0120348084573489	0.0482909380346413	0.00267654410678732	-0.00737131603496093
E-GEOD-51994_2	0.00872763815863356	0.0475491874825332	0.0077326594572469	0.000608097287766667
E-GEOD-51994_3	0.00337652456631532	0.0239450887734925	0.00460194063586579	-0.00996201354528547
E-GEOD-65077_1	0	-0.0576357461864812	NA	NA
E-MEXP-1244_1	0.0141407320761635	-0.012381162676858	NA	NA
E-MTAB-1123_1	0.0277782931685595	0.0424744468005	0.0166860992356523	0.0321413612001069
E-MTAB-1123_2	0.0171944046860559	0.0552387432901674	0.0176922426234881	0.0402759755056263
E-MTAB-1123_3	0.00562921667353286	0.0143984038547709	0	0.0195945031833404
E-MTAB-1123_4	-0.00198929129173793	0.00119518060893182	0	0.0152072523186066
E-MTAB-1391_1	-0.00775209749673165	-0.0396108069536141	-0.00315331106157751	-0.0144033586905458
E-MTAB-1391_2	-0.0102582732377394	-0.0452662212328249	-0.00515059135341055	-0.018766082372844
E-MTAB-1391_3	-0.0106094875253334	-0.0362671963878886	-0.00534635093665955	-0.0228765562696246
E-MTAB-2450_1	-0.00218851040711538	-0.0265467989607951	-0.0155183299565465	0.00577918504301793
E-MTAB-2450_2	0.0162662258759456	0.0290935179395262	-0.000253605205904692	0.00497351839887291
E-MTAB-2450_3	-0.0113221248232463	0.00111370101839368	0.00598147322205619	-0.0124930037832295
E-MTAB-2450_4	-0.0266999618209556	-0.0564184102118148	-0.0124703464815635	-0.0325219202239257
E-MTAB-5023_1	-0.00735543599504872	-0.0291478226963561	NA	-0.00726719457488688
E-MTAB-5326_1	-0.00507048547821324	-0.00258037276144665	NA	NA
E-MTAB-5326_2	0.00172666745769699	0.0234487827165024	NA	NA
E-MTAB-5326_3	-0.00102340262434944	-0.00165065785370912	NA	NA
GSE102588_1	0.0164010507329026	0.0504034594711563	-0.000337126000842815	0.00837571818106019
GSE104793_1	0.0406346731006746	0.12549478188354	0.0208022569458202	0.0283775604451633
GSE104794_1	0.0458335576392509	0.115655591062159	0.0297984899914539	0.0377971523714049
GSE104795_1	0.0425998273037061	0.0943169842360158	0.0235373603929134	0.033249517085724
GSE105139_1	-0.00503121098626717	-0.032704974822507	NA	0.0123722573247988
GSE105139_2	-5.06182874557498e-05	-0.0237650205080936	NA	-0.00727692306051444
GSE105139_3	0.00403669748681281	-0.0067498799925476	0	-0.0344906602502416
GSE10555_1	-0.0124028575008645	-0.0205615082845176	NA	NA
GSE10556_1	-0.0107094393349483	-0.0219362232791812	-0.0130117890161793	-0.0113601958127381
GSE106631_1	0.0250163981617677	0.0323702390573982	0.0168056016089982	0.0164883103980415
GSE13104_1	-0.0164437186749309	-0.139376801589836	NA	NA
GSE13104_2	-0.0172450554782325	-0.123488907323424	NA	NA
GSE13104_3	-0.000307536848409744	-0.0611428167945204	NA	NA
GSE16749_1	-0.00269428046075979	-0.0318094826202624	NA	NA
GSE16749_2	-0.00977522002212742	-0.0546489182713201	NA	NA
GSE16749_3	-0.0148828398651912	-0.00930013409984735	NA	NA
GSE17348_1	-0.0390069211495142	-0.0727334972238652	NA	NA
GSE17563_1	-0.0023879925656895	-0.00389151373497057	NA	NA
GSE17563_2	0.00189586498832291	0.0205672385385273	NA	NA
GSE17569_1	-0.0058925097321667	-0.0300532017437562	NA	NA
GSE17569_2	0.0187641807760112	0.0747337395372786	NA	NA
GSE17570_1	0.016375529417044	0.0644692107143858	NA	NA
GSE17570_2	-0.00433736852401227	-0.0306776925875885	NA	NA
GSE18991_1	0	0.00869102805010849	NA	0.00261990156565722
GSE18992_1	0	0.0162003792701171	NA	0.010097314825947
GSE19299_1	0.0127862930651144	0.0470194377444282	0.00784630061034901	0.0122969292090773
GSE20850_1	-0.00202450195418416	-0.0481816626771161	NA	NA
GSE21093_1	0.0135317914518309	0.0293107268308354	NA	NA
GSE21523_1	0.0165104839400614	0.0343202854153411	NA	NA
GSE21639_1	0.0011219512195122	-0.000692556097573671	NA	NA
GSE21639_2	-0.00785558547067948	-0.0471374118434948	NA	NA
GSE21639_3	-0.0133556986675864	-0.00838885985795612	NA	NA
GSE21639_4	-0.0245902796848164	-0.0657533296065389	NA	NA
GSE21710_1	-0.00916927504010147	-0.012432459960262	NA	NA
GSE21710_2	-0.0055057934905033	-0.0146086275377177	NA	NA
GSE21710_3	-0.00682971115758711	-0.0117255164211213	NA	NA
GSE22925_1	0.0220530056655873	0.0614810452680323	0.0227060685475852	0.0295146014096061
GSE22925_2	0.0169947033689892	0.0231976676520224	0.0110698011149369	0.0121205085040924
GSE26499_1	0.00682731954091983	0.0399798663794858	NA	NA
GSE30160_1	0.00641307125529914	0.0110762773269635	-0.000811934550120659	-0.0053014387975299
GSE30628_1	0.0250821490024876	0.108702032370911	0.0141249630190863	0.0295385224291323
GSE30628_2	0.0160137485844463	0.0367636239116756	0.0092595329223245	0.0326611169920549
GSE32163_1	-0.0143091881835506	-0.0108000622358103	NA	-0.0284593364947436
GSE33656_1	0.02255305844569	0.0718171867032735	NA	NA
GSE33754_1	0	0.0190708974454313	-0.000838122605363985	0.00179829871731783
GSE33754_2	0.0010642774091491	0.0307062288932409	-0.00424575424575424	0.00360731765691512
GSE33754_3	0.0145615061203674	0.0651289325026932	0.00164452955511236	0.0251845413131217
GSE34570_1	-0.0151937540685286	-0.0195824418610638	NA	NA
GSE35003_1	0.0165339477599565	0.0331957343250963	NA	NA
GSE35466_1	0.0111794501857393	-0.0249761133851246	NA	NA
GSE35466_2	0.0138080921772258	0.0308671353561798	NA	NA
GSE35466_3	0.0128378800104545	-0.0151107773447467	NA	NA
GSE35466_4	0.0287318048038604	0.0294832032387552	NA	NA
GSE35466_5	0.00854687516630056	0.0377720086399209	NA	NA
GSE36925_1	0	0.0384898185225646	NA	NA
GSE36925_2	0.0137292580089415	0.0295592401995512	NA	NA
GSE36925_3	0.0188421383816737	0.030502322988089	NA	NA
GSE37219_1	0.00591208293953672	0.0394481657515906	NA	NA
GSE37676_1	-0.0218005544834874	-0.0549397373692987	-0.0166726631759485	-0.0267327114055979
GSE41342_1	0.0600363048020701	0.0997612770029287	0.024028749028749	0.011734850817185
GSE41342_2	0.00621068429598276	0.0313416264012486	NA	-0.00337254616224928
GSE41342_3	0.0132583156012571	0.0212947152803762	NA	0.00971557989826953
GSE41342_4	0.00276986388097499	0.0594496634235072	0.00284090909090909	0.00802019537429854
GSE41997_1	0.00247978896533815	0.0168186291959168	0	0.0216813758064804
GSE43242_1	0.0035346767350562	0.0400521775151921	0.00167887667887668	0.00451747405002098
GSE43242_2	0.00429034441521299	0.0299850794512379	0	0.00244317279983581
GSE43663_1	0.00010851871947911	-0.00281586266715638	NA	-0.016161471579714
GSE43854_1	0.0080367315574497	0.0211854807636168	NA	NA
GSE45656_1	-0.0056266296579148	-0.0484402432605285	NA	NA
GSE45656_2	0.00559577030759647	0.0071238019057324	NA	NA
GSE45656_3	0.00612075558695585	0.00841416538031277	NA	NA
GSE45793_1	0.0170297509592454	0.0585121399666559	0.00525960061443932	0
GSE45793_2	0.0145949560628722	0.0761220910596465	0.0195198028885219	0
GSE45793_3	0.0166354522827386	0.101556356290834	0.00321766623290683	0
GSE45793_4	0.0220641800215051	0.0906784429984561	0.0123886347495841	0
GSE45793_5	0.021153640569357	0.112301151142218	0.00814160355110508	0
GSE46390_1	-0.00400693110090454	-0.0459764932995105	NA	NA
GSE48438_1	0.010040739730415	0.0369228950541712	NA	0.0104606567683141
GSE50549_1	0.00364207834563799	0.00784705230252321	-0.00185329447990566	0.000777946679065388
GSE50549_2	0.00336764828788169	-0.00539228245442512	0.00255927284816512	-0.000820383079678361
GSE51098_1	-0.0100699900769155	-0.0342292459736898	0.00518328589655511	-0.0219546501214763
GSE53857_1	0.0126175775152947	0.00255231927892881	0	-0.000715369132476367
GSE53857_2	0.00420091150314609	-0.0321737597795171	0	0.00573827655700914
GSE53857_3	0.007589525903697	0.0172190942117132	0	0.00680537686080398
GSE53982_1	-0.00971036636437937	-0.0091420588087265	-0.0168494168951437	-0.00731537943740986
GSE53982_2	0.00192594144207048	0.0314295305789001	0.00137061403508772	0.00833981701127587
GSE54779_1	0.0093067886993141	0.0015430581108307	0.00837374754802445	0.0149157477642599
GSE55900_1	0.00282485875706215	0.0412850711905341	0.0104166666666667	0.00169910491193154
GSE57104_1	0.0315713509706091	0.0176923279696238	NA	0.0106534139081543
GSE59387_1	-0.00724879276481406	-0.0237578612727345	NA	NA
GSE60401_1	-0.0217418348755912	-0.136130703682508	NA	NA
GSE60401_2	-0.0243449387239368	-0.0163966687935956	NA	NA
GSE60651_1	-0.0205681592309499	-0.0424166598237103	NA	NA
GSE60737_1	0.0115678049960812	0.000921119713518723	NA	NA
GSE60761_1	-0.000467479674796748	0.00970836418410095	-0.00862068965517241	0.0104445991513045
GSE60761_2	0	0.0038937284870923	NA	0.0093997470181596
GSE60761_3	-0.00145518139988855	-0.0117131112819089	0.00746268656716418	-0.00373279605944509
GSE60761_4	-0.00110508960066482	-0.00646474222515548	0	-0.00974459721039289
GSE63017_1	0	-0.0305886550551913	NA	-0.00129986228069838
GSE63017_2	0	-0.0201273110084916	NA	-0.00124034424876192
GSE63017_3	0.0047885009958664	-0.00936150305630384	0.00218216318785579	-0.00658857413825959
GSE63017_4	0.00160739942528736	-0.019570614742837	NA	-0.00109617055544959
GSE63939_1	0.00876265926260751	-0.00430982638490212	0.00413716791001998	-0.00474419582216282
GSE63939_2	-0.00337549417926993	-0.0445355466970544	0.000520700333301127	-0.0298527286607266
GSE64141_1	-0.0116933167488287	-0.00754844007528956	NA	NA
GSE64965_1	0.00280105961420859	-0.0456061159902748	0.00371294805215301	0.00624711780290561
GSE65745_1	0	-0.0312801610035133	NA	-0.0164684461081778
GSE65745_2	0.00549450549450549	-0.0122530085094319	0.00925925925925926	0.00534163210027609
GSE65745_3	0.00549450549450549	-0.019112775563323	0.00943396226415094	0.00371348789541009
GSE66416_1	0.00325890637768447	-0.0240256521172047	NA	NA
GSE66862_1	0.00738044971374774	-0.0223870536517006	-0.00560521786812679	-0.0058751585670399
GSE69108_1	-0.00643655667231119	0.0106678352502135	-0.00394703831267116	-0.0147151945402786
GSE71565_1	-0.0126241490463462	-0.0255659127169281	NA	NA
GSE72261_1	-0.000216738354544641	0.0162107795716004	0	-0.00152873018997597
GSE72261_2	0.0213830734838573	0.0692067003977509	0.0152113185197939	0.0400368483552548
GSE72261_3	0.0288754297604911	0.067670307533941	0.0174694225188255	0.03140482554532
GSE7683_1	-0.00557071178059427	-0.0290708778114518	-0.00267094017094017	-0.0108893705225808
GSE7683_2	-0.0115620225227774	-0.00606223785295229	-0.010810221908847	-0.015970006526408
GSE78980_1	-0.0257031162274547	-0.0346436785549471	NA	NA
GSE78980_2	0.00756981580510992	0.0624961122721911	NA	NA
GSE78980_3	-0.0150256522497567	-0.0489485013904063	NA	NA
GSE78980_4	0.0136641122635206	0.0151201857584664	NA	NA
GSE78980_5	-0.00170398866620749	0.00413019406554715	NA	NA
GSE78980_6	-1.71217562521904e-05	0.0146208380287595	NA	NA
GSE78980_7	0.0152870514458872	0.0495840854931605	NA	NA
GSE78980_8	0.0137183290956713	0.0411650184353198	NA	NA
GSE78980_9	0.0111058253384567	0.0392555334945166	NA	NA
GSE78980_10	0.0167126913798148	0.0611021747048666	NA	NA
GSE81399_1	-0.00876874090133523	-0.0224776616392365	NA	0.00466426976763179
GSE84609_1	-0.00348260683479862	-0.00366036383122815	-0.00713931434097347	0.000265131902418633
GSE84907_1	-0.0022611665379653	0.00359074331157932	0.00100118053626025	-0.00785542689651228
GSE84907_2	0.0121559520152163	0.0329685418842884	0.0120494515601907	-0.00857071152811493
GSE84907_3	0.0127115402650713	0.045518486972793	0.0135098901616585	0.0154167928528165
GSE90127_1	-0.00898499896954942	-0.0592592954769505	NA	NA
GSE90127_2	-0.00200586609895428	0.0044541769109926	NA	NA
GSE90127_3	-0.00541538916144898	-0.0553186219457817	NA	NA
GSE9247_1	0.00628092180430359	0.0219888745669795	0.00983899599000572	0.000652381579841236
GSE9247_2	0.010289332039894	0.013228755883745	0.00815455541336744	-0.00751876219588535
GSE9247_3	-0.00310304462500999	0.00164774276664812	0.00883626733136002	-0.00137365173432868
GSE99306_1	0.0289757329949491	0.0926910387172613	0.0142501396399007	0.0229687395369939
GSE99306_2	0.00898975811409365	0.0487621379553092	0.00496420564324962	-0.00756966383852164
GSE99306_3	0.0289432315258297	0.0530322468193366	0.0217878886954982	0.04023685998655
GSE99306_4	0.00884369229500104	0.0603775595934766	0.00288145866492538	0.000949651118638567
GSE99306_5	0.0132830502970253	0.0441101944414245	0.0043190441087479	-0.0062673727605736
GSE99306_6	0.00457831260015652	0.0208179927887585	-0.00102568858444501	-0.024511442499462
GSE99306_7	0.0331761633376472	0.0363978751851168	0	0.0394961679706438
GSE99306_8	0.00452743099225602	0.047974599333356	0.00169318661148237	-0.00777114336474079
GSE99306_9	0.0079880642314557	0.0422407822874992	-0.000555766368128086	-0.0152798701520898
GSE99306_10	0.00673965010646247	-0.00187826807359217	0.00437048281416325	0.0102503841438684
GSE99306_11	0.0260196740539272	0.086582088291358	0.00855117491941615	0.00985776965239407
GSE99306_12	0.00756900445660517	0.0369803623477746	0.000229282767462943	-0.0182485139074549
GSE99306_13	0.045049216882031	0.0679095425376865	0.0313529685641066	0.0492917669419244
GSE99414_1	-0.00360493097420175	0.0208499768283255	0.0103092783505155	-0.0190718219073729
GSE110581_1	0.00756751539282761	-0.0168018699955519	0.0109257518796992	0.00358328432128844
GSE110581_2	0.00216450216450216	-0.00591626553668379	NA	0.0157222751648783
GSE47799_1	-0.00291530804292117	0.00795804931889708	-9.78754255453289e-05	-0.00817923778693946
GSE47799_2	0.00134069226226329	0.0302790383518095	0.00548041389504804	0.00483683598571345
GSE47799_3	-0.00330146861682126	-0.0216477942099361	-0.0023300257803828	-0.00580211564759472
GSE111628_1	-0.0195428475033738	-0.0809495229166923	NA	NA
GSE111628_2	0.0117557661362417	-0.0520359313963968	NA	NA
GSE111628_3	-0.00375816993464052	-0.0831097922248114	NA	NA
GSE5657_1	0.0218958411113748	0.0517752099647266	0.0304878048780488	0.00913029061142484
GSE5657_2	0.0147247632803723	0.0472705301149987	0.0230769230769231	0.0124947238804397
GSE13782_1	1.55921181013985e-05	0.0338457683453085	0.00888745032404624	-0.00332074496981715
GSE41039_1	-0.0061411839189617	0.00523804876886468	0	-0.0122294062726994
GSE84198_1	0.00618342007661932	0.0028567906818031	0.00943396226415094	0.00315937603753885
GSE84198_2	-0.00341626875795072	0.00556238567685651	-0.0107568851619618	-0.00762292905111984
GSE84198_3	-0.00770433501359728	-0.0217587671792226	-0.00440540724511167	-0.0197119044917826
E-GEOD-54216_1	0.00460866931685039	0.0281337030948288	0.00171975014132735	-0.0155738720121352
E-GEOD-54216_2	0.00581461331263355	0.0316658593714475	0.00510656240810974	-0.00772782510189757
E-GEOD-54216_3	0.0153510188017941	0.0161154276705041	0.00915162699140626	-8.04490718770874e-05
E-GEOD-6119_1	0.0184066238807202	0.0501534957499392	0.0146214753964725	0.0286153247455304
E-GEOD-6119_2	0.0153831497383145	0.0446613629695215	0.0125658381654382	0.0256240233341477
E-GEOD-6119_3	0.017474972823521	0.0511030522350622	0.0139194895453823	0.0341558062278046
E-GEOD-8077_1	-0.140402759284314	-0.296744097342828	-0.0845315217301717	-0.106376515636041
E-GEOD-8077_2	-0.0277095679555634	-0.116058895417624	-0.00722197106690777	-0.0316128455581661
E-GEOD-8077_3	0.0874384956075588	0.181217234156154	0.053689287918824	0.0841395658551688
GSE103416_1	-0.0224199038974671	-0.068556114401369	-0.00869446735466212	-0.0254637816916425
GSE103416_2	-0.00021015137550047	0.00705116813145734	-0.00666784557832615	-0.0334736798925022
GSE103416_3	0.0196631253526801	0.0505369292974952	0.000992094808065193	-0.00778326988467696
GSE19950_1	0.000915086893816995	0.0161687773747627	0.00758131572511616	0.0103123933589742
GSE30322_1	-0.0096978280837485	0.0425746818939607	-0.00661210348421313	-0.0185005661094269
GSE30322_2	-0.00181352883926774	0.0546880789152691	-0.00547620399818264	-0.00354366716476962
GSE30322_3	-0.0111002077089095	0.0311176746630741	-0.0046583850931677	-0.00991798120581323
GSE42295_1	0.00341479569788246	0.128777508775058	0	0.0520467493137168
GSE42295_3	0.613695878589496	0.905958322973207	0.511374570446735	0.544909255321592
GSE66554_1	0.0137655161031783	0.0611252994871031	0.000720758171847083	-0.00549638692707621
GSE66554_2	-0.00441657899498104	-0.0189856543917358	-0.0135386706447154	-0.0246639086884486
GSE66554_3	0.0300413173959284	0.082291330963055	0	0.0208395841153831
GSE66554_4	-0.00330804381985549	-0.027866929048243	-9.61791738025518e-05	-0.00463123807320611
GSE74898_1	0.0636635598849623	0.189757706998929	0.0251957995221775	0.057475684925845
GSE74898_2	0.0626370992205232	0.201464376410071	0.0300096207076738	0.0761814543224484
GSE74898_3	0.0872551532726942	0.302523995331549	0.0384295286726972	0.10091613665226
GSE79176_1	4.45500445500446e-05	0.022885723700006	NA	NA
GSE79176_2	0.00479707590301357	0.0760444079381217	NA	NA
GSE79176_3	0	0.060360692111901	NA	NA
GSE85785_1	-0.03909650466245	-0.10761763184333	0.00357142857142857	-0.0335172133023965
GSE23492_1	0.00948706666838581	-0.00015663478513618	NA	NA
GSE23492_2	-0.0131217557498991	-0.0800953656907765	NA	NA
GSE23492_3	0.0039620699946755	0.0136232447037405	NA	NA
GSE23492_4	-0.000636502784341533	0.00221287386432525	NA	NA
GSE23492_5	-0.00315033425541828	-0.0259712086392119	NA	NA
GSE44991_1	0.0116631145590026	0.0237769368045579	0.0163934426229508	0.0249289744318707
GSE44991_2	-0.0128970420635267	-0.0524723643735555	NA	-0.0136940744885713
GSE39796_1	0.0302920413047986	0.0873762289317001	NA	NA
GSE39796_2	0.0138732108906723	0.0662143808753441	NA	NA
GSE39796_3	0.0188857516577698	0.0492301848035117	NA	NA
GSE18394_1	0.000347885711648087	0.0274738338972742	-0.00262673615666592	0
GSE18394_2	-0.00430542004198117	-0.0208778212339367	-0.00450135296696726	0
GSE18394_3	0.00546149162949347	0.0442899949255393	0.00165862869743316	0
GSE29233_1	0.0068823206275768	-0.0199501567646403	NA	NA
E-MEXP-2291_1	0.00895857057574913	0.0192199506541069	NA	NA
E-MEXP-2291_2	0.00848635191151466	-0.0149605619863302	NA	NA
E-MEXP-2291_3	0.00635884008326442	0.0311679038909203	NA	NA
GSE107363_1	0.00979601809589782	0.039781726753205	NA	NA
GSE85761_1	-0.00466356095043572	-0.0497644658902972	NA	NA
GSE89179_1	-0.00465369764146921	-0.00659296777433045	NA	NA
GSE89179_2	0.00297765507980523	0.0197678228588772	NA	NA
GSE89179_3	-0.00570760945470614	-0.00244950699364252	NA	NA
GSE89179_4	0.00190030610527192	0.00821620677063475	NA	NA
GSE89179_5	0.00452828526186387	0.00414742411942771	NA	NA
GSE89179_6	0.00541409437867156	0.00729508699806114	NA	NA
GSE89179_7	-0.00540538242409813	-0.00482015517685411	NA	NA
E-GEOD-57723_1	0.00670574444038312	0.0359202734405701	NA	NA
E-GEOD-57723_2	0.0140884951192919	0.0365600623610956	NA	NA
E-GEOD-57723_3	0.00317116505996192	0.0306723364041115	NA	NA
E-GEOD-83930_1	-0.00450564276043438	0.00952172549043249	NA	NA
GSE100268_1	0.00216222209540969	-0.010142071585685	NA	NA
E-GEOD-55769_1	0.00254983869252157	-0.0394377790349767	0.0045320197044335	0.0118703063168425
E-GEOD-55769_2	0.00209205020920502	-0.0250754203572124	0	-4.96621929888807e-05
E-GEOD-55769_3	-0.00383683241913043	-0.0548925850569639	0.00299013022136754	0.00907043226978096
E-GEOD-69110_1	-0.00701156988717523	0.00655036231731786	-0.0178608167653915	-0.0114429097313098
E-MTAB-4304_1	0.00411893066328434	0.0282344145774274	0.013107674351935	-0.000707370899723971
E-MTAB-4879_1	-0.00751762404713984	0.00568033209354147	-0.0141843971631206	-0.00574407964548935
E-MTAB-4879_2	-0.00583595659751235	-0.0331403007745702	-0.00302520576307268	0.0098028013544582
E-MTAB-4879_3	0.00330708314978449	0.00105382734729412	0.00526315789473684	-0.00343694636937856
E-MTAB-4879_4	-0.00538840949762828	-0.00232664698101338	-0.0114607614607615	-0.00782593983475185
Cytokine_Explant_1	0.0114410277347506	0.0333996885898634	0.00424716784417971	0.010275644416878
Cytokine_Explant_2	0.0119799563221539	0.0433043203436103	0.0134307399042301	0.0098219124134921
Cytokine_Explant_3	0.00857899993655763	0.0473755632072222	0.0128955305151966	0.0128680883596409
Cytokine_Explant_4	0.00287789236632578	-0.000767409398940906	-0.0157150769912485	0.000746484287426848
Cytokine_Explant_5	0.00499424436678107	0.0316665715837832	-0.000143309951808149	-0.00123006748904295
FN1_Explant_1	-0.0016579598534889	-0.0365211485989251	0.00457904520106995	-0.00800759273396304
E-MTAB-6266_1	-0.00694512647070215	0.000148312404781475	-0.00201004665480153	0.00651994775976
E-MTAB-6266_B_1	0.00574863042661844	0.0343528605715578	0.00749832961405913	0.016646779832981
E-MTAB-6266_B_2	-0.0125313587330911	-0.0305810842605028	-0.00698681303187519	0.0197272099024475
E-MTAB-6266_B_3	-0.0143404058517569	-0.0747010258085782	-0.0128800559793645	-0.0296653450907341
GSE70667_1	-0.00483829895594601	0.0214803956147965	0	0.00943218397025342
GSE87608_1	-0.000852747770916849	0.0646459175721753	NA	0.0123604798327756
GSE87608_2	-0.0151416467816635	0.0313393468296308	-0.00485436893203883	-0.0113911559332554
GSE87608_3	-0.00424688385037883	0.0273951178141754	0.00223214285714286	0.000429693455626649
GSE87608_4	0.0192063845794976	0.0340566331130294	0.00888888888888889	-0.00016860992506447
GSE90890_1	-0.00387965965331712	0.00307970241090665	0.00731539272108292	-0.00860241154115326
GSE97118_1	-0.0033094376410474	-0.0297441837577026	NA	NA
GSE97118_2	0.00151199140919922	-0.000170074825107862	NA	NA
GSE97118_3	-0.00659087063310914	-0.0203203136533919	NA	NA
GSE97118_4	-0.0135183805265772	-0.0468240294893825	NA	NA
GSE97118_5	0.0143386532809919	0.0230080675150487	NA	NA
GSE97118_6	-0.00998063980855644	-0.0469587787500857	NA	NA
GSE97118_7	0.00284495690285913	0.00138547032463362	NA	NA
GSE107592_1	0.00349248989743056	0.0352144820670749	0.00858609672616525	0.0379423507376651
GSE92641_1	0.0084393817838116	0.0144462651430964	0.0104133552047477	0.0220322906083306
GSE107849_1	0	-0.010330996125317	NA	NA
E-ERAD-89_1	0.00396806944121522	-1.47108880495736e-05	NA	NA
E-ERAD-89_2	0.00206949806949807	0.004098801155873	NA	NA
E-ERAD-89_3	-1.45681278498899e-05	0.017838329794093	NA	NA
E-ERAD-89_4	0	0.0161463380205258	NA	NA
E-GEOD-45893_1	0	-0.00482010057366619	NA	NA
E-GEOD-53105_1	-0.00200372324342799	-0.0478015621556684	0	-0.018313377709762
E-GEOD-53105_2	-0.0113831689791035	-0.014383914578627	-0.000156211524978247	0.0146728691220034
E-GEOD-54461_1	0.00656153306180918	0.0346976196166369	0.00551343963791635	0.0136763181884935
E-GEOD-54461_2	0.00970189650816578	0.0375056405527776	0.00754769959274257	0.0388048334488443
E-GEOD-54461_3	0.00876771540702572	0.0548788274350996	0.00685383570590559	0.0316386803960638
E-GEOD-54461_4	0.00944506970801647	0.0611381347609503	0.00782717471718027	0.032312925170068
E-GEOD-54461_5	0.0105047503029376	0.0704976239930264	0.00758387950342872	0.03758139786439
E-GEOD-54461_6	0.0102206262846113	0.0711765860781904	0.00750987905572693	0.0423653446591591
E-GEOD-54461_7	0.00947216492943163	0.0801928434858157	0.00589640203035691	0.0426654422382463
E-GEOD-54461_8	0.00510951825051206	0.0725729275902038	0.00368787910816747	0.0390245113618306
E-GEOD-73372_1	0.0340416282587434	0.105910768754834	NA	NA
E-GEOD-73372_2	0.0313287243884786	0.108604390619411	NA	NA
E-GEOD-73372_3	-0.0112676428755628	-0.0290555426782321	NA	NA
E-GEOD-75549_1	0.0430806960085122	0.0708524582727165	NA	NA
E-GEOD-76988_1	0.00491626082857944	0.00583154731458599	NA	NA
E-MTAB-2923_1	0.0123037582883641	0.0591226448273009	NA	NA
E-MTAB-2923_2	-0.0107564468479034	-0.066906275366218	NA	NA
E-MTAB-2923_3	-0.00812703811067088	-0.0378890478458051	NA	NA
E-MTAB-2923_4	0.00661713073630703	0.0246487559895221	NA	NA
E-MTAB-3428_1	-0.0179875466889371	-0.106207497758437	NA	NA
E-MTAB-3428_2	-0.00837677555914991	-0.0210740986675308	NA	NA
E-MTAB-3428_3	0.00659209602155835	0.000874602828260749	NA	NA
E-MTAB-3428_4	-0.0141158261325404	-0.0892261038511606	NA	NA
GSE102856_1	0.0158820554952831	0.0437646268224756	NA	NA
GSE103492_1	0.010132042404339	0.031681099356516	0.00557217938539207	0.0102827553056077
GSE103492_2	-0.0106779162316845	-0.00897112400184115	-0.00444944616044395	0.00236790799248465
GSE103492_3	-0.000154028891146374	0.0229781894326355	0.00674097956365269	0.0287350690105392
GSE103492_4	0.0123387394217918	0.0344533718470711	0.013276728246755	0.0238200510559478
GSE103492_5	-0.00545314660601451	-0.0204774306765673	-0.00962962962962963	-0.0194570064584499
GSE103492_6	0.0100040660459279	0.0244479693752376	0.00195209685909809	-0.00906470856670909
GSE103492_7	0.0191407402085827	0.0511197979576999	0.0174250180801703	0.00144629056402634
GSE103492_8	0.00094684538523899	0.012938410989156	-0.00399245890434712	0.00798414540642292
GSE103492_9	0.0109367523964668	0.0184094718928784	0.0240517058698877	0.00753725937399762
GSE103492_10	-0.000182799057734466	0.00701886929733107	0	0.0141919783273353
GSE106259_1	-0.0125511820117668	-0.00846712096490184	-0.0055080447447459	-0.00554289190947222
GSE110303_1	0.00517861597473558	-0.0144924701420477	NA	NA
GSE110303_2	-0.00939043560796319	-0.0612395946540466	NA	NA
GSE110303_3	-0.0050883536975356	-0.0111468266277668	NA	NA
GSE110300_1	-0.00245354131646173	-0.0187519233506509	NA	NA
GSE110300_2	0.0133689839572193	0.0693256247457989	NA	NA
GSE110300_3	0.00856290458767239	-0.0255213730173767	NA	NA
GSE110281_1	0.01223777775998	0.0308248081977771	NA	NA
GSE110281_2	0.00329049894727748	0.012751474693118	NA	NA
GSE110281_3	-0.0107266459077367	-0.0192601304958696	NA	NA
GSE104459_1	0.00239114659102809	0.0268106203858644	0.010989010989011	0.0172235661982839
GSE104459_2	-0.00142913977903813	0.0408975858561091	-0.00542396328913183	0.0122756493669404
GSE104459_3	0.00253713462442754	-0.0117253537875629	-0.00520833333333333	0.0031552760038442
GSE110051_1	-0.00222219502151065	-0.0252799543311202	-0.00624503640734698	-0.00431660389005253
GSE110051_2	-0.00760704533453177	-0.0201878447770297	0.000196229065484549	-0.00268926727966601
GSE110051_3	-0.00532473589092654	-0.0331571598830417	-0.00466127913011585	-0.00928853986501578
GSE112694_1	0.0106449341546102	0.0443536673530043	0.00357743204147653	0.0144591918858329
GSE112694_2	0.0128597175277637	0.0442634603676379	0.00319321720546628	0.0249268926603173
GSE112694_3	-0.00651608761333156	0.000876338716484343	-0.0128758838190917	-0.0258873345711119
GSE112694_4	0.00362459134365201	0.00632105931719209	-0.00141143665319621	8.17033689119485e-05
E-MTAB-5879_1	0.00304369714154855	-0.0148661649123034	0.00302403930959932	0.0182171518586805
E-MTAB-5879_2	0.0136070596833895	0.0291854594109565	0.00301007670715459	-0.0166634216032456
E-MTAB-5879_3	0.00877168085487016	0.036175743580796	0.00389804424388018	-0.0185378658782488
E-MTAB-5879_4	0.00840731681596991	0.030960933425867	-0.00141323927672011	0.0160136859499857
E-MTAB-5879_5	0.00277235657112618	0.0089204345934154	0.00258987744908665	-0.00342519023666217
E-MTAB-5879_6	0.00900850113884076	0.0342380000663472	0.000431588743444846	0.00535776622733145
E-MTAB-5879_7	0.0134814307628791	0.0175810128764235	0.00769230769230769	0.0106523005769798
E-MTAB-5879_8	-0.00278330241009297	0.00526477108789965	NA	0.0123866236869333
E-MTAB-5879_9	0.00877465355643724	0.0457277796555263	0	0.0164753080607656
E-MTAB-5879_10	0.0196657781619386	0.0803105980136462	0	0.0081819009521474
E-MTAB-4294_1	0.0036796868686994	-0.01860570119907	0.0031013420286955	0.0159308484683377
E-MTAB-4294_2	0.00406148043127502	-0.0158149874514642	0.00534786507000528	0.0152629241469212
E-MTAB-4294_3	0.0105649583510373	-0.000319281442847096	0.00950315954893471	-0.0106621992181068
E-MTAB-3186_1	-0.00658588343621	-0.00240419289561154	-0.00439702453977167	-0.0092162269816983
E-MTAB-3186_2	-0.00222972763620315	-0.0182972006509698	-0.00556709256357575	-0.0279513202392157
E-MTAB-3186_3	0.00183777479706586	0.00221408607938227	-0.004472717786132	-0.021095571274669
E-MTAB-3186_4	0.00194474033805443	0.0276659350420803	-0.00785192013883129	-0.0162830238651899
