comparisonID	jaccard	cosine	sigjaccard	chrDir
22659600_1	0.0061499161067936	-0.00160887800169236	0.0027108743418119	-2.79583959629515e-05
24361742_1	0.0133388778708976	0.0116653198736279	0.0152671755725191	0.0277934097597453
GSE72258_1	0	0.0110845948323929	NA	-0.00517617240445679
GSE72258_2	-0.0025	0.0148012495203838	-0.0714285714285714	-0.000219490781387182
GSE69531_1	0.0162303946815997	0.0571636851619196	NA	NA
GSE69531_2	0.0179540269086179	0.0798013760778624	NA	NA
GSE69531_3	0.0123288737607044	0.0275867197518744	NA	NA
GSE69531_4	0.0162303946815997	0.0571636851619196	NA	NA
GSE58203_1	0.00619886577499821	0.0345237305701298	0.0018240659017358	0.00351908557658918
GSE58203_2	0.0151086120269216	0.0499135678847467	0.00618787488147619	-0.00490380318002048
GSE58203_3	0.0150467943563761	0.0517658056002557	0.0148028576514242	0.0035825605468862
GSE58203_4	0.0117119252340558	0.0276417156455251	0.0145910237030605	0.000667199854977185
GSE58203_5	0.00136486320696847	0.0494413357534328	0.00480769230769231	0.0115441185797696
GSE58203_6	0.0150551557617921	0.0877686286672962	0.0152045971306141	0.020993485733516
GSE58203_7	0.0160092023689903	0.0573694748614429	0.0173200040369495	0.0204139924430074
GSE58203_8	0.00886407313543297	0.0258878967339761	0.00559116821735303	0.00745333620183989
GSE59642_1	0.000628371223387301	0.00995046381933294	NA	NA
GSE59642_2	0.00365815593963005	0.00495585822870461	NA	NA
GSE59642_3	0.00210005394484702	-0.00663095196435977	NA	NA
GSE64922_1	-0.00278184424100806	0.0129645213529428	0.00131885374427508	0.00459486793077268
GSE60162_1	-0.00223531667659287	0.0157133233085211	NA	NA
GSE31685_1	-0.0103990219167205	-0.0373184334938792	0.00199047914688032	-0.00789970138900781
E-MEXP-3890_1	0.00805779501122936	0.0387997381220658	0.000931081207906559	0.00607308206565314
GSE31980_1	0.0149744202554311	0.00910873625305227	0.0130497373423132	-0.0112458249503301
GSE15615_1	0.00420238374753614	0.0316727236713808	0.000674361723859439	0
GSE15083_1	0.00846625452106587	0.00218817743396094	NA	0.0202511528659548
GSE108035_1	0.00282276165580924	-0.00519114038961606	0.00373454239730873	-0.0173044043440522
GSE108035_2	-0.00458185895631416	-0.0499605461971841	-0.0032850191091314	-0.033050903774588
GSE108035_3	-0.000654828274093964	-0.0311953597977512	0.000217327203091303	-0.0286348610194951
GSE21959_1	0.0103763688638174	0.0503506478107233	0.0111737815162969	0.00239521300574924
GSE21959_2	0.0134730371871472	0.0325523967091849	0.0137324242810416	0.00991383666868809
GSE24742_1	-0.00519545799283313	0.0167591482297402	NA	-0.00650036493202171
GSE24742_2	-0.00561183085528795	-0.0110025076428423	NA	0.00287988395911276
GSE24742_3	0.0159670388561657	0.00149807459044364	NA	-0.00165827310449951
GSE74668_1	-0.00422701744014189	0.016970666174855	NA	NA
E-GEOD-10024_1	0.00433134780148533	0.0151923456217306	NA	NA
E-GEOD-10024_2	-0.00559838407947047	0.0157612098547051	NA	NA
E-GEOD-12860_1	-0.00580439898100484	0.00782457294823405	NA	NA
E-GEOD-12860_2	-0.0170615357859161	-0.0354600682666713	NA	NA
E-GEOD-12860_3	-0.0149248798196133	-0.0155320579705706	NA	NA
E-GEOD-12860_4	-0.0141023352184799	-0.0246278525482282	NA	NA
E-GEOD-12860_5	-0.00660057820817744	-0.0207517428433097	NA	NA
E-GEOD-12860_6	-0.014461165435015	-0.0257897096862173	NA	NA
E-GEOD-12860_7	-0.0131526948571193	-0.014314827159597	NA	NA
E-GEOD-12860_8	-0.0108101538843816	-0.0201433810806511	NA	NA
E-GEOD-14359_1	0.00801905462264312	0.026118896357232	0.00367882950975526	-0.000105785357258362
E-GEOD-14359_2	-0.00740568711405432	-0.00982258611778725	-0.0138890159412587	-0.0136681336708926
E-GEOD-1919_1	-0.0073746885985459	0.0335661134463991	NA	NA
E-GEOD-1919_2	0.010499775963745	0.036681659452027	NA	NA
E-GEOD-1919_3	0.00738260096438693	0.0252976897968879	NA	NA
E-GEOD-1919_4	-0.0155351131528214	0.00451734584642213	NA	NA
E-GEOD-1919_5	0.00166359937709066	0.0205763997056957	NA	NA
E-GEOD-1919_6	-0.0115912370917457	-0.0211785192657518	NA	NA
E-GEOD-1919_7	-0.0125464688071159	-0.0285064654939834	NA	NA
E-GEOD-1919_8	-0.0135197362669883	-0.0146322351768747	NA	NA
E-GEOD-1919_9	0.00604987325187274	-0.0156184040400452	NA	NA
E-GEOD-19664_1	0.00715347060888251	-0.000353590164083722	NA	NA
E-GEOD-19664_2	-0.00437152557617317	-0.0199072808426755	NA	NA
E-GEOD-19664_3	0.00275133626006501	0.0189253440308708	NA	NA
E-GEOD-19664_4	0.0122371873154767	0.0252582223447766	NA	NA
E-GEOD-19664_5	-0.0157168075519042	-0.0229267576662784	NA	NA
E-GEOD-19664_6	-0.00253023012707968	0.0254941486369811	NA	NA
E-GEOD-43923_1	0.0150823386953116	0.0545851114398754	0.0167414308718657	0.013387737161616
E-GEOD-51812_1	-0.011248316211257	-0.0369692040831834	-0.0137580035259821	-0.000543813398541544
E-GEOD-51812_2	-0.0105069756836798	-0.0328053380385385	-0.0124913164539374	-0.000240102687065077
E-GEOD-68760_1	0.00630150984897468	0.0372857742786996	0.01344711518375	-0.0141335443127841
E-GEOD-82107_1	-0.0186974724273482	-0.0434745239463597	0	-0.00918469391771347
E-GEOD-9451_1	0.0106348640970532	0.0710987217170597	0.00200760782395376	0.0295959032404252
E-GEOD-9451_2	0.00775877173169651	0.0558550118751844	-0.00324298875646401	0.0213762010373109
E-GEOD-9451_3	-0.018062735078378	-0.0527294117418367	-0.0102070672412298	-0.0248115126218848
E-GEOD-9451_4	-0.016977441807844	-0.0565669708348497	-0.0178279863640704	-0.00924793428039283
E-MEXP-2019_1	-0.00275674432858715	-0.0108888483409094	NA	-0.0120388631974828
E-MEXP-2019_2	0.0121354505728162	-0.00940186413703176	-0.00282485875706215	0.00339439914955975
E-MEXP-2019_3	-0.00409646517902134	-0.0171238566965945	NA	-0.0107516692464914
E-MEXP-2019_4	-0.000821811191020656	0.00114485104364532	0.0161432687748477	-0.00268099802300284
E-MEXP-2276_1	-0.0229096303397129	-0.00492523100710301	NA	-0.0119975151053247
E-MEXP-2488_1	-0.00516183179870373	-0.020846494244246	-0.00493451072727876	-0.0107480959765927
E-MEXP-3129_1	1.00816847146642e-05	0.0526414092246117	0.0040650406504065	0.00854728706954724
E-MEXP-3474_1	0.00641077830525385	0.0247102222357041	NA	0.00850352376668166
E-MTAB-3010_1	-0.00531274376063363	-0.00594137585339961	NA	NA
E-MTAB-3010_2	-0.00638883429131128	-0.0134413879790375	NA	NA
E-MTAB-3010_3	0.00585947224296739	0.0374394195379398	NA	NA
E-MTAB-3010_4	-0.0123874275610091	0.00398311109906512	NA	NA
E-MTAB-4152_1	0.00740233363416165	0.0212194710742984	1.24055354032496e-05	0.00312983497142016
E-MTAB-4152_2	0.0143795593031396	0.0749837101752605	0.0290562913907285	0.0256256955352149
E-MTAB-4152_3	0.0216911007713408	0.0762985024922109	0.0126466205732986	0.025052303910854
GSE100609_1	0.00454638870566831	0.0271116854375161	NA	0.00570557497628137
GSE100786_1	-0.00211190843855028	0.0189289226946424	NA	0.0101394498003883
GSE100786_2	0.003906147103572	0.00646900077556768	NA	0.000747439128600633
GSE103697_1	0	0.00258424097936658	NA	NA
GSE103697_2	0	-0.0129607409398386	NA	NA
GSE103697_3	0	0.00760620201980888	NA	NA
GSE104113_1	-0.0257413957010731	-0.0244363886834186	NA	NA
GSE104113_2	0.0238257943940768	0.0662553802850463	NA	NA
GSE104113_3	-0.0257413957010731	-0.0244363886834186	NA	NA
GSE10575_1	0.00248384248820464	-0.0223387468225471	-0.00490196078431373	-0.00133175345592821
GSE10575_2	0.0260990054458205	0.0618702468259594	0.0150746065873514	0.0117955320064473
GSE10575_3	-0.00722000186856446	-0.0340596799615704	-0.00384096802223303	-0.015738630280633
GSE13604_1	0.00262169384290104	0.0281122474271846	0.00275432672013508	0.0164802201391883
GSE13837_1	0.0117743809802652	0.0055426332245661	-0.00431034482758621	0.00321310924896973
GSE13837_2	0.0169917557750203	0.0440053865581593	0.00626886640098889	0.0166495339648496
GSE13837_3	0.016566548456977	0.039834722096793	0.019851324399611	0.0134826788090819
GSE13837_4	0.0154677601247139	0.0656856617131907	0.0190437187346481	0.00915161604530568
GSE13837_5	0.00459709198549714	0.0414332213506403	-0.00434782608695652	0.0138939762588229
GSE13837_6	0.0202649861501031	0.0762976924871309	0.0175582210458087	0.0212528895966989
GSE13837_7	0.0231429902272969	0.0861188677455783	0.0100696942702801	0.0311527401710051
GSE13837_8	0.0277915832616899	0.0812275786768666	0.016713123514881	0.0318994909904001
GSE13837_9	-0.0063763574818952	-0.00220925022532187	-0.00279181996536392	0.00763278540768068
GSE13837_10	-0.00215335967307776	-0.00635271614579051	-0.00642665271681807	0.0109007166696466
GSE13837_11	-0.00197878076874255	-0.0217214616618652	-0.000272028828067925	-0.000967652445202825
GSE13837_12	-0.00663190953130394	-0.0117480493967918	0.0045567465256557	0.00420752249763786
GSE13837_13	-0.00358352373584293	0.0127245474203075	0	0.00643812170244322
GSE13837_14	0.0125629327809894	0.0465061170501583	0.0127462349489268	0.00228321835093572
GSE13837_15	0.0147433021803205	0.0453352500185294	0.0174715749271446	0.00329561542751727
GSE13837_16	0.0130613534701182	0.0649491759177311	0.0129130991514968	0.0276923324182785
GSE13837_17	-0.00264411749306246	0.0141653468951719	0	-0.0145268211184489
GSE13837_18	0.00438752160407693	0.043000742656392	0.00439787946356522	-0.00122410668501981
GSE13837_19	0.00633916540164847	0.0430894506520521	0.00642373534880225	0.00802212473774557
GSE13837_20	0.00278419564007127	0.0505135766257154	0.0101748508632463	0.0190867593743836
GSE13837_21	-0.00958632305121489	0.0106851423429373	-0.00185056591652023	0.00614808899299605
GSE13837_22	0.0074434457769109	0.0173354173130705	0.00329664323721632	0.0146377918756435
GSE13837_23	-0.00195634366302171	0.0160156266974343	-0.00185579892536461	-0.000894826025919442
GSE13837_24	0.00867287246529527	0.0386399619052448	0.00929221454757499	0.0137378246838526
GSE16464_1	0.0170861345715348	0.0286102561343383	NA	NA
GSE16464_2	0.0100577561244716	0.0564277574629782	NA	NA
GSE19060_1	0.00561932345285742	0.0317694046141842	NA	0.00194164217954311
GSE27372_1	-0.0142740863327368	-0.0304479643405556	0.00130657303571577	0.0076286153611735
GSE27390_1	-0.00497480589458089	-0.0112539396953268	-0.00985728848114169	-0.00293434998403942
GSE29106_1	0.00471389464077943	-0.0126976093200833	NA	NA
GSE29107_1	0.000229924526680966	-0.00854390859264338	NA	NA
GSE29107_2	0.00378397925275715	0.0178478200544026	NA	NA
GSE29745_1	0.00976197099166643	0.0025319930214454	NA	NA
GSE29745_2	0.00471715085778217	0.00487214975903788	NA	NA
GSE29745_3	1.86721526072679e-06	-0.0327805240052951	NA	NA
GSE35546_1	0.00364936900026915	0.0402803460741094	NA	NA
GSE35546_2	0.00108466527475974	0.0225511941248117	NA	NA
GSE35546_3	0.00449443627672438	0.038099621345437	NA	NA
GSE35546_4	0.00921210127097404	0.0278073308031321	NA	NA
GSE35546_5	0.010258258014696	0.043236864416976	NA	NA
GSE35546_6	0.0112326574368828	0.0376484763562404	NA	NA
GSE35955_1	0.0093249032019892	0.01190817575169	0.00529014678032189	0.0101550014064532
GSE35956_1	0.0121870307961132	0.0397482438832666	0.000209503970403064	0.00157015579687876
GSE35957_1	0.0105434344691923	0.0186114047526146	0.0110720637291096	0.000758347055349848
GSE35958_1	0.000923321178888039	0.0131763334693964	0.000312344730383602	-0.00969056193327351
GSE39340_1	0.00359548233070539	-0.0112088495103095	0	-0.00841618437796351
GSE39340_2	0.00918766050498608	0.00901430266803483	0	-0.00810744082703125
GSE39340_3	-0.00380018324171248	-0.0212060606085662	NA	-0.0023303277689777
GSE39795_1	-0.0113621470386614	-0.0138612865792223	NA	-0.006347011223908
GSE39795_2	-0.00471472085867875	-0.0174789176245538	-0.00743494030194612	0.0036431739261928
GSE39795_3	-0.00615023133008744	-0.0106703269698073	-0.000544662309368192	0.00800823188090199
GSE41038_1	-0.01369875600354	-0.0328357763009379	NA	-0.021666993036184
GSE41038_2	-0.00367470995501885	0.000630232220510005	NA	-0.0019361776408117
GSE41038_3	0.00417685170153746	0.0100867621760563	NA	-0.00228490833868451
GSE41992_1	0.00392354282167616	-0.022190552988439	NA	NA
GSE42235_1	0.0150486768133827	0.0694201230294959	0.0187384044526902	0.0436854442537513
GSE42235_2	0.0154061611610973	0.0550896812163876	0.0188022250291489	0.0188270497871109
GSE42235_3	0.00153475511326344	0.0605184139311898	0.00996209294135512	0.0208492443819606
GSE42235_4	-0.00190481184934619	0.0491821798178906	0.0175606645005179	0.0282893015505798
GSE45233_1	-0.00991123906130151	0.00842691792532319	NA	-0.00495152678371857
GSE45233_2	0.000320164854206382	0.00490919698712803	NA	0.00909315746510419
GSE45233_3	0.0139955922472305	-0.008766456370012	NA	0.00830684331393
GSE45233_4	0.00237584266502579	-0.00188320353665972	0.0135135135135135	0.0025689332657447
GSE46053_1	0.00665431499933982	0.054365668726126	0.0108862685271261	0.0170119818575275
GSE46053_2	0.00652539810768325	0.0420099621570261	0.020598527931663	0.0207479450784029
GSE46750_1	-0.00488013508327122	-0.0237515909151729	0.00230544309491678	-0.016088910465976
GSE51588_1	0.00387339501152204	0.0158488956313591	0.000246702703209314	-0.00420477477519208
GSE51588_2	-0.0128495064417948	-0.0176646853537077	-0.0124502430333264	-0.0091887407521102
GSE51588_3	0.0135155298802173	0.036411119549187	0.0152494728057036	-0.0031030334868533
GSE52817_1	0.0166419226033477	0.0332700318586241	NA	NA
GSE52817_2	0.00672969755086583	0.0581922871152695	NA	NA
GSE52817_3	0.0125704190434534	0.0702010764928331	NA	NA
GSE52817_4	-0.000694764364945612	-0.0280968233529916	NA	NA
GSE55235_1	-0.00925151305433426	0.00797493435743037	0.00536515394703223	-0.012623089072075
GSE55235_2	-0.0162383572522741	-0.0327753468680198	0.00478568909928636	-0.0162252510740195
GSE55235_3	-0.0211160612581697	-0.0437709947238494	-0.00920463043900544	0.0165690298140225
GSE55457_1	0.00937346688094222	0.0479988622656276	0.00196532957065108	-0.00283924471398642
GSE55457_2	-0.00156203588894283	-0.0212499128704502	3.87839171003181e-05	-0.012146817614548
GSE55584_1	-0.012631727305711	-0.00330864561405692	0	-0.0174356972016006
GSE57218_1	0.00431976110455082	0.0516410585707209	0.00694615195475781	0.00821907958766163
GSE60762_1	-0.0208440838932035	-0.0143804515656777	NA	-0.0225459985113326
GSE62914_1	-0.0236404980787003	-0.0146455075427153	NA	-0.0111216999630987
GSE62914_2	-0.00954526720163978	0.000743912974080882	NA	0.00186783453516396
GSE62914_3	-0.00428660455348709	0.0184344444201747	0	-0.00993460929522311
GSE62914_4	-0.0123490676116718	-0.0363967991768356	0	-0.0010437931906705
GSE64394_1	-0.00507460280764666	-0.0202590148848606	NA	-0.0051452778848227
GSE66635_1	-0.000876031311693591	-0.0210789886653924	NA	-0.00106749297913241
GSE68038_1	-0.0223654113410637	-0.0344438449182156	-0.0084042394387222	-0.0296550146850895
GSE68428_1	0.0109219804101113	0.0138548570172309	0.00977052705339761	-0.0119967348827643
GSE68428_2	0.00366992779881564	0.0204413056807592	0.00983788009991295	-0.0101389019681703
GSE68428_3	0.0113793234977092	0.0294620748229991	0.0110147803082586	-0.00562282873694866
GSE69459_1	0.000682369645544899	0.0212836248402825	NA	NA
GSE69459_2	0.0139090326106741	0.0233757607259814	NA	NA
GSE69459_3	0.00804888137883705	0.00123959771796207	NA	NA
GSE69459_4	0.0114523137985634	0.0168819567053494	NA	NA
GSE69992_1	0.00589839432702202	-0.00401061584413635	-0.00177196481664004	-0.0137405956930467
GSE70719_1	-0.00338201333123393	-0.0463184728626164	-0.00441982383264101	-0.00462020131086142
GSE7116_1	0.00700527318659079	0.0359702336707095	0.00645655650319829	0.0173361275182467
GSE7116_2	-0.00939413053257447	0.0523923646998601	0	0.00644162325790159
GSE7116_3	-0.00431635148170581	0.00734064930462122	0.0116570900204742	-0.00245967942841361
GSE72575_1	-0.000322697915882363	-0.0370093528821499	0.00649350649350649	-0.00913845127721733
GSE72575_2	-0.0129989082796324	-0.0555998050235691	-0.00958460437615336	-0.0335251740935293
GSE72575_3	-0.00331690286847237	-0.0535755882578188	-0.00200593208115246	-0.0205572179933986
GSE72575_4	0.00354609929078014	0.0175663464123139	0	-0.0184476915433479
GSE75181_1	0.00710349005151727	0.0189519525925443	0.0150410958065501	0.00358688007048824
GSE75181_2	-0.00975887151120912	0.0104655682221884	0.00239751678045689	-0.00855633779493866
GSE75181_3	-0.000249932347544449	0.0183477214022271	0.00847400040291182	-0.00172488222602192
GSE75230_1	0.00649426140908536	-0.0188533467780852	0.0018916987084689	-0.00660943987911976
GSE7669_1	0.028660135525213	0.0915927102479198	0.0131578947368421	0.0394854661135784
GSE77916_1	-0.00147862088160596	-0.0121542046689963	0	-0.0173952930069274
GSE80614_1	0.00227331107115335	0.00762258140797551	0	-0.0135721317403871
GSE80614_2	0.0222271846690265	0.0376254946982068	0.016443838749344	0.0246285313195505
GSE80614_3	-0.00480769230769231	-0.00262169355835121	0	-0.016272030965635
GSE80614_4	0.00370348029168482	0.0170660851987325	-0.00550251460615216	0.00760325824293275
GSE80614_5	-0.00526166061209426	0.0190312932650047	0.0035455014362975	0.00201676434831602
GSE80614_6	-0.00030974549070753	0.0241506651701016	0.00701641646384136	0.0130529071827683
GSE80614_7	0.00749661585366391	0.0235188527821235	0.0197968093877696	0.00631825735992403
GSE80614_8	-0.00204394202422528	0.00634279874876064	0.00413932765097774	0.00708545306765273
GSE80614_9	0.00786137407961025	0.0249070710687051	0	-0.00701471434596789
GSE80614_10	0.00990351472695848	0.0485093874659548	0.0017156862745098	0.00982238536532964
GSE80614_11	-0.00490196078431373	0.032556518819741	NA	0.00649155429773382
GSE80614_12	0.0135551806639075	0.0445918795266691	-0.000625524313540541	0.0200942302811821
GSE80614_13	-0.00929356790356271	0.0275701242558459	-0.0118589743589744	-0.00432152293896206
GSE80614_14	0.000912643721003439	0.0218170864484015	0.00510239620637244	0.0110971974590048
GSE80614_15	-0.00719373222711173	0.0118024074145142	0.00415959618259125	-0.00190800942041952
GSE80614_16	-0.00157010600576321	0.00489691301197887	0.000670122550059656	-0.00899179945798877
GSE85254_1	-0.00564203921556951	0.012082801586468	0.00907059947686556	-0.0204906421760258
GSE86578_1	-0.000185397264894334	0.0355899181485942	0.00544819697790621	0.0119349817204718
GSE86578_2	-0.00254638154466178	0.0296992156598574	-0.00378787878787879	0.00201302241141352
GSE86578_3	-0.00930671183832284	0.0416207971255926	-0.00043415033913404	-0.00845114314138094
GSE9329_1	0.0132042596923088	0.0448943232334905	NA	NA
GSE93698_1	0.013216082681469	0.0620926614315908	0.00955189975148878	0.025375295085011
GSE93698_2	0.0112079837059133	0.0526527289690324	0.00460839182968955	0.0154635319035782
GSE93698_3	0.0190726089292852	0.0573329447985845	0.0111895449757076	0.0256605551379541
GSE93698_4	0.0120264499067957	0.054131318675324	0.00729445528860034	0.0260068527676887
GSE93698_5	0.0164358656301699	0.0678517813167559	0.0125463125999795	0.0291283868410891
GSE93698_6	-0.0126460350489159	-0.0456624933083585	-0.0072463768115942	-0.0157893490161899
GSE93698_7	0.00191324878902235	-0.0178128599106763	0.00173845152293428	0.0106496244669856
GSE93698_8	0.000184449499068057	-0.0410092265291552	-0.000425849036516555	-0.00494302073285911
GSE93698_9	0.0219522169724807	0.0207494823663207	0.00015954748751265	0.031514182332453
GSE93698_10	0.0212601847603981	0.0138995357728922	0.0145820097316528	0.0118740604855478
GSE93698_11	-0.00137914389080531	0.0060318808267825	-0.00162529550827423	-0.00437274831678837
GSE93698_12	0.0204691181564551	0.0481567839283748	0.0134731213318825	0.0322681197246348
GSE93698_13	-0.022972870684565	-0.0096613077303287	-0.00923068841747136	-0.0257434640522876
GSE93698_14	0.0196814773759083	0.049478006179044	0.00304878048780488	0.00924931819573409
GSE93698_15	0.0306789756554635	0.0438501061330532	0.00251942729799776	0.0339333978596735
GSE93720_1	0.00446758271673772	0.00663343968080201	NA	NA
GSE93720_2	0.00545375278777185	0.0134583288234586	NA	NA
GSE93720_3	0.00311725862195293	0.0132967684620623	NA	NA
GSE93720_4	0.0118152193140556	0.0164523041498654	NA	NA
E-MTAB-5564_1	-0.00590317905899033	0.00455666455579787	0.00820145784590065	-0.0189084546793142
GSE77753_1	-0.012562133412329	-0.00653819211834515	NA	-0.0134194712192449
GSE43861_1	0.00167927990803401	0.0257545837022582	NA	NA
GSE112809_1	0	-0.017387335196622	NA	NA
GSE111946_1	0.00394491754477323	-0.00627937242070236	NA	NA
GSE111946_2	0.00764755019154881	0.0167189844677579	NA	NA
E-MTAB-3201_1	0.00294336513992047	-0.0157870925914867	-0.00217696629213483	-0.0236455544854626
E-MTAB-6700_1	0.00886269216817773	0.0242365355916978	0.00918251086775665	0
GSE54749_1	0	-0.00771085472216258	NA	-0.00736489717838355
GSE57218_B_1	0.0246402037448948	0.0441084814141993	0.0308288610614192	0.00765235393546918
GSE57218_B_2	0.0273361253564565	0.041649557928414	0.0339285714285714	0.00649295296951076
GSE57740_1	-0.0122065836770149	-0.0690581891007331	NA	NA
GSE52992_1	0.0280842660190861	0.0338894712316241	0.0160170410868452	0.03098523120925
GSE17160_1	-0.000825357869010699	-0.0120791434630489	NA	NA
GSE17160_2	-0.0118659701733632	-0.0616747940271912	NA	NA
GSE17160_3	0.0220485920009827	0.00913209995694491	NA	NA
GSE17160_4	0.00559345690847737	0.0167633252465943	NA	NA
GSE17160_5	-0.0147074213617587	0.0147493035186676	NA	NA
GSE17160_6	-0.00379666215641145	-0.00378945678400673	NA	NA
GSE17160_7	0.00915503556891356	0.0725745199355794	NA	NA
GSE17160_8	-0.00515117467916303	-0.00315018192996273	NA	NA
GSE17160_9	-0.0269588679100537	-0.0848275364441274	NA	NA
GSE17160_10	-0.0216903236217175	-0.0770487004839115	NA	NA
GSE17160_11	-0.0225353577812594	-0.0714548091455835	NA	NA
GSE17160_12	-0.0331497249539396	-0.102343210367181	NA	NA
GSE22971_1	-0.00331479434357573	0.0126092413520898	NA	0.0075181916205238
GSE22971_2	-0.00228723404255319	0.037900740647598	NA	0.00306059553568371
GSE22971_3	0.00988119210823191	0.0309159185096835	0.01970726941477	0.0186516732993894
GSE22971_4	0.0147336292713156	0.041484105916217	0.0292852535328782	0.0190413764029008
GSE13590_1	0.00833176378578084	0.00563940290389484	0.00695644397264237	0.0220624314159559
GSE13590_2	0.00352112676056338	-0.00925306435022597	0	-0.00157686279493371
GSE99731_1	0.00603747901056625	0.0348779248221284	NA	0.0161365805757544
GSE99731_2	0.0014606199835503	-0.0423325874360383	NA	0.00679434682748912
GSE99731_3	-0.0149355825691113	-0.0235714423193724	-0.0214615534085393	0.0105979158393383
GSE27492_1	-0.00770114942528736	0.0252921488190646	0	0.0141713937214998
GSE27492_2	-0.0176627269448667	0.0144496298453157	0.0292410714285714	-0.00122301350935155
GSE27492_3	0.00947407711462422	0.0469953545227719	0.0160689788564272	0.0193549725431864
GSE27492_4	0.00676488371908728	0.0514526743000145	0.00640722871543393	0.0309153893316983
GSE27492_5	0.0123468659760116	0.0396656046560421	0.00781597354858506	0.0349796633052181
GSE27492_6	0.0175468576505042	0.0439166570077803	0.00649350649350649	0.036685892526117
GSE27492_7	0.0188018744166099	0.0417066907576711	0.00671140939597315	0.0211547177072982
GSE27492_8	0.0198077768874376	0.0339426687742561	0.00325578351493734	0.030060913271274
E-GEOD-15069_1	-0.0261140658067985	-0.0143374000633316	-0.006803224251632	-0.00730335254135912
E-GEOD-15069_2	-0.0117677655131805	-0.0953989428803952	0.0033304551622055	-0.0395648259877106
E-GEOD-15069_3	-0.0145102730272025	-0.0523430697202676	-0.00293902775856369	-0.0219046606634066
E-GEOD-15069_4	0.0395192604797196	0.0204890568683662	0.0136865367527653	0.0196006373635127
E-GEOD-15118_1	0.000817404426559356	-0.0609863493131064	NA	NA
E-GEOD-15118_2	0	-0.0161720807084334	NA	NA
E-GEOD-15118_3	0.0333692468711924	0.102032390427307	NA	NA
E-GEOD-15118_4	0.0232793627507089	0.0654074619091981	NA	NA
E-GEOD-16007_1	-0.0111101774145004	-0.0119689362213579	NA	NA
E-GEOD-17473_1	-0.0164050953198771	-0.0350873178622852	NA	-0.0159258416609587
E-GEOD-18647_1	0.0118909772780653	0.0175035117994894	NA	0.000581386649626857
E-GEOD-18647_2	0.000958720194541141	0.0145507946976555	NA	0.0168656681968062
E-GEOD-18647_3	0.00534156447767233	0.0214536082750647	NA	0.0010058915860704
E-GEOD-18647_4	-0.00706092367513915	0.0148110514676329	-0.0147425249169435	0.00193706341580903
E-GEOD-18648_1	0.0243150578910199	0.0750640143276769	0.0245602277161456	0.0211354170572269
E-GEOD-18648_2	0.0191358026427561	0.0385345449281142	0.0186167211761735	0.00699737226906195
E-GEOD-2154_1	-0.0143875822686798	-0.0195156450769533	0.000747863247863248	0.00220834457405937
E-GEOD-2154_2	-0.0154082326601163	0.00649093707384151	-0.00186790582523028	-0.0250870588416316
E-GEOD-2154_3	-0.00866812051887036	0.0187559636059631	-0.00587940874403609	-0.0055429147316555
E-GEOD-2154_4	0.0104938347489306	0.029675333890936	-0.00220534623987088	0.0173906447715742
E-GEOD-26475_1	-0.0116691018835179	-0.029056870660327	-0.00919317372897232	-0.0032327390703912
E-GEOD-26475_2	0.00245355849765205	0.0424215509880197	0.00714285714285714	0.0181083393908931
E-GEOD-26475_3	-0.0159410087981517	0.0442799964978814	0.0140202442573984	-0.00365001807689125
E-GEOD-33567_1	-0.00944473262013533	-0.0152045516785373	NA	NA
E-GEOD-33567_2	0.00387988836542251	0.0354853477908311	NA	NA
E-GEOD-37287_1	-0.000177506617419911	-0.0245328836029962	NA	NA
E-GEOD-37287_2	-0.000258522259658337	-0.00830695510268079	NA	NA
E-GEOD-37287_3	-0.000550367871028655	0.00389446783746934	NA	NA
E-GEOD-51994_1	0.00397844776857283	0.0269325755296254	0.0166553595658073	-0.0140309090817836
E-GEOD-51994_2	0.00564231355492329	0.0260813124694223	0.00175529145901112	-0.00854214647849459
E-GEOD-51994_3	0.00458587504316479	0.012647569964329	-0.00177125506072874	0.000930385533849228
E-GEOD-65077_1	-0.000253025302530253	0.0130775910189818	NA	NA
E-MEXP-1244_1	-0.00714101885496975	-0.00140848305817111	NA	NA
E-MTAB-1123_1	-0.0121138801075352	-0.0137748739867208	-0.00173227185611087	-0.0331038669659629
E-MTAB-1123_2	-0.0175867206704211	-0.0093574840109901	-0.00105927102893736	-0.0184860362005012
E-MTAB-1123_3	0.0012934434967392	0.0295928930164558	0.00480769230769231	0.00275725237025547
E-MTAB-1123_4	0.00992303323333236	0.0373647350399477	0	-0.00354696663794989
E-MTAB-1391_1	-0.0297955780222396	-0.0127456214347675	-0.0108754072711871	-0.00631909892099248
E-MTAB-1391_2	-0.0164069327989692	-0.0238665682819171	-0.0082586061681916	-0.0106811683567011
E-MTAB-1391_3	-0.0154807649929553	-0.0232015619434584	-0.00936044661326203	0.00493891704099349
E-MTAB-2450_1	0.0114965321814286	0.0430131590802382	-0.00764979068008025	0.00660481299842972
E-MTAB-2450_2	0.0047124162144909	0.0383223252612491	0.00906578312982834	-0.00647242769017602
E-MTAB-2450_3	0.00817414037625946	0.00880407026899667	0.0106301580226295	0.000970078267925854
E-MTAB-2450_4	0.0189573706584329	0.0225524699253949	0.00670481479305009	0.0250027448397014
E-MTAB-5023_1	0.00595765634711903	0.0101691779009305	NA	-0.0119158850816532
E-MTAB-5326_1	-0.00275191698939366	0.0218215515320226	NA	NA
E-MTAB-5326_2	0.0104140696940565	0.051773149378248	NA	NA
E-MTAB-5326_3	-0.0137175148705003	-0.0173100624145416	NA	NA
GSE102588_1	0.00898015720018033	0.0372530002295838	0	-0.00315129162223013
GSE104793_1	-0.0147898213889591	-0.00613117616999661	-0.000775909405842393	0.0142629862199778
GSE104794_1	-0.0179695970799672	0.0116939135192109	-0.000121114481034646	-0.000124519253920612
GSE104795_1	-0.0135953899024183	-0.00442508686588016	-0.000760784104892717	-0.00615262168974359
GSE105139_1	0	-0.0165033270547983	NA	-0.00968693242228681
GSE105139_2	-0.010791602133884	-0.0163547245224315	NA	-0.0103006112144931
GSE105139_3	-0.0153075271185507	-0.00792849550234422	0	-0.0226127845920061
GSE10555_1	-0.00495327774305288	-0.00279808040075028	NA	NA
GSE10556_1	0.010624868348385	-0.00612570365037304	0.0100233000506809	0.00500956987792302
GSE106631_1	-0.003708219070301	-0.0061266487818587	0.0180149048871018	-0.0081609798628316
GSE13104_1	-0.00114476979785488	-0.00125010580473918	NA	NA
GSE13104_2	0.00528112608234398	0.0099913441679033	NA	NA
GSE13104_3	-0.00162936930325064	-0.0221119811537268	NA	NA
GSE16749_1	-0.000732265986761513	-0.0310551385411732	NA	NA
GSE16749_2	-0.018129098955564	-0.0307210850042041	NA	NA
GSE16749_3	0.00858021351636862	0.0101593473367446	NA	NA
GSE17348_1	-0.00822296697175605	-0.0152325399060611	NA	NA
GSE17563_1	0.0135314623671477	0.00588982094490931	NA	NA
GSE17563_2	0.0184607860294331	0.019060733346951	NA	NA
GSE17569_1	0.000909882331949035	0.00924918701921305	NA	NA
GSE17569_2	-0.00657929332869644	-0.0399871083864016	NA	NA
GSE17570_1	-0.00331198962095976	-0.0266829162746529	NA	NA
GSE17570_2	0.00376403142006711	0.029106158864411	NA	NA
GSE18991_1	0	0.00970529776036099	NA	-0.00396475360542072
GSE18992_1	0	-0.0228555589375192	NA	-0.011818540210095
GSE19299_1	0.00252305153849337	-0.00314666122527923	0.0021928677498443	-0.00244696387219111
GSE20850_1	0.00212887215733169	-0.00314743601742297	NA	NA
GSE21093_1	0.00316861474435394	0.0312233847940128	NA	NA
GSE21523_1	-0.0126142176337502	-0.0308285787105425	NA	NA
GSE21639_1	-0.00471698113207547	0.000796315882024055	NA	NA
GSE21639_2	0.00425027760095049	-0.010034629404148	NA	NA
GSE21639_3	0.00918231703368053	0.029024858390235	NA	NA
GSE21639_4	-0.000297513777198074	0.000779292006534961	NA	NA
GSE21710_1	0.00162238682513305	0.0189567172053025	NA	NA
GSE21710_2	-0.000329079312411901	0.00476305578696307	NA	NA
GSE21710_3	-0.00158832684167583	0.014399018904032	NA	NA
GSE22925_1	-0.0201722566887356	-0.0221854304302224	3.66703337000354e-05	-0.0177048699547823
GSE22925_2	0.00347605008664333	0.0121171458752821	-0.00557969395601295	0.000243787323583586
GSE26499_1	0.00441893219165181	0.00732947112709157	NA	NA
GSE30160_1	0.00718893333484192	0.016137828458384	0.00585060611147568	0.000843857109420778
GSE30628_1	-0.00183041138729708	-0.030457746538652	0.00225969383839557	-0.0247815587370175
GSE30628_2	0.00772598594599395	0.00454151866826867	0.000129127838106165	-0.0153722306652716
GSE32163_1	-0.0194718583171314	-0.0201645262416984	NA	-0.0248659608104537
GSE33656_1	0.0103853428659349	-0.00532444766380401	NA	NA
GSE33754_1	-0.00203483979556598	0.0267171424502871	-0.00370734908136483	0.012638545531952
GSE33754_2	0.00864812902715579	0.0758603539469816	-0.000548377146382424	0.0200340716608979
GSE33754_3	0.0235065080536458	0.0897704696275878	-0.000400178035241595	0.0251023756596928
GSE34570_1	-0.0286489894918718	-0.0546764567182112	NA	NA
GSE35003_1	0.00712487474867441	0.053595191309946	NA	NA
GSE35466_1	0.00887332481759727	0.0176267934024131	NA	NA
GSE35466_2	-0.00905350707012253	-0.0106725145320671	NA	NA
GSE35466_3	-0.00460891650738824	-0.00012475590524442	NA	NA
GSE35466_4	-0.009653205041654	-0.018949508793531	NA	NA
GSE35466_5	-0.00944004226810533	-0.0299171496327476	NA	NA
GSE36925_1	0	0.0157499333694977	NA	NA
GSE36925_2	-0.0017447506387333	0.0291705158501569	NA	NA
GSE36925_3	-0.00196666622600313	0.0321141646998901	NA	NA
GSE37219_1	0.00374275291292098	0.00745977382117277	NA	NA
GSE37676_1	0.00398012589471597	0.0167373739217883	0.0053534111162359	0.00244306330308896
GSE41342_1	0.0283531974168449	0.0531560997837966	0.0159987573780677	0.0226799440960031
GSE41342_2	0.00922608123368628	0.0551105674298096	NA	0.0226635715787577
GSE41342_3	0.00911525554981931	0.0269725614918626	NA	0.0180317084847886
GSE41342_4	0.0223525030255227	0.0372222333269895	0.00909090909090909	0.0508206286467156
GSE41997_1	0.00331959261413839	0.0194547973454688	-0.00515463917525773	-0.00852254757151402
GSE43242_1	0.00584686504877653	0.0252366385338058	-0.00409836065573771	-0.00611023509174312
GSE43242_2	0.0169147282737546	0.0361459642225492	0	0.00711273389578339
GSE43663_1	-0.00570300157977883	-0.0378366656136817	0	-0.0146456937205262
GSE43854_1	-0.0047309242763546	-0.0715465810990143	NA	NA
GSE45656_1	-0.000511958432938558	-0.0121361592884557	NA	NA
GSE45656_2	0.00365542699392139	0.00420314031983748	NA	NA
GSE45656_3	0.0073135493225437	0.0150246439090834	NA	NA
GSE45793_1	-0.00211935275677669	0.00128646958934401	0.00700191939092486	0.0249627169192033
GSE45793_2	0.0140991398282091	0.0290829119482112	0.026067245733194	0.00947048058071226
GSE45793_3	0.00553424353367029	0.00798836058350382	0.00331694260061619	0.00608569301280042
GSE45793_4	0.0106715175174958	0.0297569480489456	0.020010878124624	0.011922701532367
GSE45793_5	0.0205638887582061	0.0343963959398725	0.0197524070405426	0.0329396275745009
GSE46390_1	0.00624634896462288	-0.0445432963493302	NA	NA
GSE48438_1	-0.0124201187922968	-0.0178876907287605	NA	-0.00826370482171155
GSE50549_1	0.0113663441203228	0.0257966279142601	0.0183552710530398	0.00314301984078003
GSE50549_2	0.000175471190656211	-0.00431876923426384	0.00253671604303735	-0.00325141773546249
GSE51098_1	0.014101910712427	0.0379225033522798	0.0285073768921249	0.028306658605914
GSE53857_1	0.0129249071654734	0.0102019713934866	0	0.0233053289943017
GSE53857_2	0.00686992958161359	0.0119654649221415	0	0.0228187414725246
GSE53857_3	0.00229489470261282	0.00501951866912358	0.00909090909090909	-0.00269896252505082
GSE53982_1	-0.00343634999164494	-0.00169866855638362	-0.00592320226696379	0.00927940192705132
GSE53982_2	-0.00871405634213983	-0.0124408591633169	-0.00458715596330275	-0.000897316063507764
GSE54779_1	0.00774623775672995	0.0146579087514377	0.0018539101358723	-0.0129709058605015
GSE55900_1	0	0.00403731809124482	0	0.00483808255108115
GSE57104_1	0.00221782638775747	-0.00392668784198511	NA	-0.00551774039284916
GSE59387_1	-0.0280773823336041	-0.0201706714840043	NA	NA
GSE60401_1	-0.00110634545934508	-0.0122141297003048	NA	NA
GSE60401_2	-0.0019302074653825	-0.0646198209928875	NA	NA
GSE60651_1	0.0282817503294119	0.0459693073539254	NA	NA
GSE60737_1	-0.00553367646307624	-0.0196067748304254	NA	NA
GSE60761_1	0.00316455696202532	0.00311893073705132	0	-0.00803207263665901
GSE60761_2	0.00251256281407035	0.0254403283086281	NA	0.0154684912622604
GSE60761_3	-0.00284231372175341	0.0411541890767097	0.00490196078431373	0.00258241204323567
GSE60761_4	-0.00284142560799663	0.0267725216272973	0.00495049504950495	-0.0136578967906583
GSE63017_1	0	-0.00266652014943719	NA	0.000766579143873161
GSE63017_2	-0.00342465753424658	-0.0190932629788386	NA	-0.00313766924816133
GSE63017_3	-0.0128574074768304	-8.53022964575789e-05	-0.0263157894736842	-0.0132021098226465
GSE63017_4	-0.0101702508960573	0.00885255305531417	NA	-0.00263143542757417
GSE63939_1	0.0184128450783496	0.0548602529306196	0.0128581068054752	0.0391239908549388
GSE63939_2	0.00412643448339497	0.00658086060591417	0.00156776104538684	-0.0130615328625211
GSE64141_1	0.0039387751321513	0.0155588976765978	NA	NA
GSE64965_1	0.00137214255165631	0.0106247692480135	-0.00189475145194112	-0.0163454472916953
GSE65745_1	0.00252525252525253	-0.00290826366364044	NA	0.00625545463568671
GSE65745_2	0.00248756218905473	-0.00404981928839374	0	0.0190313658164378
GSE65745_3	0.00248756218905473	-0.012370960528041	0	0.0197725339777849
GSE66416_1	0.0183152425956264	0.0210927796386895	NA	NA
GSE66862_1	-0.0144262938830126	-0.0019138627133065	-0.0246196241587722	0.000270210567008274
GSE69108_1	0.0123095795316097	0.0617653143458725	0.00801258300452672	0.0222428188588952
GSE71565_1	0.0125596062964147	0.0466365631276819	NA	NA
GSE72261_1	0.00236577397012215	0.0283990505615486	-0.00714285714285714	0.00125594718492847
GSE72261_2	-0.00302694442319414	-0.029267089449019	-0.00392743772553953	-0.0141012879916591
GSE72261_3	-0.00603030614411993	-0.0322871134547232	-0.00270724374183593	-0.0136127506438759
GSE7683_1	0.00328144332723443	0.0192911107834579	0	0.00110247711537054
GSE7683_2	0.00537329406913659	-0.00832780906109708	-0.00488652153774896	0.022078367593621
GSE78980_1	-0.0024769292262636	0.0277463805166636	NA	NA
GSE78980_2	0.0026114891581556	0.00112918563221584	NA	NA
GSE78980_3	0.00412680602633925	-0.00404435183592817	NA	NA
GSE78980_4	-0.0058221103580385	-0.0200660843726093	NA	NA
GSE78980_5	0.00492610837438424	0.0133808215126983	NA	NA
GSE78980_6	0.0034731953330574	-0.0343910591191988	NA	NA
GSE78980_7	0.00214978453745504	-0.0186679392415748	NA	NA
GSE78980_8	-0.00427772948423857	0.00177010753869352	NA	NA
GSE78980_9	-0.00444323758606161	-0.0161122392117394	NA	NA
GSE78980_10	-0.00920656814260311	-0.00715525282553295	NA	NA
GSE81399_1	-0.00119430753385968	0.00286044892278172	NA	0.00597780896542609
GSE84609_1	0.010395394358719	0.0560032311923878	0.00440805972985079	0.0183437221671548
GSE84907_1	-0.00302204034204008	-0.00330577680131802	0.00593590142720445	-0.00740508935901773
GSE84907_2	0.0010461174676479	-0.0101076946680228	-0.00034101079901416	-0.0151331742584705
GSE84907_3	-0.00843539858850168	-0.0107036258707381	-0.0143260917036244	0.00932338096837783
GSE90127_1	0.000358966306618981	0.0102129266042779	NA	NA
GSE90127_2	0.000970072535656688	-0.00303664542670834	NA	NA
GSE90127_3	-0.00232734024124117	0.0107577594295626	NA	NA
GSE9247_1	0.00286433152772155	0.00998188671801057	-0.00592863475177305	-0.00161163595914019
GSE9247_2	-0.0153214936602699	-0.0475492868813463	-0.00749998119966286	-0.0100117676204633
GSE9247_3	-0.00127125664388721	-0.025444142679869	-0.013121763857058	0.000224884612851421
GSE99306_1	0.00801128369320698	0.0538929885477216	0.00477119997372072	0.0175677013078412
GSE99306_2	0.0144827459510268	0.0829233115071866	0.0158864309101098	0.0276138654589441
GSE99306_3	-0.0151443767444233	-0.0501542154584989	-0.0200156076111614	-0.0235045996125579
GSE99306_4	0.0191713449324324	0.0939333083853201	0.0167734077333969	0.0212533817519436
GSE99306_5	0.0155767266443416	0.0624615206860627	0.0132505972645766	0.00203824267297657
GSE99306_6	0.00615160440760862	0.0584615935631562	0.0124159357609875	0.0207460726497143
GSE99306_7	0.00884221387416275	-0.0138078993056547	0	0.00854091711692177
GSE99306_8	0.0204633638735407	0.0906071993773129	0.0141028447088739	0.025400158970298
GSE99306_9	0.0147148775379728	0.0919711076437868	0.0121914479802421	0.0132258420571483
GSE99306_10	-0.00395802405636879	-0.0350488008580705	-0.0100765235973947	-0.0241097296721978
GSE99306_11	0.0177804294794361	0.0775176363459475	0.0132511075050221	0.014187097840776
GSE99306_12	0.0175329291710719	0.0839344913647537	0.0161255609075656	0.0106454183880772
GSE99306_13	-0.0033892074791446	-0.0171769854058692	-0.0130808106405447	-0.0180267682952043
GSE99414_1	-0.000159407629257083	0.0210982912286173	-0.00266666666666667	-0.01520168443204
GSE110581_1	-0.019997025032532	-0.0533963380680657	-0.00467289719626168	-0.014523962634536
GSE110581_2	0.00344827586206897	-0.0321359222708893	0	-0.00092250099661152
GSE47799_1	0.0129420370841939	0.0149046534332193	0.0352276503821868	0.0432686984835037
GSE47799_2	-0.0100080821210152	-0.0240926604249335	-0.0103027256285356	-0.0156438190337237
GSE47799_3	0.0148214324149078	0.031791424369956	0.0243055555555556	0.0344201667318911
GSE111628_1	-0.0101333451077358	-0.00733586742332462	NA	NA
GSE111628_2	0.00240384615384615	-0.0153497397594441	NA	NA
GSE111628_3	0.0050773063524448	-0.0153128871776883	NA	NA
GSE5657_1	0.026994386045053	0.0257044180826677	-0.00526315789473684	0.0174790239032071
GSE5657_2	0.00268826397117885	0.0294432173145678	0	0.0203633856608685
GSE13782_1	0.00451352592863631	0.0408665514149783	0.00541153933262872	-0.0150939732836285
GSE41039_1	-0.0045217836053378	0.0296279319146299	0	0.00113376580300305
GSE84198_1	0.00614634326363371	0.019328292241717	0	0.0122105363822017
GSE84198_2	0.000396310291378005	-0.020455898905274	0.0135135135135135	0.011672856080335
GSE84198_3	0.00526110652324311	-0.0278446806379788	0.00100875747386416	-0.0131304343070263
GSE114469_1	-0.0105365933577376	-0.0140007687190111	NA	NA
GSE108036_1	-0.00544491031912415	-0.0283732885263935	0	-0.0256495942247778
GSE60451_1	0.0227734872310366	0.0667128236337053	0.0208039115869679	0.0396516851706533
GSE47902_1	0.0146258503401361	0.0457478210268816	NA	NA
GSE44325_1	0.000642584055439344	0.0129341595509156	NA	NA
GSE4481_1	-0.00433315088487502	0.0584755474238359	NA	0.0108791096856146
GSE4481_2	-0.000945093614834372	-0.0049456989700481	-0.00205905205905206	-0.00864251501588413
GSE4481_3	0.00714285714285714	-0.0126361116541597	NA	-0.00389045104757844
GSE102292_1	0.0241058533841174	0.0371676712754501	NA	NA
GSE102292_2	0.0107540079521149	0.00856095241144399	NA	NA
GSE102292_3	-0.0015590902253833	0.00299313441376902	NA	NA
GSE102292_4	-0.0153278175588338	-0.020971560718129	NA	NA
GSE41898_1	0.00106884952707856	0.00893390446473947	-0.00086228634023337	0.0124782236923344
GSE87605_1	-0.00833372457315386	0.0307771570022725	0.00121948707469241	-0.0162548489465915
GSE87605_2	0.00376858880699605	0.00817573065175435	0.00316444425868141	0.0108702311305208
GSE87605_3	0.00310434295138176	0.0256803425730332	0.00491186425524356	-0.00051976359793857
E-GEOD-54216_1	0.000927532762057825	0.0280097030307665	0.00261141018507804	-0.00564773971881611
E-GEOD-54216_2	-0.00777987440440239	0.0207051614870876	-0.00185686996832508	0.00237907472204293
E-GEOD-54216_3	-0.0146601846214964	-0.006373799187961	-0.00521626965495508	-0.00554453200166139
E-GEOD-6119_1	-0.00102089008678037	0.00834331824490555	0.00594484072724442	0.00865206231629584
E-GEOD-6119_2	-0.00430945221101227	-0.0063434833047287	0.00216148709984804	0.00410346422019574
E-GEOD-6119_3	-0.00392564122846206	-0.0023776946372923	0.00517445269622772	0.00969692332525888
E-GEOD-8077_1	-0.0390659410490612	-0.104678647880618	-0.0352744165946413	-0.0610904685178167
E-GEOD-8077_2	0.00827954319761668	0.019706080475468	0	0.0091731805547992
E-GEOD-8077_3	0.0399097822728449	0.102513746728102	0.0353428521064692	0.0416901996219987
GSE103416_1	0.0105090417853824	-0.00220608864024682	0.0138004870037774	0.00753085396404362
GSE103416_2	0.0107235488768395	0.025981225563246	0.0283498014590451	0.00889595599017583
GSE103416_3	0.0163499581312716	0.0528718195408942	0.0258486519607843	0.0182940743758049
GSE19950_1	-0.0153087321028377	-0.0584541033859312	-0.0168477317374023	-0.0250419487470395
GSE30322_1	0.0085427384352344	0.0481296506411724	0.00186667978327566	0.00431593646620429
GSE30322_2	-0.00936964627498858	-0.000752880843123113	-0.00620836892214183	0.0144261030683102
GSE30322_3	0.00490490702288964	-0.0190964104543448	0.00573772501483345	0.000532066322833737
GSE42295_1	0.00592340384429634	0.0203449469126552	NA	0.012773188355863
GSE42295_2	0.0209089777936768	0.0490798224021295	0.0203713694442238	0.0194672508605414
GSE42295_3	0.0154400580841531	0.0383758053178729	0.0124035855743173	0.00984549518104846
GSE66554_1	0.0114190384599918	0.0277699116566248	0.00237127473941373	0.00155039250177341
GSE66554_2	0.0228727998565331	0.0296060838959988	0.00939205639450695	-0.00429591287718441
GSE66554_3	0.0217948105906198	0.0271900885666416	0	0.0187866822414071
GSE66554_4	-0.00334641196466711	0.0329911530270797	-0.0110959683610838	-0.0036527107888136
GSE74898_1	-0.0186582015375538	-0.0346583180043863	-0.0183280746767231	-0.0145986762779962
GSE74898_2	-0.00536314208105473	-0.0221638985466409	-0.0135452909390043	0.00321034495528255
GSE74898_3	-0.00939079005968339	-0.0380214231369954	-0.0103023291052087	-0.00538891594666273
GSE79176_1	0	-0.0149406916743383	NA	NA
GSE79176_2	0.00352112676056338	0.00267821196867614	NA	NA
GSE79176_3	0	0.0162144286846426	NA	NA
GSE85785_1	-0.0126997012575778	-0.0105428553536188	0	-0.000978735281060863
GSE16981_1	0.00748408806363004	0.0442180280541806	0.00762434531818894	0.000631852388279218
GSE16981_2	-0.0114726504117274	-0.0192461197756479	-0.0103296270839323	-0.00707133110577438
GSE16981_3	0.00836883064001566	0.0523196644259758	0.00940112388546972	0.00520993177504107
GSE16981_4	0.00836883064001566	0.0523196644259758	0.00940112388546972	0.00520993177504107
GSE16981_5	-0.0103736375913009	-0.0367773754789346	-0.0164331896551724	-0.00972332857575037
GSE16981_6	0.00735757235303515	0.0420967028994737	0.00555555555555556	0.0107381883746718
GSE16981_7	-0.00581726365227951	-0.000258651463899668	-0.00433192144782441	-0.00714387829537701
GSE29859_1	-0.00512388603644121	-0.0043733597418039	0.000145631067961166	-0.0172718724310153
GSE29859_2	0.00192133366466017	0.0170255781490826	-0.00993788819875776	-0.0128510961049129
GSE23492_1	0.0179511138825824	0.0245084189329408	NA	NA
GSE23492_2	0.00536753696419712	0.0145127718464645	NA	NA
GSE23492_3	-0.0015691650881838	0.0324235475354566	NA	NA
GSE23492_4	0.00109730902493436	0.0294326594134451	NA	NA
GSE23492_5	-0.0057474751127316	-0.111638929125876	NA	NA
GSE44991_2	-0.00655787332382482	-0.061559280987305	NA	-0.0108081408436993
GSE39796_1	-0.0172472282942099	-0.0618907217077639	NA	NA
GSE39796_2	-0.0221026303982675	-0.0683831006614629	NA	NA
GSE39796_3	-0.0121491572692985	-0.00959946444178511	NA	NA
GSE18394_1	0.00886942942874768	0.0433908856716112	0.000655904939543938	0.0238002210892125
GSE18394_2	-0.0095569865682088	-0.00829004046151975	0.00550933499574326	-0.0192711569235542
GSE18394_3	0.00918078390987652	0.0523480255020088	0.00127626529773092	0.0271379848855642
GSE29233_1	0.0372160662314977	0.0953017369802561	NA	NA
E-MEXP-2291_1	-0.00247296711073826	-0.0310837923149144	NA	NA
E-MEXP-2291_2	0.0109058388560958	0.0129735760011626	NA	NA
E-MEXP-2291_3	-0.011781141843429	-0.04021285272397	NA	NA
GSE18738_1	-0.00398526174677038	-0.0220686587701848	-0.00339831708986096	0.0026060263992479
GSE107363_1	-0.0176294983194887	-0.021848191836662	NA	NA
GSE85761_1	-0.00801282084013098	0.0105496849865514	NA	NA
GSE89179_1	-0.0140926194233213	-0.0139191612965694	NA	NA
GSE89179_2	-6.71400350873413e-05	-0.0234291943363794	NA	NA
GSE89179_3	-0.000834863810547513	0.00881766618263636	NA	NA
GSE89179_4	0.00557581245479356	0.0278204630972249	NA	NA
GSE89179_5	-0.014722252227509	-0.0375251489837331	NA	NA
GSE89179_6	-0.00340059840982879	-0.0199962373033035	NA	NA
GSE89179_7	-0.00770881963310222	-0.0233013047733033	NA	NA
E-GEOD-57723_1	0.00741854118647285	0.018127152004178	NA	NA
E-GEOD-57723_2	-0.00337186445883108	0.016743535535638	NA	NA
E-GEOD-57723_3	0.0124005652177813	0.0305643285863289	NA	NA
E-GEOD-83930_1	0.00381625300279589	0.00100409568276673	NA	NA
GSE100268_1	0.00776979675852407	-0.000371436856848464	NA	NA
E-GEOD-55769_1	0.00583377262344052	0.0196828425720952	0.00909090909090909	0.000466890490228192
E-GEOD-55769_2	0.00689655172413793	0.0264872894825468	0.00943396226415094	0.0222782410635199
E-GEOD-55769_3	-0.000451686083887864	0.013716014161024	0.00926932523453722	0.00180853321260595
E-GEOD-69110_1	-0.0107039476928834	0.0151276567560829	0.00530384753685725	0.0140165075487119
E-MTAB-4304_1	0.0264892005947504	0.0379872307736926	0.0283645159410153	0.0169415104168886
E-MTAB-4879_1	-0.0120568939402427	-0.0202149341960736	0	-0.00807254809860977
E-MTAB-4879_2	-0.00209899642831456	-0.00110241230815474	-0.0022722244428228	0.0070144816855031
E-MTAB-4879_3	-0.0022922850180659	-0.00183175673251561	0	0.0132236154325396
E-MTAB-4879_4	-0.0155351235205484	-0.0033427058485074	0.00925925925925926	-0.00913802345795088
Cytokine_Explant_1	0.014809698980956	0.0402032413786796	0.00451572700951205	0.0220056165099269
Cytokine_Explant_2	0.00720332654785379	-0.000133748463089636	0.0108422444954964	0.00295655539051108
Cytokine_Explant_3	0.0132970589075957	0.00912190299428611	0.00913282936664499	-0.0172386095350576
Cytokine_Explant_4	-0.00457369821997713	-0.0137967356150063	-0.00446428571428571	0.000471695148794703
Cytokine_Explant_5	0.00715712031756411	-0.000137119217842146	0.0166760217892661	-0.00555122103720087
FN1_Explant_1	0.000768626898005083	-0.011389274049179	-0.00829951580890254	0.009749400950785
E-MTAB-6266_1	0.0262106961289883	0.0415948161532902	0.0176481611709235	0.0251840571439723
E-MTAB-6266_B_1	0.0101678985888499	0.0192592486431076	0.00755506047962745	0.0185041971917925
E-MTAB-6266_B_2	0.0212080798589221	0.0563338656923757	0.0147393334656919	0.00906391553488456
E-MTAB-6266_B_3	0.017182601808106	0.0411359080439596	0.0234248218976301	0.0047523323619348
GSE74220_1	0.0163993519854844	0.0417646919233635	0.0305461833160041	0.00611365030279775
GSE114007_1	0.0116885965007408	0.016773804982998	0.00679560670452975	0.0266241388836477
GSE109503_1	0.00913625703725596	0.0171661292804873	-0.000305110602593439	0.0129093500581878
GSE109503_2	0.0133081169042808	0.0284321659154408	0.00330135018434251	0.0195122177710844
GSE109503_3	0.008352149935106	-0.00374828567945467	0.00682970509399198	0.0171568504811083
GSE109503_4	0.00941806553324017	0.0233857896650847	-0.00367273976368367	0.0207149486823475
GSE109503_5	-0.00542376188918722	-0.00450718052864043	-0.00705580906937254	0.00852754848597715
GSE109503_6	0.0127192460223963	0.0223301080525819	0.00563689242850252	0.000381693375024424
GSE109108_1	0.00327215675512154	-0.00702822972214413	0	-0.00924425287884272
GSE109108_2	-0.014758190218275	-0.0168616814199818	-0.00367647058823529	-0.0118777869215154
GSE109108_3	0.00325085094193374	0.0105632082384143	NA	-0.000941385722370442
GSE109108_4	-0.00231788553082941	-0.0146421673237491	0	0.000711060759849854
GSE70667_1	-0.00694444444444444	0.0360936671676424	0	-0.0141612814944294
GSE87608_1	-0.00332332521129202	0.0247153187041984	NA	-0.00198807445655552
GSE87608_2	-0.00666495250186229	0.0121797000723692	0.00458715596330275	0.00360311155157414
GSE87608_3	0.00505402202434412	-0.0252050283655353	-0.00379905247161884	0.00102223204913957
GSE87608_4	0.00962826977375076	-0.0225478080448951	-0.00862068965517241	-0.0102241720676188
GSE90890_1	0.000265699312777652	-0.0636710540870544	-0.00179802217560683	-0.0102303398048682
GSE97118_1	-0.00201556672621842	0.0268329252693741	NA	NA
GSE97118_2	0.0268046891113096	0.0869242027161372	NA	NA
GSE97118_3	0.00145467812704194	0.0256929179554535	NA	NA
GSE97118_4	0.0146560279514399	0.0697037085286349	NA	NA
GSE97118_5	0.0137779098488121	0.00576552681838937	NA	NA
GSE97118_6	0.00844580468466208	0.00403100078642515	NA	NA
GSE97118_7	0.00899424916698664	0.0132380871615231	NA	NA
GSE107592_1	-0.013954749478602	-0.0545209028299771	-0.0101001130624629	-0.0180416976763948
GSE92641_1	0.0130406202316419	0.00943565685643842	0.00565775012188975	0.00107058038890364
GSE107849_1	0.0026966893546166	0.00435647234972767	0.00437680525189892	-0.0111168488258272
E-ERAD-89_1	0	0.0017356990798115	NA	NA
E-ERAD-89_2	0	0.00891995117168223	NA	NA
E-ERAD-89_3	-0.00318471337579618	0.00903762849485284	NA	NA
E-ERAD-89_4	-0.00240384615384615	-0.0132466832003541	NA	NA
E-GEOD-45893_1	0	-0.0283216484980068	NA	NA
E-GEOD-53105_1	0.00737971038179062	-0.0174994877839275	0	-0.0100638141107145
E-GEOD-53105_2	0.00546293022498255	0.0116737738628819	0.00990338164251208	0.00797786952105847
E-GEOD-54461_1	-0.000239443483699524	0.000760588905449708	-0.00287663584579884	0.00308569020158133
E-GEOD-54461_2	-0.00288608443269729	0.00366007541145804	-0.00196752673116833	-0.0068881223745898
E-GEOD-54461_3	-0.00370324306508773	-0.00291696620583256	-0.00437712531086636	-0.00111709711769271
E-GEOD-54461_4	0.00692908228332436	0.00507923401961954	0.00794329673036177	0.00158372671424846
E-GEOD-54461_5	0.00891797873424292	0.0058055374848324	0.00522488523415207	-0.0136413250635248
E-GEOD-54461_6	0.00903645429956491	0.00660346522820948	0.00604619794296666	-0.00247116210306394
E-GEOD-54461_7	0.0118389377994941	0.0216748974272465	0.00801325175314763	-0.0035707707034012
E-GEOD-54461_8	0.0133194425230768	0.0296764174325666	0.00950909031283722	0.00160619963456352
E-GEOD-73372_1	0.0174260455545991	0.0704076334362212	NA	NA
E-GEOD-73372_2	0.0148789250164986	0.0650298830667037	NA	NA
E-GEOD-73372_3	0.00304750131192361	-0.0261470234469893	NA	NA
E-GEOD-75549_1	-0.00815153647665963	0.0198640645014624	NA	NA
E-GEOD-76988_1	0.00186391254623327	-0.0198578842699009	NA	NA
E-MTAB-2923_1	0.00642804034869082	0.0306972959716235	NA	NA
E-MTAB-2923_2	-0.00148567090882399	-0.0223550892688398	NA	NA
E-MTAB-2923_3	0.00845073972043063	0.00458956483753677	NA	NA
E-MTAB-2923_4	-0.00305649011052358	0.000396889158769603	NA	NA
E-MTAB-3428_1	-0.00495610080199393	-0.0236055741185426	NA	NA
E-MTAB-3428_2	0.00896018901511636	0.0500940327542638	NA	NA
E-MTAB-3428_3	0.000902756162916477	-0.0147530145003334	NA	NA
E-MTAB-3428_4	7.84736164932114e-05	-0.0226375550098205	NA	NA
GSE102856_1	0.000571434714236572	0.0323852530525052	NA	NA
GSE103492_1	0.0208939148245317	0.0216573387883618	0.0160355356594121	-0.011825377537805
GSE103492_2	-0.0102095083463543	0.0164518522593289	-0.00538780883093915	-0.00608294446322615
GSE103492_3	0.00361309495194749	0.0250577009636413	0.00741890965741326	0.011703423724284
GSE103492_4	0.0104249200062363	0.0152737454086043	0.00267210397929352	0.00362587649329122
GSE103492_5	-0.00969985607238584	-0.0057887860379095	-0.0118110236220472	-0.00957622597365991
GSE103492_6	-0.00807071823133267	0.0155730001546873	-0.00414206753941123	0.000980692664662761
GSE103492_7	-0.00389036746509782	0.024586880951162	-0.00847457627118644	0.00691743550645939
GSE103492_8	-0.00948364739447962	0.0182370482745386	-0.0149253731343284	-0.0160326513130562
GSE103492_9	-0.0037811821526527	0.0292895042149558	-0.0232646834477498	-0.006939002156271
GSE103492_10	0.00520024979467484	0.0144118342692716	0	0.0179481473110573
GSE106259_1	0.0169532417326584	-0.00774786659498803	0.00684427475359862	0.00612973547926775
GSE110303_1	-0.00928407656697897	0.00324111033264545	NA	NA
GSE110303_2	-0.00349881291859267	-0.00379815282668763	NA	NA
GSE110303_3	-0.0267233206625281	-0.00264660341673119	NA	NA
GSE110300_1	-0.00611839427628901	-0.0137107982724188	NA	NA
GSE110300_2	-0.000904634740841638	0.0196827478216664	NA	NA
GSE110300_3	-0.0225184367143146	0.00151057560705841	NA	NA
GSE110281_1	0.0270705422964933	0.0608999649561044	NA	NA
GSE110281_2	0.0176262012957794	0.0613557352498642	NA	NA
GSE110281_3	-0.00938854869800918	0.00450344316812157	NA	NA
GSE104459_1	-0.0120921157452446	-0.0183636087607072	-0.00315126050420168	-0.00820426140622576
GSE104459_2	-0.000992490385823133	-0.0098661209607672	0.012124425592082	-0.000238797919166402
GSE104459_3	-0.00754418997213489	-0.0210966529895882	0	-0.00963102335835691
GSE110051_1	0.00146208382538571	0.0309218069144978	0.00540472654533991	0.0058373049997592
GSE110051_2	-0.00256238944784494	-0.0154110559439786	0.0173537657213061	-0.0239424147267699
GSE110051_3	0.00110286911620235	0.0140429553774628	0.00438528745869086	0.00234957142986041
GSE112694_1	0.0194289214075547	0.0431827870649717	0.0130930005853755	0.0253629400784973
GSE112694_2	0.00831876628971084	0.0333891340315288	0.00657392510699965	-0.00451765902585575
GSE112694_3	-0.00978710882713351	-0.0110575607600078	-0.0104902096885081	-0.0167951526672383
GSE112694_4	-0.0124378098520751	-0.0163538739997317	-0.00738323368664301	-0.0150766543739849
GSE97232_1	0.00418852987204271	0.0250936401014991	0	-0.00307080305055504
GSE114079_1	0	-0.0370404742301319	NA	NA
GSE114079_2	-0.0043529106029106	-0.00150889228454418	NA	NA
GSE114079_3	-0.0162337662337662	-0.0840849863115939	NA	NA
GSE114079_4	-0.0305503072570076	-0.108987070721735	NA	NA
GSE104828_1	-0.00448661436815234	-0.00446369608181016	NA	NA
GSE114521_1	-0.00825967376246243	-0.00491987080561685	0.0043859649122807	0.0108709024678476
GSE114521_2	-0.0122195810429357	-0.00558373571558656	-0.00259809119830329	0.00593114739389638
GSE112413_1	-0.0115370457368951	-0.0196793632580793	0.00833320304967976	0.0195686847267461
GSE112413_2	-0.00867465918693696	-0.0367908391760797	-0.00606774489052007	-0.00294834878195585
GSE101909_1	-0.00803111751984765	-0.0232959384175458	0.00056548045374861	-0.000525299609547085
GSE101909_2	0.0108281902946731	0.0133945579463287	0.00407311763965063	0.00727219188158655
GSE114919_1	-0.00108340616218755	-0.0132784617226879	-0.00620834549872112	0.00667251773227786
GSE114919_2	0.00687055016436786	-0.00316350933110513	-0.000965211332255874	-0.0101906045273011
GSE114919_3	-0.00184322936642009	-0.030536656290031	-0.0100345835482701	-0.0107571455048519
GSE114919_4	-0.00764664243539927	-0.041794355207781	-0.00627530812212416	-0.0260486486738949
GSE114919_5	-0.00156031918467456	-0.0124209573443355	0.0108116379999669	-0.0121067018547965
E-MTAB-5879_1	0.0351497659939037	0.121422124248678	0.0386861220527426	-0.00294232701693942
E-MTAB-5879_2	0.0236115411759243	0.0960490006673555	0.0382263917103557	-0.00907062194426405
E-MTAB-5879_3	0.0347754468827503	0.143505227110041	0.0606028588253067	-0.00863552404364707
E-MTAB-5879_4	0.0377192043152354	0.141351921226799	0.0353980306497469	-0.025899116848309
E-MTAB-5879_5	0.033057172671048	0.137473823466876	0.0369827709528093	0.0067538005038005
E-MTAB-5879_6	0.0419621781602934	0.155693070175437	0.0467897241249211	-0.00233971305826005
E-MTAB-5879_7	0.0258019370672447	0.138456502104769	0	-0.0199666286148358
E-MTAB-5879_8	0.0149367429828278	0.0865245557663491	NA	-0.024874779066207
E-MTAB-5879_9	-0.00445476910400126	0.0520287045361657	NA	0.00194220147170148
E-MTAB-5879_10	-0.00356459163833602	0.0253320620726328	0	0.00369766258030572
E-MTAB-4294_1	0.0167980790270622	0.0633883891051879	0.0258036483313211	-0.0111751384029131
E-MTAB-4294_2	0.0161254600910895	0.0256640777359253	0.016078964760518	-0.0133098353733201
E-MTAB-4294_3	0.00608256449667061	-0.0438970011099763	-0.00071096527208094	-0.00605871040249946
E-MTAB-3186_1	0.0197608769157313	0.0632185914179936	0.0166300272990665	0.000275589210382659
E-MTAB-3186_2	0.0251028215405207	0.0660191418206558	0.0287036354665129	-0.0229994986385046
E-MTAB-3186_3	0.013514918883711	0.0424586308527029	0.0238576709968073	0.0239377970933845
E-MTAB-3186_4	0.0203967688062852	0.0570621272350328	0.0278565389464805	0.0283479427079838
GSE114919_Rat_1	-0.00853361678650159	-0.0351733499816267	-0.0165347950141732	-0.00479534477307194
GSE114919_Rat_2	-0.0035114608800965	-0.0176682220465502	-0.000128146224692005	-0.00594989172825121
GSE114919_Rat_3	-0.00729079838129014	-0.0454128981263584	-0.0095689470354953	-0.000102575223389292
GSE114919_Rat_4	-0.00271404210112978	-0.0265471154623014	-0.0043058774860278	-0.0173664390657869
GSE114919_Rat_5	-0.00367692506927492	-0.00859197007463541	0.00917764268828098	-0.0130469825834976
