comparisonID	jaccard	cosine	sigjaccard	chrDir
22659600_1	0.00207143893815813	0.00474446729436442	0.00376915119666302	0.0089910026510257
24361742_1	0.0129360473898023	-0.00868987513400709	0.0144292889851265	0
GSE72258_1	0	-0.0653416836449915	0	0
GSE72258_2	0.00246305418719212	0.00396434600587669	NA	0
GSE69531_1	0.00382347033797621	0.00938319743172928	NA	NA
GSE69531_2	0.00311675929610992	-0.0114875307591074	NA	NA
GSE69531_3	0.00520972356191945	-0.00313172181379182	NA	NA
GSE69531_4	0.00382347033797621	0.00938319743172928	NA	NA
GSE58203_1	0.0143979057591623	0.0152600499184064	0.0111464968152866	0.0109436156456386
GSE58203_2	0.0107729891152052	0.00484376837282782	0.0118151649224167	0.00212985018922947
GSE58203_3	0.00271757907558536	-0.00230216986418762	0.00273401790511378	0.000341576209366872
GSE58203_4	0.00336220873161039	-0.0108055626626456	0.00421310533579846	-0.00229849694323436
GSE58203_5	0.0142366951989197	0.0141396988627848	0.00949050949050949	0.00974297887774777
GSE58203_6	0.00927753161141868	0.0237454286714052	0.00835274072501371	0.00333954267935081
GSE58203_7	0.00391100743740736	0.015664960531191	0.00443020981830256	0.000674236139308813
GSE58203_8	0.00414439410238867	0.0256159952560336	0.0046597060605745	-0.000539756896018947
GSE59642_1	-0.00209967315858956	-0.0126237997847679	NA	NA
GSE59642_2	0.00298961101825738	0.00618946758523687	NA	NA
GSE59642_3	0.00464584253490548	0.0227010845665945	NA	NA
GSE64922_1	0.000329789664463203	-0.0143289687491375	0.00103443801773165	0.00106768734891217
GSE60162_1	0.000487244501582004	0.0468558432774316	NA	NA
GSE31685_1	-0.0100370315782354	-0.0478618813700363	-0.0113514443375554	0
E-MEXP-3890_1	0.00302697343236462	0.0402901515481783	0.00201132748473741	-0.00137319365859516
GSE31980_1	-0.00209845487210904	0.0103172181078938	-0.00147970263034522	0
GSE15615_1	0.00117859733980195	-0.0219963645669323	-0.00226737424803426	0
GSE15083_1	-0.00204918032786885	-0.0102053065593414	NA	-0.00209886759779429
GSE108035_1	0.00473297186847105	0.00657043556316283	0.00415397288275959	-0.00207332490518331
GSE108035_2	-0.00199017474282056	-0.0184892913336708	-0.00204570929397048	-0.00284290932281272
GSE108035_3	-0.00103609080813307	-0.0127873051195401	-0.0015411312703185	0.00407390168482319
GSE21959_1	-0.00221712279451456	-0.0232707600240132	-0.00118533012289361	-0.00233189627472749
GSE21959_2	0.0035246271031808	0.00661917549194514	0.00764659550756489	-0.000220753543761771
GSE24742_1	0.00239639042679003	-0.0112312933515398	NA	-0.00266688213747037
GSE24742_2	4.87367436057392e-05	-0.0144004470176087	NA	-0.00266383568807089
GSE24742_3	-0.00308131928664876	0.0212685519593062	NA	-0.00127535546358806
GSE74668_1	0.00259820839958118	0.00675842415479818	NA	NA
E-GEOD-10024_1	-0.000341123879507884	0.00979110930242644	NA	NA
E-GEOD-10024_2	-0.000886663135291458	-0.0252982896970486	NA	NA
E-GEOD-12860_1	-0.000958543281503566	-0.0598719072222936	NA	NA
E-GEOD-12860_2	-0.00223443937301687	-0.0729700319794655	NA	NA
E-GEOD-12860_3	-0.0069698509283465	-0.0791871183999282	NA	NA
E-GEOD-12860_4	-0.00494970958116818	-0.0911336860565904	NA	NA
E-GEOD-12860_5	-0.00485199140389116	-0.0999004257421645	NA	NA
E-GEOD-12860_6	-0.00353347102394038	-0.0672031035234582	NA	NA
E-GEOD-12860_7	-0.00669847717654805	-0.102359780522417	NA	NA
E-GEOD-12860_8	0.00383928491631524	-0.072172350169182	NA	NA
E-GEOD-14359_1	0.00168831512592531	0.00168417320856656	0.0013333041837477	-0.00641534253752609
E-GEOD-14359_2	0.000830293311857699	-0.0222807335252023	0.000904074116186107	-0.00300859624468545
E-GEOD-1919_1	-0.0130877882721204	-0.00788692763514455	NA	NA
E-GEOD-1919_2	-0.00547233585175574	0.0364118265968797	NA	NA
E-GEOD-1919_3	-0.00043732586570666	0.0523315129444595	NA	NA
E-GEOD-1919_4	-0.0162081203231229	-0.0200565806754425	NA	NA
E-GEOD-1919_5	-0.000808797278709993	0.021989139532115	NA	NA
E-GEOD-1919_6	-0.00799778720113747	-0.0182857059012211	NA	NA
E-GEOD-1919_7	-0.00807320200713017	0.00183876576966396	NA	NA
E-GEOD-1919_8	-0.00689912085336939	-0.00306814108228621	NA	NA
E-GEOD-1919_9	0.00795997986408256	0.00818180995274059	NA	NA
E-GEOD-19664_1	-0.000242818163075082	-0.0240141332089466	NA	NA
E-GEOD-19664_2	-0.00247870757622128	-0.0451672131981197	NA	NA
E-GEOD-19664_3	-0.00309416536253523	-0.0569220598426035	NA	NA
E-GEOD-19664_4	0.00455057968488426	-0.0331429382269213	NA	NA
E-GEOD-19664_5	-0.00372143767349225	-0.0738772304905693	NA	NA
E-GEOD-19664_6	-0.00246836696909197	-0.0522799417116825	NA	NA
E-GEOD-43923_1	0.0023431241517929	0.0344648925585849	-0.00410757188250794	0.00298999652876392
E-GEOD-51812_1	-0.00449588526118727	-0.0283816643098281	-0.00408221511899456	-0.00629722822414876
E-GEOD-51812_2	-0.00445021731469222	-0.0231334136055184	-0.00375509391479773	-0.0101988319348434
E-GEOD-68760_1	0.000346750137185773	-0.0330332482635457	-0.000993354412609145	0.00948735294943658
E-GEOD-82107_1	0.00558857136455801	0.0441015703527093	0	0.00216468496489742
E-GEOD-9451_1	-0.000703513653061809	-0.0456158293924556	-0.00381276362967419	-0.00719983448139377
E-GEOD-9451_2	0.00278186789653239	-0.0158280539650475	-0.000357327726644988	0.000745724359180735
E-GEOD-9451_3	-0.000716129588904397	-0.0041073727330561	-0.0014115893450287	-5.88266602570726e-06
E-GEOD-9451_4	-0.000109676465327434	-0.0082277812954174	-0.000523093207240683	-0.000192074693349061
E-MEXP-2019_1	0.000426347151905743	-0.0146330195936618	0	-0.00526075551989043
E-MEXP-2019_2	0.00409873926202199	0.0243120327435039	0.00128515552244366	-0.006081593760856
E-MEXP-2019_3	-0.00101739036500584	-0.0372342515269112	NA	-0.00777493286704553
E-MEXP-2019_4	0.00307706249102598	0.00888772865806747	-0.00242064494400943	-0.00194663231748875
E-MEXP-2276_1	0.002915629266622	-0.00663400806759365	NA	0.00480091923162605
E-MEXP-2488_1	-0.00111572488786801	0.0484009159202964	0.00210427470194611	0.0032055558332418
E-MEXP-3129_1	0.00839297485638949	0.0230781671216127	0.00533066799933367	0.0129169076537498
E-MEXP-3474_1	0.00140380336595767	0.0258944076554176	NA	0
E-MTAB-3010_1	0.000854968770820681	-0.0187463917439089	NA	NA
E-MTAB-3010_2	-0.00256037483498512	-0.0304408775302585	NA	NA
E-MTAB-3010_3	0.00293488994325444	-0.00159182797104697	NA	NA
E-MTAB-3010_4	-0.00436799788297905	-0.00597986969022122	NA	NA
E-MTAB-4152_1	0.00216940531909803	0.0222823046803117	0.00262072781497583	-0.00122886527413926
E-MTAB-4152_2	-0.00740032797501541	-0.0130494929362679	-0.00467058459635014	0.00332368731534749
E-MTAB-4152_3	0.000584418525290363	0.0137193258660606	0.00123946115993272	0.0111835533440382
GSE100609_1	0.00620206532201901	-0.00521941032274645	NA	0.00214738709296825
GSE100786_1	-0.00243574990410433	0.0182784222495646	NA	0.00865833269793331
GSE100786_2	-0.00259777064046854	-0.0133084516245883	NA	-0.00140033479268607
GSE103697_1	0	0.00219292649376966	NA	NA
GSE103697_2	0	-0.00246934988973921	NA	NA
GSE103697_3	0	0.00524156311112292	NA	NA
GSE104113_1	0.000879606708052458	-0.00521940405531496	NA	NA
GSE104113_2	-0.00128677313892655	0.00476515110542475	NA	NA
GSE104113_3	0.000879606708052458	-0.00521940405531496	NA	NA
GSE10575_1	-0.003666092218159	-0.0343922940860305	0	-0.00084286939584249
GSE10575_2	-0.00335616258569914	-0.00241698045810862	-0.00101510431308528	-0.00755802515452786
GSE10575_3	-0.00263965515330473	-0.000438431212710743	-0.000569643164762528	-0.000151549388241573
GSE13604_1	0.00780853098815774	0.00257523164522651	0.00055668016194332	0.00362884527437806
GSE13837_1	-0.00635781957013575	0.0130804977353411	0	-0.0054072342519685
GSE13837_2	-0.00253748741682545	-0.00767013172793158	0.00796452063899521	-0.000321198518875219
GSE13837_3	-0.00174109884467684	-0.0212389929468934	0.00339420169561866	0.000203141928494043
GSE13837_4	-0.0027813485518319	-0.0398091230057505	0.00074884352284834	-0.00229013219888052
GSE13837_5	0.00151959188103766	0.00915934978334146	0.00255102040816327	-0.000215154731490334
GSE13837_6	0.00628472440889785	0.0208801128270847	0.0108695652173913	0.0020614996938554
GSE13837_7	0.0016151645629988	-0.00264244541222324	0.00815562887153787	0.00488562228169957
GSE13837_8	0.000455776577807595	-0.0310440147351877	-0.00221503890430762	-0.00670121463918422
GSE13837_9	-0.00505151242824585	0.0208091055502951	-0.0107168897180744	-0.0156801908248071
GSE13837_10	-0.0065422829865483	0.00243752843493402	-0.00757828413671094	-0.00977026040643423
GSE13837_11	-0.00922255661016758	0.0047545599816706	-0.00804496028004664	-0.0102558413388882
GSE13837_12	-0.000282906081196084	0.0127839340275036	-0.00388710330055041	-0.0103013374857505
GSE13837_13	0.00669532413581782	0.039638313665469	0.00462722462722463	0.0122511345337432
GSE13837_14	0.0157358435971789	0.0145477801177313	0.0112639553429027	0.0135188478780597
GSE13837_15	0.00534753964240298	0.0125913761061775	0.00245806885811655	0.00215948354246227
GSE13837_16	0.00324387074860176	0.000571143269160106	0.00347992727750254	-0.00567224766334889
GSE13837_17	0.013148993742601	0.0262159755361358	0.00565610859728507	0.00593324824249552
GSE13837_18	0.0138622450261111	0.0222658604547443	0.00970873786407767	0.00723221096218808
GSE13837_19	0.00330313173035008	0.016149804845783	0.00203195048579718	-0.00138606753929101
GSE13837_20	-0.00606568081616758	-0.00703763697955363	-0.00551406242240459	-0.0103096447230701
GSE13837_21	-0.00452983070246164	0.0183485943300923	-0.00847076705144108	-0.0157645596432916
GSE13837_22	-0.00679191364818517	0.0021399895711774	-0.00965313417117607	-0.00886159490756962
GSE13837_23	-0.00456238429676906	0.0042715576877172	-0.00708878263375619	-0.00518916295930445
GSE13837_24	0.00345369337680656	0.0127059801058684	-0.00269031889336707	0.000565680672187941
GSE16464_1	0.000522418859683011	0.0386646472833899	NA	NA
GSE16464_2	-0.00110381530118885	0.00414207833507741	NA	NA
GSE19060_1	-6.080158215382e-05	-0.0234559517648276	0	-0.00285981309586602
GSE27372_1	-6.61716696522749e-05	0.00321511774072271	0.00612207094563305	-0.00296211355292688
GSE27390_1	-0.00282917862481438	-0.0186205970751883	0.00404610835388867	0.00135437774732822
GSE29106_1	-0.0042816490626487	-0.0249111491322727	NA	NA
GSE29107_1	-0.00114502993588494	0.00616867503566308	NA	NA
GSE29107_2	0.000340237891084052	-0.00449921339868257	NA	NA
GSE29745_1	-0.0034009825453906	-0.0149435849597802	NA	NA
GSE29745_2	0.00980967278084881	0.0266391167839829	NA	NA
GSE29745_3	-0.0012495308765107	-0.020639541070465	NA	NA
GSE35546_1	0.00756459377149032	0.00964347867982633	NA	NA
GSE35546_2	0.00453631753599774	0.00593072634795047	NA	NA
GSE35546_3	-0.0012134348312576	0.00839174479185271	NA	NA
GSE35546_4	0.00425209176448888	-0.0184102662930615	NA	NA
GSE35546_5	-0.000277818180481981	-0.0122024122231397	NA	NA
GSE35546_6	0.000257600915089001	-0.00796288768087074	NA	NA
GSE35955_1	-0.0035922560226563	-0.0173320346146197	-0.00735936838757021	-0.00599916341941307
GSE35956_1	0.000553949242335665	-0.0275427116964214	-0.00383941045499807	0.00668699121086185
GSE35957_1	-0.00297800133892771	-0.0809995736821373	-0.0057033827750664	-0.0149949485298319
GSE35958_1	0.000263486776623901	-0.00998770006235328	-0.00121782605295278	0.0089133817970552
GSE39340_1	0.00584148871819218	0.0116992900272442	NA	0.0024068278337728
GSE39340_2	0.00519978267650556	0.0150020076666994	0	0.00562017924774564
GSE39340_3	-0.00111885047790333	-0.00473153422869347	0	-0.00576722259624289
GSE39795_1	-0.000983243102032365	0.00629079160817362	NA	0.000693528452930547
GSE39795_2	0.00607304460029211	0.0302545126545156	-0.00213295029808791	0.00708900816295212
GSE39795_3	0.00269887059918004	0.034533606999009	0	0.00711403494866552
GSE41038_1	0.000618073523566021	-0.0105367700801607	NA	-0.00131984855837765
GSE41038_2	0.00495670381874541	-0.0172950806067522	NA	-0.000483253366738089
GSE41038_3	-0.0018111603710441	-0.00168058798866262	NA	-0.000709475709475709
GSE41992_1	0.00442959304906073	0.0385534055134644	NA	NA
GSE42235_1	-0.0110278454947812	0.00372484350240215	-0.00805145511047772	0.000124705703653076
GSE42235_2	-0.00432031176611357	-0.00251559921245168	-0.00735882260355839	-0.000923194133365146
GSE42235_3	-0.00349895035841617	-0.00705226807732954	-0.00482139124802379	-0.0046784248148672
GSE42235_4	-0.00727271756897789	-0.0027595244192838	-0.00748989103650719	-0.0041482431244533
GSE45233_1	-0.0027407640450447	-0.00705153360468242	NA	-0.00496240215688955
GSE45233_2	0.00263438863282931	-0.0158110008475809	0	0.00865710526827435
GSE45233_3	-0.00334356495560122	0.0033139382403541	NA	0.000392156862745098
GSE45233_4	-0.00192311572903986	0.00855299548742947	0	-0.00167853192503074
GSE46053_1	0.00236225036214423	0.00696205497475669	-0.000262151146125031	0.0107250585256427
GSE46053_2	0.000324545163076404	0.000481304578270239	0.00669590508628445	0.0042102179271526
GSE46750_1	0.0020031127386297	-0.0159777410961157	NA	0
GSE51588_1	-0.00245697209361349	-0.0116041575413129	-0.00371819060184319	0.00422843731539019
GSE52817_1	0.00320586337195767	-0.0155160245216386	NA	NA
GSE52817_2	-0.000421237827463597	0.0243418668327577	NA	NA
GSE52817_3	-0.00348865777513265	-0.014313639659795	NA	NA
GSE52817_4	0.00504460211734881	-0.0300513968609567	NA	NA
GSE55235_1	-0.00921243494520073	-0.0337788363102381	-0.0048797968246273	0.00179665007442366
GSE55235_2	-0.0137485208155599	-0.028794947922324	-0.0158423395191203	-0.00908677863077869
GSE55235_3	-0.00593755078782433	-0.00718431801592501	-0.0115635907868116	-0.008090736150343
GSE55457_1	-0.00755426334812817	-0.035611278587019	-0.011239548049364	-0.00940314630982155
GSE55457_2	-0.0147414455529079	0.00257456366885393	-0.0177909665206606	-0.0117129429968758
GSE55584_1	-0.011670331070962	-0.0243381966575438	-0.00552486187845304	-0.00272162242722469
GSE57218_1	0.00232558139534884	0.0265678074015251	0.00259067357512953	0.0104395318906678
GSE57218_2	-0.00323670606353497	0.00875485780732459	-0.000980025044787528	-0.0115372287363653
GSE57218_3	-0.00655367184291904	-0.00184496675403828	-0.00526480685656651	-0.00538985460727181
GSE60762_1	-0.00499505465055992	-0.0484493895545264	NA	-0.00528395214631655
GSE62914_1	-0.000296166724184184	0.00294029513653006	NA	-0.00189728393080466
GSE62914_2	-0.00153664543298253	0.000289952078258941	NA	0.00438122921098349
GSE62914_3	0.000982168438183225	-0.0184847595518142	0	0.00518127547751103
GSE62914_4	-0.00820591359342494	-0.0287263427389991	0	-0.0127947660912708
GSE64394_1	0.0104528723542427	0.038773925898436	NA	0.0142280184283315
GSE66635_1	0	-0.00738633565426351	NA	0.0040650406504065
GSE68038_1	0.00439708347722765	-0.00834814547603409	-0.00617283950617284	4.99657462842149e-05
GSE68428_1	0.00706435670593535	0.00863763165270105	0.00778027491065979	0.0051060575387453
GSE68428_2	0.00698307524231911	0.00544106994892851	0.01188892519293	0.00511162851165924
GSE68428_3	0.0066651223603479	0.0180217838499872	0.00653561112321101	0.00467279246974451
GSE69459_1	0.00382857702447766	0.0186587572525162	NA	NA
GSE69459_2	0.00202615317384725	0.00892870691082939	NA	NA
GSE69459_3	-0.00177849559409999	0.00791140308646181	NA	NA
GSE69459_4	0.0017131609779677	0.0186104041667977	NA	NA
GSE69992_1	-0.00152182322757741	0.00565368264964277	-0.00262555268980804	0.00425045968524229
GSE70719_1	-0.00522598870056497	-0.075384799912965	-0.0054577771148731	-0.00861343704115243
GSE7116_1	-0.00373380715419855	-0.0423905270845771	0.00248756218905473	-0.00517250937521795
GSE7116_2	0.00130821477891845	0.00233242970506597	NA	1.26447196337801e-05
GSE7116_3	-0.0015130207769917	0.0442765791942064	0	-0.00496354207258072
GSE72575_1	0.0159915589985483	0.0164979840937113	0.0153420884248638	0.0107294257739432
GSE72575_2	0.000114632115500868	-0.0180586528214105	0.00147958539582744	2.27001057861598e-05
GSE72575_3	0.00864298917279982	0.00580409671498498	0.00776520067891374	0.00514127517665773
GSE72575_4	0.00238095238095238	-0.0319288169238898	0.00285714285714286	0.00475945998334058
GSE75181_1	0.00254864943530542	-0.0114364524989117	0.00320191856082376	0.00200111416639439
GSE75181_2	0.00347943760848999	-0.0187247159666532	0.00358160475963781	0.0209910387394311
GSE75181_3	0.00247932153077869	-0.0167120312333944	0.00301331724885359	0.00195945070605001
GSE75230_1	-0.0016624086130489	-0.000324121389226912	-0.0017843098333269	0.00208363117805179
GSE7669_1	0.00566357911884796	0.00576584069104048	0.0138888888888889	-0.0160917599836007
GSE77916_1	0	-0.00301858049089756	0	0
GSE80614_1	0.0163934426229508	0.0397667050444789	0.0091324200913242	0.0214456892316295
GSE80614_2	0.0174768964686196	0.0268399113994852	0.0204961704961705	0.00782826148960284
GSE80614_3	0.0162037037037037	0.0281651977799649	0.00265957446808511	0.0116896284198765
GSE80614_4	0.00660094885876087	0.0343930460453541	0.00535277283151704	-0.000649241368808376
GSE80614_5	0.0066938924269928	0.034390483509796	0.00537822497033791	0.00500469844183655
GSE80614_6	0.00463601398698221	0.0296789244266231	0.00406621470299832	0.00637123802962435
GSE80614_7	0.00288399039002783	0.0166910700057375	-0.00189785114279073	0.00508539810073019
GSE80614_8	0.000864791036673059	0.0251477831164663	-0.00339271739456751	0.00787226513679963
GSE80614_9	0.016597510373444	0.0446257930890999	0.0120192307692308	0.0200178722868577
GSE80614_10	0.0239019294580312	0.0419630929378869	0.0163265306122449	0.00967879121008423
GSE80614_11	0.0119047619047619	0.0286768436613237	NA	0.00959856489505848
GSE80614_12	0.0111633077199119	0.0170422224936019	0.00934643612062967	0.0074689362924657
GSE80614_13	0.0124634203819496	0.0193953168693539	0.00766045392627161	0.0083860241268538
GSE80614_14	-0.0018239606453204	0.017672239100509	0.00181341256312345	0.00274636254477024
GSE80614_15	0.000133959640851783	0.00986516870458119	-0.00404929463867321	0.00113510951905415
GSE80614_16	-0.00117695103381301	0.0108839661755268	-0.00270335018615962	0.00582747156023018
GSE85254_1	0.00135240606454385	-0.00128982278133248	0.00197384005043757	0.00228637977998781
GSE86578_1	0.0110864113087095	0.00842832185670271	0.0121960916843926	0.0134869588158769
GSE86578_2	0.0162180814354727	0.0192688816096405	0.013311944163008	0.0101422099305533
GSE86578_3	0.00358200785889926	-0.0285003877741954	0.00599247423312346	0.00661567499470363
GSE9329_1	-0.0020249410424315	0.00311648056136528	NA	NA
GSE93698_1	-0.00547409982887516	-0.00867990085559658	-0.00475328491839568	-0.0138994994161914
GSE93698_2	-0.00646563440572923	-0.00817067112076796	-0.00359274162158327	-0.00799366578479747
GSE93698_3	-0.00314068143774037	0.00505425743071343	-0.00323367487052902	-0.00225762352830598
GSE93698_4	-0.00471818352288124	0.00224474860185568	-0.00516821374708632	-0.00906254707388717
GSE93698_5	-0.00450077368360963	-0.00953492962325109	-0.00310160829594448	-0.00729514230724884
GSE93698_6	0.00585394223538314	0.00446391076617841	-0.000127829684376888	-0.00290245699098271
GSE93698_7	0.00571102347853744	0.0245815976304197	0.00755500392829194	0.00307551139631731
GSE93698_8	0.00180039796563522	0.0305182437621439	0	0.000801807069098941
GSE93698_9	0.0036860784088871	-0.00300035542358956	0.00467700654739403	0.00227051213893319
GSE93698_10	0.00218831125913749	0.0231783666729464	0.00577766587763851	0.00561110243191168
GSE93698_11	-0.00234805990148326	0.0235132936619216	0	0.00269048349061202
GSE93698_12	0.0030244193525316	-0.00561634258775557	0.00846296014560125	0.000365642866640074
GSE93698_13	-0.00995543436427785	-0.00545071682175615	-0.0150895211597645	-0.00442742090354794
GSE93698_14	-0.00158315524184434	-0.0353954299793956	-0.004135091583296	0.00385531135531136
GSE93698_15	0.00404938044017477	-0.0210814680111678	0.00416925492328831	0.00375954076243127
GSE93720_1	-0.00256998819758726	-0.000803592884046614	NA	NA
GSE93720_2	-0.00131046028177919	-0.00689625000469147	NA	NA
GSE93720_3	-0.00744697654732749	-0.000880799679897006	NA	NA
GSE93720_4	0.00169211555005369	0.000945178794541796	NA	NA
E-MTAB-5564_1	0.000806343626629701	-0.00146563063556142	-0.00296168426301511	0.00631646337120113
GSE77753_1	0.00135719950740193	-0.0228468894088542	NA	-0.000125992352504952
GSE43861_1	-0.00973546148592758	-0.0569773001179483	NA	NA
GSE112809_1	0	0.00807549608567986	NA	NA
GSE111946_1	0.00102051784738454	0.0329898735121509	NA	NA
GSE111946_2	-0.00146418555646798	0.0175301922374967	NA	NA
E-MTAB-3201_1	0.000925409068734437	0.0394321234198635	-0.000426240451244269	-0.00404422067169123
GSE57740_1	0.0163101604278075	0.0241580658699591	NA	NA
GSE52992_1	0.00492424420557994	0.0157167421290019	0.00432219531745165	0.0050431340894095
GSE17160_1	0.000495624089853944	-0.0207371326201519	NA	NA
GSE17160_2	-0.00143970189701897	-0.0470641576330275	NA	NA
GSE17160_3	-0.00199721009710037	-0.00115887090613132	NA	NA
GSE17160_4	-0.00701135372693581	-0.0365072353327617	NA	NA
GSE17160_5	-0.00102017262557398	-0.0374556495852453	NA	NA
GSE17160_6	0.00394473989852681	-0.0380784591403096	NA	NA
GSE17160_7	-0.00260427849491644	0.0037305214907671	NA	NA
GSE17160_8	-0.00476829857707601	-0.0194080466710305	NA	NA
GSE17160_9	0.00157630703436439	-0.0169235899849952	NA	NA
GSE17160_10	8.97516774803191e-05	-0.00956630662864932	NA	NA
GSE17160_11	-0.00029477309182236	-0.0123811891961482	NA	NA
GSE17160_12	0.000399760851948551	-0.00867269585336523	NA	NA
GSE22971_1	0.00217391304347826	-0.00267912188338807	NA	0.000471200124204317
GSE22971_2	0.00467289719626168	-0.00405574538699642	NA	0.00696413137424373
GSE22971_3	0.000864291765783311	0.045169243675589	0.000104076939787804	0.00165380941129869
GSE22971_4	-0.000894760359429583	0.0479650124271202	-0.000392146377373434	-0.000880741943429336
GSE13590_1	-0.00576572211937146	-0.00547196746994143	-0.00403206745324389	-0.00152444799180003
GSE13590_2	0	0.0157892832176097	0	7.12218595611295e-06
GSE99731_1	0	-0.00693808526808595	NA	-0.0015527950310559
GSE99731_2	0	-0.0112264955794661	NA	-0.00148809523809524
GSE99731_3	-0.000861443860432371	-0.0464945293280308	-3.55984042147289e-05	0.000497767116678293
GSE27492_1	-0.0103267973856209	-0.0182513752928674	0	-0.0214881640073661
GSE27492_2	-0.00486733846861842	-0.0164177605183385	-0.011368677905945	-0.00474787997390737
GSE27492_3	-0.00514018684279625	-0.00141944901041426	-0.000763179746800305	-0.00142868716645738
GSE27492_4	-0.0047770972795898	0.0148548607034857	-0.00114824786934648	-0.000642249995536266
GSE27492_5	-0.00597192378233379	-0.000743568070240436	-0.00457152866607689	-0.00765282722305333
GSE27492_6	0.01047805150182	0.0175254656610974	0.0153458916107473	0.00987373059537938
GSE27492_7	0.0059837222193505	0.0384510064351568	0.0125013440512915	0.00445123967361807
GSE27492_8	0.00974518062812401	0.0219495278200167	0.00772671363671896	0.000725745724410032
E-GEOD-15069_1	0.00438111049621841	0.0105791224355443	0.00289807524059493	0.00329926880368901
E-GEOD-15069_2	0.0149618195333391	0.0228526044225255	0.00659716099590376	0.00830398587013882
E-GEOD-15069_3	0.00145476541381415	-0.00752368492544953	0.00213745769000989	0.00205965655509287
E-GEOD-15069_4	-0.0182846297623914	-0.0169961398347469	-0.0106836484593838	-0.0178070052646134
E-GEOD-15118_1	0.0046875	0.00907028378489486	NA	NA
E-GEOD-15118_2	0	0.00362649704914132	NA	NA
E-GEOD-15118_3	-0.000486637486210455	0.00614982110135489	NA	NA
E-GEOD-15118_4	-0.000709730464306863	0.0100115003516214	NA	NA
E-GEOD-16007_1	0.0148843915630559	0.00430158000725421	NA	NA
E-GEOD-17473_1	0.00421577695861631	0.0589002786410884	NA	0.00753053057562168
E-GEOD-18647_1	-0.00502749398420874	-0.0274735986116614	NA	-0.0013384198994565
E-GEOD-18647_2	-0.00444842934719308	-0.0323079169155334	NA	-0.00438244949174397
E-GEOD-18647_3	0.00279346720270783	0.013847761438719	NA	0.00224318818896455
E-GEOD-18647_4	0.0107270533694187	0.00744100018935842	0	0.00552019576874151
E-GEOD-18648_1	-0.00693734553015407	-0.0327246799727377	-0.00596180645462154	-0.0111860284990479
E-GEOD-18648_2	-0.00460229515080885	0.00716601105494101	-0.00397010286378878	-0.00409278172447149
E-GEOD-2154_1	-0.00429448887988931	-0.0213977968862778	0	-0.00981841892308857
E-GEOD-2154_2	0.00067005888923697	-0.0122868640500717	-0.00208333333333333	0.0083337806611085
E-GEOD-2154_3	0.0056385571007507	-0.0120788297473668	-0.00165520753756048	-0.000520884481444296
E-GEOD-2154_4	0.00100780453193278	-0.0134516391397201	0.00182779184847647	-0.00553502559492669
E-GEOD-26475_1	0.00800228145765903	0.0382651051557693	0.0111867957779754	0.00762066181199914
E-GEOD-26475_2	0.0037015503875969	0.00676174579153794	0	0.00721897163120567
E-GEOD-26475_3	0.00397822894178339	0.011798055456066	0.00442470024101388	0.00465653366035999
E-GEOD-33567_1	-0.000862994872652839	-0.0200940125400276	NA	NA
E-GEOD-33567_2	0.00206945769448331	0.00559317114787746	NA	NA
E-GEOD-37287_1	-0.000613113680932051	-0.00746338772054562	NA	NA
E-GEOD-37287_2	0.00382738666761433	0.0461228431036078	NA	NA
E-GEOD-37287_3	-0.00215079782930823	-0.0272154667570251	NA	NA
E-GEOD-51994_1	0.015584215162194	0.108267292068321	0.0240847387906211	0.0208109539765448
E-GEOD-51994_2	0.0136060257302811	0.108419694347231	0.0171134811439673	0.0134614311446491
E-GEOD-51994_3	0.00705360766833249	0.0564545893174573	0.00397304862754225	0.0129355970504628
E-GEOD-65077_1	0	0.0201249761034692	NA	NA
E-MEXP-1244_1	0.00226078241717262	-0.0216137459757055	NA	NA
E-MTAB-1123_1	-0.000220957674817373	-0.0135783923021573	-0.00209378003781424	0.00316356955112936
E-MTAB-1123_2	0.00068799962932118	-0.0300455297559543	0.000569605832763727	0.00214280744880685
E-MTAB-1123_3	-0.00204898098156525	-0.042709699350121	-0.00220264317180617	0.000591440810331641
E-MTAB-1123_4	0.00881753312945974	-0.0359645923694241	0	0.00171572386721086
E-MTAB-1391_1	-0.0011938775349572	-0.0360939423157486	-0.0037642932492556	0.00333561215153285
E-MTAB-1391_2	-0.00104938778722137	-0.0300786330365279	-0.0019798343195379	-0.00644946892784263
E-MTAB-1391_3	-0.00060930421865623	-0.0191699115034712	-0.00132161698745085	0.00569272499652247
E-MTAB-2450_1	-0.00748150170783529	0.00762462117074824	-0.00180186227645083	-0.00382271895850893
E-MTAB-2450_2	-0.00359053281649346	0.0241585400258262	-0.00141677170250585	-0.00684767730015822
E-MTAB-2450_3	0.0062752267454691	0.0415166004504037	0.00700394513341203	0.0143870025918052
E-MTAB-2450_4	0.0165813327041378	0.0401064533790506	0.0151526141957699	0.0118767301395474
E-MTAB-5023_1	-0.00171982315384916	-0.00703667769005401	NA	-0.0016129605813043
E-MTAB-5326_1	0.00766753493320615	0.000159601273814144	NA	NA
E-MTAB-5326_2	0.00404321229067037	0.00648697341914907	NA	NA
E-MTAB-5326_3	-0.00575122219295749	-0.00611314405962738	NA	NA
GSE102588_1	3.60407104485088e-05	0.0138302974540279	0	-0.000781377174996434
GSE104793_1	0.0132290278850354	0.0112950292775115	0.00951227980481274	0.0128049484880263
GSE104794_1	0.0255792877838043	0.0503757560147011	0.02092265328876	0.0223091168881614
GSE104795_1	0.0247959339311074	0.0434694683557318	0.0197528444264662	0.0179977444594836
GSE105139_1	0	0.00739018480367958	NA	-0.000484322307526728
GSE105139_2	0	-0.0339765462088148	NA	0.00147058823529412
GSE105139_3	0	-0.0396813841435439	0	-0.00181818181818182
GSE10555_1	0.00136287135841438	0.00668346094121885	NA	NA
GSE10556_1	-0.0063073444858004	0.0123079791075292	-0.00865127452604672	-0.00600160644458929
GSE106631_1	0.00532496077412001	-0.0279970925699261	0.00552307579697487	0.00376553741599263
GSE13104_1	-0.00177514873730058	-0.0301444572660791	NA	NA
GSE13104_2	-0.00164956797202844	-0.00440912156485531	NA	NA
GSE13104_3	0.000387544513975246	0.00943471355706072	NA	NA
GSE16749_1	0.00386645450400459	-0.0130859510349403	NA	NA
GSE16749_2	0.00453846561853106	0.0053664677197207	NA	NA
GSE16749_3	0.00350668562616706	-0.00455119220350161	NA	NA
GSE17348_1	-0.00133907245484835	-0.00629084746211387	NA	NA
GSE17563_1	0.000774914235612916	0.0066292417264302	NA	NA
GSE17563_2	-5.05550437532656e-06	-0.00596906713007429	NA	NA
GSE17569_1	-0.00094850470846383	-0.0210213826807751	NA	NA
GSE17569_2	0.00197813740840855	0.0140208550790913	NA	NA
GSE17570_1	-0.00015518279732466	0.0049566126838651	NA	NA
GSE17570_2	-0.00535348668814739	-0.028177977550404	NA	NA
GSE18991_1	0	0.0304841150239105	NA	-0.000945594034294657
GSE18992_1	0	0.00808438118498358	NA	0.00260890864527348
GSE19299_1	0.00455994025699864	0.0227051468404892	0.00406116348917601	0.00222846789091091
GSE20850_1	0.0048593363491517	-0.0129217591824856	NA	NA
GSE21093_1	-0.000645540225216736	0.00635990753752024	NA	NA
GSE21523_1	-0.00113190395057792	0.00331955480813489	NA	NA
GSE21639_1	-0.00283714087009374	0.0207710121606495	NA	NA
GSE21639_2	-0.000601677586146956	-0.0309894197701499	NA	NA
GSE21639_3	0.0027634398130113	0.000736700775114741	NA	NA
GSE21639_4	0.0111772195094434	-0.0085090713932424	NA	NA
GSE21710_1	0.000188218786718092	0.0179368600128506	NA	NA
GSE21710_2	0.000526332061121517	0.0192907265311964	NA	NA
GSE21710_3	0.00010975268534482	0.022394938716266	NA	NA
GSE22925_1	0.00476691588042428	0.0158137152465997	0.00245632406731229	0.00480104484663993
GSE22925_2	-0.00118446161631395	0.0215300328389187	0.00373326540088909	-0.00114145859898811
GSE26499_1	0.00519426165363073	0.0361470219562117	NA	NA
GSE30160_1	-0.00427262608991123	0.00120216719762513	-0.00424237457159822	0.00496952782366008
GSE30628_1	-0.000776143960131429	0.01937660811026	4.4237249528109e-05	0.00498999196124693
GSE30628_2	-0.013962503979498	-0.0500727478627245	-0.0103402047230041	-0.0056920701948989
GSE32163_1	-0.0236104267361108	-0.0777507076587076	NA	-0.00898667483886128
GSE33656_1	0.00379605468056842	0.00226147342694221	NA	NA
GSE33754_1	0.00298099384844522	-0.0032869236181916	0.00699300699300699	-4.58991116645928e-05
GSE33754_2	0.00284579878933306	0.00158253027622563	0.00230994324159373	0.00657446477879914
GSE33754_3	0.00410791710658751	0.0182870407345018	0.00509168307080093	0.00791131371493384
GSE34570_1	0.00723370658535328	0.0294757089208865	NA	NA
GSE35003_1	-0.0169923577360033	-0.0530835822547627	NA	NA
GSE35466_1	-0.000358178360518602	-0.0701264195892831	NA	NA
GSE35466_2	0.00639521837579813	0.0180559942952811	NA	NA
GSE35466_3	-0.00655624182052283	-0.0689205396017143	NA	NA
GSE35466_4	0.000376607733859079	-0.00623127385442292	NA	NA
GSE35466_5	0.0034324942791762	0.0550125975093	NA	NA
GSE36925_1	0	-0.0219415917877301	NA	NA
GSE36925_2	0.000662409884783706	-0.00821996827247707	NA	NA
GSE36925_3	0.000493350932124515	-0.00759039812373142	NA	NA
GSE37219_1	0.00383345514476336	0.0500510562753816	NA	NA
GSE37676_1	-0.00249883300549209	0.00456232459744926	8.26713393558311e-05	-0.00671903901157898
GSE41342_1	-0.0108142493638677	-0.00525552169336175	-0.0112456747404844	-0.00210675622118854
GSE41342_2	-0.00113299444843623	-0.00671110696701566	NA	-0.0028918812245725
GSE41342_3	-0.00838604562008817	0.00328072350517897	NA	0.00221646802320295
GSE41342_4	-0.00532286016519997	0.0223077646920428	-0.00649350649350649	-0.00447637568424085
GSE41997_1	0.00507245744850943	0.0242838811692953	0	0.00487743996001848
GSE43242_1	-0.0028723054679285	-0.0311525324902045	-0.000825930548417884	0.00304416546845444
GSE43242_2	-0.00359061351427764	-0.0226504273955161	0.00264550264550265	-0.00115862913362723
GSE43663_1	0.0125942605781315	0.0165038460251272	NA	0.00920121012959209
GSE43854_1	0.0046786281178019	0.0627189221538086	NA	NA
GSE45656_1	-0.000673103982394084	-0.0399521316168695	NA	NA
GSE45656_2	0.00413007304583733	-0.0232956009760169	NA	NA
GSE45656_3	0.000986126083860096	-0.0311176462262589	NA	NA
GSE45793_1	0.0118160872500545	0.0874911163818902	0.0135179898337793	0
GSE45793_2	0.00729618981430724	0.0659974630293375	0.0128416437191189	0
GSE45793_3	0.00704598735563373	0.076616002775493	0.00889474755437642	0
GSE45793_4	0.00582206759153282	0.0918601661168876	0.00640477878264917	0
GSE45793_5	0.0032164679748836	0.0669641806334312	0.00735799845001159	0
GSE46390_1	-0.00202444789121225	0.0229321937832777	NA	NA
GSE48438_1	-0.0056962939110907	0.0127089468958044	NA	-0.000321726779674805
GSE50549_1	0.00653652922194784	0.00902613416125654	0.00573022777747187	0.00632277043765483
GSE50549_2	0.00588595262768647	0.0114027152333307	0.00448477047724271	0.00657733060173922
GSE51098_1	0.00480301867613678	0.0335344157641882	0.00226345082993419	0.00815405247506541
GSE53857_1	-0.0134316657572472	0.0756396832873143	0	-0.00610343647188708
GSE53857_2	-0.00766692546583851	0.0516726316444691	0	-4.54295796800119e-05
GSE53857_3	-0.011964716706096	0.0269265546629152	0	-0.00756940451089387
GSE53982_1	0.00202492746118559	-0.0205559143623802	0.00282640670530121	-0.011154042036395
GSE53982_2	0.00380567391383517	-0.033410745259626	0.00183574879227053	0.00132250998952746
GSE54779_1	-0.00052258998191353	0.02042163850473	0.000209801782730876	-0.00564505277718187
GSE55900_1	0	-0.054176182792345	0	-0.00604792129426785
GSE57104_1	0.00432974164978396	0.00105141442887813	NA	-0.00234992433159576
GSE59387_1	-0.0021905041626831	-0.0230795153871033	NA	NA
GSE60401_1	-0.0032743030053115	-0.0861404071561014	NA	NA
GSE60401_2	0.00411429570251061	0.0975426108171177	NA	NA
GSE60651_1	-0.00337737568974892	0.00636016386883229	NA	NA
GSE60737_1	-0.00104227562275586	-0.0165561206016722	NA	NA
GSE60761_1	0	-0.0176642804860602	0	4.20110192837463e-05
GSE60761_2	0	0.0218115168382599	NA	0.00149700598802395
GSE60761_3	-0.00196730775073679	-0.0212720950808709	0	-0.00507256417390136
GSE60761_4	-0.000276854928017719	-0.0428119163799846	0	-0.00190485761594384
GSE63017_1	0	-0.0307811183070702	NA	-0.00874812723489017
GSE63017_2	-0.00581395348837209	-0.0379197095777292	NA	-0.00457202111613876
GSE63017_3	0.00490893502333328	0.025346031508506	0	0.00786586270064741
GSE63017_4	-0.00214592274678112	-0.00774040105960043	NA	-0.00438772156276041
GSE63939_1	-0.00305849735971853	-0.0242524201084747	-0.00481461107187533	-0.00498191606614755
GSE63939_2	-0.00160955395032793	-0.0461256633616896	-0.00245774598787264	0.000760519256034195
GSE64141_1	0.00551957822291934	0.0106620252431462	NA	NA
GSE64965_1	-0.0029420130247772	-0.0932122070954518	-0.00331131243043889	-0.00611908391886517
GSE65745_1	-0.00251256281407035	-0.0303291227524023	NA	-0.00906182662915477
GSE65745_2	-0.00485436893203883	-0.0300523249226266	-0.00526315789473684	0.00171280329251818
GSE65745_3	-0.00485436893203883	-0.0033484031057992	-0.00529100529100529	0.000477777054727664
GSE66416_1	0.00246409446326771	0.00501885416629866	NA	NA
GSE66862_1	0.00214759997142555	0.0130972123463362	0.00141087343377615	0.0024852076854671
GSE69108_1	0.0013124704834829	-0.00517783177452185	0.00352325820374508	0.00275359054046599
GSE71565_1	0.000209720823346006	-0.0283030450644711	NA	NA
GSE72261_1	-0.00872172456075418	-0.0237698968207353	0.00298064985658633	-0.00421031777812236
GSE72261_2	-0.00541458746017926	-0.00294293344168086	-0.0081781887282666	0.0190044631140354
GSE72261_3	-0.0150528077888596	-0.0726103932442057	-0.0172909357312114	0.000993164075381943
GSE7683_1	-0.0087991629305378	-0.0531504070799145	-0.0072272077602568	-0.00994262045903633
GSE7683_2	-0.00207465120656989	0.0041867625659855	-0.00601849279733323	-0.015480246249477
GSE78980_1	0.00781479056206326	0.0358564973677776	NA	NA
GSE78980_2	0	0.0374947126531338	NA	NA
GSE78980_3	0.00646458061712299	0.04890714647573	NA	NA
GSE78980_4	0.0091557961575689	-0.00301387864927128	NA	NA
GSE78980_5	-0.000738271016908787	-0.00125561465050415	NA	NA
GSE78980_6	-0.00114301644828547	0.0402740583677384	NA	NA
GSE78980_7	-0.00897802123273085	-0.0328064002828088	NA	NA
GSE78980_8	-0.00459285315548135	-0.0207036110292666	NA	NA
GSE78980_9	-0.00256284836238023	-0.0412808596216913	NA	NA
GSE78980_10	0.00121549441530748	-0.0259297744129107	NA	NA
GSE81399_1	-0.00748876557221068	-0.0174793075375864	NA	-0.00727920731399934
GSE84609_1	0.00381909253484759	-4.69627255834219e-05	0.00394982107299295	-0.0024019276960148
GSE84907_1	-0.00320188126754112	-0.00395436851197229	-0.0020652206477862	-0.00352974208846306
GSE84907_2	0.000499081697070639	0.00348886028509697	0.00038228199220415	-0.0044343009383823
GSE84907_3	-0.00533646182220399	0.0111523067631004	-0.00910130160979351	-0.0034732106858076
GSE90127_1	-0.00483156596135985	-0.0123657835203705	NA	NA
GSE90127_2	-4.19403671521219e-05	0.0387105678357701	NA	NA
GSE90127_3	-0.00430224509855419	-0.0321172808833086	NA	NA
GSE9247_1	0.00736670937222825	0.0025151792361318	0.00694042799305957	0.00711245690575709
GSE9247_2	0.0010113351892704	-0.0129327135024919	0.00143673654111625	-0.00927232902605758
GSE9247_3	-0.000856593937762331	0.00671694221921448	0.00116533553136458	0.000882114121207647
GSE99306_1	0.00292203410117223	0.00261970851082112	0.0025435636123008	0.00583149898423882
GSE99306_2	0.00204896970503968	0.0101430599493564	0.00317680603919165	0.000880077050896968
GSE99306_3	0.000764049776077382	-0.0115095359841529	-0.000486221313273452	0.0101809307781231
GSE99306_4	0.00435404665951735	-0.0038313187247536	0.00271893631539462	-0.00324619239151658
GSE99306_5	-0.00332559789481604	-0.00428041238733111	-0.00197581794887012	-0.00358641386181457
GSE99306_6	0.000206898113668575	-0.000760356533910742	-0.00203963284923191	-0.00208576267421845
GSE99306_7	0.00501346293922721	-0.00637083061999133	0	0.00110326338662142
GSE99306_8	0.000484111658833042	-0.000647948692962711	0.00116735934342588	-0.00370466280563646
GSE99306_9	-0.000223983313292886	-0.00352522925094608	-0.00396923501134647	-0.0104056234165786
GSE99306_10	-0.0033500370267201	0.00765635458679701	-0.000671634175485884	0.00134082768197739
GSE99306_11	-0.000347473966906688	-0.0139547762474236	-0.00460165757557514	-0.00493038663960813
GSE99306_12	0.000536692982412225	0.00134933355420524	-0.00110527439451354	-0.00950014918124181
GSE99306_13	-0.00228081538336668	-0.0221539114355056	-0.00199056023477906	0.00436469862591235
GSE99414_1	-0.00018796992481203	-0.0291780358870738	-0.000211984171848502	0.00468481146043137
GSE110581_1	0.00371206892946023	-0.0187894745584461	0.00235702010487812	0.00152195001897841
GSE110581_2	0	0.0448326357766776	0	0.000519054316522671
GSE47799_1	0.0375499366990814	0.217645549651509	0.0148513999180993	0.0241465033705954
GSE47799_3	-0.333489412335841	-0.745779826652949	-0.330833333333333	-0.304920049200492
GSE111628_1	0	-0.0424551620778637	NA	NA
GSE111628_2	-0.00230414746543779	-0.0840226229323744	NA	NA
GSE111628_3	-0.0021327578002855	-0.0850341154357721	NA	NA
GSE5657_1	-0.00427350427350427	0.0013585208052404	-0.00588235294117647	0.00559190982689583
GSE5657_2	-0.0021551724137931	-0.00766947108921265	-0.00253807106598985	0.00722624920608591
GSE13782_1	0.00354412438768788	0.0366742374942445	-0.000257506377619093	-0.000660309786014864
GSE41039_1	-0.00276200408365183	-0.0281007084516076	0	-0.00178459922797457
GSE84198_1	0.0100604572076327	-0.0301050085540325	0.00223214285714286	0.000256640760083658
GSE84198_2	-0.00158053363979692	-0.0296061549345703	-0.00032262890831418	0.002264579369539
GSE84198_3	-0.00288630884875527	-0.0129885313010019	-0.00498609092040149	-0.00195644708219991
E-GEOD-54216_1	0.00702876001434187	0.0622996484606124	0.00369268481052577	0.000288674471362786
E-GEOD-54216_2	0.00705231886011131	0.0410778404345678	0.00410776771923534	0.0055397679799648
E-GEOD-54216_3	0.00766602301904756	-0.0233868375948331	0.0070029490869416	0.00803004438374872
E-GEOD-6119_1	0.00194678442529652	-0.00914246294417533	0.00187332978431246	0.00798704081377308
E-GEOD-6119_2	1.33337351783721e-05	-0.00377029852723549	-0.000112802196602953	-0.00258384119177448
E-GEOD-6119_3	3.14838507340896e-05	-0.00613731217781566	0.00124205526494465	0.000595943278447513
E-GEOD-8077_1	0.0104846219424225	0.0164332004437651	0.0117342167414288	0.0030414943844057
E-GEOD-8077_2	0.00212765957446809	0.00977755972358884	0.00292397660818713	0.00242562490131592
E-GEOD-8077_3	-0.00810216329952411	-0.00789304083155421	-0.0121348799241659	-0.00634856930638346
GSE103416_1	-0.00151607992706446	0.031087454264292	-0.000127356925159512	-0.00371573935283281
GSE103416_2	0.00299623736899461	0.0431876269116262	0.00120729114843976	0.00762086317919865
GSE103416_3	0.00549393298464879	0.0349061832362709	0.00477063036984411	-0.00643248094184337
GSE19950_1	-0.00558294870407667	-0.0578280943726648	-0.0057759884519625	-0.000761340204601536
GSE30322_1	0.00616391469185906	0.0265399032027543	0.00350994109055628	-0.00597982945267501
GSE30322_2	0.00593355806530969	0.0370583563539124	0.00519295346657566	-0.0131441322236953
GSE30322_3	0.000572918437466505	0.0270121244240891	-0.00526754763207965	-0.00496672376762417
GSE42295_1	0	0.0154804059146782	0	-0.000811801669516374
GSE42295_2	0.00121714292043848	0.0302790383518095	0.00548041389504804	0.00483683598571345
GSE42295_3	0.0078553485283153	0.0323846667300984	0.00626176004104476	0.000704491502427323
GSE66554_1	0.00496802139674964	0.0229131232547004	0.00554354554696837	0.00476088864553221
GSE66554_2	-0.00100774163411423	0.0149817124321144	-0.00331064623676511	-0.00571135342616658
GSE66554_3	0.00545557440527724	-0.0166540835441415	0	0.00523161301002863
GSE66554_4	-0.00585357559430034	-0.123922832812372	-0.00465016206708305	0.0011362429648508
GSE74898_1	0.0055971599435989	0.00697022510482596	0.00597592035554005	-0.00725644775500638
GSE74898_2	0.00326822520026063	-0.00809110417706612	0.00319821892539098	-0.00409358879017441
GSE74898_3	0.00589123441319025	0.0397285340681092	0.00493459248520867	-0.000864761998711624
GSE79176_1	0	0.0125021436706133	NA	NA
GSE79176_2	0.00666666666666667	0.00695487395314615	NA	NA
GSE79176_3	0	-0.00381250322739803	NA	NA
GSE85785_1	0.0019598829744294	0.0094946998905679	0	0.0021378885469699
GSE23492_1	0.00616752667858282	0.0219466223914616	NA	NA
GSE23492_2	0.00731113658082592	-0.00272815775517839	NA	NA
GSE23492_3	-0.00418674884159981	0.0150098769067732	NA	NA
GSE23492_4	-0.000236018849585993	0.0287587635852724	NA	NA
GSE23492_5	0.00673185066223984	-0.00104092148283882	NA	NA
GSE44991_1	-0.0114105533548354	-0.0307663380182827	-0.0136503460651115	-0.0180711533451259
GSE44991_2	0.00497973481558682	-0.00511355323346024	NA	-0.00210822228434753
GSE39796_1	0.00384376437954194	0.00470585690373835	NA	NA
GSE39796_2	-0.00142677736033802	-0.0180631900247415	NA	NA
GSE39796_3	0.0116842020171511	0.0282903663404807	NA	NA
GSE18394_1	0.00274931988826805	-0.0100592650263721	0.00326798874181994	0
GSE18394_2	0.0165119882047701	0.0415218254325786	0.0144264594249024	0
GSE18394_3	-0.00619179666766393	-0.0403659250103288	-0.00525696605811822	0
GSE29233_1	-0.0049433689899534	-0.00279990529468238	NA	NA
E-MEXP-2291_1	0.00652153179543805	0.0613547888329415	NA	NA
E-MEXP-2291_2	-0.00221553704358463	-0.0286972360655086	NA	NA
E-MEXP-2291_3	0.0124832231858779	0.0823510912056961	NA	NA
GSE107363_1	0.00257121584614846	-0.0148012708136892	NA	NA
GSE85761_1	-0.00662804766534919	-0.103642674818088	NA	NA
GSE89179_1	-0.00649688339736356	-0.0518174741490233	NA	NA
GSE89179_2	-0.00124792327697885	0.0260882631006825	NA	NA
GSE89179_3	0.00418079764670103	0.0171652063836336	NA	NA
GSE89179_4	0.00449151736984207	0.0207014963136301	NA	NA
GSE89179_5	-0.00168951252432962	-0.0194160697029233	NA	NA
GSE89179_6	-0.00134417024388628	-0.0108801517517988	NA	NA
GSE89179_7	-0.00231624715805388	-0.00995247758559985	NA	NA
E-GEOD-57723_1	0.00209895562761417	0.00741087139971878	NA	NA
E-GEOD-57723_2	0.00555287308171906	0.0183592193170531	NA	NA
E-GEOD-57723_3	0.000524771840566977	0.00383996857930683	NA	NA
E-GEOD-83930_1	-0.0110292750065097	-0.0217233627966207	NA	NA
GSE100268_1	-0.0112742333739385	-0.0275209037440281	NA	NA
E-GEOD-55769_1	0.00607970526420825	0.000303911082547062	0.00679368722160534	0.00434707992656638
E-GEOD-55769_2	0.00471698113207547	0.00971049595386809	0.00273224043715847	-0.00105187679213314
E-GEOD-55769_3	0.00220285481743909	0.00625310584794151	0.000853877390674067	0.00414091517627299
E-GEOD-69110_1	0.00656386865454876	0.00150703040589505	0.00923482849604222	0.00554415198256623
E-MTAB-4304_1	0.00190239903551852	0.0606514351559205	0.00268274949666676	0.00382709063638489
E-MTAB-4879_1	0.00857966160721922	0.023078139772995	0.00617162799396494	0.0106979801925395
E-MTAB-4879_2	-0.00308163630824759	-0.0181270642707798	-0.00600845525582354	-0.00298780851218837
E-MTAB-4879_3	-0.000595266091974661	0.0123747434684563	-0.0152957603452653	-0.0073761895120969
E-MTAB-4879_4	0.0016560462374337	-0.0109470224165611	-0.0108695652173913	0.000443460895689514
Cytokine_Explant_1	0.00733138130597077	0.0438766683105704	0.00400871046619954	-0.00134358205224347
Cytokine_Explant_2	-0.00170102176394733	-0.00420295593459224	0.00191055269123011	-0.00150749525942956
Cytokine_Explant_3	-0.00203474940075555	0.000725976889320254	-0.00134293467061426	-0.00479313131012422
Cytokine_Explant_4	0.00628502559216299	-0.00785232537976085	0.00489713126629962	-0.00129524440067801
Cytokine_Explant_5	-0.0018375108125002	-0.000813512981881437	-0.00196455488685928	0.00286709553783083
FN1_Explant_1	-0.000202120307222867	0.00788395735980475	-0.00237752737153361	0.00132407536459587
E-MTAB-6266_1	-0.00256774494436135	-0.0175669124881337	-0.00307678098205712	-0.00298804042329615
E-MTAB-6266_B_1	-0.00146645267517379	-0.0237500749490858	-0.00312854339186244	0.00209442397006918
E-MTAB-6266_B_2	0.00133797225835268	-0.00776377655261113	0.00209027429208322	0.00259047187398302
E-MTAB-6266_B_3	0.000512240617781515	0.0189870060541758	-0.00122371259476739	1.60832271567744e-05
GSE70667_1	0	0.0125076302316243	0	-0.00711822934045156
GSE87608_1	-0.00769057029926595	-0.0344412995780947	NA	-0.00132533314351496
GSE87608_2	-0.00463718580684792	-0.0131836247272165	-0.00235849056603774	0.000107171726175809
GSE87608_3	-0.00713415679281132	-0.0264434503033687	-0.0112044817927171	0.00156331871707896
GSE87608_4	-0.00272898692471996	-0.033551838047829	-0.000440028161802355	0.0012747397151902
GSE90890_1	-0.00272311075385056	0.00800251523298882	-0.000497318802975264	0.00932143206974238
GSE97118_1	0.00561456655461445	0.0219422942681599	NA	NA
GSE97118_2	-0.00309301946570484	-0.0138070107982525	NA	NA
GSE97118_3	0.0068645951469938	0.0161161035207555	NA	NA
GSE97118_4	-0.000509429795857535	-0.0254406758246251	NA	NA
GSE97118_5	-0.00267302038905196	-0.0126474247615364	NA	NA
GSE97118_6	-0.00453878596512085	-0.0318346678794701	NA	NA
GSE97118_7	-0.000120400693507995	0.00152218040387329	NA	NA
GSE107592_1	-0.00418800303397136	-0.0240886770475133	-0.00431309291111381	-0.0140871228397646
GSE92641_1	-0.000909470038045458	-0.0225372709751031	-0.00113016622120572	-0.0105083904706011
GSE107849_1	0	0.00684011509784469	NA	NA
E-ERAD-89_1	0	-0.00619857464734496	NA	NA
E-ERAD-89_2	-0.0021551724137931	-0.0171511042602136	NA	NA
E-ERAD-89_3	-0.00222432394563542	-0.00283011179304753	NA	NA
E-ERAD-89_4	0	-0.0191836775735948	NA	NA
E-GEOD-45893_1	0	-0.0138424683850694	NA	NA
E-GEOD-53105_1	-0.00165562913907285	-0.00216546340814318	0	0.000347187597641321
E-GEOD-53105_2	-0.00480421699308794	0.0133934681270409	-0.000966425948166713	-0.00998975384934887
E-GEOD-54461_1	0.00115915759172937	0.0125344801683246	0.00186603272113703	-0.00229885057471264
E-GEOD-54461_2	0.00143235260016896	0.000345758142859398	0.00169942605223759	-0.00211416490486258
E-GEOD-54461_3	0.0018020813803223	0.00207459159207514	0.00514123666374773	-0.00348381617803169
E-GEOD-54461_4	0.00207727541014895	0.0089209916699134	0.00194377716944967	-0.00314277031025037
E-GEOD-54461_5	0.00425471569425619	0.0152278205697968	0.00539336261941177	-0.00415119534541864
E-GEOD-54461_6	0.00466129483676426	0.0135360292209194	0.00588351567754456	-0.0101229415745545
E-GEOD-54461_7	0.00351640200321183	0.00841832949857556	0.00427956722529361	-0.00320594536022942
E-GEOD-54461_8	0.0046482515320403	0.019864459027767	0.00521618537226091	-0.00262747839667729
E-GEOD-73372_1	0.000586091333654825	-0.0204986954951831	NA	NA
E-GEOD-73372_2	0.00764796773711013	0.0214545805084794	NA	NA
E-GEOD-73372_3	-0.000853802835975135	0.0465437138494392	NA	NA
E-GEOD-75549_1	0.0220263257380486	0.00996716298475759	NA	NA
E-GEOD-76988_1	0.00644542400366387	0.0346940475316297	NA	NA
E-MTAB-2923_1	0.00215449376686939	0.0220014096966957	NA	NA
E-MTAB-2923_2	-0.00333663439325294	-0.0325535066845638	NA	NA
E-MTAB-2923_3	-0.00432574589353944	-0.0291812344558109	NA	NA
E-MTAB-2923_4	-0.00581510290947129	-0.0506024284532027	NA	NA
E-MTAB-3428_1	0.000939046398112904	-0.00261715489742999	NA	NA
E-MTAB-3428_2	0.00871312329645663	-0.00692650648516474	NA	NA
E-MTAB-3428_3	-0.00291544199379295	0.0172640966600645	NA	NA
E-MTAB-3428_4	0.000704694650842859	-0.000301934333437262	NA	NA
GSE102856_1	-0.00103837154779452	-0.00732756795449533	NA	NA
GSE103492_1	0.00400598185982945	0.0254919215672156	0.0057472798087298	0.00190804089150109
GSE103492_2	0.00283824419678989	0.0158708722433757	0.00341766043354688	0.00637274920748295
GSE103492_3	0.00850789457874831	0.03198905164157	0.00978189857712822	0.00475863133630124
GSE103492_4	0.00351265078055764	0.0237995607733905	0.00771006003264332	0.00274343564769412
GSE103492_5	-0.00175645088784564	-0.0252971040289638	0.00297382173110975	-0.0120612634831817
GSE103492_6	0.00432169881853003	-0.00105872966336935	0.00870294072346418	-0.00857123221922717
GSE103492_7	0.00625192197641807	0.0269751347881265	0.00615214773183461	0.00572562311016753
GSE103492_8	-0.00261114713457952	-0.0451543408494713	-0.00209205020920502	-0.00904512495980913
GSE103492_9	-0.00212428344242125	-0.0372935107341151	-0.00210970464135021	-0.00898611854430584
GSE103492_10	-0.0021978021978022	0.0114463551611698	0	-0.00805294570822355
GSE106259_1	-0.00139414496969901	0.00656048877344018	0.00425890506477596	0.00324904903218156
GSE110303_1	-0.00237223550508069	0.0306775306853532	NA	NA
GSE110303_2	0.00844553243574051	-0.0102224004635048	NA	NA
GSE110303_3	0.000850659093344765	0.00549845880207118	NA	NA
GSE110300_1	0.00785543608124253	-0.0184067901211169	NA	NA
GSE110300_2	0.0106382978723404	-0.0399046652247164	NA	NA
GSE110300_3	0.00491400491400491	-0.0169307955379113	NA	NA
GSE110281_1	0.00282645926790136	0.0325824292145327	NA	NA
GSE110281_2	-0.00862736762330248	-0.0138269816037981	NA	NA
GSE110281_3	-0.0165143553608392	-0.0524431541491121	NA	NA
GSE104459_1	-0.00157414740920496	-0.000295297219676502	0.00240374984976563	0.0086839383096316
GSE104459_2	-0.00193448489479312	0.0156390398507325	-0.00203442878242077	-0.000600474794023181
GSE104459_3	0.00269744858275795	-0.0179909418630045	0.00248756218905473	-0.0016111550620327
GSE110051_1	0.00157564332972693	0.0244953771561756	-0.000526415866491464	-0.00611668848410904
GSE110051_2	0.00422171855534245	0.0087220703391508	-0.00113454129986736	0.0123056394014438
GSE110051_3	0.00359513160913792	0.0249642411095058	0.00315265803543236	-0.00083644779350874
GSE112694_1	0.00217579171967006	0.0099613010616675	0.00193735554446401	0.00704339930615694
GSE112694_2	-0.00165728390731257	-0.0016587327465306	-0.00322355527379552	-0.0171082528488639
GSE112694_3	-0.00278792420982775	-0.00169466844651812	-0.00316610514840049	-0.00312000824818917
GSE112694_4	-0.00437028373681207	-0.0168443242736932	-0.00589256925014598	-0.00744241159259601
E-MTAB-5879_1	0.000569031039698374	0.0266658904007666	-0.00442740062843646	-0.00398270910644993
E-MTAB-5879_2	0.0066111113881693	0.0558678560957192	0.00441063596491228	0.013780566371628
E-MTAB-5879_3	0.00335648396147545	0.0437442175086614	0.00421053110700226	0.00480041164884445
E-MTAB-5879_4	0.00326268399701858	0.0388912326247277	0.00506046980482219	0.0107308503173951
E-MTAB-5879_5	-0.00340644313320324	0.0234467953280343	-0.0009073287788339	-0.000511431011528401
E-MTAB-5879_6	0.00258723311263297	0.0495787590272048	0.0036348225083704	0.00804582610247567
E-MTAB-5879_7	-0.00590411389424856	0.00303801332251274	0	0.0295816933302397
E-MTAB-5879_8	-0.0054927957941734	-0.0266972956144232	0	0.0163614329332952
E-MTAB-5879_9	-0.000500053049245039	-0.00225786525099808	0	0.00249348520382117
E-MTAB-5879_10	0.00416639987488218	0.0244619412190152	0.00806451612903226	0.00862554215424612
E-MTAB-4294_1	0.00365781461816475	0.0259599375652602	0.00470345412149559	0.0148982869596625
E-MTAB-4294_2	0.00581890521196129	0.025939564604995	0.00730767984425653	0.00752852333407119
E-MTAB-4294_3	0.00230679212527665	0.00664586730169481	0.0044288854262562	-0.022968057736185
E-MTAB-3186_1	0.00242498607490418	0.020086482959204	0.00245811122022937	0.01789542694832
E-MTAB-3186_2	0.00124494157931609	-0.00177220985612143	-0.0011334905801249	-0.0172682996869228
E-MTAB-3186_3	-0.00456907513303142	-0.0107404920583092	-0.00794030224447551	0.00412960559725228
E-MTAB-3186_4	-0.00316494497858066	0.00325835508514724	-0.00440428628263073	-0.00749797084087486
