comparisonID	jaccard	cosine	sigjaccard	chrDir
22659600_1	-0.00310971522228734	-0.0310517804835564	-0.00272001386316291	-0.0108724198823763
24361742_1	-0.026780816725024	-0.0544419394354475	-0.00106488137290545	0
GSE72258_1	0	0.0532922481676473	0	0
GSE72258_2	-0.00218340611353712	-0.0172224542485026	NA	0
GSE69531_1	-0.00237495504404848	-0.0118029747921101	NA	NA
GSE69531_2	-0.0100658955482713	-0.0630758037215963	NA	NA
GSE69531_3	-0.0335283261213225	-0.0998809258992919	NA	NA
GSE69531_4	-0.00237495504404848	-0.0118029747921101	NA	NA
GSE58203_1	-0.0165335161812547	-0.00247350872251928	-0.00995462027850692	-0.0149317776664087
GSE58203_2	-0.0112879584140989	0.000733472456647922	-0.0112403069902668	-0.00955168261316789
GSE58203_3	-0.0029933796284383	0.0114064491830021	-0.00313004505519682	-9.81345177181753e-05
GSE58203_4	-0.00512800299479886	0.00688340520644995	-0.00753092672853008	0.0054450322145422
GSE58203_5	-0.0119499275771806	-0.0127304913877103	-0.0104877668692535	-0.00297342133942979
GSE58203_6	-0.0114664725624274	-0.0207613989198766	-0.00558200637774435	-0.00280875003234814
GSE58203_7	-0.0012432012499843	-0.0119325797813299	-0.000685866684601819	0.00216596527064086
GSE58203_8	-0.0107083587320619	-0.0354119987745484	-0.012129919999174	0.00798840115429151
GSE59642_1	0.00650372834415572	0.0154379597873099	NA	NA
GSE59642_2	-0.00315697234104835	-0.00860291924606236	NA	NA
GSE59642_3	-0.00344653500779528	-0.0289454934895582	NA	NA
GSE64922_1	0.00319294881538384	0.0250015892942096	0.00309477850452077	-0.00061450206215745
GSE60162_1	-0.00328159721539399	-0.0121806061005069	NA	NA
GSE31685_1	0.00207498554468438	0.0202219877042255	0.00394985663442039	0
E-MEXP-3890_1	-0.00390625270146728	-0.0145957548572863	-0.00324879880456837	-0.00128159687358595
GSE31980_1	0.00179505854339446	-0.00670558792084832	0.000614480894037009	0
GSE15615_1	-0.000612906334513612	0.0271494889319248	-0.00271912906935269	0
GSE15083_1	-0.0037037037037037	0.00520859782041248	NA	0.00695364538792635
GSE108035_1	-0.000649368362731984	-0.00856375647203865	-0.00143669554328674	0.00216119230887038
GSE108035_2	-0.000794923511770891	-0.0103720869978335	-0.00272126407483827	-0.0064572334055517
GSE108035_3	-0.00227203502315429	-0.012204741604241	-0.00294998254580818	-0.0142875916165033
GSE21959_1	0.00826111240266554	0.0213117482131974	0.00636285748465912	0.00171259335565285
GSE21959_2	-0.00121854481749834	-0.000134802704936936	-0.00585326598982207	-0.00359060517414809
GSE24742_1	-0.00113266142145411	0.00790896845883256	NA	0.000954785171783899
GSE24742_2	-3.92156862745099e-05	0.00965165911555991	NA	0.00281425037899944
GSE24742_3	0.0127965732804442	0.0104919130861937	NA	0.0122699306198904
GSE74668_1	0.00135970884871234	0.00208123736474524	NA	NA
E-GEOD-10024_1	-0.00143043305219246	-0.00847813749548545	NA	NA
E-GEOD-10024_2	0.00128295967367856	0.0115168681767526	NA	NA
E-GEOD-12860_1	0.0057385833368617	0.0356822318310325	NA	NA
E-GEOD-12860_2	0.00413942800678039	0.0395896547996705	NA	NA
E-GEOD-12860_3	0.0111539890398923	0.0581787437073835	NA	NA
E-GEOD-12860_4	0.00305113414275913	0.0627120070374553	NA	NA
E-GEOD-12860_5	0.00258983597328451	0.0611657978697254	NA	NA
E-GEOD-12860_6	0.00267195394939119	0.0380125309512782	NA	NA
E-GEOD-12860_7	0.00489942014036157	0.0665473531462514	NA	NA
E-GEOD-12860_8	-0.000363859479556656	0.0462400275125745	NA	NA
E-GEOD-14359_1	0.00582856238598527	0.0154306744982153	0.00462131837307153	0.0135481234441635
E-GEOD-14359_2	0.00167271080433881	0.0293182276349681	0.0039786541015008	-0.00284845658372436
E-GEOD-1919_1	0.0166991449418145	0.0452588310404577	NA	NA
E-GEOD-1919_2	0.0202882221176786	0.0259737739454823	NA	NA
E-GEOD-1919_3	0.00907862905913335	0.00371634580511311	NA	NA
E-GEOD-1919_4	0.0244377231471186	0.0573537574427622	NA	NA
E-GEOD-1919_5	0.0160857549139939	0.0426959865926974	NA	NA
E-GEOD-1919_6	0.0114916960483003	0.0342217220887272	NA	NA
E-GEOD-1919_7	0.0182468647591815	0.0316476605092871	NA	NA
E-GEOD-1919_8	0.0190055507631041	0.0301171946076032	NA	NA
E-GEOD-1919_9	-0.0058274692893366	-0.00746810948421707	NA	NA
E-GEOD-19664_1	-0.00585350948007613	-0.0112206138901953	NA	NA
E-GEOD-19664_2	0.00553623065964051	0.0513407307113345	NA	NA
E-GEOD-19664_3	0.00781386239645795	0.0530956153077398	NA	NA
E-GEOD-19664_4	-0.00819555152289197	0.00419689694330985	NA	NA
E-GEOD-19664_5	0.0077593173506816	0.0586189977342477	NA	NA
E-GEOD-19664_6	-0.00230479669600394	0.0194661177669521	NA	NA
E-GEOD-43923_1	0.0144290784413366	0.0610761120889149	0.024266654787625	0.0299463550513885
E-GEOD-51812_1	0.00951996862666691	0.0556815730664555	0.00959249219304005	0.0173523957146865
E-GEOD-51812_2	0.0117289437133547	0.0720850724911221	0.0111314421937485	0.0331731197817087
E-GEOD-68760_1	0.00409041343520612	0.0289122413457297	0.00216337057338898	-0.0095072869935917
E-GEOD-82107_1	-0.00979852598090852	-0.049792138094139	0	-0.00818243512462954
E-GEOD-9451_1	0.00384968507373833	0.0277734150136972	0.00788551470295529	-0.00556966400991799
E-GEOD-9451_2	-0.00325126137344833	0.0173177320746634	0.00199167651777258	-0.00442641148152134
E-GEOD-9451_3	0.00362757568090445	0.00946864000414926	0.00287291577272915	-0.00616080033041164
E-GEOD-9451_4	0.00332212596475022	0.0254897706956057	0.00107533581643221	-0.00393271339650974
E-MEXP-2019_1	0.00207817251389885	0.0226256724051756	0	0.00965665684487859
E-MEXP-2019_2	-0.00337137485782323	-0.0243580483198261	0.00336112478464189	0.00616908052076407
E-MEXP-2019_3	0.00240097291827561	0.027912103823887	NA	0.00789823482584873
E-MEXP-2019_4	-0.00427581016671696	0.00224768091549496	0.000951898978214768	0.00325752096601302
E-MEXP-2276_1	-0.0157018074928941	-0.00869856417567402	NA	-0.0181341126194067
E-MEXP-2488_1	-0.00157229652512231	-0.0409409431353356	-0.00392108796077305	-0.0094523163687536
E-MEXP-3129_1	0.00286972090192951	-0.0132015621591662	0.00298218250068889	-0.003647002349868
E-MEXP-3474_1	0.00729478408612639	0.0240595841213928	NA	0
E-MTAB-3010_1	-0.00122054150385487	-0.00170717306471135	NA	NA
E-MTAB-3010_2	-0.00130318921043293	0.00353433435204447	NA	NA
E-MTAB-3010_3	0.00526399514888231	0.00688637471629313	NA	NA
E-MTAB-3010_4	0.000827086392477848	0.00344316261450618	NA	NA
E-MTAB-4152_1	0.00315249592326815	-0.0110929527998331	0.00334663700463432	0.00438486526852854
E-MTAB-4152_2	0.000926962686769874	0.0138495113747161	0.00271754227811781	0.00140999066896714
E-MTAB-4152_3	0.00930162249219176	-0.00151077885905659	0.0112084672558309	0.00210992228724007
GSE100609_1	-0.00206032111245936	-0.0143215257915151	NA	-0.00108782052866121
GSE100786_1	0.00578034682080925	0.00156278676030841	NA	-0.0139487261856348
GSE100786_2	-0.00417248422794498	0.0101592975929932	NA	-0.00300352520084487
GSE103697_1	0	0.00697729177961727	NA	NA
GSE103697_2	0	-0.00277961684954603	NA	NA
GSE103697_3	0	0.000531280786855416	NA	NA
GSE104113_1	-0.00295336081602102	0.0142375578086416	NA	NA
GSE104113_2	0.00415405308577892	0.024185817718956	NA	NA
GSE104113_3	-0.00295336081602102	0.0142375578086416	NA	NA
GSE10575_1	0.0237258912766557	0.0924762552353431	0	0.0221559386540443
GSE10575_2	0.0241951331730866	0.0847753624224057	0.0135302150576924	0.0395753277327256
GSE10575_3	0.00260620282440127	0.0043936597037626	0.00258751313020008	-0.000474029083942876
GSE13604_1	-0.00429281783087731	-0.00954230225521184	-0.00113961024337392	-0.00356836336783872
GSE13837_1	0.00388407323503894	-0.00784855418173641	-0.00226244343891403	0.000268899912361972
GSE13837_2	-0.00751523936902767	-0.00153852152778854	-0.0134031089913443	-0.0162749626205341
GSE13837_3	0.00097169784041836	0.0279065620539878	-0.000243642586688437	-0.00195917572727335
GSE13837_4	0.0158822625659486	0.0492731606084787	0.0092354316807501	0.0143460002514418
GSE13837_5	-0.00841623794447864	-0.00919207148739966	-0.00454545454545455	-0.00134668650235109
GSE13837_6	-0.0154385613678331	-0.0181883691222614	-0.0100864553314121	-0.0131649765184221
GSE13837_7	-0.00605175583729366	0.0106035803404902	-0.010431568895	-0.00877935288336775
GSE13837_8	0.010868846378751	0.0351675966935635	0.00880972308439833	0.0103022658025519
GSE13837_9	0.00365603871752956	-0.0125209440286288	0.0102968246284796	0.0133440558506802
GSE13837_10	0.00485006567271789	-0.00316774823929247	0.00245379823575226	0.00623231012871488
GSE13837_11	0.00968583489411169	0.00041903341896249	0.00543273056914571	0.0105107827610459
GSE13837_12	0.00412430431730375	-0.0020361691942378	0.00472832744819003	0.00560481221193874
GSE13837_13	-0.00598442682053608	-0.0222304720572782	-0.000414797249045239	-0.0242181273340403
GSE13837_14	-0.00988823199615243	-0.00581396337199781	-0.00491086960039483	-0.0109433806183861
GSE13837_15	-0.00172776703761009	0.00210298605995772	-0.00326373738099905	-0.000446986130283309
GSE13837_16	0.00308998444127063	0.00781304591585762	-0.000764703691628782	0.00931855522969269
GSE13837_17	-0.00687030031292326	-0.00874327885158929	-0.00326635924462011	-0.00537711234830745
GSE13837_18	-0.0163034713664578	-0.00565821999679324	-0.0114942528735632	-0.0197454949444949
GSE13837_19	-0.00169122166829539	0.00772957791007588	-0.00248770172035942	0.00165198984044751
GSE13837_20	0.00810109280916176	0.0147986954189189	0.0041274545895323	0.0110702201671148
GSE13837_21	0.000941653713102597	-0.0102841029949806	0.00299634478742026	0.00851992603509463
GSE13837_22	0.00258384040460271	-0.00101378425376846	0.00807637168994233	0.000992886856130836
GSE13837_23	-0.00232708803249528	-0.00596299851646601	0.000549310842975943	-0.00202428972051677
GSE13837_24	-0.00101743683407394	-0.00395679746005295	0.00324993619681193	-0.00355992091734546
GSE16464_1	0.00403752605605884	-0.0165931662695581	NA	NA
GSE16464_2	-0.00459179265562314	-0.0508618617651504	NA	NA
GSE19060_1	0.00119507262364405	0.0281624075706725	0	0.00718166762939986
GSE27372_1	-0.00540595925915931	-0.0248230480818792	-0.00740392192130462	-0.00707718886797239
GSE27390_1	0.00310729525600305	0.00403173589796227	0.00436163759782038	0.000604779019387477
GSE29106_1	6.11061049028191e-05	0.0125864925467927	NA	NA
GSE29107_1	0.002282450566543	0.00124728475749534	NA	NA
GSE29107_2	0.0026691180632479	0.0104872744291139	NA	NA
GSE29745_1	0.00196793897474304	0.0064786964010652	NA	NA
GSE29745_2	-0.0102803699182535	-0.0292513356085073	NA	NA
GSE29745_3	-0.00457835201861627	-0.0467139200619358	NA	NA
GSE35546_1	-0.00557429536872744	-0.0227461946854986	NA	NA
GSE35546_2	-0.00772772519027714	-0.0156934307627281	NA	NA
GSE35546_3	-0.0058276496458928	-0.021067188192802	NA	NA
GSE35546_4	-0.00819276105109126	0.00680335751909433	NA	NA
GSE35546_5	-0.00419191455858668	-0.000503807050830275	NA	NA
GSE35546_6	-0.0112837605572695	-0.00467080659284457	NA	NA
GSE35955_1	-0.000388058495690277	0.0012845003961253	0.00481659897168496	-0.0113219242194716
GSE35956_1	-0.00368009729689761	-0.00879506683711827	0.00204044795708741	-0.00823002621100735
GSE35957_1	0.0118780139206741	0.0710549141016467	0.0128234060975385	0.00970060831754229
GSE35958_1	0.000213007831191372	-0.00199848547411874	-0.000642375931661823	-0.00371479091964493
GSE39340_1	-0.00630191438517752	-0.0145393974560105	NA	-0.00498938819198895
GSE39340_2	-0.00149276867134114	-0.0115262032595233	-0.00239234449760766	-0.00129516563058381
GSE39340_3	-0.0132892498170847	-0.00195326989784793	0.00239234449760766	-0.012920361528588
GSE39795_1	0.00522372328275834	-0.00461327365769642	NA	0.0020164220352616
GSE39795_2	0.00603960716402346	-0.00728221435310155	0.0111213594503137	-0.000125367852066256
GSE39795_3	0.0117773524090257	-0.0054998144241434	0	-0.00119437141033642
GSE41038_1	-0.00115815394506872	0.00370298886708993	NA	-0.00238742530600366
GSE41038_2	0.004760064128773	0.0236943010675043	NA	0.00175313483629057
GSE41038_3	0.00825174274631053	0.0157962405888344	NA	0.0124588929998658
GSE41992_1	-0.00973915209177697	-0.0346524411091207	NA	NA
GSE42235_1	0.0348568801735244	0.0553337992711343	0.0319225983290753	0.0303282271435218
GSE42235_2	0.0213793021066887	0.0560480379743323	0.0223825903057548	0.02259996582365
GSE42235_3	0.0258932409440448	0.0649733507903383	0.030200913680265	0.0356713368238792
GSE42235_4	0.0312536557719909	0.0666525752585794	0.0359277384555619	0.039804854525634
GSE45233_1	0.00442304025555233	0.0407785579056473	NA	0.00705276369921093
GSE45233_2	0.0145087036148933	0.0599259235142157	0	0.00947560183493687
GSE45233_3	0.019373231471317	0.00765490762136981	NA	0.010369078669461
GSE45233_4	0.000675751906752117	-0.00449663949363378	0	0.00878249346674393
GSE46053_1	0.000104198639793522	0.00156696119885189	-0.00472044284848435	-0.00693054903250458
GSE46053_2	0.0124517069193286	0.0094123866211582	0.000783420693773032	-0.00046919515509412
GSE46750_1	0.00305475038323533	0.0349423821835616	NA	0
GSE51588_1	0.00553207456345347	0.0138864869844167	0.00596166290645534	0.0051039372578972
GSE52817_1	-0.00912427920144552	-0.00592080012541077	NA	NA
GSE52817_2	0.00442868117975322	0.0183600954790262	NA	NA
GSE52817_3	0.00784497492983502	0.0407189564124499	NA	NA
GSE52817_4	-0.00772699120267072	-0.0190716903197828	NA	NA
GSE55235_1	-0.00587147441925943	0.0326439397827822	-0.0063757018012785	-0.00361110331699346
GSE55235_2	0.020620959107824	0.0609322088627665	0.0170394960356509	0.0174231394180897
GSE55235_3	0.0264453620532237	0.0449777985696895	0.0238336342746412	0.02979563345417
GSE55457_1	-0.00165513401784846	0.0341219565168499	-0.000127061654986906	0.0153267561093588
GSE55457_2	0.00813276934656276	0.0218702903720003	0.00391662803427509	0.00673468918715692
GSE55584_1	-0.0123571759864479	0.0134593839352915	-0.00726995633907241	-0.00660995001448855
GSE57218_1	0.0132434799335239	0.024200465292329	0.014557613961541	-0.00321346222209177
GSE57218_2	0.0116283037841426	0.00552180682385535	0.00991055224267565	0.0134466717632818
GSE57218_3	0.00377763584612113	-0.0043405306195057	-0.000213675213675213	0.004929336386057
GSE60762_1	-0.000576420472378037	0.0258298932556067	NA	0.00312033892180057
GSE62914_1	0.00195816626745974	0.00157707325006913	NA	0.0150302335919985
GSE62914_2	0.000180904250871562	-0.00488585782281012	NA	-0.00803165445491536
GSE62914_3	-0.00314169406590393	0.00563723210316518	-0.00378787878787879	-0.00356577420838032
GSE62914_4	0.00873258046280899	0.0352340311671402	0	0.0252878033553288
GSE64394_1	-0.00615578622851892	-0.0342546424834992	NA	-0.0194695150976046
GSE66635_1	0.00209205020920502	-0.0028193141386451	NA	-0.00416666666666667
GSE68038_1	-0.00977964852349658	-0.0133875957561207	-0.00200069275021837	-0.0113106647517549
GSE68428_1	-0.0026267773212986	0.0113243737786295	-0.00318148769407852	0.00762086093573966
GSE68428_2	0.00115839900448017	0.0153727670604123	-0.00409436210788311	-0.000786879403836526
GSE68428_3	0.00353285662162561	0.00375344223374969	-0.00267798392108941	0.00421591993644395
GSE69459_1	-0.0227575241246729	-0.0992662212088878	NA	NA
GSE69459_2	-0.0331036064050903	-0.116150355377271	NA	NA
GSE69459_3	-0.0273548774767634	-0.0831096250103348	NA	NA
GSE69459_4	-0.0263010355034449	-0.121912071341085	NA	NA
GSE69992_1	0.00307532770691741	-0.0124709300373239	0.00330946213096015	-0.00638712887192262
GSE70719_1	0.00484670594092267	0.0321296492079415	0.00499031007751938	0.00403734127202896
GSE7116_1	0.00625484183379811	0.025715157536434	-0.00221238938053097	0.0126776790432068
GSE7116_2	-0.00504807692307692	-4.75020821092512e-05	NA	-0.00806740556380326
GSE7116_3	-0.00998383098692348	-0.0257422828099284	0	-0.00876491354513325
GSE72575_1	-0.0220596689558318	-0.0346092629324404	-0.0195384482151279	-0.0128968253968254
GSE72575_2	0.00144184723239407	0.00517617091535192	0.00517567591499119	-0.00213409693479058
GSE72575_3	-0.0144744538602539	-0.0269521887291258	-0.015134143493028	-0.0110988804361009
GSE72575_4	-0.00211864406779661	0.0217335402217625	-0.00245098039215686	-0.00673586819097655
GSE75181_1	0.000272250271227615	0.00275349160132519	-0.00130965836706281	-0.0133230261623435
GSE75181_2	0.00243833327639389	0.0220102449147929	0.00169346248877723	-0.0181982092721521
GSE75181_3	-2.68073650149924e-05	0.00771018598139153	-0.00142292771865943	-0.0145226442756215
GSE75230_1	-0.0107619815288308	-0.0107224092437401	-0.00637083692209781	-0.0121956561029978
GSE7669_1	-0.00124985286341456	0.0125660637110343	-0.00158045977011494	0.0162342098791696
GSE77916_1	0	0.00303640676300064	0	0
GSE80614_1	-0.0129151291512915	-0.035229705760437	-0.00823045267489712	-0.023475504786035
GSE80614_2	-0.0166801332672512	-0.0244204884255485	-0.0184934017595308	-0.0136487080163887
GSE80614_3	-0.0102459016393443	-0.0301417155316459	0	-0.0145077431517566
GSE80614_4	-0.00822428584586639	-0.0312940243600212	-0.00954644899189559	-0.0128211657469727
GSE80614_5	-0.00734033201616243	-0.031376710918014	-0.00990913289188479	-0.0132447193247282
GSE80614_6	-0.00297758904746381	-0.028264298226013	-0.00130706004290732	-0.00303963911145854
GSE80614_7	0.007688392577699	-0.00531127279578112	0.0113683090806409	0.00734266046078156
GSE80614_8	0.00996591031833632	-0.00640108684179539	0.0170997247486825	0.0111223849853543
GSE80614_9	-0.0111524163568773	-0.0214785891354445	-0.0107758620689655	-0.0134874675520598
GSE80614_10	-0.0104440604824695	-0.0263418212490607	-0.0123446359505839	-0.0152042988864273
GSE80614_11	-0.00843881856540084	-0.0130470926293245	NA	-0.0195868829621865
GSE80614_12	-0.0188146693971497	-0.0153143561619785	-0.017920033529672	-0.0194456265300952
GSE80614_13	-0.0169961272392533	-0.0166673593795589	-0.00812483571950022	-0.0232085228419804
GSE80614_14	0.00142227869174353	-0.00912428551888312	0.000857815795059636	-0.016937048633219
GSE80614_15	-0.00315553545609644	-0.00186607553235187	4.15672639047654e-05	-0.0126855431638065
GSE80614_16	0.00213355642816143	-2.79381690965427e-05	0.0020507623846637	-0.0151133412162668
GSE85254_1	-0.000223482633940612	0.00655983722493209	0.00758415425251874	0.00798146670629892
GSE86578_1	-0.0063707729468599	0.010372377044164	-0.00605542676426185	-0.0125498178334343
GSE86578_2	-0.00733401955738549	-0.0053161321370967	-0.0113673339581107	-0.00638242155118573
GSE86578_3	-0.0018637606857472	0.0195256300165589	-0.00499888727913778	-0.00936995900238214
GSE9329_1	-0.00116139246406589	-0.00236460798267896	NA	NA
GSE93698_1	0.00661776878130643	0.0109733905164305	0.00318951307505222	0.0124562109264824
GSE93698_2	0.0054459870277173	0.0139492780854985	0.00519995146030198	0.00496356063419263
GSE93698_3	0.00645924084015536	0.001155071196074	0.00496361023812093	0.00284752017963383
GSE93698_4	0.000958037358545319	0.00114235073201743	0.00222240128211646	0.00923195236555859
GSE93698_5	0.00615665022212317	0.00283575199331154	0.0065212615469856	0.0065548329305615
GSE93698_6	-0.00996745486017692	0.00292913696231051	-0.00201676611089425	0.0141410455104787
GSE93698_7	-0.000495892235983797	-0.0183230092240864	-0.00258709692857245	-0.0114393568340937
GSE93698_8	-0.0120915042967719	-0.0285275576636271	0	-0.00287985353610457
GSE93698_9	-0.00404197584457969	-0.0146195576113395	-0.000432452979602035	0.00688714863539059
GSE93698_10	0.00579356367699524	-0.0218034997344994	-0.00158938057350282	-0.00374034749034749
GSE93698_11	-0.00915845487189163	-0.0287168704738587	-0.00270996905117979	-0.00173336071505408
GSE93698_12	0.00287034413264998	-0.0155119500114861	-0.000375677723479441	-0.000903413108646604
GSE93698_13	-0.00380620066620416	-0.000100413330366593	-0.00388708675823294	-0.00272474378493261
GSE93698_14	-0.0029339220075052	0.00476016170788168	0.000592968181189077	0.00689652200597305
GSE93698_15	0.00288947214076261	0.00352875101314768	0.00471597966671191	0.0109807924100844
GSE93720_1	0.00360123986291336	0.0183433413847935	NA	NA
GSE93720_2	0.00788105804722147	0.0180991455796185	NA	NA
GSE93720_3	0.0117748917748918	0.0166296296783614	NA	NA
GSE93720_4	0.00616082670984615	0.0138120398928873	NA	NA
E-MTAB-5564_1	0.00291313899669115	0.00900687606791383	0.00704465772456194	-0.010066338271073
GSE77753_1	-0.00596139149946343	0.0125814270337287	NA	-0.00174752468184672
GSE43861_1	0.00310918984594239	0.0388424125439402	NA	NA
GSE112809_1	0	-0.0137003479281952	NA	NA
GSE111946_1	-0.0132300594716843	-0.0424879766472204	NA	NA
GSE111946_2	0.000710804091367776	-0.00969608431651401	NA	NA
E-MTAB-3201_1	-0.0123048175551591	-0.0229120116619138	-0.0108380995376648	-0.00492759094555904
GSE57740_1	0.00303609341825902	0.0183287125227934	NA	NA
GSE52992_1	-0.000665812638324478	-0.0144892008657844	0.00460403956435099	0.00221100781057009
GSE17160_1	0.00320067590930563	0.0201115574591053	NA	NA
GSE17160_2	-0.00694736227824463	0.016125403842523	NA	NA
GSE17160_3	-0.0101787180680341	-0.0090343598730603	NA	NA
GSE17160_4	0.00126464997137869	0.0176097283803664	NA	NA
GSE17160_5	-0.00557721355902083	0.0310859335983801	NA	NA
GSE17160_6	-0.0135619367500171	0.023816530091291	NA	NA
GSE17160_7	0.00297126059857248	0.00925332069682522	NA	NA
GSE17160_8	-0.00520226063997237	0.010995165234511	NA	NA
GSE17160_9	-0.00553039507062189	-0.0350076806539489	NA	NA
GSE17160_10	-0.00476068695202549	-0.0356769264678106	NA	NA
GSE17160_11	-0.00370883928874308	-0.0319490504333048	NA	NA
GSE17160_12	-0.00518069756683445	-0.0383833363062393	NA	NA
GSE22971_1	0.000118584574518547	0.000291025157485317	NA	0.000671918443002781
GSE22971_2	-0.00100089968511021	0.00879413366031496	NA	-0.00248117386921403
GSE22971_3	0.00771120729372175	-0.0072216333930106	0.00876668660291165	0.0198870067922883
GSE22971_4	0.00873110806814769	-0.00485568675632863	0.0140258525074677	0.0170035102290472
GSE13590_1	-0.00621299352873287	-0.00931228512276636	-0.0062283340462184	-0.00897694395498398
GSE13590_2	0	-0.010453281657024	0	0.00417870567030202
GSE99731_1	-0.003125	-0.0125623210442972	NA	-0.00340136054421769
GSE99731_2	0	-0.0182487895917248	NA	-0.00325852894251622
GSE99731_3	-0.0116418110964178	-0.0120680171663302	-0.012316969858024	-0.0173944651090462
GSE27492_1	0.00863998016564222	0.0444953111353962	0	0.0239148947327116
GSE27492_2	0.00307441403570659	0.0318918638618375	0.00914749535637966	0.00404216677801584
GSE27492_3	0.00825400194589286	0.0258073819451494	0.00769071400883496	0.00814199834721201
GSE27492_4	0.0148795466155483	0.0288516760566388	0.0140793085170445	0.0162010189098614
GSE27492_5	0.0100143261858002	0.0319494143424868	0.0135683456151279	0.0203240313397553
GSE27492_6	0.0122858863242647	0.0263908334963741	0.0152336754011697	0.0105903975046203
GSE27492_7	0.0122061957804598	0.0174088552420793	0.0126123386908624	0.0142306625723796
GSE27492_8	0.0128730818046332	0.0261353824659291	0.0142726580502157	0.00935909881109178
E-GEOD-15069_1	-0.00105459108938376	-0.0182652446885645	0.00100726106045255	0.00148500234973789
E-GEOD-15069_2	0.0072573794009922	0.0182563289673302	0.0098184657113958	5.6351220324196e-05
E-GEOD-15069_3	0.00287514470171271	0.0408755970579786	0.00461566165270202	0.00625386932511145
E-GEOD-15069_4	0.0170824421234194	0.0125701079795439	0.0168332658723874	0.000322557144615633
E-GEOD-15118_1	-4.54215116279071e-05	-0.0126624554300622	NA	NA
E-GEOD-15118_2	0	-0.0104707424680973	NA	NA
E-GEOD-15118_3	-0.00964284990777842	0.00201978857661648	NA	NA
E-GEOD-15118_4	-0.00640611925027534	-0.00135543952766207	NA	NA
E-GEOD-16007_1	0.0288441837012913	0.121867666717089	NA	NA
E-GEOD-17473_1	-0.0135954554985021	-0.0552294913881337	NA	-0.00663301995735912
E-GEOD-18647_1	-0.00588807492712692	-0.0222126446925877	NA	-0.00304500321267056
E-GEOD-18647_2	0.0113391472055679	0.0205147872533711	NA	0.0162821947669858
E-GEOD-18647_3	0.0222481613859731	0.0629302439245624	NA	0.0346266931970177
E-GEOD-18647_4	0.0186753498476405	0.0817921282780358	0	0.018660007023016
E-GEOD-18648_1	0.0111385329373924	0.0281418630374597	0.0116983857006073	0.0194081846015138
E-GEOD-18648_2	-0.0162056153902325	-0.0710809851817819	-0.0185817133007351	-0.0200520730637868
E-GEOD-2154_1	0.0166590880383984	0.0722779690280252	0.00400997646198208	0.0238046092647841
E-GEOD-2154_2	-0.00012823855857845	0.0539829563405973	0.00384603168141179	0.0104360691363145
E-GEOD-2154_3	0.00431246763398235	0.0495367852189235	0.00154226774039581	0.00886406419950794
E-GEOD-2154_4	0.0114768522503952	-0.00659142215697878	0.0120029122628835	0.0095039490136183
E-GEOD-26475_1	-0.0332849129137071	-0.0484110032801537	-0.031541777340482	-0.0193375134505021
E-GEOD-26475_2	0.0122593279987098	0.0132722090308527	0	0.0107072360839474
E-GEOD-26475_3	0.005896225667182	0.0273107674352252	0.0128345655019583	0.0121805458758444
E-GEOD-33567_1	0.0102543844155474	0.0593798379743412	NA	NA
E-GEOD-33567_2	-0.00971966060075075	-0.0352329176840556	NA	NA
E-GEOD-37287_1	-0.00299556186943994	-0.0101646580532828	NA	NA
E-GEOD-37287_2	0.00215288768201205	0.00533106782144143	NA	NA
E-GEOD-37287_3	0.00295937513656151	0.0435554579451933	NA	NA
E-GEOD-51994_1	0.00952440852893641	-0.0137399860303969	0.00562947115750189	0.00139126511530831
E-GEOD-51994_2	0.00521996283015898	-0.0265507564159066	-0.00113357341797071	0.00394120251793964
E-GEOD-51994_3	-0.00596306790309359	-0.0266835825909962	0.00270215312498748	-0.00276059307389231
E-GEOD-65077_1	-0.00434782608695652	-0.0218445357292701	NA	NA
E-MEXP-1244_1	-0.0108269562053059	-0.0235540749262418	NA	NA
E-MTAB-1123_1	-0.00277200321493119	0.00276867713318312	-0.00312508078558053	0.0027912383894017
E-MTAB-1123_2	-0.00321552777078497	0.0238829898932612	0.000315777832105148	-0.00256010884938325
E-MTAB-1123_3	0.00137135020986852	0.0286641257534112	0	0.00578196154513032
E-MTAB-1123_4	-0.00980392156862745	0.00130289999377141	0	-0.0110690633869442
E-MTAB-1391_1	0.00509174695356254	0.063763023972228	0.00352685196132514	-0.00213918417427181
E-MTAB-1391_2	0.0121229258625613	0.0718924143027615	0.0112697939842811	0.00778843131666653
E-MTAB-1391_3	0.0125475296075152	0.0571700371218277	0.0114763664746356	0.00853382540755766
E-MTAB-2450_1	-0.00153448815578049	-0.0185096355510749	-0.00659859453725418	-0.00824614679324793
E-MTAB-2450_2	-0.00946556762223566	-0.0496872595200608	-0.00980948507985962	-0.00484907423309702
E-MTAB-2450_3	-0.00901174966079812	-0.0284840864132967	-0.00787353080306829	-0.0140155103433962
E-MTAB-2450_4	0.00272659759611466	-0.0102977357834412	0.000986138936026119	-0.00920464022171654
E-MTAB-5023_1	0.00830082262837916	0.0316305649810999	NA	0.0142099070385727
E-MTAB-5326_1	-0.00532742355422876	0.00796350242591967	NA	NA
E-MTAB-5326_2	-0.00291065621438603	0.0187027355066357	NA	NA
E-MTAB-5326_3	0.00195025760928158	0.00915071237238458	NA	NA
GSE102588_1	0.0099281651206302	-0.000617360414316567	-0.000984030589293748	0.00838080416787956
GSE104793_1	0.0132425415785027	0.0537232577517533	0.0156649414355137	0.0100027838327053
GSE104794_1	-0.0124543522180098	0.000828062927063463	-0.00950568613698483	-0.0142149869878866
GSE104795_1	-0.011776814450574	-0.00189201857339979	-0.00773997877442037	-0.00882147053333305
GSE105139_1	0	0.0317352537725593	NA	0.00826301236236466
GSE105139_2	0.00393475572047001	0.0600252286545875	NA	-0.00081551286698079
GSE105139_3	0.00197628458498024	0.0452620142786924	0	0.00239700067607711
GSE10555_1	-0.0148930217820371	-0.0932691239103795	NA	NA
GSE10556_1	0.0147588072473865	-0.00215231096417264	0.017230083275586	0.0156339734081484
GSE106631_1	0.00246700174070635	0.0541741788886946	0.00363333014323141	0.00239972359632724
GSE13104_1	0.00168656570744663	0.0424852915444957	NA	NA
GSE13104_2	0.00168687365334432	0.0320513171110992	NA	NA
GSE13104_3	0.00338209509522539	0.0458826819091171	NA	NA
GSE16749_1	0.000655355414326192	0.00864623698290242	NA	NA
GSE16749_2	-0.0083721427086701	-0.021138233336147	NA	NA
GSE16749_3	-0.000209058708272579	0.0178146395535955	NA	NA
GSE17348_1	-0.00525343738868489	-0.0205164236115047	NA	NA
GSE17563_1	-0.00633426301488319	-0.0350777198392115	NA	NA
GSE17563_2	0.0155088547117186	0.0353742988764557	NA	NA
GSE17569_1	0.00640967728243218	0.0340925162381508	NA	NA
GSE17569_2	0.0178277915927078	0.110691504824439	NA	NA
GSE17570_1	0.0205653204577951	0.124659450145778	NA	NA
GSE17570_2	0.0145107118699811	0.0598715230964464	NA	NA
GSE18991_1	0	-0.0326870513083053	NA	-0.00894190940887917
GSE18992_1	0	-0.0153560412755074	NA	-0.00918139911205935
GSE19299_1	-0.00399815526019844	-0.00633084636309066	-0.00562422103860634	-0.00724071759476439
GSE20850_1	-0.000835435725916168	-0.00628852217715679	NA	NA
GSE21093_1	0.00312895254472003	0.0322345201205632	NA	NA
GSE21523_1	-0.0105462729775517	-0.0173807031078122	NA	NA
GSE21639_1	0.00422711637920368	0.00728960240882417	NA	NA
GSE21639_2	0.00113135468704085	-0.00597192536685673	NA	NA
GSE21639_3	0.00187649711083097	0.00109152935492048	NA	NA
GSE21639_4	-0.00389038413488855	-0.0076309442987143	NA	NA
GSE21710_1	-0.00183311165883249	-0.0054232882252776	NA	NA
GSE21710_2	-0.00329172205430593	-0.00611241980970867	NA	NA
GSE21710_3	-0.00269366147321944	-0.00381010671840185	NA	NA
GSE22925_1	-0.012155667557355	-0.0145887223547549	-0.00668451342660919	-0.00608071134751441
GSE22925_2	0.00467901845556018	0.0230874429619534	-0.00457248332744842	0.00643054778219317
GSE26499_1	-0.00595422111935446	-0.00284516434567737	NA	NA
GSE30160_1	0.00665779970419739	0.0334364859847395	0.00620037634512765	0.00276259247703924
GSE30628_1	-0.00506589927686289	-0.0293595981631698	-0.00412523248825921	-0.000319475829567177
GSE30628_2	0.00399225194084169	0.0259659066775366	0.00104324929474874	-0.000772696244888306
GSE32163_1	0.00586623743948394	0.033283498224866	NA	0.013109145933216
GSE33656_1	0.00948384782620119	0.0344103826000776	NA	NA
GSE33754_1	-0.00223771093176816	0.0218613207146047	-0.00753768844221105	0.00317869184016386
GSE33754_2	0.00234506234269743	0.0239880947615782	-0.00314503322420819	-0.000467467247612206
GSE33754_3	-0.0137280711704505	-0.0144755302106335	-0.0123721168118395	-0.0160639296993252
GSE34570_1	-0.000238405898876913	-0.0107083358140713	NA	NA
GSE35003_1	0.0207662837868117	0.0563566912342291	NA	NA
GSE35466_1	-0.00601577510068875	0.0487702308419763	NA	NA
GSE35466_2	-0.00275461592507279	-0.00472981462599535	NA	NA
GSE35466_3	0.00371569152335846	0.0573473382913205	NA	NA
GSE35466_4	-0.00466562112074344	0.00582866886452548	NA	NA
GSE35466_5	-0.00198940082197707	-0.0289834391484158	NA	NA
GSE36925_1	0	-0.00434036489356057	NA	NA
GSE36925_2	-0.030354409712227	-0.0827406548745041	NA	NA
GSE36925_3	-0.0326448715347997	-0.0955667337616831	NA	NA
GSE37219_1	-0.00741718796483743	-0.0391617298784875	NA	NA
GSE37676_1	-0.00902225580980818	-0.0156342433399623	-0.00841629337413242	-0.0129949351975683
GSE41342_1	0.0193373478046015	0.0368643399297151	0.00688626587932843	-0.00327655606673581
GSE41342_2	0.0255706037199887	0.0245632038778746	NA	0.0249671036015665
GSE41342_3	0.0149196101257033	0.0262243281555179	NA	0.0159696348593092
GSE41342_4	0.0263273100798272	-0.01390499893231	0.0149253731343284	0.00550361548488511
GSE41997_1	-0.0264181939452114	-0.0864990080499341	-0.00634743764240167	-0.0235127380142339
GSE43242_1	0.000312485126665669	0.021161874539367	0.00347741517626538	0.00164297125851139
GSE43242_2	-0.00823079023513712	-0.0357905305591583	-0.0117924528301887	-0.0102329511920305
GSE43663_1	-0.0128122905695282	-0.0108244691932947	NA	-0.00565581233395041
GSE43854_1	0.00102685523936699	-0.00277264377522275	NA	NA
GSE45656_1	0.00254145408384663	0.0013836167070003	NA	NA
GSE45656_2	0.000326243836807146	0.0367030285773607	NA	NA
GSE45656_3	0.00308419497803281	0.0297695336669506	NA	NA
GSE45793_1	-0.00667381218703496	-0.031231554451082	-0.00293527055283346	0
GSE45793_2	-0.00277807044219274	-0.0141836371535543	-0.00430681176657737	0
GSE45793_3	-0.00318420914279677	-0.019512470476813	0.000234614183168464	0
GSE45793_4	-0.000199321777651146	-0.0230969684369885	0.000778054131000526	0
GSE45793_5	-0.00598132914012846	-0.051100250478731	-0.00929210583036467	0
GSE46390_1	0.00713374973749807	-0.00825201164839001	NA	NA
GSE48438_1	-0.00933988445152064	-0.0375573356212071	NA	-0.00254395117000879
GSE50549_1	0.000460201493963009	0.00829592662721667	0.000452952165971882	-0.00315522621008962
GSE50549_2	-0.009716539798003	-0.0192855569638458	-0.00981601093435599	-0.0125760117741236
GSE51098_1	0.0491359105157621	0.209503673833316	0.0584467550965841	0.0666095727471691
GSE53857_1	0.0357915029087224	0.0743577564986064	0	0.0470203940616332
GSE53857_2	0.00974025974025974	0.0595052660337558	0	-0.00282823033973948
GSE53857_3	-0.00102396191910499	-0.012008216155899	0	-0.0290272895097509
GSE53982_1	0.00864178515981173	0.0317921571805303	0.0106771625394997	0.00612586611546326
GSE53982_2	0.00148955484348844	0.0419037383317555	0.00156605400522894	0.000442755397197099
GSE54779_1	-0.00338872399564278	-0.00715146303324867	-0.0030071724668735	0.00843113748734967
GSE55900_1	0	0.0261482199973533	0	0.00754354697506938
GSE57104_1	-0.00441889935909606	-0.0258556771164508	NA	-7.56489740378519e-05
GSE59387_1	-0.00442778540537573	0.0178453545341465	NA	NA
GSE60401_1	0.0027197710051104	0.0423474960489877	NA	NA
GSE60401_2	-0.00245957977358742	-0.0727115348764027	NA	NA
GSE60651_1	-0.0189252702507399	-0.037748404603489	NA	NA
GSE60737_1	0.00690457424380244	0.0407961424161165	NA	NA
GSE60761_1	0	0.0144581540026747	0	0.00497402096131621
GSE60761_2	0	-0.0219794632746173	NA	-0.00152439024390244
GSE60761_3	-0.000731281891075705	0.0402019011004805	0.00396825396825397	0.00148164017827982
GSE60761_4	0.00617804712628388	0.0582835808011451	0.00403225806451613	0.00254724478405697
GSE63017_1	0	0.0161908513492411	NA	-0.000336046656626714
GSE63017_2	0.00671140939597315	0.0279233725769864	NA	0.0153067795998908
GSE63017_3	-0.000531723887273131	-0.00911720560319307	0.00669642857142857	0.00427991286930813
GSE63017_4	0.0019082332761578	-0.0139004139157872	NA	0.00530258195703908
GSE63939_1	0.00166197365584114	0.0206469550289801	0.00239068260273559	-0.0116413590097997
GSE63939_2	0.00161214585895617	0.0197804818259522	0.00193138432220357	-0.00898001849230442
GSE64141_1	-0.00333729113425291	-0.0198992421097666	NA	NA
GSE64965_1	0.00420704059645663	0.072313576556835	0.00458327956385937	0.0166148715975572
GSE65745_1	0.00222222222222222	0.016233049696001	NA	0.00231786029008979
GSE65745_2	0.00431034482758621	0.0177629539695927	0.004739336492891	0.00618987521800123
GSE65745_3	0.00431034482758621	-0.00686868075373207	0.00476190476190476	-0.00334846313107183
GSE66416_1	0.000981753026443284	0.00355437266794378	NA	NA
GSE66862_1	0.010191696221108	0.0414631769514042	0.00951321268470011	0.0039365100636716
GSE69108_1	0.0165421392952451	0.0432757315778854	0.0172691369356048	0.0148272479154832
GSE71565_1	-0.000400417571346472	0.0338042673110962	NA	NA
GSE72261_1	-0.00302989364795888	0.000955382933785345	-0.0100477519168822	0.00913706677614627
GSE72261_2	-0.0170611725758839	-0.0742069871586755	-0.017080449813715	-0.0363724198506807
GSE72261_3	-0.00808918531200672	-0.0194313974771742	-0.00166615773455331	-0.0144634770507137
GSE7683_1	0.00832578566067121	0.0278361667581195	0.00782631568657769	-0.00504777022896769
GSE7683_2	-0.00705770056559259	-0.0343065451307231	0.000644497989147067	-0.00932647041117332
GSE78980_1	0.0072564257940604	0.01395119667607	NA	NA
GSE78980_2	-0.0103448275862069	-0.0495659227077937	NA	NA
GSE78980_3	-0.00102621525391528	-0.0092940504485374	NA	NA
GSE78980_4	-0.0116103005562335	-0.0365580616901956	NA	NA
GSE78980_5	-0.00214521203202942	0.0135157496677492	NA	NA
GSE78980_6	-0.00433592680693607	-0.0176138967891216	NA	NA
GSE78980_7	-0.00789503375669092	-0.0432232522312523	NA	NA
GSE78980_8	-0.0084730015940118	-0.0376881208326233	NA	NA
GSE78980_9	-0.0101557319687596	-0.031134716247006	NA	NA
GSE78980_10	-0.0118466339742436	-0.0361523395082528	NA	NA
GSE81399_1	0.00148434321785878	0.00949629834351297	NA	0.00256032686552081
GSE84609_1	-0.0016035576196773	-0.0125823804542168	-0.00145507866017247	0.00662533507542825
GSE84907_1	0.00806513124569034	0.01489006258927	0.00664338354520987	0.0103116419990573
GSE84907_2	-0.000420017267533254	-0.00775715893385291	-0.00147467188435627	-0.000700499828037318
GSE84907_3	-0.0157178073686047	-0.0337091778948254	-0.0137558157741704	-0.0132451803311233
GSE90127_1	0.0099446768360293	0.0510828736615457	NA	NA
GSE90127_2	0.00446988214893841	-0.00393292566128886	NA	NA
GSE90127_3	0.00785598214148638	0.0477367418087481	NA	NA
GSE9247_1	-0.0024136893291653	0.00604753442717437	-0.00125688392958476	-0.00579042759313508
GSE9247_2	0.000514316053990299	0.0109279093212227	0.000490647635360863	0.00897693319860438
GSE9247_3	-0.0067469145611526	0.00734611524272401	-0.00572564689026055	0.00340218872205489
GSE99306_1	-0.0039792615453145	-0.000337870633812892	-0.00303635694420267	-0.00861309627153489
GSE99306_2	0.0107144849826848	0.0531251030782661	0.00701486035919384	0.0192373942560653
GSE99306_3	-0.026414177427997	-0.0793023756832394	-0.0214464437660781	-0.0258452100441901
GSE99306_4	0.00903669765645275	0.0597064558684052	0.00746449159564162	0.0150709993203376
GSE99306_5	0.0188472348821446	0.081809954378507	0.0161466049313534	0.026303672153793
GSE99306_6	0.0159297358806219	0.0883225250224388	0.0162457369793644	0.0309422142463472
GSE99306_7	-0.0116769638128861	-0.0445138902083458	0	-0.00635909146413747
GSE99306_8	0.0113230905491049	0.0622508560107632	0.00891142028195599	0.0127306477132256
GSE99306_9	0.017906543118621	0.0943504483137632	0.0202142524721522	0.0269036922890432
GSE99306_10	-0.0329505586582717	-0.104553996717961	-0.0166586618169013	-0.0239368061094239
GSE99306_11	0.0113011755989484	0.0697497499568925	0.0130273652717895	0.0184875531381413
GSE99306_12	0.0116195415766074	0.0634431193226189	0.0128808239937931	0.0304169110720063
GSE99306_13	-0.000232214100156345	0.00310469389291865	-0.000738539580034198	7.8465001683535e-05
GSE99414_1	-0.0097748757542572	0.00897320574691717	-0.0131971051511281	-0.0179799189876099
GSE110581_1	-0.000892644322188885	-0.00321892577668584	-0.00463742887091944	-0.00557926106539334
GSE110581_2	0	-0.0560956889710623	0	-0.00932054603344002
GSE47799_1	0.184950773558368	0.487906792758879	0.122146118721461	0.246039714523942
GSE47799_2	-0.333489412335841	-0.745779826652949	-0.330833333333333	-0.304920049200492
GSE111628_1	-0.00116431187859759	0.0121719663205016	NA	NA
GSE111628_2	-0.00118914007802897	0.0163346375246224	NA	NA
GSE111628_3	-0.00472735136174149	0.0187140684861397	NA	NA
GSE5657_1	0.00580256868052756	0.0256831550381656	0.00395043246839654	0.00154442662535728
GSE5657_2	0.000932470702000783	0.0352640993391006	-0.00131395643363728	0.0103970944683392
GSE13782_1	0.019793192325973	0.0638989382491724	0.00645241028923892	-0.000223126341028227
GSE41039_1	0.00607792008589616	0.0536254852912305	0	0.0018003763942017
GSE84198_1	-0.00861595742141817	0.0144295610403327	-0.00398406374501992	-0.00445978696595374
GSE84198_2	0.0098536785825766	0.0287947668074113	0.0129131045257568	0.0146606225695788
GSE84198_3	-0.00750397812321185	-0.0419178050006879	-0.0102392901763971	-0.0114473114113471
E-GEOD-54216_1	0.0273437023434287	0.102729008022431	0.0284183090561995	0.0491151415517199
E-GEOD-54216_2	0.0276712215632958	0.104063514399963	0.0288441031028053	0.0415540225899585
E-GEOD-54216_3	0.00576926183232639	0.035326164140695	0.00459593069041137	0.0118890905214516
E-GEOD-6119_1	5.30256020047758e-05	0.00848821936859998	0.000843472025199849	-0.00243750823446118
E-GEOD-6119_2	0.00386637554827914	0.00632191397006862	0.00377629696619141	-0.000973474412851946
E-GEOD-6119_3	0.00439497760473508	0.0104627257765975	0.00302422507892193	-0.00414254038644283
E-GEOD-8077_1	-0.0354621336991864	-0.075109172070102	-0.0310851402175834	-0.0230502358118241
E-GEOD-8077_2	-0.00697115384615385	0.00573936633974583	-0.00264550264550265	-0.00491782518706086
E-GEOD-8077_3	0.0262223634950908	0.0683229917524851	0.0329907866761162	0.0166670743374069
GSE103416_1	0.0100576863431358	0.0214759184947818	0.00715375679471686	0.0160765917030517
GSE103416_2	0.0197473758382138	0.0246816635702763	0.0196296903318304	0.0171554604692665
GSE103416_3	0.00666744692612022	-0.00231893279706642	0.00695603145071182	0.0268288783267199
GSE19950_1	-0.00176547385775143	0.00348277620141641	0.00052798190799911	-0.004372180443919
GSE30322_1	-0.00280812682968699	-0.00313034110844382	0.000875745700891252	-0.0143766319866371
GSE30322_2	-0.00553118970678998	-0.0249498165310022	-0.011887356221881	0.00390422205652449
GSE30322_3	0.00552372439878445	-0.00681892453594026	0.00448582672717231	0.00622052851396347
GSE42295_1	-0.0034965034965035	-0.00968830512002015	0	-0.00211512078220873
GSE42295_2	-0.00303841663856834	-0.0216477942099361	-0.0023300257803828	-0.00580211564759472
GSE42295_3	-0.00627250218354932	-0.0200770504592506	-0.00737313288817086	0.00229396303098792
GSE66554_1	0.000950994320425854	-0.0151134962821254	0.00115068927369081	0.00871558998648692
GSE66554_2	0.00141807821823049	-0.0122806965001359	0.00684412832509417	0.00699677542210573
GSE66554_3	0.0104982633901381	0.0343375394577875	0	0.0149115497257368
GSE66554_4	0.00482488902229643	0.0840361905398313	0.00484036242025401	0.00561797752808989
GSE74898_1	-0.0140209903892653	-0.0396434355077742	-0.0128962706024977	0.00228612794235737
GSE74898_2	-0.0128951603728228	-0.0330104014725498	-0.0108035649154194	0.000921514939230242
GSE74898_3	-0.00845246590798251	-0.0398407058485173	-0.00677959229599963	0.000930414901003138
GSE79176_1	0	-0.012434402841407	NA	NA
GSE79176_2	-0.00566323800463761	0.00123559957352579	NA	NA
GSE79176_3	0	0.0124631170583037	NA	NA
GSE85785_1	0.015228699341099	0.0488399981641561	0	0.0137690837853339
GSE23492_1	0.00589541271631272	0.0158878705427734	NA	NA
GSE23492_2	-0.00182043040697202	0.0114398409505542	NA	NA
GSE23492_3	0.00958836448948681	0.0232155203683573	NA	NA
GSE23492_4	0.00301106855393242	0.0064567677709131	NA	NA
GSE23492_5	-0.00187878772990634	-0.0163801508093507	NA	NA
GSE44991_1	0.0139663016647328	0.0364484594367028	0.0265987549518959	0.0303616713902559
GSE44991_2	0.00817968406123148	0.0351782191545434	NA	0.00725204832969261
GSE39796_1	-0.0129413755703796	-0.0254612615859613	NA	NA
GSE39796_2	-0.0080736952546718	-0.0461354471997228	NA	NA
GSE39796_3	-0.00143708103579073	0.0174708419760027	NA	NA
GSE18394_1	-0.0124831025400217	-0.0673558281345999	-0.0138906910812699	0
GSE18394_2	-0.00540214155007304	-0.0219263379491234	-0.00194384308492527	0
GSE18394_3	-0.0112618789898626	-0.0564657971163295	-0.0104388187523722	0
GSE29233_1	0.0169617541244425	0.024808664547203	NA	NA
E-MEXP-2291_1	-0.00732003487409487	-0.031055369027795	NA	NA
E-MEXP-2291_2	0.0257062960609073	0.112305651135608	NA	NA
E-MEXP-2291_3	-0.027275641797243	-0.129633802968025	NA	NA
GSE107363_1	-0.013724979990387	-0.0183412085016846	NA	NA
GSE85761_1	0.00796499270874661	0.087184837689238	NA	NA
GSE89179_1	0.0076107889688191	0.0572759386595341	NA	NA
GSE89179_2	-0.00266463480906583	-0.0355083610982507	NA	NA
GSE89179_3	-0.00536868392047376	-0.0164280800587347	NA	NA
GSE89179_4	-0.00631963879764717	-0.0265331424312774	NA	NA
GSE89179_5	-0.000848579786950731	0.00929952051521241	NA	NA
GSE89179_6	0.0022363631361177	0.00672597636790037	NA	NA
GSE89179_7	0.000549558046011625	0.0086738200551589	NA	NA
E-GEOD-57723_1	-0.000762381213903078	-0.00724697451647987	NA	NA
E-GEOD-57723_2	-0.00318737040649185	0.000185753189029848	NA	NA
E-GEOD-57723_3	-0.0016768038982696	-0.00336359736543513	NA	NA
E-GEOD-83930_1	0.0117308936134699	0.0292323550789139	NA	NA
GSE100268_1	0.00661433143956136	0.0288885277251869	NA	NA
E-GEOD-55769_1	-0.00280157360614651	-0.0245945914194214	-0.00316133510403253	-0.0152463599486751
E-GEOD-55769_2	-0.00420168067226891	-0.0120827015713543	-0.00510204081632653	0.000297274950424978
E-GEOD-55769_3	-0.00288029873702574	-0.0209207038557153	-0.00307976824211505	-0.011702424654879
E-GEOD-69110_1	-0.0081854572513471	-0.0126107978003049	-0.00911701192643625	0.00675060294405131
E-MTAB-4304_1	0.0188979138681698	0.0297871141566378	0.0200105709413914	0.0270796645439969
E-MTAB-4879_1	-0.00591135100324202	-0.0221115073371281	-0.00449557451239537	0.00058005078134803
E-MTAB-4879_2	0.00117022956307209	0.0170335332327773	0.0025954540746765	0.00666348088572601
E-MTAB-4879_3	-0.00185145453290112	-0.00353011802514177	0.00354609929078014	-0.000824972830448113
E-MTAB-4879_4	-0.000994480248615457	0.00984250564400352	0.0032258064516129	-0.00290465504799982
Cytokine_Explant_1	0.00765056064328288	0.0213947868690509	0.00659202964052926	0.0133761882488502
Cytokine_Explant_2	0.00818072249218724	0.0397134088576759	0.0125375077566322	0.0168185819603974
Cytokine_Explant_3	0.0114627223847552	0.0324274806108776	0.0173022121614533	0.00583958761328696
Cytokine_Explant_4	-0.00315458571592899	0.0157028452188884	0.0164473684210526	0.0100067791196645
Cytokine_Explant_5	0.00184632905834128	0.0222900914428288	0.00282407965993265	0.00611705274714265
FN1_Explant_1	0.00935995601597222	0.0408756535543818	0.00624276835763727	0.0198850080813987
E-MTAB-6266_1	0.000290712775470876	0.00064740160477597	0.00254210468324102	0.00763605339910946
E-MTAB-6266_B_1	-0.0075945245099604	-0.035289919492012	-0.00188364894178789	0.00366045341926829
E-MTAB-6266_B_2	0.00775222896259858	0.0358601408016907	0.0099736581702748	0.00206441027085334
E-MTAB-6266_B_3	0.0152119454015538	0.0817604776805084	0.016860553042115	0.0217089683925649
GSE70667_1	-0.00347222222222222	0.026060711842325	0	0.0132092249979912
GSE87608_1	0.00266434357950427	0.027548203341125	NA	0.00606692558820218
GSE87608_2	0.00654884940150644	0.0158579281092699	0.00210084033613445	-0.00178768197427581
GSE87608_3	0.00326294445633469	0.018932389903597	0.00291486538543851	-0.0120585090501206
GSE87608_4	0.00401412790160096	0.0190632343536781	0.0115933098564842	0.0112002045947648
GSE90890_1	0.00595664170521009	-0.00702829437430992	0.00929093567251462	0.0310055488882177
GSE97118_1	0.0180271962371365	0.0820197321225413	NA	NA
GSE97118_2	0.0150788404185076	0.0699731218629011	NA	NA
GSE97118_3	0.0231172480690029	0.106470092260399	NA	NA
GSE97118_4	0.00935746480942226	0.0489832478930217	NA	NA
GSE97118_5	0.0196338015931126	0.0700404367962533	NA	NA
GSE97118_6	0.0136466533689431	0.0510922809543673	NA	NA
GSE97118_7	0.00813169432075145	0.0354010699176761	NA	NA
GSE107592_1	-0.00439265443696573	-0.0147398084426565	-0.00966000316610611	0.00196694008780597
GSE92641_1	0.0190653073949224	0.0714964117984636	0.0257939361110457	0.0389147084782623
GSE107849_1	0	-0.00521905433350618	NA	NA
E-ERAD-89_1	-0.0029585798816568	-0.00468753916978018	NA	NA
E-ERAD-89_2	0.00193798449612403	0.0144553657318062	NA	NA
E-ERAD-89_3	0.00276243093922652	0.0100012832733352	NA	NA
E-ERAD-89_4	0	0.00156867944252287	NA	NA
E-GEOD-45893_1	0	-0.019266642815351	NA	NA
E-GEOD-53105_1	-0.00212036598675627	-0.0273795737942267	0	0.000636926030499058
E-GEOD-53105_2	-0.00917951684587251	-0.039178679053445	-0.0118711550233183	-0.0149142892829966
E-GEOD-54461_1	0.00154689567223793	-0.0177715168505387	0.00313967531912889	0.00492699663117587
E-GEOD-54461_2	0.00250535763385957	-0.0246846572187412	0.00381565328653154	0.00104935382149716
E-GEOD-54461_3	-7.67088629141819e-05	-0.0230848269682784	-2.61053147584851e-05	0.0069602598229112
E-GEOD-54461_4	-0.00375231652978839	-0.0339548445535363	-0.00600757377163907	-0.00358932780029125
E-GEOD-54461_5	-0.00528137532282907	-0.0382050183702586	-0.00592944882680461	0.00151367441217699
E-GEOD-54461_6	-0.00692858822246684	-0.0361785047039896	-0.00722619318808431	-0.000344927550187162
E-GEOD-54461_7	-0.00472498802644494	-0.034424794152649	-0.00482585193307209	-0.0102964196431261
E-GEOD-54461_8	-0.00670650530410536	-0.0470739672166939	-0.00672150406017958	-0.010369292898906
E-GEOD-73372_1	0.00393707364861287	-0.00949407228079012	NA	NA
E-GEOD-73372_2	0.00223486407004817	0.0162568092842168	NA	NA
E-GEOD-73372_3	0.0089904814239415	0.0276456617071316	NA	NA
E-GEOD-75549_1	-0.0120372953232272	0.0234656312053632	NA	NA
E-GEOD-76988_1	-0.00535452766587542	0.0121250312445261	NA	NA
E-MTAB-2923_1	-0.00327610894732646	-0.0422157964563723	NA	NA
E-MTAB-2923_2	0.000589321597799758	0.00193450802406847	NA	NA
E-MTAB-2923_3	-0.0128476021048912	-0.0632491849367259	NA	NA
E-MTAB-2923_4	0.0148380242233706	0.0827127117461272	NA	NA
E-MTAB-3428_1	0.00945098827615578	0.0878823259395621	NA	NA
E-MTAB-3428_2	0.00422027087833231	0.0497637472697882	NA	NA
E-MTAB-3428_3	0.0119038226415732	0.0291127960267178	NA	NA
E-MTAB-3428_4	0.00855511688869349	0.0842621179363056	NA	NA
GSE102856_1	-0.00122742566103185	0.0254949073131504	NA	NA
GSE103492_1	0.00106415131788065	-0.00253400641029493	0.00263338080818765	-0.00543795636689087
GSE103492_2	0.00285196644146001	0.0257881334827714	0.00226402827976605	-0.0130070411933431
GSE103492_3	0.000204103095775453	0.00948811872844172	-0.0034310154254353	0.00240779632625766
GSE103492_4	-0.00471783748607432	-0.0109031541023872	-0.00450953222037559	-0.00929860958308162
GSE103492_5	-0.00578181027198558	-0.00453741762198485	-0.0101981722474818	-0.00935520944905672
GSE103492_6	-0.0114385880612943	-0.01436039320668	-0.0152821328815778	-0.00320593293665038
GSE103492_7	-0.00519909140573476	-0.0115603187440076	-0.00653479395507479	-0.00928266648815619
GSE103492_8	-0.00560972249556501	0.0161941190035404	-0.00772676706225662	-0.00496189940592904
GSE103492_9	-0.00581797818700462	0.0139160629735272	-0.0115499358099497	-0.00924773960208808
GSE103492_10	0.003125	-0.00338353484918517	0	-0.00402975988913489
GSE106259_1	0.00451581550391348	-0.00369629041863846	0.000310441613981756	-0.00584769244187551
GSE110303_1	0.00965244856657499	-0.0117045081748	NA	NA
GSE110303_2	0.00817524368514831	0.0382705637296025	NA	NA
GSE110303_3	0.0160443136582138	0.0289274560265627	NA	NA
GSE110300_1	0.00213010256749377	0.0204307990435796	NA	NA
GSE110300_2	0.00295290688755944	0.042631469133828	NA	NA
GSE110300_3	0.0015082478732197	0.0337950294057887	NA	NA
GSE110281_1	-0.0315626026385662	-0.129727548960181	NA	NA
GSE110281_2	-0.0195431066494064	-0.0693794889848427	NA	NA
GSE110281_3	0.00675032045220665	0.062592271529724	NA	NA
GSE104459_1	-0.000409604058633002	-0.000177280086969817	0.00701898289196157	-0.000908424162277453
GSE104459_2	0.00595729375193809	0.000708100557440223	0.0122112582366582	0.0117604317430439
GSE104459_3	-0.00067322220477474	0.0142625339686761	-0.00220264317180617	0.00654972271882274
GSE110051_1	0.0107661937102217	0.101991821018201	0.0174931445233956	0.0431827625693028
GSE110051_2	0.00406874446334604	0.061921958060171	0.0140589074737778	0.0149769291630639
GSE110051_3	0.00986417091991745	0.120867377872048	0.0174799246882953	0.0439271164830526
GSE112694_1	-0.00249214468128152	-0.0117899584141869	-0.00381495190124958	-0.0034912721125039
GSE112694_2	-0.00319437033637212	-0.0257188605659405	-0.0038102402917091	-0.00950695999133485
GSE112694_3	0.00688349266002648	0.0215981137960329	0.00919540940885382	0.00967376709372203
GSE112694_4	-0.00274431881009051	-0.00704331733616262	-0.00107187257041649	0.00318567654560481
E-MTAB-5879_1	0.0162375740244476	0.0548816458286409	0.0117780547971049	0.0121026305394363
E-MTAB-5879_2	0.00127285614031241	-0.00832943036744526	0.00112859422290889	-0.0155117270788913
E-MTAB-5879_3	0.0108732261631314	0.0233101712224663	0.0100306733510382	-0.0199714243428168
E-MTAB-5879_4	-6.77184432220045e-05	-0.0243559512077176	-0.00693231119293525	-0.00768198295914482
E-MTAB-5879_5	0.0186685199260385	0.0578084428802392	0.0174159701117675	-0.0200059165194081
E-MTAB-5879_6	0.00405695695114934	-0.0143647870599723	-0.000789645397834074	-0.0162226219176415
E-MTAB-5879_7	-0.00541792945049423	-0.0138286054444586	0	-0.0491660369610726
E-MTAB-5879_8	-0.0109641366915819	-0.0295141943830561	0	-0.0167958941882286
E-MTAB-5879_9	0.00394772647333399	0.0146679120878251	0	-0.0124915926253282
E-MTAB-5879_10	-0.00675966964113671	-0.0531545415217209	-0.00328947368421053	-0.0210762634783949
E-MTAB-4294_1	3.30914574502919e-05	-0.0185157041009879	-0.00134614048089084	0.0074105153754443
E-MTAB-4294_2	-0.00457190375984468	-0.0315708374155698	-0.00398417385292223	0.0051221488982232
E-MTAB-4294_3	-0.00784185681147202	-0.0256613951705244	-0.00886272457701029	0.00978344769370107
E-MTAB-3186_1	-0.00402291973094536	-0.0269439394260059	-0.0031500392600407	-0.012628690857639
E-MTAB-3186_2	0.00224670493894825	0.00475954643053932	0.00461146208045955	0.012488712659041
E-MTAB-3186_3	0.00892310336044427	0.0179122330369384	0.014187724903853	-0.00171399824616073
E-MTAB-3186_4	0.0101871750570173	0.0172762306715745	0.0141667316601613	0.0100690970937252
