comparisonID	jaccard	cosine	sigjaccard	chrDir
22659600_1	-0.00678678863270778	-0.0482646123541161	-0.00810728259340903	-0.00604082990257642
24361742_1	0.0104995834091012	0.0473130492166239	-0.00319017603058392	0
GSE72258_1	0	-0.0396104016077922	0	0
GSE72258_2	0	-0.0134879367158124	NA	0
GSE69531_1	0.00278012544468003	-0.0228586287421471	NA	NA
GSE69531_2	0.0137919739048344	0.0336332485066282	NA	NA
GSE69531_3	0.0247147372436376	0.076494491581937	NA	NA
GSE69531_4	0.00278012544468003	-0.0228586287421471	NA	NA
GSE58203_1	0.00899340845485344	0.0143638316316343	0.0152063966496956	0.0156814928846355
GSE58203_2	0.00961071937192174	0.00567435808762135	0.0070569357259368	0.0225064928747433
GSE58203_3	-0.00795900467083526	0.00628058943797676	-0.00586101234825233	-0.006978651424371
GSE58203_4	0.00299484965740495	0.0155570398299138	0.00283588681151608	0.00625191478590793
GSE58203_5	0.0278043848446147	0.0444890775495132	0.0162847790507365	0.0248693659932926
GSE58203_6	0.0160638674801787	0.0625863738724229	0.0124345697149943	0.0120454597115199
GSE58203_7	0.00862513353514292	0.0631039373835729	0.00841509418818136	0.00828315328646069
GSE58203_8	0.0115985069365151	0.0901105558346489	0.0116598746898474	-0.00234435639877519
GSE59642_1	-0.00446985555849269	-0.0335955293092885	NA	NA
GSE59642_2	0.00653128852507645	0.0252402238061215	NA	NA
GSE59642_3	0.0126285887502106	0.0704556476597533	NA	NA
GSE64922_1	0.0046600139844934	0.0167494968758883	0.00544138184292738	-0.0037123206273948
GSE60162_1	0.0049070992049781	0.0728827918731505	NA	NA
GSE31685_1	-0.00341144934418349	-0.0492268610475912	0.00053585453870806	0
E-MEXP-3890_1	-0.0023902701073986	-0.0151466587844903	-0.00154662002435807	-0.0166538408838089
GSE31980_1	0.0124073361845649	0.0572864823826946	0.0115631030397036	0
GSE15615_1	-0.000720102695654817	-0.0601343092278001	-0.00612486444166606	0
GSE15083_1	0.0105976184404138	0.0281630957874369	NA	0.0170953497775271
GSE108035_1	-0.00539243716993482	0.00581754820961905	-0.0044155298429814	-0.00961591341450412
GSE108035_2	0.00386475906611989	0.022287915240364	0.00181476061945086	-0.0137800938219154
GSE108035_3	0.00370557175736616	0.0336355149511296	0.00271092877228186	-0.00979523428559855
GSE21959_1	0.0113541220655246	-0.00832175653505575	0.00859236383261304	0.0022156700273844
GSE21959_2	0.0075584227960503	-0.0127733214702228	0.0118352623755939	0.00769471014104633
GSE24742_1	-0.00735315647817909	-0.00993861808058084	NA	-0.0162888332834059
GSE24742_2	-0.00503263971553277	-0.0235816541743484	NA	-0.000952590483242158
GSE24742_3	0.0144205376841871	0.0254181176927877	NA	-0.00358057428093103
GSE74668_1	0.0119978212733824	0.0335311096701848	NA	NA
E-GEOD-10024_1	0.00961379326941129	0.0480523861744212	NA	NA
E-GEOD-10024_2	0.00247640285785124	0.00244597688233645	NA	NA
E-GEOD-12860_1	-0.00561300326662342	-0.0561136474413344	NA	NA
E-GEOD-12860_2	-0.00514552320512056	-0.0669319871353618	NA	NA
E-GEOD-12860_3	-0.00937248935295174	-0.0658163426381812	NA	NA
E-GEOD-12860_4	-0.00437590237788696	-0.0493349374353693	NA	NA
E-GEOD-12860_5	-0.00536343168836936	-0.0598648751784621	NA	NA
E-GEOD-12860_6	-0.00615128528920041	-0.0608527873711987	NA	NA
E-GEOD-12860_7	-0.00280638436704624	-0.0594905606804292	NA	NA
E-GEOD-12860_8	-0.00212521181593632	-0.0532637135562342	NA	NA
E-GEOD-14359_1	0.00255421558043082	0.0304762197630558	0.00348641009590583	0.0120816882913695
E-GEOD-14359_2	-0.0104642487678071	-0.0591042724991918	-0.0105042721851744	-0.00352976059330452
E-GEOD-1919_1	0.00285193979056828	0.0390251953297813	NA	NA
E-GEOD-1919_2	0.00110865215444711	0.0387949584582973	NA	NA
E-GEOD-1919_3	-0.00151358084962	0.0244264130732178	NA	NA
E-GEOD-1919_4	-0.00409068741502409	-0.0130562699504484	NA	NA
E-GEOD-1919_5	0.00295062766227061	0.00767813970891848	NA	NA
E-GEOD-1919_6	-0.00306016970484763	-0.0470437455672479	NA	NA
E-GEOD-1919_7	-0.0128011791996332	-0.0426148283541155	NA	NA
E-GEOD-1919_8	-0.00954081868072763	-0.0372355653554013	NA	NA
E-GEOD-1919_9	-0.00697682188596285	0.00412195431211284	NA	NA
E-GEOD-19664_1	-0.00192726204547944	-0.00426938436146632	NA	NA
E-GEOD-19664_2	-0.0113421914398656	-0.0837182601536707	NA	NA
E-GEOD-19664_3	-0.0119750809593395	-0.0625489897684952	NA	NA
E-GEOD-19664_4	0.00144067112294939	0.00139548224590728	NA	NA
E-GEOD-19664_5	-0.00683538845998681	-0.0551252037209474	NA	NA
E-GEOD-19664_6	-0.0115049708212654	-0.0683574010897813	NA	NA
E-GEOD-43923_1	-0.00658159676534596	-0.0162557231433038	-0.00350874955371061	-0.00752314389358364
E-GEOD-51812_1	0.000120972380734231	-0.0499132387195285	0.000801077432364198	-0.00561939012117573
E-GEOD-51812_2	-0.00134291635955965	-0.0550542261397626	-0.00080270000096816	-0.013377554674246
E-GEOD-68760_1	0.0121378990604019	0.0286236593312389	0.0125263758350726	0.0139208403028607
E-GEOD-82107_1	0.00280767043051884	0.0133473407224676	0	0.0252449156476221
E-GEOD-9451_1	-0.00377841184104602	-0.0347403237277885	-0.00104009685704437	-0.0023915665764445
E-GEOD-9451_2	-0.00286984582205888	-0.0524727476770827	-0.00460213267023057	-0.0183439454729517
E-GEOD-9451_3	-0.0199957538270411	-0.0782033195581688	-0.0229211662558361	-0.0215127309174268
E-GEOD-9451_4	-0.00980930925275402	-0.0568451454178985	-0.0117657552187359	-0.0255012305737404
E-MEXP-2019_1	-0.00375915988080994	-0.0287537520746056	0	-0.00512475745318068
E-MEXP-2019_2	0.00891885356520933	0.0155201866928349	-0.00969012653855391	-0.00187286950828085
E-MEXP-2019_3	-0.00338870466544355	-0.0345410051424518	NA	0.000429213888268993
E-MEXP-2019_4	-0.0218586809268706	-0.0752920541073809	-0.00282407818064708	-0.0293272759093908
E-MEXP-2276_1	0.0035221574785795	0.0159715968211356	NA	0.00168742643014077
E-MEXP-2488_1	-0.01023622818705	-0.0353249753116877	-0.00991957152853466	-0.0185168388246769
E-MEXP-3129_1	0.00997776053635309	0.0255929426664268	0.0116556208895395	0.0122216119845412
E-MEXP-3474_1	0.00890997210282836	0.0270043241837176	NA	0
E-MTAB-3010_1	0.00266564473951081	0.00696086614601614	NA	NA
E-MTAB-3010_2	-0.00106907412518674	-0.011326913050686	NA	NA
E-MTAB-3010_3	-0.00109729238210752	-0.010579380359988	NA	NA
E-MTAB-3010_4	-0.00352499500248594	-0.0198048552227453	NA	NA
E-MTAB-4152_1	0.0186904829228978	0.0721694451522191	0.0166353906656123	0.0150694393893555
E-MTAB-4152_2	0.0199644821534991	0.0828929521238107	0.0231265925790291	0.0210310411942993
E-MTAB-4152_3	0.0384553393208188	0.134975666281227	0.037192676371931	0.0331024846121873
GSE100609_1	0.00108358366869831	0.0227729281209395	NA	-0.0039533735141834
GSE100786_1	0.00255417168291779	0.0217577493399152	NA	0.00990390060288432
GSE100786_2	0.00193111131982491	-0.0141648127633592	NA	-0.00131198947951828
GSE103697_1	0	0.0163669667847215	NA	NA
GSE103697_2	0	-0.00264778352111337	NA	NA
GSE103697_3	0	0.0119758455595295	NA	NA
GSE104113_1	-0.00691299091818168	-0.0240808289689559	NA	NA
GSE104113_2	0.030201493088998	0.0791490753268956	NA	NA
GSE104113_3	-0.00691299091818168	-0.0240808289689559	NA	NA
GSE10575_1	0.00201270886224006	0.0273930908486165	0	-0.00147374068171341
GSE10575_2	0.0194261740776384	0.0637314973843359	3.67380062792902e-06	0.0124392837878935
GSE10575_3	0.0149459337253035	0.107707811536622	0.0146164683361251	0.0300002298050138
GSE13604_1	-0.000829308030854323	0.0313832580480749	-0.00907752180714898	0.00563173363347392
GSE13837_1	0.0181147148720905	0.0145644713329225	0.00247196566214971	0.00677334972257942
GSE13837_2	0.0238881021136668	0.0114224519716263	0.0213340894659115	0.0189734718532369
GSE13837_3	-0.0145290107644639	-0.045849597512866	-0.00625606353169971	-0.00714002805848451
GSE13837_4	0.00953446333889412	0.0156782356724048	0.00153700753916868	0.00323390059448054
GSE13837_5	0.0225357084547017	0.0134127518213151	0.0043101518069052	0.0275916941674668
GSE13837_6	0.020087718078238	0.0155531967443106	0.0218267273616637	0.0168808507787107
GSE13837_7	0.0058935389842443	0.00138518885147742	0.00514671790297119	-0.00362436591461579
GSE13837_8	0.0139740430996018	0.0405861470192426	0.0102684112443091	0.0142466929677177
GSE13837_9	0.00408086451725669	0.0221778007520085	0.00242420420651511	0.00571931419506989
GSE13837_10	0.0104667817191726	0.0180692258158984	0.0114735840659582	0.00549868968292092
GSE13837_11	-5.39565968662691e-05	-0.0135923700045261	0.00290759052825978	-0.00565517457161011
GSE13837_12	0.00176659639712229	-0.00656720293229218	0.00467541874676928	-0.0139580790038237
GSE13837_13	0.0220726696133342	0.0347022406819228	0.0153092874867068	0.0235854630139516
GSE13837_14	0.0168745347316389	0.0148187311472638	0.0135432402846196	0.0216597381772857
GSE13837_15	0.00383446560627795	-0.00789142281677828	-0.00144359644162634	0.00231568834080736
GSE13837_16	0.0150085073600311	0.0390287062599122	0.00943768199715658	0.0180859452358749
GSE13837_17	0.0208709327687182	0.0440199618392801	0.0112412965888479	0.0295646163358026
GSE13837_18	0.00548498331778891	0.0244468747980884	0.0139446589446589	0.0073453680345045
GSE13837_19	-0.00971411035282907	-0.00254684365265762	-0.0134022589568452	-0.000803975274900906
GSE13837_20	0.00249461265626701	0.00780038742105296	0.00204363454363455	0.00372613317886719
GSE13837_21	0.00547360088714488	0.0191777855412302	-0.00330404507018568	-0.00704371564248478
GSE13837_22	0.0128450423405134	0.015294235420072	0.00961545166765362	0.00199175145505107
GSE13837_23	0.0131756212785518	0.0157746166017346	0.00712665612256104	0.00771200009292833
GSE13837_24	0.0245177468883659	0.0556867826073255	0.0176596684694536	0.0143191870741432
GSE16464_1	0.00839923470252143	0.0879505206319631	NA	NA
GSE16464_2	-0.00155651825127811	-0.008279210167763	NA	NA
GSE19060_1	-0.00221425879372302	-0.0160222000680331	0	0.00456595487583265
GSE27372_1	0.00931861167003928	0.00775522500455569	0.00891838191804527	0.00319452879203679
GSE27390_1	-0.0088137020225968	-0.0312626488488985	0.00155856728735463	-0.0115893240916616
GSE29106_1	-0.00409719618406495	-0.0395051556589685	NA	NA
GSE29107_1	-0.00185127144376515	0.00361437657286959	NA	NA
GSE29107_2	0.00499797049446895	0.038706304324042	NA	NA
GSE29745_1	0.00893429282979115	0.11972011880941	NA	NA
GSE29745_2	0.00152340072160325	0.00880674629603537	NA	NA
GSE29745_3	0.00573552752813349	0.0202087944483982	NA	NA
GSE35546_1	0.00466617933723197	-0.017931120596799	NA	NA
GSE35546_2	0.0100231041707186	-0.0319815953801968	NA	NA
GSE35546_3	0.00606790221920501	-0.0213670704614524	NA	NA
GSE35546_4	0.00515043631087914	-0.0618623147493118	NA	NA
GSE35546_5	0.00492205147293804	-0.0467230672864538	NA	NA
GSE35546_6	0.010117560074828	-0.0499147397571921	NA	NA
GSE35955_1	0.0216986453923953	0.0385839458389846	0.00837156284365887	0.013815436022452
GSE35956_1	0.0116387745131177	-0.00576055921093575	0.00326991906690379	0.00848717924251089
GSE35957_1	-0.00644607062472131	-0.0414073085886385	0.00168642109835415	-0.00575642590105101
GSE35958_1	0.000210980683852251	-0.0415065524928421	-0.00219453289329378	-0.0114150919989512
GSE39340_1	-0.00984319155656209	-0.040436994222786	NA	-0.0068757383970781
GSE39340_2	-0.0109742629782408	-0.0524095918810109	-0.002	-0.00686200025368385
GSE39340_3	-0.000952833256498991	0.0169671389955323	0.002	-0.00702874457083182
GSE39795_1	-0.0098507892364148	-0.0295390410787879	NA	-0.00262092195440603
GSE39795_2	-0.00885880665359036	-0.0260669770536285	-0.00598902689705704	-0.00931179342781553
GSE39795_3	-0.013519428600437	-0.0078662552169318	0.00146414887794198	-0.013146384717713
GSE41038_1	-0.00147214792923832	0.0159422783562585	NA	-0.00198096378143716
GSE41038_2	0.0135698493027096	0.024097400985801	NA	-0.000724909174739821
GSE41038_3	0.0110307506769846	-0.00239403060989383	NA	-0.000360235948935533
GSE41992_1	0.00589757754668216	0.0293225757086657	NA	NA
GSE42235_1	0.0268665566385577	0.0568783918237911	0.0216377357024006	0.0264179293032606
GSE42235_2	0.0234737475551031	0.0567632348747844	0.0237796765138713	0.0248515572061519
GSE42235_3	0.0172421601291607	0.0510238623618301	0.0162137277083218	0.0097846179833167
GSE42235_4	0.0237353071682709	0.0515720510426833	0.0180723628436351	0.0145775679656552
GSE45233_1	-0.011267509928457	-0.0186611072818474	NA	-0.00940330298786181
GSE45233_2	-0.0156690546014882	-0.0653314737939321	0	-0.0170401806165341
GSE45233_3	0.0147741684644929	0.0185131702295444	NA	0.0113212244149775
GSE45233_4	0.0176694018636807	0.0490275484593858	0	0.0197901254234705
GSE46053_1	0.000142916076358548	0.00446848007689882	0.0200111782705742	-0.00180419278984107
GSE46053_2	0.0110123341273386	0.0310644530083965	0.0317007110295756	0.0159182436035368
GSE46750_1	2.81633589459956e-06	-0.0583171044441674	NA	0
GSE51588_1	-0.0134424417311554	-0.059947990605758	-0.0146776334880077	0.00770883938845586
GSE52817_1	0.0146558619613083	0.0422799212489992	NA	NA
GSE52817_2	0.00413569583516022	0.0490253779721326	NA	NA
GSE52817_3	0.000654924724050815	0.00830117253010339	NA	NA
GSE52817_4	0.00877525253264314	-0.0148110146904101	NA	NA
GSE55235_1	0.000459717742341381	0.0282229369636729	0.00400423781877624	0.000410075974592104
GSE55235_2	-0.0149915601289722	-0.0629950059144777	-0.0119004081466919	-0.0109040895201047
GSE55235_3	-0.0199431045357086	-0.0940157128046003	-0.0214762718212142	-0.00438064513738276
GSE55457_1	0.00664039409606071	0.0318894975907257	0.0014504388839268	-0.00839535148311637
GSE55457_2	-0.019767646341939	-0.0394755696146847	-0.02111765977443	-0.0445302106684263
GSE55584_1	0.00530255777933797	0.00829956649763255	-0.0098935801524893	0.00437088013499973
GSE57218_1	0.0064842682419055	0.0103525544884323	0.00468553874659801	-0.0137996167717585
GSE57218_2	0.00387881562284317	-0.0136142606351388	0.0106927595076118	-0.00304948202305292
GSE57218_3	0.00691749910795727	-0.0191815390092978	0.00662285551826093	-0.00367385740883403
GSE60762_1	-0.00208568533555681	0.00274132092678797	NA	-0.00417708036903111
GSE62914_1	-0.014374210238968	-0.0316390268323238	NA	-0.0120598220736029
GSE62914_2	-0.000648537090520986	0.00299413648557592	NA	-0.000905316337767904
GSE62914_3	0.00601264954070443	0.0335779050320543	-0.00134489693313223	0.0211743322967557
GSE62914_4	-0.00723545771442298	-0.0682821744673614	-0.00354609929078014	-0.0245169904652663
GSE64394_1	0.0113814096812434	0.0200377598720257	NA	-0.00212315431909878
GSE66635_1	0.00666909813489618	0.0151637094330556	NA	0.0123217236561815
GSE68038_1	-0.011218442352015	-0.0254253918225438	0.00186761917706488	-0.00925442528338556
GSE68428_1	-0.00876003426887911	-0.0176728367111406	-0.0103921581014135	-0.0161346615998749
GSE68428_2	-0.00439536348564735	-0.019244233246911	-0.0105841249604502	-0.0097636860220661
GSE68428_3	0.0104284171745818	-0.00601731920539119	0.00269309509968957	-0.00283233179999579
GSE69459_1	0.00891739657156376	0.0299206340749338	NA	NA
GSE69459_2	0.0166817624105911	0.0237321275876983	NA	NA
GSE69459_3	0.012631482333677	0.0557792216187809	NA	NA
GSE69459_4	0.0158335755446058	0.0539033183526225	NA	NA
GSE69992_1	0.00326102436174715	0.0589155463508982	0.00467242904636851	0.0143816138455245
GSE70719_1	-0.00131009669639722	-0.131823537139881	-9.84045894515445e-06	-0.00291632958692254
GSE7116_1	-0.00956769608386568	-0.0264638207633995	0	-0.0164814762804985
GSE7116_2	0.00261807007443768	0.00423783085764323	NA	-0.00119642218710813
GSE7116_3	0.0135344291333947	0.0299135796529072	0	0.0114507838336525
GSE72575_1	0.00536080403736796	-0.00438839687738778	0.00988275150651039	0.00868555632814248
GSE72575_2	-0.0208414312742825	-0.0389747125743453	-0.0189427071167548	-0.0139576403711061
GSE72575_3	-0.0156873479043901	-0.00385241742292177	-0.0150103251655617	-0.0134294832233103
GSE72575_4	-0.000511695906432748	-0.0202225328717464	0.00148019034971226	0.00401324674007768
GSE75181_1	0.00789372185443152	0.0578735182974132	0.0102813616880634	0.00607672632735253
GSE75181_2	-0.00727185842659426	-0.0187469260832178	-0.00546601579818624	0.010080002057519
GSE75181_3	0.00991114553996503	0.0554071377870911	0.0126082552999182	0.0174015325096356
GSE75230_1	-0.00772351868961909	-0.0127809616497855	-0.00702423727381221	-0.0199524932212446
GSE7669_1	0.0227311991457525	0.106483179166537	0.00135866865375062	0.0205373692166285
GSE77916_1	0.00285714285714286	-0.0246489097148752	0.00335570469798658	0
GSE80614_1	0.0148950753980808	0.0220203969649126	0.00882949414555751	0.0123265123679054
GSE80614_2	0.00637532439857494	-0.00724920801958446	0.00730503205717024	0.00415858763924034
GSE80614_3	0.0101333153784002	0.0335580760297101	-0.000464785651793526	0.00761864639967001
GSE80614_4	-0.00452484705505152	0.00827598070507611	-0.00203507655949809	-0.00535553854706674
GSE80614_5	0.00239102247340581	0.00622729990437636	0.00403924475447053	-0.0100659011301829
GSE80614_6	-5.89237571156052e-05	0.0156873626581588	0.00254717727226863	-0.00597376765725652
GSE80614_7	-0.00527741371778069	0.00836537595039305	-0.00096215164574498	-0.010771722786074
GSE80614_8	-0.00404761237810766	0.0132631577166426	0.0079760125552139	0.00202842673077605
GSE80614_9	0.0220434807128356	0.0672105949379843	0.0212475981947361	0.0214493598854513
GSE80614_10	0.021975122502827	0.0643644122430601	0.0184828827710357	0.0203659790542567
GSE80614_11	0.0151416535589666	0.0569797998650312	NA	0.022359711347368
GSE80614_12	-0.00121576362395213	0.03481966978208	-0.00230580390036744	0.00671631500080519
GSE80614_13	-0.00941720972842617	0.0221770294513899	-0.00541556267561739	-0.00387516626845831
GSE80614_14	-0.00166689901814412	0.0254504808287207	-0.00321888944660748	0.00119325215305929
GSE80614_15	-0.013062918036979	-0.00342954386972948	-0.00644343317628052	0.00262177680342416
GSE80614_16	-0.00362723704085576	-0.00695085554720948	-0.00324261441953209	-0.00822259578784733
GSE85254_1	-0.0049769527431812	0.00566200933237482	-0.00885274290715861	-0.018112330669497
GSE86578_1	0.0160484591262623	0.0714637905109637	0.0241451826466236	0.0253489855089738
GSE86578_2	0.0150563332195288	0.055467948815197	0.0208791208791209	0.00947734145635195
GSE86578_3	0.0117434725056571	0.0436099597235794	0.0128371365524064	0.0144329358427412
GSE9329_1	-0.00831071472055385	-0.000990929299102765	NA	NA
GSE93698_1	0.0130455503478126	0.0765993082522549	0.0142998105525151	0.0309857345157372
GSE93698_2	0.012133850595087	0.074581311759086	0.0136636317744331	0.0312700335351055
GSE93698_3	0.0112248526254558	0.0652936695122721	0.0117088755541826	0.0201129944431718
GSE93698_4	0.0119751671933029	0.0644915043677264	0.0106131927850457	0.030900474149002
GSE93698_5	0.0096618879722821	0.0737140624904283	0.011457868706348	0.0389332437069499
GSE93698_6	-0.0133909204582934	-0.0335298450523825	-0.00510204081632653	-0.0120913131611437
GSE93698_7	-0.0132081144093873	-0.0311599691530808	-0.0112630787209767	-0.00706608801099296
GSE93698_8	-0.019095612151588	-0.0563660355042943	-0.000100339817515319	-0.0162952510870638
GSE93698_9	0.00422406692793158	0.00564397196228804	0.00595689086466957	0.0156880868367916
GSE93698_10	-0.00641387054102617	-0.00921691477905466	-0.00640258352379909	-0.00143053723028556
GSE93698_11	-0.00588095487906731	-0.019440862027994	0.00329711828956542	-0.00248232028375731
GSE93698_12	0.00961188696375115	0.0263939977757061	0.0209387379289601	0.0136886715340614
GSE93698_13	0.00844608865769368	-0.00582737860895334	0.00213056778891509	0.00286654798353216
GSE93698_14	0.0263824010792527	0.0472290146803584	0.0139305175117291	0.0233025096611624
GSE93698_15	0.010136690292869	0.0390317708844197	0.00195019111097826	0.0203662917084887
GSE93720_1	0.00414725859305879	-0.016247956856772	NA	NA
GSE93720_2	0.00335252922335815	-0.0180074566090839	NA	NA
GSE93720_3	0.0112448173553995	0.00239837418070851	NA	NA
GSE93720_4	0.0139744319634759	0.0120858912083557	NA	NA
E-MTAB-5564_1	0.0015718167208957	-0.00104033558610288	-0.00325768503219361	-0.00443940527665409
GSE77753_1	0.0118614572265688	0.0679788826416036	NA	0.00392824524719398
GSE43861_1	0.0043525658837476	-0.00577261743543543	NA	NA
GSE112809_1	0	-0.00649212107508032	NA	NA
GSE111946_1	0.0187545942009224	0.0731171627437362	NA	NA
GSE111946_2	0.000495530316544766	0.0295273195555086	NA	NA
E-MTAB-3201_1	0.00189728694703755	-0.00569791584411742	0.00899493660897939	0.00035856805788631
GSE57740_1	0.00803176428780341	-0.0353331093812028	NA	NA
GSE17160_1	-0.00583882663029928	-0.00317865284694377	NA	NA
GSE17160_2	-0.0215122433853041	-0.0790727479262508	NA	NA
GSE17160_3	0.062468098156451	0.216256329654781	NA	NA
GSE17160_4	-0.00953839750135644	0.00712917767237623	NA	NA
GSE17160_5	-0.0260491804239075	-0.0425948064177127	NA	NA
GSE17160_6	-0.017908290846336	-0.0820625118759308	NA	NA
GSE17160_7	0.0649971362505423	0.238498322297076	NA	NA
GSE17160_8	-0.015893404865462	-0.0196159871169847	NA	NA
GSE17160_9	-0.0518490406307138	-0.212146421376768	NA	NA
GSE17160_10	-0.0480206469786196	-0.199487219150955	NA	NA
GSE17160_11	-0.0444879633436741	-0.180092399127105	NA	NA
GSE17160_12	-0.045595352100306	-0.21537837963207	NA	NA
GSE22971_1	-0.00471738110402405	-0.0277283817888962	NA	0.00783473894538621
GSE22971_2	-0.000923872875092387	0.0341230664812699	NA	0.0125038213133262
GSE22971_3	0.0200101082901127	0.0976270237044042	0.0205916276050816	0.0293777498380166
GSE22971_4	0.0219684059901616	0.126162885846633	0.0161367680384396	0.0242987776078276
GSE13590_1	0.00466034094684921	0.0513760455344292	0.00452439989551754	0.0162542390216524
GSE13590_2	0.006268551788783	0.0214751002445225	0	-0.000467663076562149
GSE99731_1	0.00128838437842796	0.0670810973621036	NA	0.0157396555450958
GSE99731_2	0.00641258242514483	0.00298237890316762	NA	0.0142669801247642
GSE99731_3	-0.0232952714787734	-0.124386218546895	-0.0247489264066875	-0.01880855111538
GSE27492_1	-0.00354602199088347	0.0171791934774566	0	-0.0191887333659486
GSE27492_2	0.00333015698287116	0.0333542075895443	0.00200380639678054	-0.0120656377801581
GSE27492_3	0.0179350624136093	0.0797591639293053	0.0287663788117509	0.0223526765105441
GSE27492_4	0.0166324296628715	0.0608181663510106	0.0230410001949759	0.00936833771207801
GSE27492_5	0.0137879400714142	0.0446145671369654	0.0225516996417238	-0.0104966291235336
GSE27492_6	-0.00168790074757869	-0.0125256797656448	-0.00419619258361651	0.00533709050177807
GSE27492_7	-0.00429421861953044	-0.00639307299834285	-0.00995215843346684	-0.00401182280063788
GSE27492_8	-0.00299180070301681	-0.0321132886229013	-0.0107412059029951	-0.0119564155324688
E-GEOD-15069_1	0.0333176444957601	0.0314550032023491	0.0313079272239865	0.037687166846508
E-GEOD-15069_2	-0.00519017411487339	-0.0847926509779844	-0.0145027533901975	-0.0197833893154434
E-GEOD-15069_3	0.00715078395883674	0.0204141154335829	0.00722291449647674	0.0283230418926029
E-GEOD-15069_4	0.0124434594585355	-0.000785335985124468	0.0061242239366783	0.0108529119483714
E-GEOD-15118_1	0.000209781986834637	-0.069738923201433	NA	NA
E-GEOD-15118_2	-0.00464185674269708	0.0158733832093612	NA	NA
E-GEOD-15118_3	0.0468866317284027	0.170171842487113	NA	NA
E-GEOD-15118_4	0.0425588748609536	0.10957047975991	NA	NA
E-GEOD-16007_1	-0.0132417746370405	-0.0213386014739025	NA	NA
E-GEOD-17473_1	0.0178125201146998	0.0694207655441545	NA	0.0133897604878282
E-GEOD-18647_1	0.00215144101282715	0.00829329378454785	NA	-0.00203271103419866
E-GEOD-18647_2	-0.00924898032697094	-0.0151419673541839	NA	-0.0143273706064893
E-GEOD-18647_3	0.00648511583166832	-0.00721221981387825	NA	0.015127210055253
E-GEOD-18647_4	-0.00532301281107589	-0.0231725766166197	-0.00129963563786581	-0.0175861128988814
E-GEOD-18648_1	0.0374175313161967	0.117197761094791	0.0417625141025692	0.0504090728103009
E-GEOD-18648_2	0.0179423935650336	0.127643488637354	0.0181556889664384	0.0141826171480436
E-GEOD-2154_1	-0.0327917425656638	-0.115011779151173	-0.0111019679725921	-0.043951173740785
E-GEOD-2154_2	-0.0349423839174659	-0.148786267922308	-0.037712049570314	-0.0454635940495812
E-GEOD-2154_3	-0.0477331598209649	-0.203967423735595	-0.0511607766406228	-0.0834363558881928
E-GEOD-2154_4	-0.049128532640997	-0.199047452696978	-0.0530236266223729	-0.0539363423271419
E-GEOD-26475_1	0.0270349375743346	0.0966942866110743	0.0270794003249124	0.0204685358312833
E-GEOD-26475_2	0.0142869599027977	0.114589012510873	0	0.0130043824612509
E-GEOD-26475_3	0.0268152480747186	0.0996493059507848	0.0195626407417175	0.0194934017484809
E-GEOD-33567_1	-0.0168368613518905	-0.175139089751713	NA	NA
E-GEOD-33567_2	-0.00612159426706377	-0.00606458370906549	NA	NA
E-GEOD-37287_1	0.00216949882692677	0.00108141230859727	NA	NA
E-GEOD-37287_2	0.000711693191289685	0.0636053809527835	NA	NA
E-GEOD-37287_3	-0.00575070446048043	-0.0300615112373312	NA	NA
E-GEOD-51994_1	-0.00205394321547501	0.0285120830320238	-0.00119908949523078	-0.00444845576133905
E-GEOD-51994_2	0.00128330621727566	0.0228747817559903	-0.00598341991784615	0.00323856573278166
E-GEOD-51994_3	5.15180664604469e-05	0.00620379272719016	0.000121868296133767	0.00960313619600694
E-GEOD-65077_1	0.000588656838656839	-0.0444233863911875	NA	NA
E-MEXP-1244_1	-0.00512135984458989	-0.128655341272054	NA	NA
E-MTAB-1123_1	-0.0160641174911763	-0.000835510451391885	-0.00993506772144375	-0.0231283985647949
E-MTAB-1123_2	-0.00608292476664769	0.00420384960329091	0.00269262049597211	-0.00988763208082283
E-MTAB-1123_3	0.000719373651795896	0.0213159222528049	-0.000656750248947288	0.0127168164891539
E-MTAB-1123_4	-0.0021424653777595	0.0239316760639046	0	0.00150499418657441
E-MTAB-1391_1	-0.0446898739876699	-0.204728047981889	-0.0366573462039742	-0.0370197434426845
E-MTAB-1391_2	-0.0508680095005469	-0.357008595187845	-0.0449951791709151	-0.0783240491593697
E-MTAB-1391_3	-0.0554786449654379	-0.340340223304909	-0.0478168633407468	-0.0987539503271818
E-MTAB-2450_1	0.0231128912598758	0.0435959498482069	0.0269471330176826	0.023791557581063
E-MTAB-2450_2	0.0443525171140134	0.14557527731087	0.0209016013261451	0.0144735457784559
E-MTAB-2450_3	0.00499149476558547	0.0488789052165819	-0.00190831249703088	-0.0242501043292636
E-MTAB-2450_4	-0.00244131185260734	-0.0275151918164557	-0.0014353454238304	0.000383773581117037
E-MTAB-5023_1	-0.00433984449906404	-0.0444655485010754	NA	-0.0112104509144744
E-MTAB-5326_1	-0.00530387269799281	-0.0166839384082701	NA	NA
E-MTAB-5326_2	0.00742318628939238	0.0150751741585501	NA	NA
E-MTAB-5326_3	-0.00248401590475801	-0.00936116444172987	NA	NA
GSE102588_1	0.00900347979246144	0.0638645804443679	0.00148333654401849	0.00371430081676442
GSE104793_1	-0.00840738670788461	-0.0778407359128441	-0.00700262561335335	-0.0102106787366218
GSE104794_1	-0.00471112075386774	-0.0632265119560555	-0.00388035329564802	-0.0341123763653972
GSE104795_1	-0.0176059501014854	-0.0677793187500312	-0.0137607624408118	-0.0169900452562746
GSE105139_1	-0.00591715976331361	-0.0104031850832221	NA	-0.00847774355950746
GSE105139_2	-0.0306059746470017	-0.0917145302302856	NA	-0.0245200323798336
GSE105139_3	-0.0290718352437855	-0.0902803657837038	0	-0.0282968230852123
GSE10555_1	-0.0163109766255777	-0.0975853801986173	NA	NA
GSE10556_1	0.0202139456642111	0.0357860286925846	0.0165639981404379	0.0100456342532644
GSE106631_1	-0.0134031071677824	-0.114148231249474	-0.0114200560351014	-0.0371597772489009
GSE13104_1	-0.00478395626518524	-0.0896539029678105	NA	NA
GSE13104_2	0.000750691836768989	-0.051299608124157	NA	NA
GSE13104_3	-0.00840864647415508	-0.079576850631339	NA	NA
GSE16749_1	0.0117205634840607	0.014346261989827	NA	NA
GSE16749_2	0.0225491030056718	0.0160254585574925	NA	NA
GSE16749_3	0.00261394799043032	0.0333766699096401	NA	NA
GSE17348_1	0.0243677398584327	0.0602049064135273	NA	NA
GSE17563_1	0.01354370872098	0.128380918446542	NA	NA
GSE17563_2	0.0130764948227207	0.0285435239064046	NA	NA
GSE17569_1	0.00698039431044653	0.0317401034863227	NA	NA
GSE17569_2	-0.0292228872312986	-0.164823202009721	NA	NA
GSE17570_1	-0.0320357974285887	-0.171402548410756	NA	NA
GSE17570_2	-0.00970721269385893	-0.0418101028844962	NA	NA
GSE18991_1	0	0.0896637052036379	NA	0.00119473015639722
GSE18992_1	0.0029940119760479	0.0443427447296912	NA	0.00849374495865071
GSE19299_1	0.0205940846254885	0.134746241052162	0.0201597817823181	0.0335529103231857
GSE20850_1	0.000333338929254487	0.025967628783623	NA	NA
GSE21093_1	0.00330820567198324	-0.0262283389327971	NA	NA
GSE21523_1	0.00154185008168206	0.0268546308464416	NA	NA
GSE21639_1	0.0045182379657714	-0.0216885464445145	NA	NA
GSE21639_2	0.00814277139601446	0.0138435588687714	NA	NA
GSE21639_3	0.00610003379271535	0.0286791119838637	NA	NA
GSE21639_4	0.0139840214938702	0.0129517213105197	NA	NA
GSE21710_1	7.51754247544159e-05	-0.0720889722125576	NA	NA
GSE21710_2	-0.000368494130537088	-0.0735415121462444	NA	NA
GSE21710_3	0.00446167482440469	-0.042930840995844	NA	NA
GSE22925_1	-0.0140722205900366	0.032218435581431	-0.0117091565593074	-0.0229986714205795
GSE22925_2	-0.00692724652337048	-0.0363289143926582	-0.00753589525575806	-0.011925851848535
GSE26499_1	-0.00423272553563912	-0.00397647960228931	NA	NA
GSE30160_1	-0.00587667676999406	-0.104098141384787	-0.0117129668916552	-0.00268011443025212
GSE30628_1	0.00908830601336175	0.0632959800555458	0.00749658592128257	-0.00529639175872856
GSE30628_2	0.012078664011691	0.0575617446985028	0.00986751630551932	0.00816981201170298
GSE32163_1	-0.01872496220654	-0.065838981094463	NA	-0.0184039506178179
GSE33656_1	-0.0216345544340284	-0.0905459922799431	NA	NA
GSE33754_1	-0.00988603518978307	-0.0193369664614169	-0.0046332014978664	-0.00555233085782265
GSE33754_2	0.000415123990993016	-0.00486734829077909	0.00888228698859345	-0.00154690762946716
GSE33754_3	0.00823439967214995	0.024999090022614	0.0124188993540277	0.00886314282846818
GSE34570_1	-0.085506023427544	-0.263768841093369	NA	NA
GSE35003_1	-0.00167799221263986	-0.00316304602146263	NA	NA
GSE35466_1	-0.00707793677428326	-0.0692256034132466	NA	NA
GSE35466_2	-0.00948657267450582	-0.0169330521892585	NA	NA
GSE35466_3	-0.00700388542787486	-0.0832471335227706	NA	NA
GSE35466_4	-0.00252900603138191	-0.0101624150074963	NA	NA
GSE35466_5	-0.0160537880766526	-0.00176916453539795	NA	NA
GSE36925_1	-0.00163398692810458	0.0184351761030532	NA	NA
GSE36925_2	0.0112031781216997	0.0544336291279059	NA	NA
GSE36925_3	0.014291743294729	0.05613878187053	NA	NA
GSE37219_1	-0.00300650408585939	0.0707188881941989	NA	NA
GSE37676_1	0.00453338276898402	-0.00428617315392171	0.00929029884714215	0.00459294727784281
GSE41342_1	0.0141156029669053	0.0345030719378528	0.00732588760703981	0.0235532889818601
GSE41342_2	0.0286492319800046	0.0353652092576957	NA	0.0233315743015295
GSE41342_3	0.00792854378446433	0.0312225427801045	NA	0.00936392025528416
GSE41342_4	-0.00862015567897921	-0.0481987302576684	0.00123718628490633	-0.00629799325343131
GSE41997_1	0.00396280287704485	0.0450810694690071	0.00301204819277108	0.000673822828928992
GSE43242_1	-0.00786394073139251	-0.053935849963017	-0.00248065495831121	-0.00185399611585775
GSE43242_2	0.00410215838861005	-0.0230186486408007	0.00127408823060997	0.000642302127378865
GSE43663_1	-0.00159744408945687	-0.0618762472718162	NA	-0.0068626081282325
GSE43854_1	0.00366949799732531	0.0335370953528354	NA	NA
GSE45656_1	0.00774192073962363	0.0554701036961156	NA	NA
GSE45656_2	-0.00447164810392751	-0.0790642671701457	NA	NA
GSE45656_3	0.0056599771681416	-0.022282477186337	NA	NA
GSE45793_1	0.00998247233437356	0.0193393912459061	0.00858420344175708	0
GSE45793_2	0.0181133085957477	0.0825313072608267	0.0113948576534545	0
GSE45793_3	0.0100773019920966	0.0636433940242827	0.00859002849952836	0
GSE45793_4	0.00129400812296691	0.0707270627247331	0.00539973053059096	0
GSE45793_5	0.0158033558655033	0.0940741893284933	0.00567120147550233	0
GSE46390_1	-0.0246370779850204	-0.0451871405954082	NA	NA
GSE48438_1	0.000336370344860814	0.00317962912819513	NA	-0.00457109699608451
GSE50549_1	-0.00356074037098278	0.0118418462125694	-0.0050748738225019	0.00338551202218196
GSE50549_2	0.00654516923587219	0.0237873018448675	0.00742758857460512	0.00193422537320623
GSE51098_1	-0.0253041728086618	-0.0871312108781122	-0.0212948110900754	-0.024778999256729
GSE53857_1	-0.0156093994869505	-0.0487450260333392	0	-0.00997737496870209
GSE53857_2	-0.0130648198057628	-0.051872278217554	-0.00378787878787879	-0.00544246141758492
GSE53857_3	0.00564440218491726	-0.0107372073542075	0	-0.00791490588749527
GSE53982_1	-0.0333857664265038	-0.163949606336301	-0.0350889666522597	-0.0416203474277625
GSE53982_2	-0.0216416460115119	-0.106981665717362	-0.0229621288943323	-0.0404787868207601
GSE54779_1	0.0113602389401396	0.0942526026580671	0.0137343762714705	0.00565625289546066
GSE55900_1	0	0.0187433291614695	0	0.0142078364505994
GSE57104_1	0.0293647959322587	0.083205957833056	NA	0.0301132024198938
GSE59387_1	-0.0255290872224708	-0.0889333492077278	NA	NA
GSE60401_1	0.0105187259578136	-0.00658052106751652	NA	NA
GSE60401_2	0.00814577967060438	0.088058802702536	NA	NA
GSE60651_1	0.0252863181063298	0.0399250505282785	NA	NA
GSE60737_1	-0.00263019121574009	-0.063289227707357	NA	NA
GSE60761_1	0.00448933782267116	0.0144230919730172	0.00645161290322581	-0.000256990226126522
GSE60761_2	0.00468320116523709	0.0141644670424902	NA	0.000884468173097086
GSE60761_3	-0.0154972429293904	-0.0418835649546339	-0.00595238095238095	-0.00910533125317344
GSE60761_4	-0.0107395894535292	-0.0366479529837674	0	-0.0013494981909422
GSE63017_1	0	-0.0100349848672189	NA	0.000467119951196313
GSE63017_2	-0.00439109543434053	-0.00301676314576452	NA	0.0081382101380123
GSE63017_3	0.00320978933226935	0.00284952810470418	-0.00561145528778703	0.00186775248035786
GSE63017_4	-0.00308726625308743	-0.0107799020143698	NA	-0.00202539082869459
GSE63939_1	-0.00804764031533	-0.0342797704793839	-0.00742970490217158	-0.0114170156183424
GSE63939_2	-0.0134327575539212	-0.0662130025914327	-0.0110489801046753	-0.018070437105552
GSE64141_1	-0.0174858112153462	-0.136469464624968	NA	NA
GSE64965_1	-0.0124727318830508	-0.127642514567232	-0.0115918206021188	-0.0172390736028919
GSE65745_1	-0.00598802395209581	0.0150043552165782	NA	-0.00138974643725238
GSE65745_2	-0.00862068965517241	0.00510477730156163	-0.0116279069767442	-0.000279563579589623
GSE65745_3	-0.00862068965517241	0.00033291181369405	-0.00775193798449612	-0.00669009881115959
GSE66416_1	0.0242839454651109	-0.000682837698350455	NA	NA
GSE66862_1	-0.0147994036324207	-0.124548416657064	-0.0162222256489881	-0.0188117084346186
GSE69108_1	0.00234891216607677	0.00435226287800895	0.00423228839921629	0.0167930748959703
GSE71565_1	0.00215061235695676	-0.0320150258954307	NA	NA
GSE72261_1	0.0139770378951243	0.0205401611396082	0.00968567251461988	0.0133636168886812
GSE72261_2	-0.00160595681755222	0.020426195208927	-0.00268722338386017	0.00452134307024295
GSE72261_3	-0.00524421238824126	0.013801701848767	-0.00743061881469805	-0.00438344275862075
GSE7683_1	-0.0294349528304752	-0.10773434607014	-0.0275075262798525	-0.0343810604338985
GSE7683_2	-0.0228328948619075	-0.0242757518854984	-0.0248508799976878	-0.0203170267334508
GSE78980_1	-0.0399399053666694	-0.11777211398579	NA	NA
GSE78980_2	0.00230748977078546	0.0808323926398723	NA	NA
GSE78980_3	-0.0125457035019334	-0.0690988491036593	NA	NA
GSE78980_4	-0.00197859227252981	0.0192788054200479	NA	NA
GSE78980_5	0.00702432470209436	0.0145057157852015	NA	NA
GSE78980_6	0.0017628721408985	-0.0610028976739733	NA	NA
GSE78980_7	0.00830022913534834	0.0751336180555274	NA	NA
GSE78980_8	-0.0167542828448571	0.0155326253050919	NA	NA
GSE78980_9	0.00584408107560108	0.0641935446249422	NA	NA
GSE78980_10	-0.0183910178336373	0.0228503844057945	NA	NA
GSE81399_1	0.0133275623397204	0.0211229605747568	NA	0.0143268461737358
GSE84609_1	0.042031215106604	0.163917993295525	0.0377389007188971	0.0437212863912753
GSE84907_1	0.0324722473482659	0.119886943907952	0.0319759700715091	0.0226456070996884
GSE84907_2	0.0148763739604328	0.0495108119436012	0.0164934111152333	-0.00472346891416834
GSE84907_3	-0.0220685366565555	-0.0989944711898994	-0.0209229240386704	-0.0173172306791516
GSE90127_1	-0.0217936783462553	-0.181340662046765	NA	NA
GSE90127_2	0.00775329642840146	0.0201897481119789	NA	NA
GSE90127_3	-0.0216906259057727	-0.172853674175007	NA	NA
GSE9247_1	0.000894151705347148	-0.0246684750732532	-0.00370927944801375	-0.00210847680678691
GSE9247_2	0.00707010631081422	0.025105975486171	0.00828795505020512	0.0119450603307044
GSE9247_3	-0.00108162967181022	-0.0351856037987793	0.00113422762237027	0.00153498876324963
GSE99306_1	0.00157394374149315	0.0570109673662935	-0.00270956585583769	0.00394378328195369
GSE99306_2	0.0103570614233231	0.0861816059274781	0.00744213309569885	0.0152149216490578
GSE99306_3	-0.022722250369962	-0.0507753854792326	-0.0268734059081718	-0.0329201950139593
GSE99306_4	0.00967476679496377	0.0692634692023393	0.00420375261270406	0.0194238509384639
GSE99306_5	0.00902814283891608	0.0614963796855696	0.00470737391631903	0.00990121163384678
GSE99306_6	0.00317086129959729	0.0523245206472812	0.000914658477907416	0.00886680830404091
GSE99306_7	-0.00798038220002609	-0.00176191121496573	-0.00174053704302815	-0.00352923653887705
GSE99306_8	0.0132016711534856	0.0935032825247121	0.00700561512100829	0.0153140438648533
GSE99306_9	0.00485762282247907	0.0672833010497673	0.00240217959372956	0.0131275666100888
GSE99306_10	-0.00159852542934878	0.0351942291100713	0.000518114696728899	-0.00349136532709405
GSE99306_11	0.00779743174732059	0.0832245577856767	0.00423336869416196	0.0195343504718229
GSE99306_12	0.00662100766615489	0.0582467403488104	0.00715736353810199	0.0176594456696575
GSE99306_13	-0.000645719427616945	0.0304669170705889	-0.00359670521922652	-0.0115805868807133
GSE99414_1	-0.00378867472151507	0.0193838121305976	-0.00683519383797267	-0.00963757929139319
GSE110581_1	-0.012150362200685	-0.0790817545308943	-0.0103712553921094	-0.0219582811183845
GSE110581_2	-0.005	-0.0462848462600129	0	-0.0106578396882741
GSE47799_1	0.0101423786209718	-0.00063463157468858	0.00817521449142138	0.0134538775753105
GSE47799_2	0.00468670260756464	0.0157167421290019	0.00432219531745165	0.00504313408940951
GSE47799_3	-0.00075699513381995	-0.0144892008657844	0.00460403956435099	0.00221100781057009
GSE111628_1	-0.0167758582259052	-0.0954793712424659	NA	NA
GSE111628_2	0.0104409573069168	0.00939278571181712	NA	NA
GSE111628_3	0.00329793663126996	-0.0463264006090285	NA	NA
GSE5657_1	0.0081089210304924	0.00872784569391033	0.00455793478451033	-0.00264773271384001
GSE5657_2	0.00101748732480502	0.0112248030714227	0.00509697256385998	0.0114975146212516
GSE13782_1	-0.0122708703268984	0.00974772213684443	-0.00692925912460962	-0.0224634889152628
GSE41039_1	-0.00244402803374556	-0.000755836061724933	0	-0.013575320726367
GSE84198_1	0.00127612652644745	-0.0240536587694242	-0.00125279024637485	-0.0015095888308088
GSE84198_2	-0.000803235028990714	-0.00822039832641666	0.00101051662814117	-0.00691136427177036
GSE84198_3	-0.00361315329326736	0.00732063529352486	-0.00505443254405673	0.00334245226991921
E-GEOD-54216_1	-0.0204656431031979	-0.0970828105704549	-0.0171175218222963	-0.0330215239917709
E-GEOD-54216_2	-0.0218432769308147	-0.111315847499126	-0.0176363319073653	-0.018538683916722
E-GEOD-54216_3	-0.0101313955826109	-0.0597687638402886	-0.00475540229118864	0.00109978307750663
E-GEOD-6119_1	0.0063098828453812	0.0332951835555654	0.00849079157279839	0.00957687461575302
E-GEOD-6119_2	-0.000159653521700567	0.0267930482232068	0.00215019133797758	0.000763125756019729
E-GEOD-6119_3	-0.0011244311360421	0.0259707452958093	0.00549058667105101	-0.00178752385791002
E-GEOD-8077_1	-0.0117725372218244	-0.0194445479339084	-0.0141471734587947	-0.0110438945327003
E-GEOD-8077_2	0.000773392360896927	0.0265541302446174	0.00333164649370447	-0.00437294723441975
E-GEOD-8077_3	0.0179070636271231	0.0337180365470271	0.0209840687481533	0.0128712808489304
GSE103416_1	0.0125378257706749	0.0751721471287797	0.0171024967470415	0.00400773077556822
GSE103416_2	0.0129313693895308	0.0816380627783604	0.0197108638128663	0.010857818118705
GSE103416_3	0.022834898344099	0.0902591739235371	0.0244344751439276	0.0247982336009804
GSE19950_1	-0.00198127089635899	-0.0159915851815805	-0.00452161539174122	-0.0057261127142133
GSE30322_1	-0.0122013982248461	-0.04457666133174	0.00332885424160517	0.000593777319338542
GSE30322_2	-0.00937087027492464	-0.0297990611194337	-0.00829524314640498	0.00482411794240308
GSE30322_3	-0.0102339982209763	-0.00123153770526056	-0.00927354179992019	-0.0028995243248087
GSE42295_1	-0.0062108942414175	-0.00383813422815265	0	0.00638169436679391
GSE42295_2	0.000886808711750094	0.0153851233738339	0.000452527674240012	0.0188112995744022
GSE42295_3	0.00398845897302236	0.0255857479393343	-0.000558024448904207	0.0164497488893562
GSE66554_1	0.00569725079864658	0.0460999050687048	0.0045347232117136	0.0187624067474814
GSE66554_2	0.00568569567076494	-0.0126764152773771	0.00192954270395678	0.0232907486775539
GSE66554_3	0.0146112160959171	0.0375381738351889	0	0.0223471912684842
GSE66554_4	0.00573013828697541	-0.00783422622511017	0.0021936940301334	0.0165200873472457
GSE74898_1	-0.00273158726839888	0.0319289030288195	-0.00412563406844842	-0.00490389613807691
GSE74898_2	7.32876182212988e-05	0.0315422422818399	-0.000465747146263594	0.00572312107479405
GSE74898_3	-0.0143156704704415	-0.0168493318794269	-0.0166752700290629	-0.0228278045944381
GSE79176_1	-0.00326797385620915	-0.00101891414954967	NA	NA
GSE79176_2	0.00167785234899329	0.0212950065699191	NA	NA
GSE79176_3	-0.00120132241571522	0.0235628545493405	NA	NA
GSE85785_1	-0.047443546965637	-0.107966290650607	-0.0116524824033363	-0.0531133860209674
GSE23492_1	-0.00198620320193927	0.000997249137662888	NA	NA
GSE23492_2	0.00904068460950584	0.0411775322001354	NA	NA
GSE23492_3	-0.00646144004326437	-0.0275138601366576	NA	NA
GSE23492_4	-0.00383150712489054	0.0138617606890374	NA	NA
GSE23492_5	0.00469566839529473	0.00665565429422391	NA	NA
GSE44991_1	0.019300556937558	0.0425970390940321	0.0139908400777966	0.0281872706780124
GSE44991_2	-0.0101807667534476	-0.0117182014055888	NA	-0.0136913015764536
GSE39796_1	-0.0108813617226308	-0.049029505966592	NA	NA
GSE39796_2	-0.00309833438528392	-0.0119962316757215	NA	NA
GSE39796_3	-0.0176830452806344	-0.0574471930187916	NA	NA
GSE18394_1	-0.00156396159127658	-0.0210301182404505	0.000660009729790529	0
GSE18394_2	0.00181622857212423	-0.0312083537438716	0.000769983083020155	0
GSE18394_3	0.00263514989844569	-0.000263286077318183	0.0046006338541342	0
GSE29233_1	0.028172226524266	0.081087831919237	NA	NA
E-MEXP-2291_1	-0.00373291541568514	0.00818439456620536	NA	NA
E-MEXP-2291_2	-0.00647481100972353	-0.0514644036997055	NA	NA
E-MEXP-2291_3	0.00716797260232597	0.0538329161332359	NA	NA
GSE107363_1	-0.0201118737167475	-0.0557662899658149	NA	NA
GSE85761_1	-0.00798790979121405	-0.0924723548444773	NA	NA
GSE89179_1	-0.012746564035056	-0.14696519307818	NA	NA
GSE89179_2	-0.00300474734359723	0.0326482300512728	NA	NA
GSE89179_3	-0.00122893746090413	-0.0180934951596689	NA	NA
GSE89179_4	-0.010222758900252	-0.0159103770757772	NA	NA
GSE89179_5	-0.00390486626071746	-0.0343631275191869	NA	NA
GSE89179_6	-0.0107961820776812	-0.0659308805640721	NA	NA
GSE89179_7	-0.00441104861709077	-0.0430835616801183	NA	NA
E-GEOD-57723_1	-0.00249882982979535	0.00654377730912293	NA	NA
E-GEOD-57723_2	0.00753316150320443	0.00641418273886086	NA	NA
E-GEOD-57723_3	-0.000474239701431395	-0.00227407326959954	NA	NA
E-GEOD-83930_1	-0.0021322709479951	0.0330465342835324	NA	NA
GSE100268_1	0.0236948396302391	0.0854251746079531	NA	NA
E-GEOD-55769_1	-0.000238026623837983	-0.032560351417528	-7.19217582278676e-05	-0.00646576434717532
E-GEOD-55769_2	-0.00053763440860215	-0.0293376451903512	-0.0021849593495935	0.00644779250029966
E-GEOD-55769_3	0.00490125773273241	-0.0582489491651658	0.00453518667859656	-0.00814111288670449
E-GEOD-69110_1	-0.0160840098440265	-0.0566627547354477	-0.0164358419688325	-0.014858077004333
E-MTAB-4304_1	0.0164173642495128	0.045348443984903	0.018566703203973	0.0169654614422597
E-MTAB-4879_1	-0.0119393722465043	-0.0155324916991285	0.00223280385745568	-0.014493527057436
E-MTAB-4879_2	-0.00591264128019275	-0.0679579628817677	-0.00233236860506075	0.00705146573165215
E-MTAB-4879_3	0.00268584125934113	0.0145911362364819	0.00500569461216875	0.00370579550356377
E-MTAB-4879_4	-0.0167830888181012	-0.059312902147679	-0.00639568220755231	-0.0188403352897869
Cytokine_Explant_1	-0.000268380258689693	0.00473807626532942	0.000995918684132893	0.00304564451395384
Cytokine_Explant_2	0.00473531496127978	0.0952425287212775	0.0157170304488062	0.0240231885340544
Cytokine_Explant_3	0.0036437249708497	0.0626915139777031	0.0104800841530732	0.00253481343560748
Cytokine_Explant_4	0.0121664969157743	0.0601076966265899	0.00439715836796391	-0.00275286696184034
Cytokine_Explant_5	-0.00457780930811507	0.00121760032171008	-0.00749344727465842	-0.0137858093264989
FN1_Explant_1	-0.000612816573779408	-0.0298193377295576	0.00260244083045663	-0.00434347185058939
E-MTAB-6266_1	-0.00314594650360901	-0.00926892105571181	-0.0011533138607214	0.0178903195847226
E-MTAB-6266_B_1	0.00453739517196939	0.0253862355024203	0.00286755858625791	0.0236865584335343
E-MTAB-6266_B_2	-0.00782610846719889	-0.0373222933975548	-0.00532817761502559	0.0134714896694472
E-MTAB-6266_B_3	-0.00382937916597313	-0.0718372403656998	-0.0015772120709937	-0.0118937151153346
GSE70667_1	1.04058704460059e-05	0.0628750223176897	-2.99108522565251e-05	0.0148645869876457
GSE87608_1	-0.00608968365279726	-0.00935383613693313	NA	-0.00301883866825362
GSE87608_2	-0.00820303342809619	0.0409275427571437	-0.00107129313613955	-0.00547481405203087
GSE87608_3	0.00610019027510413	0.0333811128453017	-0.00292386207718016	5.70929849735683e-05
GSE87608_4	2.37706317059733e-05	-0.0157322814434327	0.00265653659846071	0.00314827170414714
GSE90890_1	-0.00165789368724648	0.0309487009927853	-0.0075797090190769	-0.00684768233450587
GSE97118_1	-0.0288084688303828	-0.181188465942796	NA	NA
GSE97118_2	0.0181070653938153	0.0294867489441584	NA	NA
GSE97118_3	-0.0322726134772298	-0.173714742683809	NA	NA
GSE97118_4	0.02642267590679	0.0427930325225507	NA	NA
GSE97118_5	0.00111899733613515	0.0187333645884856	NA	NA
GSE97118_6	0.012275020480542	0.0439316929263531	NA	NA
GSE97118_7	0.00846624227208301	-0.0170890568882192	NA	NA
GSE107592_1	-0.00708719789059642	-0.0581207650911733	-0.0143196583457463	-0.025322966050356
GSE92641_1	0.00603804922449316	-0.0238933428936524	0.00543300374486594	-0.00703073025892385
GSE107849_1	0	-0.00522505195547336	NA	NA
E-ERAD-89_1	2.78009452321379e-05	-0.0079243854635225	NA	NA
E-ERAD-89_2	-0.00461538461538462	0.0073128841372944	NA	NA
E-ERAD-89_3	0.00230386737548336	0.0206229156020458	NA	NA
E-ERAD-89_4	0	-0.00183014858953491	NA	NA
E-GEOD-45893_1	0	-0.030561219966366	NA	NA
E-GEOD-53105_1	0.0130637157471653	0.0440024400103881	0.00842400842400842	0.010646138373594
E-GEOD-53105_2	0.00300680984490237	-0.027539558993509	0.0113417961199372	-0.00307315665152616
E-GEOD-54461_1	0.00776086083399273	0.0666662024541152	0.00543467371512367	0.0195425358037743
E-GEOD-54461_2	0.0165073416824613	0.0890063935373897	0.0214442465070376	0.0143580142700679
E-GEOD-54461_3	0.0139623908586567	0.109115578807268	0.0175908034195674	0.0256634386015955
E-GEOD-54461_4	0.0177799066818584	0.143599772058257	0.0190411060721775	0.0315268855050272
E-GEOD-54461_5	0.0254981285349236	0.200271247271072	0.024201729949856	0.0363740020672368
E-GEOD-54461_6	0.0212789070503911	0.227046030308956	0.0203493223360342	0.0667316713862254
E-GEOD-54461_7	0.0289290413798663	0.275373008825135	0.0282207401564127	0.0863665259177736
E-GEOD-54461_8	0.0278964095831207	0.293852200805403	0.0281204472621583	0.0939035592388728
E-GEOD-73372_1	0.0223185575535046	0.0703043924663957	NA	NA
E-GEOD-73372_2	-0.000913057484031067	0.0270594134128374	NA	NA
E-GEOD-73372_3	-0.0233238427546232	-0.062672174413765	NA	NA
E-GEOD-75549_1	-0.0141726594799458	-0.0358105177928463	NA	NA
E-GEOD-76988_1	-8.95251285799713e-05	-0.0737073965640255	NA	NA
E-MTAB-2923_1	-0.000359846893137331	-0.0371636154899835	NA	NA
E-MTAB-2923_2	0.00382079567331897	0.0522607854913375	NA	NA
E-MTAB-2923_3	0.00742861747248232	0.0439194325267549	NA	NA
E-MTAB-2923_4	-0.00837294712552628	-0.0172056073283096	NA	NA
E-MTAB-3428_1	-0.00494792915151793	-0.0361054856923292	NA	NA
E-MTAB-3428_2	0.00747675986595061	0.0010740484932213	NA	NA
E-MTAB-3428_3	0.00411912166955789	0.0142845036225321	NA	NA
E-MTAB-3428_4	-0.0060711781113472	-0.0378987144662843	NA	NA
GSE102856_1	0.0522193283375647	0.166709265828954	NA	NA
GSE103492_1	0.0441747292758677	0.171899470170834	0.0576566676690316	0.0433041236562025
GSE103492_2	-0.00404458417360137	-0.0439161281143769	-0.0024194477896778	-0.0250799826979631
GSE103492_3	0.0359136214214865	0.145439767581843	0.0430983932657078	0.0435026921110135
GSE103492_4	0.0483067746529458	0.207108605051565	0.0630308534148273	0.0579737089931686
GSE103492_5	-0.0163883466436432	-0.102504051524853	-0.0087647309186982	-0.00641552086490394
GSE103492_6	0.0165562122490805	0.0524862262637209	0.0506392910004636	0.0439556147316009
GSE103492_7	0.0434058801781953	0.175007358171626	0.0390704500080288	0.050568460969959
GSE103492_8	-0.00615315759359607	-0.0582893631840542	0.00894859555955174	-0.0260505316464703
GSE103492_9	0.00574347277808155	0.0185878845122436	0.0245220951942057	0.00239032470756422
GSE103492_10	0.00441359002252722	0.103755086699049	0.00192307692307692	0.0538637643480494
GSE106259_1	-0.00251159968702682	0.0203802116375179	0.00508785051661158	0.000891614709297855
GSE110303_1	0.00890495531196995	0.0360788718907928	NA	NA
GSE110303_2	-0.00645878587055058	-0.0147967532348381	NA	NA
GSE110303_3	0.00357217771167448	0.0181892051942527	NA	NA
GSE110300_1	-0.0191232692877894	-0.0304277059160332	NA	NA
GSE110300_2	-0.00261763851030725	-0.00934908726456881	NA	NA
GSE110300_3	-0.0217709031692904	-0.0126434340837491	NA	NA
GSE110281_1	0.0207610334802327	0.0823590814859445	NA	NA
GSE110281_2	0.00882531973099947	0.0670438180113934	NA	NA
GSE110281_3	-0.00338667037463821	-0.0127148004230977	NA	NA
GSE104459_1	0.0159014814546946	0.0796183557253479	-0.00288651572414271	0.00559542972723376
GSE104459_2	0.00829898458038057	0.0973316549914974	0.00968929305422521	-0.00529048461770064
GSE104459_3	-0.00408777469054622	-0.0426999249970987	-0.00180107019025071	-0.00678413901484497
GSE110051_1	-0.00259405388156137	-0.0446278097375714	-0.00172505809771417	-0.0018465783109303
GSE110051_2	-0.000301826405963056	0.0280246997407973	0.00752573332157373	-5.88551578604227e-05
GSE110051_3	-0.00290448227565332	-0.0164575015415484	-0.000162459461628023	0.00175092549126157
GSE112694_1	0.0155455005169991	0.144598354375873	0.0159732781656543	0.0233101549125458
GSE112694_2	0.00547903721327773	0.0747314790708442	0.00470953130694272	0.0161129663093295
GSE112694_3	-0.0225135581408841	-0.129864373087297	-0.0273560540426613	-0.0264382348044542
GSE112694_4	-0.0230851897205673	-0.172547374210784	-0.0257101728623184	-0.0500512262104611
E-MTAB-5879_1	-0.00256366264458887	-0.0364756049679442	0.000424418957003411	0.00120121003652464
E-MTAB-5879_2	0.00372562813372766	0.0171372936639666	0.00934550379324913	0.00429937411725218
E-MTAB-5879_3	0.00398513643537708	0.00700906811166911	0.0111136921336284	-0.0189115565336347
E-MTAB-5879_4	0.0133957231037331	0.0427854090485313	0.0186513735929154	0.00197064971108071
E-MTAB-5879_5	-0.00374413944072632	-0.0239663437758108	-0.000383623875763316	0.0100379699938065
E-MTAB-5879_6	0.0113042430872618	0.034088561000112	0.0102239101140852	-0.0065343133530616
E-MTAB-5879_7	0.0151347735760317	0.0371484427010835	-0.00261780104712042	0.00429564757347098
E-MTAB-5879_8	0.0190705912572122	0.0475019318136287	0	0.00811087617285583
E-MTAB-5879_9	-0.00035607372280525	0.0194791621360054	0	-0.00483436275531121
E-MTAB-5879_10	0.0194794071024686	0.0702331276526198	0.00891845841507947	-0.0178660991767788
E-MTAB-4294_1	0.00453685411148002	0.0292205724714286	0.00475869504553713	0.0203583210793851
E-MTAB-4294_2	-0.00413211459893918	0.00334967431523823	0.00072450962611755	0.0167532212395926
E-MTAB-4294_3	-0.0172826038110335	-0.033895570425123	-0.00891846089623699	-0.00311948921093176
E-MTAB-3186_1	0.0178599724781332	0.130950222076196	0.0169420467060736	0.017763222639717
E-MTAB-3186_2	0.010895785036678	0.0465156352005235	0.0157063775637189	0.0111525071733852
E-MTAB-3186_3	0.00577896298183023	0.0260412026703226	0.0126388380257352	0.00494641592559615
E-MTAB-3186_4	0.00487341571689587	0.0554702894341783	0.0101034638979956	0.00339882554464456
