comparisonID	jaccard	cosine	sigjaccard	chrDir
22659600_1	0.0427362774922029	0.148314679910302	0.0652016600472239	0.0481555716290054
24361742_1	-0.0150046952286219	-0.0739682946845388	-0.00677011939680409	0.00473921406877249
GSE72258_1	0.000755287009063444	0.0340729136587247	0	0.0194344867467802
GSE72258_2	0.00037593984962406	0.0301926193327505	0.0104166666666667	0
GSE69531_1	0.0121875857883522	0.0486766957804982	NA	NA
GSE69531_2	-0.0214150339102743	-0.0289449319773749	NA	NA
GSE69531_3	-0.040969866938205	-0.0891086879277157	NA	NA
GSE69531_4	0.0121875857883522	0.0486766957804982	NA	NA
GSE58203_1	-0.000508482874086173	-0.0248620311119935	-0.00624528278218025	0.00151075015850196
GSE58203_2	-0.0144654429649852	-0.0450598353542226	-0.0199068254392029	0.0105576786134041
GSE58203_3	-0.0287723442289618	-0.0786746456466283	-0.0326094201952139	-0.00494044312013654
GSE58203_4	-0.057229202028321	-0.133708259613518	-0.0630720831868491	-0.0087041233701517
GSE58203_5	0.00266563263480057	-0.00302560708712024	-0.00336807539445336	0.000375932575386918
GSE58203_6	-0.0144566132084283	-0.0677902207453478	-0.0216674935901162	-0.00644919156011306
GSE58203_7	-0.0438616996085174	-0.117839123349092	-0.047546291996842	-0.00870577309881523
GSE58203_8	-0.0801832886831348	-0.191551396285125	-0.0831615631850064	-0.0148522572309586
GSE59642_1	0.0523797636988695	0.124415791290818	NA	NA
GSE59642_2	-0.0146730864070234	-0.0394205791628351	NA	NA
GSE59642_3	-0.0853148934020684	-0.199019466890868	NA	NA
GSE64922_1	0.0448970435788835	0.0356205315636732	0.056102279062384	0.0695609691409463
GSE60162_1	-0.00315810400775825	-0.0202771334151693	NA	NA
GSE31685_1	0.0413386400603109	0.13399047577638	0.0504864865786802	0.029941058813312
E-MEXP-3890_1	0.00754557565577304	0.0322054700951614	0.00582982669887363	0.014541463651336
GSE31980_1	-0.0202553924087333	-0.0289334351363323	-0.0225607253918232	0.00681478934864388
GSE15615_1	0.00161931967398294	0.0132119308609593	0.00184823228581794	0
GSE15083_1	-0.00514799209706816	0.00283906455938161	NA	0.00801183017772702
GSE108035_1	-0.0112139998042945	-0.0251025592252765	-0.0110774330287622	0.00223490561725856
GSE108035_2	-0.048317805176824	-0.126302379761967	-0.0502509473272734	-0.0231964186841828
GSE108035_3	-0.0603823992060027	-0.176114679162798	-0.0613947663886304	-0.0559496908269827
GSE21959_1	0.0131374135475981	0.0627482858893352	0.0156756471535253	-0.00214760551848614
GSE21959_2	0.0026795149086244	0.0537176170692054	0.0120895363313856	0.00220541854252214
GSE24742_1	-0.000974663253223346	0.0471740020242788	NA	0.0182319478707233
GSE24742_2	-0.00073841956758917	0.0556971093062334	NA	0.00112739219883756
GSE24742_3	-0.00163376613835352	0.0275408934621486	NA	0.00823799171620459
GSE74668_1	-0.00360175634738265	-0.0188983492750878	NA	NA
E-GEOD-10024_1	-0.0261747384156417	-0.0552002493519056	NA	NA
E-GEOD-10024_2	-0.0213457612779734	-0.0635841131201163	NA	NA
E-GEOD-12860_1	-0.00140087461802834	-0.0291201807015569	NA	NA
E-GEOD-12860_2	-0.00597752683249289	-0.0414934423467074	NA	NA
E-GEOD-12860_3	0.0127317463272915	0.00914255505422986	NA	NA
E-GEOD-12860_4	0.00301410732426873	-0.021945531686327	NA	NA
E-GEOD-12860_5	-0.00750091625672039	-0.0291301118595581	NA	NA
E-GEOD-12860_6	-0.00915559827565665	-0.0331893995237353	NA	NA
E-GEOD-12860_7	-0.000440294194433772	-0.0228864831693397	NA	NA
E-GEOD-12860_8	-0.00434701666710428	-0.0363752605774328	NA	NA
E-GEOD-14359_1	-0.0363063422508306	-0.085622886337556	-0.0468606574548889	0.00134671782933538
E-GEOD-14359_2	0.0537114984479981	0.123663719814585	0.0666599062722512	0.0280792925897201
E-GEOD-1919_1	-0.00851410634240513	-0.0512867232347426	NA	NA
E-GEOD-1919_2	-0.042426645662229	-0.0747466616068105	NA	NA
E-GEOD-1919_3	-0.0255165262950823	-0.0628528143407554	NA	NA
E-GEOD-1919_4	-0.0115525963378044	-0.0304410309483199	NA	NA
E-GEOD-1919_5	-0.033285815858841	-0.0645715809964098	NA	NA
E-GEOD-1919_6	0.00685389623693386	0.00353305819751546	NA	NA
E-GEOD-1919_7	0.0195925564848761	0.0686689929159048	NA	NA
E-GEOD-1919_8	0.0110520526117276	0.0518131977081564	NA	NA
E-GEOD-1919_9	0.00270310447281806	0.0079995459586909	NA	NA
E-GEOD-19664_1	-0.036254160078341	-0.108858057014374	NA	NA
E-GEOD-19664_2	0.0270959564192425	0.0637201336396429	NA	NA
E-GEOD-19664_3	0.0395960092610104	0.0776921730742008	NA	NA
E-GEOD-19664_4	-0.00837451485436832	-0.0347519653376452	NA	NA
E-GEOD-19664_5	0.0187660924267541	0.0569113676610307	NA	NA
E-GEOD-19664_6	0.0333010079400117	0.0664499663116186	NA	NA
E-GEOD-43923_1	-0.00410895337848709	-0.00663033639049972	0.0109980972934641	0.0245819541163747
E-GEOD-51812_1	0.0174128036807889	0.0537806128661751	0.0183960329758566	0.00971189180631672
E-GEOD-51812_2	0.0163336297839435	0.0551046939842486	0.0170801204412424	0.00650284602835755
E-GEOD-68760_1	-0.0283651371873906	-0.0719177480316197	-0.0385303407608835	0.00364227947314836
E-GEOD-82107_1	-0.0146144084383009	-0.0253516375684675	-0.0145409611485336	0.0134025489107672
E-GEOD-9451_1	0.0613203858819809	0.137795245756783	0.0581563631561302	0.0530556663934533
E-GEOD-9451_2	0.0416276760859923	0.0957818653581095	0.0428833381296906	0.0134254791647829
E-GEOD-9451_3	0.00363060367932012	0.0140117150217335	-0.00235229371056891	0.000318081856720574
E-GEOD-9451_4	0.0137214457548536	0.0279281633950621	0.0100729656164717	-0.0137875188408609
E-MEXP-2019_1	0.0222980342766743	0.0854911915869173	0	0.0265039355603756
E-MEXP-2019_2	-0.0260144996101641	-0.060547940769493	-0.00390261652184449	-0.0184987490742598
E-MEXP-2019_3	0.0192908424805643	0.116847609213737	NA	0.0239836569784147
E-MEXP-2019_4	0.0049930300381536	0.0520142503920181	0.00269529691987182	0.00903752425019213
E-MEXP-2276_1	-0.00842370339379671	-0.0761514048465798	NA	0.00794357827628826
E-MEXP-2488_1	0.0328048614426131	0.110641426481146	0.0309779083655263	0.0198491908621005
E-MEXP-3129_1	-0.000705155559771187	-0.0479997118484071	-0.00490501515805556	0.0101887188624961
E-MEXP-3474_1	0.0195433377954921	0.0669093141024334	NA	0.00375018389730394
E-MTAB-3010_1	-0.035583480254349	-0.0794819817885756	NA	NA
E-MTAB-3010_2	-0.0287105711633674	-0.0692740718563392	NA	NA
E-MTAB-3010_3	0.00812442755818213	0.0402159199219704	NA	NA
E-MTAB-3010_4	0.0530571302485832	0.116946541500409	NA	NA
E-MTAB-4152_1	0.000897508419521072	-0.0139647398513184	0.00127586190235652	0.0160991993792872
E-MTAB-4152_2	-0.0126189037264716	-0.0659916944494998	-0.0114553729734829	-0.00496879150587666
E-MTAB-4152_3	-0.0112371956713687	-0.0622533086906408	-0.00886587012929458	0.0171193452505828
GSE100609_1	0.00738790564505824	0.0569288646474901	NA	0.00138797882321723
GSE100786_1	-0.00231879207423763	-0.0563907688232258	0	0.000618884247622029
GSE100786_2	-0.0160325873018673	-0.0948194365029032	NA	-0.0146567702660546
GSE103697_1	0.000377073906485671	0.00979872566090441	NA	NA
GSE103697_2	0.000377643504531722	0.0188655577967413	NA	NA
GSE103697_3	-1.13748043533649e-06	0.00949668815706812	NA	NA
GSE104113_1	-0.00521821641811347	0.00560265249456408	NA	NA
GSE104113_2	0.00583807926453822	-0.00834745066500879	NA	NA
GSE104113_3	-0.00521821641811347	0.00560265249456408	NA	NA
GSE10575_1	0.0218257690599664	0.0360603504854153	-0.000523248265913561	0.0114855417472953
GSE10575_2	0.0122434753849038	0.00694304557379842	0.0140310354524847	0.00717893170269446
GSE10575_3	-0.067163491002954	-0.167507859849193	-0.0632242423702488	-0.0299501648796966
GSE13604_1	0.00191413243221938	0.0119997165844468	0.00343710149777917	0.00991769251983567
GSE13837_1	0.00467891184909073	0.0512496282615279	0.00224888927052822	0.000703933151054432
GSE13837_2	-0.0010628971399751	-0.0115547448110414	0.00228022286206738	-0.00299175396112184
GSE13837_3	0.000262572668284181	-0.0329006153218332	-0.00540172490788314	-0.00456951589686746
GSE13837_4	-0.00995744425153058	-0.0258677673018077	-0.0179779726377224	0.0147740787167491
GSE13837_5	-0.000155651525988437	0.0239186388505945	0.00138756072205224	0.000939136895899447
GSE13837_6	0.00370785695038422	0.00250576195875477	0.00498145576853727	-0.00448284437789686
GSE13837_7	-0.00290349849487612	-0.0332622194251672	-0.00971467467459046	-0.00577344769381557
GSE13837_8	-0.023574258385832	-0.0518542718595297	-0.0311035317257322	0.0175578146380853
GSE13837_9	-0.00953731256475412	-0.0159863917804634	-0.000716982048463138	0.00471687683331365
GSE13837_10	-0.0115981029310938	-0.0361568946568501	-0.0110469954203067	-0.000242563746998147
GSE13837_11	-0.0142023558077813	-0.0293684946611487	-0.00898580287585802	0.0018387901772024
GSE13837_12	-0.000267725729642961	-0.000105676518065066	0.00535431531321747	0.0094545720499458
GSE13837_13	0.00265810284861938	-0.000247465780896607	0.00450247860319803	0.00808032435007255
GSE13837_14	-0.00687387392175624	-0.0262961238062127	-0.00572803526127282	0.00711497287398757
GSE13837_15	-0.01687784509411	-0.0553383510273385	-0.0219826343742811	7.47843277750532e-05
GSE13837_16	-0.028348036086074	-0.0680963065813937	-0.0367632155814422	0.0136268821228611
GSE13837_17	0.00499814501668966	0.00928592642948949	0.00226038890534005	0.0257173938946903
GSE13837_18	-0.00259378967428975	-0.0339486774414313	-0.00502761671885632	0.00113467589613417
GSE13837_19	-0.00859227504473829	-0.0378483527594697	-0.0149207952952865	0.00404568148466206
GSE13837_20	-0.014168909421423	-0.0420024194696878	-0.0213835233887433	0.0105834179813535
GSE13837_21	-0.0151249247101311	-0.0419296612158036	-0.00653440386660176	0.000392334721314034
GSE13837_22	-0.0121249599128576	-0.0321632783157788	-0.00966542245145137	-0.00237199062687869
GSE13837_23	-0.012975979419376	-0.0580519811989284	-0.0134600361608135	0.00140413569658853
GSE13837_24	-0.0257849623336788	-0.0723021289888925	-0.0252514169635695	0.00310589750880593
GSE16464_1	-0.0573455945419571	-0.179423438364955	NA	NA
GSE16464_2	0.0421439881139712	0.113931480990887	NA	NA
GSE19060_1	0.00571445847512835	0.0530979892128439	0	0.0183970629558185
GSE27372_1	-0.0102383307496356	-0.050786674197868	-0.0141842004840869	-0.00471594275097628
GSE27390_1	0.00044496167811334	0.00583310034314201	0.00770927017340765	0.00896617007427937
GSE29106_1	0.0416601587042743	0.113511718361507	NA	NA
GSE29107_1	0.0337656225680928	0.107865069548552	NA	NA
GSE29107_2	0.0726392540133591	0.285879220294921	NA	NA
GSE29745_1	-0.0712310441885362	-0.199500642547945	NA	NA
GSE29745_2	-0.000836206133840799	0.00848307699514443	NA	NA
GSE29745_3	-0.0511879935374115	-0.143315048387998	NA	NA
GSE35546_1	-0.00775023856452455	0.00158476661885421	NA	NA
GSE35546_2	-0.00851673554046298	-0.00834732648266229	NA	NA
GSE35546_3	-0.00805137952218178	-0.0016885841215857	NA	NA
GSE35546_4	0.00303883750663986	-0.0139818231407573	NA	NA
GSE35546_5	-0.000135516895131835	-0.0139072478236957	NA	NA
GSE35546_6	-0.0035919315684783	-0.0172344632602483	NA	NA
GSE35955_1	0.0176644595400343	0.0482322780150902	0.0129222589731114	0.0145563774807722
GSE35956_1	0.0172073029028909	0.0192953979663532	0.0176890767307554	0.0242128476098609
GSE35957_1	0.0321815993699353	0.0931334994922754	0.0467385035612043	0.0392354774077463
GSE35958_1	-0.00568212763465726	-0.0186582472325959	-0.00265676452449725	-0.000108991847852147
GSE39340_1	0.0192486320759902	0.0915170297509599	0.00425417533846298	0.00431996688671079
GSE39340_2	0.0273141327941914	0.141576298965785	0.00519695284826631	0.0289254707884062
GSE39340_3	-0.0131448682187338	-0.0636720549804201	-0.000501504513540622	-0.0282686054787869
GSE39795_1	0.00239329251508143	0.00907168578749193	NA	0.0088445454978019
GSE39795_2	0.0131331630040847	0.0268658427236871	0.0103877069961976	0.0107347519068414
GSE39795_3	0.0034517949064685	0.027502625972	0.00166179151159314	0.00864938746235007
GSE41038_1	0.0288892129261844	0.060417092352209	NA	0.0222384871700573
GSE41038_2	0.0154498378073132	0.0509598119254976	NA	0.0176838062970025
GSE41038_3	0.00957774080189231	0.0547547321357128	NA	0.00913790626188168
GSE41992_1	-0.025553584468483	-0.07433453784894	NA	NA
GSE42235_1	0.00642162966622397	0.0143111217883746	0.0124123245303159	-0.00107858474759334
GSE42235_2	0.0144658453642657	0.0384055220098123	0.0207771931655132	0.00296181333787464
GSE42235_3	0.00808903287995138	0.018197279049052	0.00905404103737319	-0.00264853612629323
GSE42235_4	0.0031054958088883	0.00711047381103786	0.00330092549127654	-0.000444039214547513
GSE45233_1	-0.0396291249873012	-0.140035803897532	NA	-0.0185951192198232
GSE45233_2	0.00346228125914767	0.0159385036843676	0	-0.0187940555948508
GSE45233_3	-0.00202829733572466	0.0136238343096391	NA	0.0129518116056421
GSE45233_4	-0.0458197083008684	-0.14198131608799	0	-0.0137818379375407
GSE46053_1	-0.00349009519191493	-0.0359449773792398	0.00153087000104725	-0.00350466520544391
GSE46053_2	-0.0151458036003914	-0.0586215708259847	-0.0152542920015892	0.00444916527850447
GSE46750_1	0.0138349005014391	0.0625714915750443	-0.0131391738255161	-0.0162129480907505
GSE51588_1	0.371870735094227	0.758786841763159	0.370117715220156	0.279356024654917
GSE51588_3	-0.0994997567099122	-0.208079391606605	-0.102661597331272	-0.0187898543269178
GSE52817_1	-0.0394235069778413	-0.101003844352114	NA	NA
GSE52817_2	-0.00944453651227226	-0.0129822918796788	NA	NA
GSE52817_3	0.0183153959747993	0.0449738486272729	NA	NA
GSE52817_4	-0.0102626511275114	-0.0519115843119742	NA	NA
GSE55235_1	-0.0449089470525948	-0.145935893195963	-0.0582610730059178	-0.0303745289991587
GSE55235_2	0.00325411990709402	0.0205824818898685	0.00873534955036843	0.0156749492189623
GSE55235_3	0.0485826900362742	0.135539862147154	0.0705181450457348	0.0340115670479401
GSE55457_1	-0.0176609984523448	-0.0544285671337237	-0.0194349272908312	-0.0120314539244246
GSE55457_2	0.00404511568766809	0.0302179376775767	0.00188512383475938	-0.0028175810727059
GSE55584_1	-0.01319464412365	-0.0805733636461068	-0.00314491092475583	-0.0282235489449646
GSE57218_1	-0.000471104249840453	-0.0990603772577335	-0.00287433647071379	-0.0171968806324756
GSE60762_1	0.0174020736778459	0.00550133747757274	NA	0.0391744712196149
GSE62914_1	0.025701390234843	0.0790696303032715	NA	-0.00363158281847602
GSE62914_2	0.0409942720754294	0.102563028340478	NA	0.00595434796991167
GSE62914_3	0.0298446459407639	0.0863383993713329	-0.00236742424242424	0.0117439319526314
GSE62914_4	0.0139867692897349	0.0424108960731212	0	-9.96866862197354e-05
GSE64394_1	-0.0420191354043931	-0.105867839388501	NA	-0.00645119675713176
GSE66635_1	-0.00186901728908293	0.021386347665916	NA	-0.00952221525901722
GSE68038_1	0.0248041420489622	0.0485892846104811	-0.0025828855097087	0.00954537597276471
GSE68428_1	-0.0135736810841272	-0.058154162102738	-0.0181907334779356	0.00251918978462908
GSE68428_2	0.000400025986055477	-0.0248479709371178	-0.010949905519453	0.0108811709447443
GSE68428_3	-0.0341427742587384	-0.0842993856406206	-0.0365985290005394	0.0123930269535028
GSE69459_1	-0.0271717227784139	-0.0771577175236039	NA	NA
GSE69459_2	-0.0277326958581695	-0.0902173646760115	NA	NA
GSE69459_3	-0.00956236510491677	-0.0246319932578463	NA	NA
GSE69459_4	-0.0368816759357312	-0.0724445975996709	NA	NA
GSE69992_1	-0.0185618953610476	-0.0536903230080423	-0.0197955472760587	-0.00619206386077121
GSE70719_1	0.0151131299536155	0.0705101998151943	0.0190961254466199	0.00495021834061135
GSE7116_1	0.011956473533357	0.0845174351421851	0.0162033219082716	0.0120172677099331
GSE7116_2	0.00490727931818139	0.0405469032984306	-0.00172646853262856	0.00158478945518454
GSE7116_3	-0.00904518067209816	-0.0507141878101661	-0.00945055919466567	-0.00049980541761128
GSE72575_1	-0.00950833744757413	-0.0484610979413211	-0.0167431635644505	-0.0176393801590806
GSE72575_2	-0.00293430258403324	0.0244058795406689	-0.00487455843158936	-0.00831868240425584
GSE72575_3	-0.0121952039685759	-0.0197490676647736	-0.0169645873867373	-0.0161582896376373
GSE72575_4	0.00185702603243833	0.0128610826266898	0.000953288846520496	-0.00436450108074822
GSE75181_1	-0.0243167874768228	-0.0929687565230295	-0.030353650946339	-0.0159561498992945
GSE75181_2	-0.00264382932803413	-0.0165210170249641	-0.00835271371069225	-0.0134655854026761
GSE75181_3	-0.0239249024669259	-0.094288085078615	-0.0320128853109646	-0.0176866581667126
GSE75230_1	-0.000347945371116088	-0.00429968228343578	4.69308089462179e-06	-0.00237051315713264
GSE7669_1	-0.00445610141359736	-0.0232268764888431	0.00527861714247269	-0.0121351143720804
GSE77916_1	0.000357303768592673	-0.00960249075014874	-5.6979184738423e-05	0.00202260383751277
GSE80614_1	-0.000155083451248191	-0.0185146936120142	-0.00521033667484271	0.0154791338153184
GSE80614_2	-0.00480740953060984	-0.0164993207282224	-0.00930261599330066	0.0158771588470815
GSE80614_3	0.00106316809627819	0.0110894852579006	-2.84802916381865e-05	0.0188333942917036
GSE80614_4	-0.0201836530449747	-0.0733791272712553	-0.0353399881831811	-0.00360656576999836
GSE80614_5	-0.0284895728921112	-0.0614752156107266	-0.0389972194948664	-0.0102269767500382
GSE80614_6	-0.0204163320328184	-0.0397424709185252	-0.0229550116539861	-0.000898279031595084
GSE80614_7	-0.00529165149917956	0.00125896323010618	0.00171786146879431	0.00860276517945107
GSE80614_8	-0.00574125297360865	-0.0214536853670135	-0.00408246121256227	0.00581722616373138
GSE80614_9	0.00061229756034623	0.0175836342761555	-0.000784050179211469	0.00884925619289014
GSE80614_10	-0.00243760501845218	0.00517479681419998	-0.00737193351084874	-0.000861422905699873
GSE80614_11	0.00146242362573209	0.0601291762981157	NA	0.0185239872507895
GSE80614_12	-0.00584829900006714	-0.00647928335745726	-0.0107653810213923	0.00723525246595409
GSE80614_13	-0.0069812229911059	-0.0177710844157704	-0.020354098325258	0.00638192896109
GSE80614_14	-0.00197602111858898	0.0142647200911388	-0.000379409429183184	0.00130923828375036
GSE80614_15	0.00681032330657722	0.056867951657871	0.0188391548912804	0.00525062703303779
GSE80614_16	0.022590924113445	0.0717051176038443	0.0398095843657435	0.00475560646148943
GSE85254_1	-0.0342457836603336	-0.0868926846463492	-0.0260844215128028	-0.000643211218745496
GSE86578_1	0.00551101187546605	0.00147472389710736	0.00240932872857139	0.0189495412957502
GSE86578_2	0.00380262629193234	0.0153136606003955	-0.000564116004011474	0.0216336638937258
GSE86578_3	-0.0213224147092765	-0.080591097374823	-0.038819127383561	0.00863227105965181
GSE9329_1	0.0122907217161669	0.0343975662206972	NA	NA
GSE93698_1	-0.00860931241860891	-0.0245580347672976	-0.010421293905476	0.000914605583554446
GSE93698_2	-0.00484426833394976	-0.0136943726650679	-0.00599662731652414	-0.000428499166104052
GSE93698_3	0.00897174262842648	0.00307071654558939	0.00838560938226678	3.10142678843625e-05
GSE93698_4	-0.0162988124069774	-0.0433276871674147	-0.0227609044507867	-0.0122985242204246
GSE93698_5	0.0116928687742901	0.0123626463314785	0.00570970833822585	0.000566563066563065
GSE93698_6	-1.99474938157029e-05	0.0349461971326123	0.00325923646946029	-0.0200668428698891
GSE93698_7	0.0315427539707852	0.0505666584618774	0.0321743070080848	0.00866296813612754
GSE93698_8	-0.0082732240582298	-0.0391490452993962	-0.00165444698350597	-0.00867064078509643
GSE93698_9	0.0384427166401494	0.070086230148634	0.0368324375417971	0.0141344305521065
GSE93698_10	0.0229832224141168	0.0290407410466388	0.0180506830315277	0.00986337326628275
GSE93698_11	-0.0143744605186017	-0.0687478770302279	-0.00713938123792813	-0.00566834193269307
GSE93698_12	0.0292144058774194	0.0435105015372668	0.0234774885874913	0.00878801409413654
GSE93698_13	-0.0407645296136932	-0.0846392839736084	-0.035805834205394	-0.0207757056815665
GSE93698_14	0.00664447435244398	0.0250147900155586	-0.00247820083713629	-0.00574302046970843
GSE93698_15	0.0452436822818599	0.0885418687845281	0.047289108266703	0.00719389171609509
GSE93720_1	-0.0269949095873916	-0.0222419290151932	NA	NA
GSE93720_2	-0.0303380609895195	-0.0575966706767984	NA	NA
GSE93720_3	-0.0345161018032029	-0.0719175845718962	NA	NA
GSE93720_4	-0.0367673247159252	-0.0870535193449959	NA	NA
E-MTAB-5564_1	0.0732203518769819	0.268136104541078	0.0677421139432496	0.0565288609905223
GSE77753_1	-0.00482397536901811	-0.0586769578511886	NA	-0.00683825850415924
GSE43861_1	0.0320650786519426	0.138304091717909	NA	NA
GSE112809_1	-0.00041056473120292	-0.0325629196698668	NA	NA
GSE111946_1	-0.0879779393785674	-0.191630294364285	NA	NA
GSE111946_2	-0.000280488489314874	-0.104003031237162	NA	NA
E-MTAB-3201_1	0.0239167050402918	0.103468646830003	0.0396410983148849	0.0254031240140466
E-MTAB-6700_1	-0.0328809339193931	-0.0699300405798601	-0.0378888326929303	0
GSE54749_1	-0.000413268157747653	-0.0360853443636146	NA	-0.000239764046835077
GSE57218_B_1	0.0130606546583043	0.031875270483457	0.0140270816097697	0.0195832411935888
GSE57218_B_2	0.0162046855345284	0.0580897305393164	0.0192932654188027	0.0276477034122185
GSE57740_1	-0.000429870692081063	0.0148193623386945	NA	NA
GSE52992_1	-0.0144306226785855	-0.0567591323591322	-0.0196119821571841	0.00404150560632823
GSE17160_1	-0.0108268501893009	-0.0691656214339184	NA	NA
GSE17160_2	-0.000790117616102586	-0.0583152404679045	NA	NA
GSE17160_3	-0.00921909638313278	-0.078521100606844	NA	NA
GSE17160_4	-0.0129294690165854	-0.0924957896765965	NA	NA
GSE17160_5	-0.00781900754592167	-0.0834177889807735	NA	NA
GSE17160_6	-0.00492196711303331	-0.0555457712270683	NA	NA
GSE17160_7	-0.0166064974936951	-0.107129602696715	NA	NA
GSE17160_8	-0.0230211638512878	-0.0848045595500669	NA	NA
GSE17160_9	0.0539404569936442	0.101454884410024	NA	NA
GSE17160_10	0.0562936429505349	0.104266663364572	NA	NA
GSE17160_11	0.0445759334911813	0.0860954243990553	NA	NA
GSE17160_12	0.0556085925328362	0.0947806482959013	NA	NA
GSE22971_1	0.014500259486901	0.2247989577276	NA	0.0638980587712727
GSE22971_2	0.000422127304806467	-0.0334014908427505	NA	-0.00750786919525208
GSE22971_3	-0.00775697853128753	0.00622085601127392	-0.0118613066559147	0.0171940073879622
GSE22971_4	-0.0403574268991949	-0.0869015509630224	-0.0442128059995189	-0.000367341805559161
GSE13590_1	-0.019637561372605	-0.0469070210542159	-0.0274397114617703	-0.0145833772485864
GSE13590_2	0.000752502640427522	-0.0408633381075322	-0.000759878419452888	-0.00331259789554025
GSE99731_1	-0.00781254950731835	-0.106236048968716	NA	-0.0117459442812684
GSE99731_2	0.000434010107955291	0.0225666747640321	NA	-0.00955480695119304
GSE99731_3	-0.0120532455650579	-0.0866145585951711	-0.00842271887560197	-0.0279705588874795
GSE27492_1	-0.00302733264271978	-0.0316865246947907	0.00117096018735363	-0.0133437552901164
GSE27492_2	-0.0189950535696423	-0.112089052242317	-0.0400723460397888	-0.0336705095906684
GSE27492_3	-0.0392002652742577	-0.119489881844439	-0.0744448319858057	-0.0233153185342108
GSE27492_4	-0.0237662651611711	-0.0879874476009809	-0.0447007249666659	0.000509810790473048
GSE27492_5	-0.0208832139137102	-0.0897267246872143	-0.0278556593811918	-0.00699706090362417
GSE27492_6	0.00742194424286714	0.0467952035970198	0.0145946023703525	-0.00776658303012072
GSE27492_7	0.00797091786944596	0.0428114998940921	0.0146455335459414	0.00896732730005651
GSE27492_8	0.0128940456197752	0.0564031806056504	0.0224700164002767	0.00723722642692837
E-GEOD-15069_1	0.0113888890569891	0.123650929906336	0.0125293239267751	0.0126531516575024
E-GEOD-15069_2	-0.000929665126853154	0.0453849184267483	-0.00302821391949789	-0.00389882471144761
E-GEOD-15069_3	0.0244697473131756	0.041038270092781	0.0286034251321486	0.0235553899391423
E-GEOD-15069_4	0.00997844119951896	0.0800383295094466	0.0134202536178348	0.0252324287710976
E-GEOD-15118_1	0.00117788515063125	0.00813950527854995	NA	NA
E-GEOD-15118_2	0.000772359371571929	-0.0343149063179407	NA	NA
E-GEOD-15118_3	-0.00254874467464654	-0.0144778570496295	NA	NA
E-GEOD-15118_4	-0.00245594256398542	0.0075519840148628	NA	NA
E-GEOD-16007_1	0.00675511658332526	0.0213603921993746	NA	NA
E-GEOD-17473_1	-0.0122568024520267	-0.0735433889703343	NA	-0.0118896416108137
E-GEOD-18647_1	-0.0203147086677501	-0.0944031269895673	NA	-0.00983506267711079
E-GEOD-18647_2	-0.00716584568340976	-0.0380910810697277	NA	-0.00736047864410807
E-GEOD-18647_3	0.00745879817707883	0.0101031729046336	NA	0.0172776183945171
E-GEOD-18647_4	0.0176108831260898	0.0500464135841837	-0.00139531450359031	0.0142995821157838
E-GEOD-18648_1	-0.00383443608243882	-0.0318782075200543	-0.00606238352709551	0.0154387365288906
E-GEOD-18648_2	-0.0124744013824105	-0.068556527282322	-0.0190016906596465	0.00972568872510244
E-GEOD-2154_1	-0.00303733337926669	-0.0496675991909334	-0.00246971891913011	-0.021508322653712
E-GEOD-2154_2	-0.0016253698185476	0.0426526380604209	-0.00114274523257371	0.0149071529804947
E-GEOD-2154_3	0.00457373089979934	0.0682184901814133	0.00990215377586032	-9.41632462165415e-06
E-GEOD-2154_4	0.0158591464931408	0.0718912789224981	0.0235387442549583	0.00854295504989891
E-GEOD-26475_1	-0.0136560427775776	-0.0845202660793583	-0.0195949580290172	-0.0329366507293532
E-GEOD-26475_2	-0.0145417258265773	-0.140697409378616	-0.00508623668750589	-0.0203448248782018
E-GEOD-26475_3	-0.0220492288487393	-0.12491881294596	-0.0254888103741247	-0.0407329531624127
E-GEOD-33567_1	0.0855292031296247	0.205462470149286	NA	NA
E-GEOD-33567_2	-0.0129621981397979	-0.0127907174914676	NA	NA
E-GEOD-37287_1	-0.0134607972299551	-0.0285104410358144	NA	NA
E-GEOD-37287_2	-0.00294044538837621	-0.0180117818879999	NA	NA
E-GEOD-37287_3	-0.000712345840282916	-0.0143019782933375	NA	NA
E-GEOD-51994_1	0.00576067639742251	0.0150787572534903	0.0180446766912429	0.00932946671786664
E-GEOD-51994_2	0.00291459484488031	0.0162890223132454	0.0188862351853438	0.0201707160405533
E-GEOD-51994_3	0.00438718798111617	0.00965699068408897	0.0137907681962937	0.0172403576815341
E-GEOD-65077_1	0.000814660808587784	-0.00911052100481061	NA	NA
E-MEXP-1244_1	0.00227068784577728	0.0519800454229976	NA	NA
E-MTAB-1123_1	-0.033913805538537	-0.14989751408343	-0.0383476140802818	-0.0267021037504585
E-MTAB-1123_2	-0.0218832617939639	-0.0938602262550633	-0.029135237227569	-0.0227528398231338
E-MTAB-1123_3	-0.00577332079216415	0.0274690125399645	-0.00843748637390573	0.000866808802284782
E-MTAB-1123_4	-0.00192607917995737	-0.0958461185213849	0.000557413600891862	-0.0244167958159832
E-MTAB-1391_1	0.0239395382338037	0.0384860496070579	0.0251464646779594	0.0296094950739574
E-MTAB-1391_2	0.0793063675664459	0.16096078562073	0.0855401724048365	0.0471397823815365
E-MTAB-1391_3	0.0889838540351388	0.180476523250316	0.101323939491264	0.0429081016991649
E-MTAB-2450_1	0.0115178769022398	0.0394814397000317	0.00935046295735841	0.00945528007733517
E-MTAB-2450_2	-0.00816422474870551	-0.0535261882400546	-0.002263781920211	0.00648898627547019
E-MTAB-2450_3	-0.059067509412248	-0.143796608909403	-0.0775064779082862	-0.0526851124516765
E-MTAB-2450_4	-0.0390065384348163	-0.0940606918892474	-0.0550364255128349	-0.0362722196488718
E-MTAB-5023_1	-0.0254758915849719	-0.0930100030567897	NA	-0.0252492803041452
E-MTAB-5326_1	0.000461783167331935	-0.0184667615601545	NA	NA
E-MTAB-5326_2	-0.00817514969815978	-0.0281322326653838	NA	NA
E-MTAB-5326_3	-0.00880688841393425	-0.0163913555583541	NA	NA
GSE102588_1	0.0340225342611497	0.149649725530364	0.0165770566634115	0.0579919099683608
GSE104793_1	0.0415243311683972	0.0768998852108464	0.0501902967707057	0.00419829622294003
GSE104794_1	-0.0368903771248488	-0.0722147506623283	-0.0441431645826272	-0.0367105385091209
GSE104795_1	-0.0354992399449843	-0.0873416300045142	-0.0471254193317885	-0.0469612306843267
GSE105139_1	-1.88380229046438e-05	0.00626297941878132	NA	0.0136353870357152
GSE105139_2	0.0174009512146086	0.113785587937914	NA	0.0402906827563446
GSE105139_3	0.0196573894475992	0.116104107634234	0.00121654501216545	0.0455456095481671
GSE10555_1	0.0187541655347981	0.044608866866027	NA	NA
GSE10556_1	0.00447025842607028	-0.0164832457056586	0.0055836480535711	0.012851687217545
GSE106631_1	0.0244535215729826	0.0286745720351972	0.0334083497890341	-0.0051324188809275
GSE13104_1	-0.00287593758723932	-0.0221374784894515	NA	NA
GSE13104_2	-0.012298417241508	-0.0366979083814869	NA	NA
GSE13104_3	-0.0120561646175311	-0.0257900194591633	NA	NA
GSE16749_1	0.0362441259913544	0.0746541726422426	NA	NA
GSE16749_2	-0.00422201907512042	-0.0326546759391548	NA	NA
GSE16749_3	0.00054350711287519	0.00462976757954475	NA	NA
GSE17348_1	0.00533300583347296	-0.00588880044113574	NA	NA
GSE17563_1	-0.0257378186860755	-0.0522415508934549	NA	NA
GSE17563_2	0.050112013540867	0.137582255071721	NA	NA
GSE17569_1	0.0614801631670791	0.186695191562018	NA	NA
GSE17569_2	0.0853350616699038	0.182676641660303	NA	NA
GSE17570_1	0.052241084963538	0.106481456216159	NA	NA
GSE17570_2	0.0367594259237794	0.0810093660386502	NA	NA
GSE18991_1	0	-0.0223468617067053	NA	0.00828829806477292
GSE18992_1	0	0.0167345696930264	NA	0.00832863568595578
GSE19299_1	-0.0195850464953897	-0.0352491780333988	-0.0214549444318284	0.00407321944337715
GSE20850_1	-0.00815131487453501	-0.0439220137873431	NA	NA
GSE21093_1	0.0259526633313402	0.0510939018536449	NA	NA
GSE21523_1	-0.0156440327712105	-0.0199076511538588	NA	NA
GSE21639_1	0.00259950554213671	0.02889247295494	NA	NA
GSE21639_2	5.75500106020713e-06	-0.00444023432628341	NA	NA
GSE21639_3	0.00149465327492194	0.0345423620086447	NA	NA
GSE21639_4	0.00399737229631941	0.00603931700154453	NA	NA
GSE21710_1	0.0390779483849116	0.0912685125494972	NA	NA
GSE21710_2	0.0405792120939672	0.0956534404664349	NA	NA
GSE21710_3	0.0313608544805117	0.0747852434171478	NA	NA
GSE22925_1	-0.0308361228125447	-0.0432849372328446	-0.0290046296997561	-0.0308788385241767
GSE22925_2	-0.00960172261149895	-0.0406558415313868	-0.00792041228269722	-0.0104975775556428
GSE26499_1	0.0297248545752062	0.087427559489464	NA	NA
GSE30160_1	0.0187377109643824	0.079069567293053	0.0254042130659195	0.00653611614012294
GSE30628_1	-0.0226253851877214	-0.0511505024381502	-0.0257800087780275	-0.008301020473839
GSE30628_2	-0.0119528432233591	-0.030851432917361	-0.0239792526102161	-0.00129237366043531
GSE32163_1	-0.00676757764469639	0.00992902142037564	NA	-0.019310641679627
GSE33656_1	0.146983954830905	0.365977061425482	NA	NA
GSE33754_1	0.00504268350218804	0.104145274422762	0.00660891253730248	0.0117425328968049
GSE33754_2	0.0187351152294061	0.101313473619868	0.027117572761729	0.030913748818825
GSE33754_3	0.00164425564652042	0.0498983620563833	0.00408291665217187	0.0272178568965993
GSE34570_1	0.0121501028038495	0.0464811635875458	NA	NA
GSE35003_1	0.00864423899809325	0.0632992457118216	NA	NA
GSE35466_1	0.0123952740866169	0.0687371543097728	NA	NA
GSE35466_2	0.00393622590167851	0.0310923131106472	NA	NA
GSE35466_3	0.00444381845373506	0.0575262072203426	NA	NA
GSE35466_4	0.00995766840796317	0.0291731949776003	NA	NA
GSE35466_5	0.00228224583063293	-0.0520639095216062	NA	NA
GSE36925_1	-0.000394421030053997	0.0512623637894295	NA	NA
GSE36925_2	-0.0132333865751356	-0.017622246511854	NA	NA
GSE36925_3	-0.00681507320906657	-0.014092100889224	NA	NA
GSE37219_1	-0.0384256162738642	-0.104649744834184	NA	NA
GSE37676_1	0.00772205785401347	0.021567044401969	0.00752039589679967	0.0249283998439353
GSE41342_1	0.0253349789683253	0.130222730134023	0.0347893630803521	0.0219016378867728
GSE41342_2	0.00719606453453834	0.0538807478928411	NA	0.0149020692919536
GSE41342_3	0.00184620871315801	-0.0293011951015625	NA	0.0248220616869274
GSE41342_4	0.0130448775887535	0.145830094369102	0.0112	0.0370306006700241
GSE41997_1	0.00439163292466908	-0.0113995591943799	0.00316319342090247	0.0156179724484516
GSE43242_1	0.0206367315942897	0.232518344299034	0.0145194488477402	0.0173174504124566
GSE43242_2	0.0184214221352757	0.19093453042565	0.00331447019722104	0.0276867277897704
GSE43663_1	0.00153124847256919	0.012551935698419	0.000150027277686852	-0.01293123886421
GSE43854_1	-0.0525207786692337	-0.109978716300058	NA	NA
GSE45656_1	0.00526088809103437	-0.014418165146034	NA	NA
GSE45656_2	0.0447255202660954	0.110338483509959	NA	NA
GSE45656_3	0.0425209517512935	0.114867088647792	NA	NA
GSE45793_1	-0.00875567203749121	-0.0439019813971235	0.00121179370081586	0.00451515832721506
GSE45793_2	-0.0189484129158095	-0.0462987595470176	-0.01046146855085	-0.00759559741738264
GSE45793_3	0.00949021844561591	0.0399616175626909	-0.00385586469159993	0.0344473260740732
GSE45793_4	-0.0299723826538188	-0.0681505051575545	-0.0317403823898297	0.0129542872062832
GSE45793_5	0.00324673703648044	0.0187276471957235	-0.00552798204005747	0.00179117977243151
GSE46390_1	0.00174551166788116	-0.0230224559203656	NA	NA
GSE48438_1	-0.0199504565855447	-0.0528473685786597	NA	-0.0152852817520744
GSE50549_1	-0.00318347686196826	-0.0139180902063715	-0.00865020349398285	0.0120184046560123
GSE50549_2	-0.0111402563906149	-0.0296465982638813	-0.0162545885549952	0.00960923393379809
GSE51098_1	0.00541285304349252	0.0133002181614502	0.000229815922363451	-0.00346602834515047
GSE53857_1	0.00828124370088452	0.0592538833933526	0.00959468496473895	0.020610429462962
GSE53857_2	-0.000391868643732362	-0.0643556045438459	-0.00121491833448355	0.00253029390188444
GSE53857_3	0.00337776928947299	0.0393166740451982	-0.00119469898512169	0.0163450361275754
GSE53982_1	0.0338671469397875	0.123752352568371	0.0406406538445665	0.00901386065742471
GSE53982_2	0.00588521000244333	0.038922374089033	0.00774488223020815	-0.0141829267068124
GSE54779_1	-0.0460286442596209	-0.12695016263461	-0.0565191415460405	-0.0168157752627131
GSE55900_1	-0.00116912412793738	0.0527050088392103	-0.00454220919527272	0.0119888581176437
GSE57104_1	-0.00975111172645848	-0.0745216581347404	NA	-0.00311576694965657
GSE59387_1	-0.00774990109365575	-0.0243951295550615	NA	NA
GSE60401_1	0.000417853182719384	-0.0257059077784102	NA	NA
GSE60401_2	-0.0128630851145745	-0.0483663441570806	NA	NA
GSE60651_1	0.00811228336466168	0.0490340535577314	NA	NA
GSE60737_1	0.0214387519938317	0.0584004241720608	NA	NA
GSE60761_1	0.000285250128434714	-0.00117438372189781	-0.00109240841781632	0.00264315942723751
GSE60761_2	-0.000754147812971342	0.0110485601350578	NA	-0.000410164105550173
GSE60761_3	0.00515057121536047	0.0557285662460519	0.000562970002754635	0.00614333650926747
GSE60761_4	0.00644419191203737	0.0449692862649395	-0.00116005850028497	0.00890185318044984
GSE63017_1	0	0.0175485333945965	NA	-0.0034163379403573
GSE63017_2	-0.000392185177746856	0.0190431515663436	NA	0.00393933015002783
GSE63017_3	0.00111540433626201	0.0265827779697591	-0.00454280691900438	0.0234406582448944
GSE63017_4	0.000315127767751237	0.0271576228910092	NA	0.0092654338352225
GSE63939_1	0.0463972814633849	0.0794543114664274	0.0531204176197821	0.0329027149471305
GSE63939_2	0.0478971363337894	0.087234120917197	0.0515663844646467	0.0211862231582588
GSE64141_1	0.0474526556260234	0.120654669375238	NA	NA
GSE64965_1	0.0279003161997083	0.0762233175013962	0.032681913836933	0.0192698140143133
GSE65745_1	-0.000755287009063444	-0.0319057931106437	NA	-0.00356830286122667
GSE65745_2	-0.00111005861109467	-0.0320536049552348	-4.25170068027209e-05	-0.00704883015839925
GSE65745_3	-0.000733271413950792	-0.0317042604328869	-0.00166651550879739	-0.009708632705478
GSE66416_1	0.00658048195218171	0.00417947369221592	NA	NA
GSE66862_1	0.0216795001914607	0.0985835603549237	0.0302914359340933	0.00803613925341674
GSE69108_1	0.00504729447909961	0.0119193107195739	0.00702239232568621	0.00241839761282168
GSE71565_1	-0.00729511463901093	-0.0141435288743538	NA	NA
GSE72261_1	0.015021280512857	0.0904517154276931	0.0275659992908108	0.0157452598926047
GSE72261_2	-0.006232547416293	-0.00697451416718511	-0.0153024181802931	0.00274214101618266
GSE72261_3	0.00100861832793746	0.0102399629497916	-0.00231861990439634	0.0107008066384449
GSE7683_1	-0.00235381993679048	0.00966022120898877	0.000656741011073508	0.0019484539905978
GSE7683_2	0.00348689374329588	0.0252048138059494	-0.000816975540421689	0.000990398588625605
GSE78980_1	-0.00837840917277033	-0.0308857142039882	NA	NA
GSE78980_2	-0.00110645444435349	-0.0358199390630464	NA	NA
GSE78980_3	-0.00892532205104335	-0.073978378363287	NA	NA
GSE78980_4	-0.00812097099231117	-0.0721993836336065	NA	NA
GSE78980_5	0.00225951172111228	0.0281198675163393	NA	NA
GSE78980_6	0.0018754688672168	-0.00601418109540202	NA	NA
GSE78980_7	0.0262829503471669	0.0470116441278874	NA	NA
GSE78980_8	0.028536123189494	0.0784497881038993	NA	NA
GSE78980_9	0.0281052628752101	0.0618893723156952	NA	NA
GSE78980_10	0.0383155622907163	0.0989513031667133	NA	NA
GSE81399_1	-0.00461126290546133	-0.00758773374963528	NA	0.00388093731861947
GSE84609_1	-0.0050598493079149	-0.0125080102568994	-0.00664138090262407	0.00681435193309084
GSE84907_1	-0.0118086709464874	-0.0479975158658058	-0.0149973836605819	0.00385602652452939
GSE84907_2	-0.0223273270511003	-0.0373538956529287	-0.0265409668051189	-0.000813405377799862
GSE84907_3	-0.00204234332750554	0.0126656967022834	-0.00149134668614171	-0.0197778700454301
GSE90127_1	0.0453561314262352	0.104104326097838	NA	NA
GSE90127_2	0.00595440672412668	0.0186606150549728	NA	NA
GSE90127_3	0.0364566109882423	0.0826651121748716	NA	NA
GSE9247_1	0.00819053641689557	0.0404618633345722	0.0133219592369783	0.0092344563437704
GSE9247_2	0.0356557446582756	0.0819846496000971	0.0416297445556329	0.0505005083746604
GSE9247_3	0.00344005020716375	0.0180248778343149	0.00679567625569221	-0.0151183537477649
GSE99306_1	-0.012766957494045	-0.0346969401216495	-0.0159521042036068	-0.00203476175499131
GSE99306_2	-0.00650685520102881	-0.00975380675302999	-0.00758933987619426	0.000983144883885392
GSE99306_3	-0.00881679972859833	-0.0325083523187582	-0.0110988926955871	-0.00933216357555211
GSE99306_4	0.0012566556282581	-0.0048352485722186	0.0001853205153774	-0.000579605995754112
GSE99306_5	-0.00273589903559416	-0.0151450652905097	-0.0052501845581982	-0.00321978225894735
GSE99306_6	0.00926603037772508	0.0127126144394014	0.0077011523038945	0.00453229055132706
GSE99306_7	-0.00772646096513	-0.0571912214686027	-0.00412866649789717	-0.00618868883439726
GSE99306_8	-0.00324619494849629	-0.0256892321702003	-0.00473805783691172	0.00716787598531273
GSE99306_9	0.00993990757849339	0.0119318559678397	0.0083845135562728	0.0110532384439523
GSE99306_10	-0.0110758801725542	-0.0881669518748064	-0.012524893075621	-0.0222261307451347
GSE99306_11	-0.00652975465107992	-0.0294391113011194	-0.00597613363964327	0.00262965781821795
GSE99306_12	0.00955983701982172	0.0141636869869243	0.00862437780168931	0.00404117335374513
GSE99306_13	-0.0265081861045123	-0.0641271433483865	-0.0259257432963783	-0.0249028635978361
GSE99414_1	-0.00473128868205215	0.0314907046954841	-0.00339386556627127	-0.00840622624442253
GSE110581_1	0.00354135461262646	0.005408912240801	0.00315720193663632	0.00905546580363983
GSE110581_2	-0.000805273704858808	-0.042246320468335	0	-0.000153594512892507
GSE47799_1	0.00210683808650083	0.00547112781869035	0.012850573750714	0.0188972117220534
GSE47799_2	-0.00130710497796217	-0.0149963937506184	-0.0039312211277484	-0.00470495447767854
GSE47799_3	0.00273150922999225	0.0171849255316757	0.00931563262581662	0.0159258622513754
GSE111628_1	0.00348145867687455	0.0279722182071042	NA	NA
GSE111628_2	0.000466289080543336	0.0295687316031104	NA	NA
GSE111628_3	0.00389834079548583	0.0371951667804908	NA	NA
GSE5657_1	0.00268032936377422	0.0551025405335568	0.00409338089786936	-0.0136329491506786
GSE5657_2	-0.00109060280463784	0.0478959277060173	-0.00217900827656925	0.00325655168711605
GSE13782_1	-0.0320659754881817	-0.124944955880692	-0.0489697031785366	-0.021547250811707
GSE41039_1	-0.00668241084923664	-0.0302626908047146	-0.0224420202996217	0.00340906386461585
GSE84198_1	0.00247729628702866	0.0656799858392303	0.00365298187143362	-0.00497546958905522
GSE84198_2	0.00330374398575919	0.0655294556269656	0.00605942484178688	-0.00261693008442734
GSE84198_3	-0.037117381847724	-0.0746041023881536	-0.043786228269326	-0.00815715072329639
GSE114469_1	0.021268546208473	0.00411165423704948	NA	NA
GSE108036_1	0.00503096198664879	0.084751820362865	-0.000730943264879916	0.00883824531916966
GSE60451_1	-0.0206639940580171	-0.113041074983772	-0.0234627933704667	-0.00693816634870147
GSE47902_1	0.000708172648206696	0.0746049561237687	NA	NA
GSE44325_1	-0.00766424684902075	-0.0118362958542877	NA	NA
GSE4481_1	-0.00306119408677274	-0.0561696317559423	NA	-0.0129351283576592
GSE4481_2	-0.0141175579304647	-0.0729425701105184	-0.0107162741954749	-0.0338910424606741
GSE4481_3	-0.000752022306850454	-0.0440069151716855	NA	-0.0182085742934829
GSE102292_1	-0.00884466861442941	-0.0160972625847409	NA	NA
GSE102292_2	-0.00100409984340015	-0.00537181110043459	NA	NA
GSE102292_3	0.0392762096797315	0.106536156155302	NA	NA
GSE102292_4	0.0522190606987293	0.125692897924064	NA	NA
GSE41898_1	0.112889431776063	0.315770919133586	0.141159520045138	0.0688713462067208
GSE87605_1	-0.0225744910057088	-0.0723116065478393	-0.0227032514441483	-0.00549339518067298
GSE87605_2	-0.0254851626839998	-0.0968197258215266	-0.027832267031609	-0.0166366349446103
GSE87605_3	-0.0382079884160917	-0.120917472865561	-0.0469336300875174	-0.0185916273696927
E-GEOD-54216_1	0.0158309540454026	0.0363490637173987	0.0178914831019853	0.0168663253556665
E-GEOD-54216_2	0.0314980088492905	0.0988380881194327	0.0368438503862459	0.0296907949665934
E-GEOD-54216_3	0.0255461096157787	0.138425441338423	0.0360879626436494	0.0188406460153742
E-GEOD-6119_1	-0.0434139058013765	-0.0766919932179065	-0.0569293544161996	-0.0241923525288876
E-GEOD-6119_2	-0.0437296118757649	-0.0826013708589924	-0.0571344776240217	-0.0204500510326134
E-GEOD-6119_3	-0.0445018747403453	-0.0817678575216897	-0.0589425745212088	-0.025628604472848
E-GEOD-8077_1	-0.00464502312059196	-0.0510603939866493	-0.00296605975072256	-0.0132146629463683
E-GEOD-8077_2	-0.0027010565082998	-0.0622102432342492	-0.00559222018348516	-0.0159352764846834
E-GEOD-8077_3	-0.000780820943010595	0.00422716732040189	-0.0122310427877329	-0.00489710377419187
GSE103416_1	-0.0981859885696747	-0.203949258915468	-0.116077936614277	-0.0377550385927957
GSE103416_2	-0.0176915180682586	-0.06445598703628	-0.0200567539698161	0.00181892617052362
GSE103416_3	-0.0110029412618263	-0.0228078084380346	-0.0147514610166502	0.0289215462370474
GSE19950_1	-0.0182024896530901	-0.0884176603911947	-0.0249961079126877	-0.0224667560501321
GSE30322_1	0.0256106946683573	0.103089023877846	0.0328769502979778	0.031545001175408
GSE30322_2	0.0237929337364173	0.103388776288067	0.035179775115049	0.00429599633229832
GSE30322_3	0.00813530234847133	0.0233196380978675	0.00344456035269066	0.0229389719398016
GSE42295_1	-0.00472391735876392	-0.17698477432096	NA	-0.0549761433491909
GSE42295_2	0.00242649707331085	0.0409014594792694	-0.00154438447770547	-0.000260202616926077
GSE42295_3	0.0106076280548735	0.0995809040922278	0.00639338016142929	0.0178235108486431
GSE66554_1	0.106970584652525	0.273473911195316	0.119337939404444	0.0546566766566767
GSE66554_2	0.085890219338506	0.205984911939425	0.0997449717406357	0.0379634992281408
GSE66554_3	0.0142001878792877	0.0401858189481579	0	-0.00146747679472335
GSE66554_4	0.017692118880728	0.0450626477675318	0.0220955108548054	0.000669401302660094
GSE74898_1	0.0490345579010068	0.152912964992167	0.0637470809534005	0.0236683545650776
GSE74898_2	0.0431899004522374	0.131117887077936	0.0570813522289946	0.00526369696208482
GSE74898_3	0.0729875528535122	0.184268593498259	0.0868432232040835	0.0342597997130437
GSE79176_1	-0.00117618422075803	0.00901945696151713	NA	NA
GSE79176_2	-0.000389833437484957	0.0115984557183738	NA	NA
GSE79176_3	0.000416635219511917	0.00432916296964168	NA	NA
GSE85785_1	-0.0347071360953887	-0.187607363780321	-0.0224264705882353	-0.0333500568599906
GSE16981_1	0.0196105395495712	0.0187964627800782	0.0238715824525362	0.0272902518830882
GSE16981_2	0.0361077500021454	0.0824760896511909	0.0539570004571633	0.0205616075142257
GSE16981_3	-0.00529450496155849	-0.031316888866569	-0.00636673150290306	0.00118235413128766
GSE16981_4	-0.00529450496155849	-0.031316888866569	-0.00636673150290306	0.00118235413128766
GSE16981_5	-0.00305009020556068	-0.0480874582692067	-0.00239492836994182	0.0114919800546809
GSE16981_6	0.00741468886888793	0.0466422089242914	0.00736625215469137	0.0156943744208951
GSE16981_7	0.00778405712952756	0.0842312499555794	0.00834887114470517	0.0191443911945733
GSE29859_1	0.0156785315989312	0.162916825808191	0.011791755251234	0.0342141776841282
GSE29859_2	0.0219114887676846	0.1884470862354	0.0330414377133715	0.0538627467712956
GSE23492_1	0.0277945006085658	0.0463514625832567	NA	NA
GSE23492_2	-0.0181383032407807	-0.0556456443991733	NA	NA
GSE23492_3	0.0279444830190025	0.0708135480856701	NA	NA
GSE23492_4	-0.00627253537420301	-0.0112415673093138	NA	NA
GSE23492_5	-0.00955159246856142	-0.0343893673495022	NA	NA
GSE44991_1	-0.00572669091912252	-0.0176646853537077	-0.0124502430333264	-0.00880340740479791
GSE44991_2	-0.00529677656744842	-0.0353173943978625	NA	-0.00477602794285499
GSE39796_1	0.00676233080443213	0.00700307906690251	NA	NA
GSE39796_2	0.0153589575476071	0.0129045185060729	NA	NA
GSE39796_3	-0.00251769252369048	-0.00503365040368029	NA	NA
GSE18394_1	-0.00990352905274872	-0.00120578294504801	-0.0131036449095417	0.00633076035205957
GSE18394_2	-0.0258135641478255	-0.0823513395292907	-0.0416971560278548	-0.0363927695602169
GSE18394_3	0.0229615655485826	0.0573989014089822	0.0276874065835101	0.0322680542704738
GSE29233_1	-0.013758808819053	-0.055482379640894	NA	NA
E-MEXP-2291_1	-0.000298452905348925	-0.00837146338785902	NA	NA
E-MEXP-2291_2	0.0126171562603378	0.0171529285098593	NA	NA
E-MEXP-2291_3	-0.0119027530185149	-0.0230979245216719	NA	NA
GSE18738_1	0.00309656137420025	0.0491692742871705	0.00715361451833449	-0.0231892457735253
GSE107363_1	0.0065614434710458	0.0339058445083109	NA	NA
GSE85761_1	0.0118888931187822	0.0224032431849378	NA	NA
GSE89179_1	0.0628700380837977	0.153463756912302	NA	NA
GSE89179_2	-0.00531542460239266	-0.041335447455954	NA	NA
GSE89179_3	-0.0186813767945956	-0.0325842331013099	NA	NA
GSE89179_4	-0.0172169557148171	-0.0482878830416211	NA	NA
GSE89179_5	0.0221135469939259	0.037712785333053	NA	NA
GSE89179_6	0.012635643875312	0.0519211870014652	NA	NA
GSE89179_7	0.00694965263279238	0.020670022400067	NA	NA
E-GEOD-57723_1	-0.0356781375512347	-0.0831667860212441	NA	NA
E-GEOD-57723_2	-0.000169985474768673	-0.00414195508869939	NA	NA
E-GEOD-57723_3	-0.0289156003211608	-0.0719655416786878	NA	NA
E-GEOD-83930_1	0.00264639922840388	0.0323681293170447	NA	NA
GSE100268_1	-0.0243401981005552	-0.0830040755081053	NA	NA
E-GEOD-55769_1	0.00361601613971922	0.0139326907760866	0.0029178066819956	0.0101020911416474
E-GEOD-55769_2	-0.000465448795683988	0.0266126140103195	0.000870766660240344	-0.0102530704940343
E-GEOD-55769_3	0.00650772313888848	0.00681283330856866	0.0074248719741624	0.0058655756866521
E-GEOD-69110_1	0.0105229395756524	0.0853453798392981	0.013367521395681	-0.001924725238158
E-MTAB-4304_1	-0.034089521735356	-0.125826402390199	-0.037860754341568	0.0208466381529244
E-MTAB-4879_1	0.00479189992131338	0.00351530389882563	-0.000764509148433344	0.00131804922063311
E-MTAB-4879_2	0.0184307029392202	0.0297129778255506	0.0121920499101696	0.0221392154154424
E-MTAB-4879_3	0.00417809900116375	-0.0154962785193137	-0.0023614630537963	0.0019429713930389
E-MTAB-4879_4	0.0383241214144308	0.0704295665669045	0.00187353011124911	0.0223221224578947
Cytokine_Explant_1	-0.0235027703979862	-0.0669108509166192	-0.0122089374424246	0.0105405705405705
Cytokine_Explant_2	-0.0674570800181952	-0.169627140268563	-0.0810364929375574	-0.0206168051080646
Cytokine_Explant_3	-0.0532911305492809	-0.122168047744622	-0.0640957168990118	-0.00460989793423221
Cytokine_Explant_4	-0.0327322806995697	-0.091397546316652	-0.0154833939411582	-0.0270283444196731
Cytokine_Explant_5	-0.0247351072456947	-0.0575100086065271	-0.0418821175914537	-0.0110816915934243
FN1_Explant_1	-0.00750993289265422	-0.115774840802032	-0.00972063952621624	-0.000368678354195604
E-MTAB-6266_1	0.0581226108233839	0.121947716266679	0.0503305066285362	0.0274431931461931
E-MTAB-6266_B_1	0.0579080567544808	0.137507123532242	0.053697554747466	0.0218972180912983
E-MTAB-6266_B_2	0.04442500725486	0.0838004707104428	0.0500993067688665	0.0300424899382876
E-MTAB-6266_B_3	-0.0145345912177139	-0.0660375390418584	-0.00621357129360027	-0.00286164231008356
GSE74220_1	-0.0106449362714269	-0.0239785922008177	-0.0184711065262459	0.0089600228014155
GSE114007_1	0.000832629590669258	-0.0047426105032849	0.00910912247038861	0.0236550887974343
GSE109503_1	0.0460904185272124	0.0961981541745976	0.053869040758121	0.0384999949726331
GSE109503_2	0.0130804619635389	0.0297013091242375	0.0028022250197365	-0.00386267359937054
GSE109503_3	0.0412099845955496	0.0976088543420935	0.0373659790998333	0.0590518281290944
GSE109503_4	-0.00328373284157392	-0.00229289844938804	-0.00567674647355996	0.0118087600432768
GSE109503_5	-0.0372458776091045	-0.0805089502321099	-0.0463296480805522	-0.00568323353596904
GSE109503_6	-0.0144248532039075	-0.0463103631240004	-0.0189523871689218	0.0174806266250612
GSE109108_1	0.0167523546031573	0.00241387163503046	0.00933133414413346	-0.00658419539295563
GSE109108_2	0.0651177902648043	0.150245885702003	0.0817080146913191	0.0322851457820893
GSE109108_3	-0.000829259229413232	0.00563449435785032	NA	-0.00691358234767157
GSE109108_4	8.03819428449172e-05	-0.0663012518563283	0.000484496124031008	0.0063637296880226
GSE70667_1	1.97884656297311e-05	-0.0422465798244162	-0.00149943028378148	-0.00615346817028559
GSE87608_1	0.00135899963862127	0.0475893579154561	NA	-0.00343219587468635
GSE87608_2	-0.00244499853574897	0.012755672107547	0.000460743738557083	0.00731493612742195
GSE87608_3	-0.00246547123800941	-0.0137030824911334	-0.00349748629997019	0.000909242837297236
GSE87608_4	-0.00586585767423182	0.00236705604245777	-0.00108725956460805	-0.0208780324933578
GSE90890_1	0.00206830719555512	8.28806375304505e-05	-0.000861828309533133	-0.0172167068249517
GSE97118_1	0.00212853877151132	0.0248306669079352	NA	NA
GSE97118_2	0.00916790129306752	0.0418153760214959	NA	NA
GSE97118_3	0.0241868219576112	0.0479624742010484	NA	NA
GSE97118_4	0.0191595940739032	0.0455118809681218	NA	NA
GSE97118_5	0.0178284124677892	0.0642952261566648	NA	NA
GSE97118_6	0.0429257441019562	0.073926394680977	NA	NA
GSE97118_7	0.00399675983764111	0.0247040015665506	NA	NA
GSE107592_1	0.00178392436009704	0.0182236833645433	0.0108536936188236	-0.0187781219050148
GSE92641_1	0.0396132493384248	0.0877087717998501	0.0588615960452666	0.0558349565561863
GSE107849_1	-0.0255989284197616	-0.0668658925549579	-0.0398999441266499	-0.00937269193412351
E-ERAD-89_1	0.00112079651100172	0.0158207418627314	NA	NA
E-ERAD-89_2	-0.000418137522124295	0.00157656881316222	NA	NA
E-ERAD-89_3	-0.00039379780244656	0.0100881811683515	NA	NA
E-ERAD-89_4	-0.000766827174950174	0.0106329779096478	NA	NA
E-GEOD-45893_1	0	0.0938506003700942	NA	NA
E-GEOD-53105_1	-0.00290397232716233	0.0113348525843226	0.000591990466034254	-0.0148444745278064
E-GEOD-53105_2	0.0743945993702849	0.224644430633345	0.0464959397536121	0.0294382388435728
E-GEOD-54461_1	-0.00738316672856701	-0.023893821526041	-0.0101976015382228	-0.0126304277830118
E-GEOD-54461_2	-0.00328417310512636	-0.00327855848248375	-0.0071167466038412	0.00179498921035571
E-GEOD-54461_3	-0.0180852239990197	-0.0347028688891943	-0.0181193850882015	-0.00421369202859944
E-GEOD-54461_4	-0.0402030968983357	-0.0695404206695189	-0.0530074632220919	-0.0213625384693476
E-GEOD-54461_5	-0.0648391942415096	-0.126085715609842	-0.0790704581474454	-0.0396856367128913
E-GEOD-54461_6	-0.0679214423505912	-0.143301690309935	-0.0810576133894825	-0.0195534910674896
E-GEOD-54461_7	-0.0691032420961286	-0.144249922693723	-0.0808834988853732	-0.0146449749975056
E-GEOD-54461_8	-0.0670226301637003	-0.153635720120961	-0.0756217932466689	-0.0177555091400505
E-GEOD-73372_1	0.0183993386022314	0.0357123953998922	NA	NA
E-GEOD-73372_2	-0.00155130667676165	-0.0153908422406215	NA	NA
E-GEOD-73372_3	-0.0128194978200978	-0.0598018292644361	NA	NA
E-GEOD-75549_1	-0.0126724887716745	-0.0924147972350126	NA	NA
E-GEOD-76988_1	-0.00798674149531891	-0.0142043393051652	NA	NA
E-MTAB-2923_1	0.0928049764046723	0.241252756840887	NA	NA
E-MTAB-2923_2	-0.10296732569936	-0.292794241101429	NA	NA
E-MTAB-2923_3	-0.0852517538184449	-0.193364791852062	NA	NA
E-MTAB-2923_4	-0.0333808877098188	-0.10307478191827	NA	NA
E-MTAB-3428_1	-0.0899195957167052	-0.285922129769484	NA	NA
E-MTAB-3428_2	0.00788850826346936	0.12066091406082	NA	NA
E-MTAB-3428_3	-0.0151989059054529	-0.102502220458895	NA	NA
E-MTAB-3428_4	-0.0933433679429261	-0.286677730521482	NA	NA
GSE102856_1	-0.0100526330429264	-0.0538955663405756	NA	NA
GSE103492_1	-0.0168412665455775	-0.0470988462099064	-0.0236698722860945	-0.000230295149581144
GSE103492_2	0.00759319523192529	0.0272352929257139	-0.0045220809051332	0.0066817804539806
GSE103492_3	-0.0125471095934114	-0.0526019922987458	-0.0210327449888231	0.0015068097035796
GSE103492_4	-0.0249592013882315	-0.0846913192718746	-0.0299468947219855	-0.00628882821653952
GSE103492_5	0.0100768676100682	0.0762177123107738	0.00668332640501583	0.00655422814458464
GSE103492_6	0.00366259980540636	0.0312495347345635	-0.00313539978720845	0.00227550387089343
GSE103492_7	-0.0124422816750171	-0.0492594516551113	-0.00218008416475239	0.000713167586777356
GSE103492_8	0.00401184982179765	0.0390283302331758	0.00377210083555016	-0.00408381005972195
GSE103492_9	-0.00773358139297768	0.00139898416473106	-0.0049434723532074	-0.00148669040510292
GSE103492_10	-0.00251283913559545	-0.0508772937700174	-0.000539956803455724	-0.00509720640709004
GSE106259_1	-0.0107478307998551	-0.0296835785247094	-0.0128569812599702	-0.0213694815656495
GSE110303_1	-0.00667060497107352	-0.109346768147864	NA	NA
GSE110303_2	-0.0324131488996157	-0.233113867986835	NA	NA
GSE110303_3	-0.0303511809584854	-0.186691550816572	NA	NA
GSE110300_1	-0.00324051437018795	-0.0432726479399773	NA	NA
GSE110300_2	0.000466988528852543	0.144623210002279	NA	NA
GSE110300_3	-0.0413569679837461	-0.232591676215694	NA	NA
GSE110281_1	-0.0141580464762667	-0.0610503473363123	NA	NA
GSE110281_2	-0.0111896978395056	-0.0584910191480839	NA	NA
GSE110281_3	0.00126591404210962	-0.000959648640112475	NA	NA
GSE104459_1	-0.0125225361595167	-0.0621529706538234	-0.00256647203588822	-0.00875923565693907
GSE104459_2	-0.0220721115205747	-0.0969063134659889	-0.0153870235710746	-0.00473511234662536
GSE104459_3	-0.00329766375246925	0.00774597779035329	0.00102376685378263	0.0121445614171685
GSE110051_1	0.0272042005973723	0.0596469031895236	0.041672293953532	0.0176898102794775
GSE110051_2	-0.00508572092613766	-0.0486081697175669	-0.0126641791218357	0.0103562991110555
GSE110051_3	0.0114057221975314	0.0146197995519218	0.0263005772241035	0.0238360811484671
GSE112694_1	-0.0258792954210743	-0.0497034179023543	-0.0334931485613348	-0.00156953141180332
GSE112694_2	-0.00323570376413056	-0.0191286805105794	-0.00725295271426816	0.0164629023157688
GSE112694_3	0.0619200800340083	0.129515195757598	0.0831848073534464	0.0464715387931111
GSE112694_4	0.0540690103294914	0.127815096007219	0.0643565317510104	0.0663589818631484
GSE97232_1	-0.000463360973219816	0.0238797036207512	-0.00130311160232813	0.0143252545489361
GSE114079_1	0.000361002666290128	0.0152432085383311	NA	NA
GSE114079_2	-0.0037877671386533	-0.018481321486932	NA	NA
GSE114079_3	-0.00293211396332608	0.0234681452963029	NA	NA
GSE114079_4	-0.00750861935604902	-0.0626936374945876	NA	NA
GSE104828_1	-0.0336523566323417	-0.0897727751302136	NA	NA
GSE114521_1	-0.00261839925636243	-0.0292078926355116	-0.00215152157782629	-0.00656404210615159
GSE114521_2	-0.0166767069755157	-0.131909534300888	-0.0178507008484516	-0.0184014188496506
GSE112413_1	-0.00163484303988003	0.0343949763915722	-0.00520702607246394	-0.0192259825912714
GSE112413_2	-0.0116129041310772	-0.0348063815921185	-0.0195586340036808	-0.00453279960501132
GSE101909_1	-0.00680975115580556	-0.037129700395271	-0.0103480383799676	-0.0269232371880387
GSE101909_2	0.0214923031119516	0.0196319619716756	0.0283372479754981	0.00510780363679548
GSE114919_1	-0.0124746336665346	-0.0429499055300458	-0.0223185590094623	-0.00214190803350963
GSE114919_2	-0.0243900767373376	-0.059565738311541	-0.0273636080402453	-0.012621283872557
GSE114919_3	-0.0130419176189973	-0.00308464422356402	-0.0193465166768094	0.00121096922370585
GSE114919_4	-0.0097252626035766	0.00143511718596454	-0.0183897739809217	-0.0116364327288928
GSE114919_5	-0.0172596902189633	-0.0477029451637994	-0.0088092608099333	-0.00385096194592762
E-MTAB-5879_1	-0.00951584358958008	-0.00657859330108412	-0.0204523339950477	-0.0187545062635757
E-MTAB-5879_2	-0.0357110432608402	-0.102387130194705	-0.0723688067479831	0.00356785700665718
E-MTAB-5879_3	-0.0126703236769408	-0.0270539790832127	-0.041380748980229	-0.00843092867380518
E-MTAB-5879_4	-0.0394428748891179	-0.114661110518409	-0.083985693591923	-9.51741659382462e-05
E-MTAB-5879_5	0.00220493720360882	0.0315916731219767	0.000346661840612682	0.0106134112486862
E-MTAB-5879_6	-0.0428478140247187	-0.118696294532411	-0.0802451954739278	0.00175012613675835
E-MTAB-5879_7	-0.0138627395763038	-0.0581254275745933	2.86680339953738e-05	-0.0130103965015745
E-MTAB-5879_8	-0.00727419087409417	-0.0283596118255211	0	-0.00852936788449543
E-MTAB-5879_9	0.00840294480538682	0.0753140608725738	0	-0.00455610597120031
E-MTAB-5879_10	-0.0110318793110319	-0.0313449035347861	0.000682041632211898	-0.00839126252670313
E-MTAB-4294_1	-0.0672172029079293	-0.139272345691111	-0.0929532797512246	-0.0100853859987621
E-MTAB-4294_2	-0.0576726294551119	-0.12719678843428	-0.0747061541814073	-0.0112116198011413
E-MTAB-4294_3	-0.00455140539647615	-0.01730532564305	-0.010736439452515	-0.00593956557460374
E-MTAB-3186_1	-0.0801898304196415	-0.214320051665208	-0.0924225280035617	-0.00351702389082353
E-MTAB-3186_2	-0.0417952820731661	-0.0871906164541361	-0.0392686669056323	0.00604120437106989
E-MTAB-3186_3	-0.00140604542222934	-0.0117093826769802	-0.00363846079859435	-0.012670155994424
E-MTAB-3186_4	-0.0221989466796053	-0.0547717755373381	-0.0177952222954498	-0.0154323969400107
GSE114919_Rat_1	-0.0164603361136553	-0.0451703623210048	-0.00966990782946284	-0.00122774416481256
GSE114919_Rat_2	-0.0317280033782676	-0.13346021878622	-0.0433955082784349	-0.00619581316085522
GSE114919_Rat_3	-0.0290831940114876	-0.0764659313076006	-0.0401945582153499	0.0126731617350727
GSE114919_Rat_4	-0.00639381065768968	0.00993779771614456	-0.0108217333478685	0.0237985551804842
GSE114919_Rat_5	-0.0149584456897217	-0.037298010391899	-0.0123775356838536	0.0303232938096802
