comparisonID	jaccard	cosine	sigjaccard	chrDir
22659600_1	-0.00252168979911113	-0.00542499294174781	0	0.010112809679748
24361742_1	0.0120324820851798	0.0581411583954932	0	0.00981292323575648
GSE72258_1	0	0.00953202308524157	0	-0.0108983476715407
GSE72258_2	0.00126262626262626	-0.0131152016633915	NA	-0.00541249551150541
GSE69531_1	-0.000598439288115638	-0.02348963578153	NA	NA
GSE69531_2	0.00530935192561363	0.00278553101962557	NA	NA
GSE69531_3	-0.00621111288765738	-0.0071137716210433	NA	NA
GSE69531_4	-0.000598439288115638	-0.02348963578153	NA	NA
GSE58203_1	0.00413898021005621	-0.00216965795935895	0	0.00435960423432769
GSE58203_2	0.0033452398874651	-0.00727158594014584	0	0.00892965761882794
GSE58203_3	-0.00329740425803045	-0.0195891665193029	0	-0.0110700813145881
GSE58203_4	-0.000702908147832314	-0.00973330267570312	0	-0.001077541518496
GSE58203_5	-0.00629981844483927	-0.0290107439969272	0	-0.0141504574338345
GSE58203_6	-0.00913830249194364	-0.0250396368029069	0	-0.00721780617597971
GSE58203_7	-0.0080639601380176	-0.0276383496806711	0	-0.000807833975295151
GSE58203_8	0.00408309749407402	0.0118927863153445	0	0.00603975597411904
GSE59642_1	0.0104120407557369	0.0168629519861453	NA	NA
GSE59642_2	0.00911530431649033	0.0239960869980451	NA	NA
GSE59642_3	0.00564167491631557	0.00662505013250724	NA	NA
GSE64922_1	-0.0286138165587554	-0.081077810200614	-0.00151975683890578	-0.0422643829410876
GSE60162_1	-0.00490759128509148	-0.0132410867228997	NA	NA
GSE31685_1	-0.00351426991271481	-0.00672234082265969	0	-0.000964208277064682
E-MEXP-3890_1	0.00594962885501468	0.0284216156558847	-3.08413286429594e-06	0.024441412139602
GSE31980_1	0.00224647596829957	-0.0197572986417237	-0.000553326137186943	-0.00688167981845784
GSE15615_1	-0.0168175811564822	-0.0870765556739824	1.64297496763337e-06	0
GSE15083_1	0.00153845289426182	0.0314117101391673	NA	-0.00545713970472978
GSE108035_1	0.0074455190143959	0.0304371307488646	-0.000283929585462805	0.00442275556257319
GSE108035_2	0.0140140040881448	0.0415037549061514	0.000182148585525926	-0.0154303971135316
GSE108035_3	0.00898953383883181	0.0306840121533648	0.000173851897608031	-0.015867673040297
GSE21959_1	-0.0041325656842799	0.0144208761536416	-0.000360455870659952	0.00347562984305275
GSE21959_2	-0.00535253373685852	-0.00778411674613761	-0.00188679245283019	-0.00490110018726592
GSE24742_1	-0.00433104538491125	0.00365473091953589	NA	0.00330693543390933
GSE24742_2	5.90942864814375e-05	-0.0187068241554562	NA	-0.000653505954439887
GSE24742_3	0.000533911834100499	0.00322332162342338	NA	0.00905420160753173
GSE74668_1	-0.00170910628181465	-0.00761347345698387	NA	NA
E-GEOD-10024_1	0.00350244864265335	0.0120112564238081	NA	NA
E-GEOD-10024_2	-0.00909068802174699	-0.0147824875401106	NA	NA
E-GEOD-12860_1	-0.0188259131451567	-0.0341799545067953	NA	NA
E-GEOD-12860_2	-0.000630236020977021	0.0139664910323584	NA	NA
E-GEOD-12860_3	-0.00700562812194255	-0.00185788241005856	NA	NA
E-GEOD-12860_4	0.00321856727656658	0.0107503217986291	NA	NA
E-GEOD-12860_5	-0.00186739077452652	0.0126744680231726	NA	NA
E-GEOD-12860_6	-0.00117890580490547	0.0173435881199165	NA	NA
E-GEOD-12860_7	0.00698769764114609	0.0250269413028888	NA	NA
E-GEOD-12860_8	-0.0125979963520162	-0.00534460178919376	NA	NA
E-GEOD-14359_1	-0.010079191768995	-0.0325831298863121	0	-0.0300127899105594
E-GEOD-14359_2	-0.00106032505176802	0.00360793122758052	-0.000881834215167548	0.0311319317012045
E-GEOD-1919_1	-0.0259275739389064	-0.0584069784499816	NA	NA
E-GEOD-1919_2	-0.0196794948576163	-0.0608290227857472	NA	NA
E-GEOD-1919_3	-0.00932182838419898	-0.040138112125442	NA	NA
E-GEOD-1919_4	-0.039760172414025	-0.0951250440655529	NA	NA
E-GEOD-1919_5	-0.0286950444001718	-0.0942022157397521	NA	NA
E-GEOD-1919_6	-0.0118836892612284	-0.0700146472127262	NA	NA
E-GEOD-1919_7	-0.0128448310430192	-0.0540729031348028	NA	NA
E-GEOD-1919_8	-0.0153423791795823	-0.0525382759849784	NA	NA
E-GEOD-1919_9	-0.00194302769232976	0.0146918027424495	NA	NA
E-GEOD-19664_1	0.00267262955725535	-0.00299091965662905	NA	NA
E-GEOD-19664_2	-0.0120130147885757	-0.0304174822792255	NA	NA
E-GEOD-19664_3	0.0130297409431852	0.0556707130646466	NA	NA
E-GEOD-19664_4	0.00719430954784342	0.00600459561702498	NA	NA
E-GEOD-19664_5	-0.00917780377968403	-0.0183698000536742	NA	NA
E-GEOD-19664_6	0.00593213610895824	0.0377249167204976	NA	NA
E-GEOD-43923_1	-0.0205130543968402	-0.0650430436083922	0	-0.036576752631255
E-GEOD-51812_1	0.00517144173001817	0.0257162709635986	9.66330877775681e-06	-0.00431400823291393
E-GEOD-51812_2	0.00637592860088141	0.0312001625626437	-0.000103407167984118	0.00176297757720619
E-GEOD-68760_1	-0.00900548687025292	-0.0265502839158459	0	-0.0094014500070394
E-GEOD-82107_1	-0.0372018692223444	-0.0840379535794275	0	-0.0400670513090932
E-GEOD-9451_1	0.0024568894780264	0.0123143550344926	0.000363636363636364	-0.00103752109358822
E-GEOD-9451_2	0.000467656852684146	-0.00451992417814486	0	-0.00778899228212883
E-GEOD-9451_3	-0.00200950936836859	-0.00124686466966941	0	-0.0112950145279097
E-GEOD-9451_4	0.00168025057638917	0.0149765102748367	0.000543478260869565	0.0012861028956095
E-MEXP-2019_1	0.00259070947917298	0.00751403966671878	0	0.00368711499972888
E-MEXP-2019_2	0.014636169987166	0.0429616419604939	0	0.00864942571822061
E-MEXP-2019_3	0.00572282295536252	0.0211284561214335	NA	0.00281064554212617
E-MEXP-2019_4	-0.00364835356782211	-0.0129025118135699	0	-0.00511796665738137
E-MEXP-2276_1	-0.00442447655994854	0.00127158881506585	NA	0.00152841029785867
E-MEXP-2488_1	-0.00122316862651966	-0.021370175525439	0.00137174211248285	0.0107063490461344
E-MEXP-3129_1	0.00218366422603815	0.0174612751814473	0	0.0082530088719255
E-MEXP-3474_1	0.00644175565542833	0.0211523066911604	NA	-0.000450603700689075
E-MTAB-3010_1	0.00508013868733787	0.0202573422688845	NA	NA
E-MTAB-3010_2	-0.00307195461807587	-0.00633619508023609	NA	NA
E-MTAB-3010_3	0.00592248945058027	0.0323490394392596	NA	NA
E-MTAB-3010_4	0.00265420414104012	0.00732747022799996	NA	NA
E-MTAB-4152_1	0.000108077908816022	0.00368200759873169	-1.95618153364632e-05	0.00557767016035766
E-MTAB-4152_2	0.00534484334613108	0.0683755559677718	-0.00505050505050505	0.0055668006305449
E-MTAB-4152_3	0.00701589015058519	0.0532903108449386	0	0.0066757898256521
GSE100609_1	0.000875367345972506	0.0392318595675776	NA	0.00673195112810368
GSE100786_1	-0.000881815222910929	0.00556626192744239	0	0.00757688828497896
GSE100786_2	-0.00149914171783182	-0.00966419008973691	NA	-0.00650646436658539
GSE103697_1	0	-0.015261172895461	NA	NA
GSE103697_2	0	0.00686120691508422	NA	NA
GSE103697_3	0	0.0244416328208168	NA	NA
GSE104113_1	-0.00793938005413145	-0.00622753101138577	NA	NA
GSE104113_2	0.0091505981553997	0.0210558621893546	NA	NA
GSE104113_3	-0.00793938005413145	-0.00622753101138577	NA	NA
GSE10575_1	0.0146787586394612	0.0283356256132396	0.0333333333333333	0.0167135461720842
GSE10575_2	0.00580713729659997	0.00590036832064813	0	0.00831357058101244
GSE10575_3	0.00478738418771529	0.02926791840191	0.000265111346765642	-0.00487973965636585
GSE13604_1	0.00900164550106977	0.0121116240681975	0	0.0119574930526772
GSE13837_1	0.00295582762543656	0.00290628631565956	0	-0.0078984424732157
GSE13837_2	-0.0021415100779714	0.00232153065184475	0	-0.0086020740271427
GSE13837_3	-0.00464363539817964	-0.0200587908243503	0	-0.00659125243834877
GSE13837_4	-0.00469972562903896	-0.0192814757807709	-0.0014367816091954	-0.0163371696403779
GSE13837_5	-0.00204550656961025	0.0132730869220291	0	-0.00449007309162715
GSE13837_6	0.000160554757285739	-0.000623604120987087	0	-0.00738540825066155
GSE13837_7	-0.000919802558175192	-0.00528602273310424	0	-0.00142530314891041
GSE13837_8	-0.000596612557511249	-0.0160880599901853	0	-0.013880437712551
GSE13837_9	-0.00685819113740872	-0.0289571329038842	0	-0.00526282760321205
GSE13837_10	-0.00471109922115466	-0.0229790147333203	0	-0.011325695826682
GSE13837_11	-0.00453035478522162	-0.0358726782104681	0	-0.00973106759243554
GSE13837_12	-0.00742108531618177	-0.0270673753711298	0	-0.00659316378129894
GSE13837_13	-0.00146879978014397	-0.00144808052228705	0	0.0033914106390591
GSE13837_14	-0.00117604810212596	0.00250821439008588	0	0.00882768720071498
GSE13837_15	-0.00443907405282019	-0.0210491590418958	0	-0.00324111629542082
GSE13837_16	-0.00563310601146193	-0.0248357719178584	-0.000717360114777618	-0.0166950595305052
GSE13837_17	0.00310134574746831	0.00972283923051861	0	0.00241975813368906
GSE13837_18	-0.00181877608951507	-0.00182783200198915	0	-0.00216945107133866
GSE13837_19	-0.00630298502295335	-0.0232942811514004	0	-0.00437210649454574
GSE13837_20	-0.00580851663841675	-0.0362336563638699	0	-0.0161314075457008
GSE13837_21	-0.00718433498256059	-0.0285745071081854	0	-0.00837441882810576
GSE13837_22	-0.00367293936767658	-0.0179033232463267	0	-0.00610457362613059
GSE13837_23	-0.00538854788368014	-0.0210088289131182	0	-0.0111228643809035
GSE13837_24	-0.00493216262456056	-0.0170242303119317	0	-0.0119897596135475
GSE16464_1	0.0106423052863455	0.0186477565357774	NA	NA
GSE16464_2	0.00339338050716678	-0.0133114009089945	NA	NA
GSE19060_1	-0.00395803824450421	0.0125092980201489	0	-0.0104212170018856
GSE27372_1	-0.00222268306636719	0.00241043548047757	0	-0.00176908765066873
GSE27390_1	-0.0302485957977949	-0.0920612489057043	0	-0.0204254779654141
GSE29106_1	-0.00960334591199532	-0.0339281846509135	NA	NA
GSE29107_1	-0.0191463491337091	-0.0651524437353419	NA	NA
GSE29107_2	0.00169810239848798	0.0235529841681198	NA	NA
GSE29745_1	0.014947204961325	0.047754819812062	NA	NA
GSE29745_2	-0.00501529188371628	-0.0286461292176157	NA	NA
GSE29745_3	0.0115072293865152	0.0420881406667328	NA	NA
GSE35546_1	0.00406539478364193	0.000637906258775197	NA	NA
GSE35546_2	0.00200593550836491	-0.0020066853739329	NA	NA
GSE35546_3	0.00318060873589761	9.7365330822838e-05	NA	NA
GSE35546_4	0.00112383871446619	0.0085341644202253	NA	NA
GSE35546_5	0.00349022100840169	0.0112626769332187	NA	NA
GSE35546_6	0.00203577769158269	0.000444965230966472	NA	NA
GSE35955_1	0.012464664996661	0.0447801056448082	-0.00135135135135135	0.00795148116230231
GSE35956_1	0.00130254270978883	0.000525477171356545	0.00202429149797571	0.00510543556746199
GSE35957_1	0.0105903986365611	0.0441099888314917	0	0.0158102623553585
GSE35958_1	-0.00738772034943079	-0.0326858779574354	0.00120918984280532	0.00395692862801139
GSE39340_1	0.0095764289463741	0.00413303731982984	0	0.0090544716291495
GSE39340_2	0.0144209794192098	0.0507135371247264	0	0.00794998365478915
GSE39340_3	-0.009671010108324	-0.0516520467470606	NA	-0.0220138567851395
GSE39795_1	-0.00676394287354095	-0.00784421699879824	NA	0.000463325999219916
GSE39795_2	-0.0166169863276486	-0.0263128173210218	0	-0.00824411278090255
GSE39795_3	-0.0121268022060069	-0.0278809380925519	0	-0.00629765908599991
GSE41038_1	0.0121513391897554	0.0109406624339879	NA	-0.00212076071304434
GSE41038_2	0.00603937846278438	0.0143691289353809	NA	-0.00608597098812013
GSE41038_3	0.010227151558334	0.00352870519953267	NA	0.0013166314014682
GSE41992_1	0.0117402406094613	0.0226171658490782	NA	NA
GSE42235_1	0.0124184445724015	0.0269770574791143	0	0.025998780164502
GSE42235_2	0.0109146281079109	0.0276096689676489	0	0.00993820861230708
GSE42235_3	0.0056616295540003	0.02466127887469	0	0.0110569305306345
GSE42235_4	0.0101256701747316	0.0175668307850467	0	0.00756306016750253
GSE45233_1	-0.018668123716765	-0.02565189758813	NA	-0.00890370495055022
GSE45233_2	0.00176640314729726	-0.000567440974739353	0	0.00370233936948274
GSE45233_3	0.00379869545065395	-0.00246928386509287	NA	0.0016946871426326
GSE45233_4	-0.0161807935038482	-0.0265486931131624	0	-0.00772683505842311
GSE46053_1	-0.00282003909931925	-0.00962818836447528	0	0.0131454034165636
GSE46053_2	-0.00309775241703831	-0.0040476952991543	-0.00292397660818713	0.0120159838818737
GSE46750_1	-0.0111728183633804	-0.0477814276552566	-0.00561797752808989	0.00807169723098927
GSE51588_1	0.013598319946802	0.0370244827436562	0.000458715596330275	0.0122877224207405
GSE51588_2	0.0173284709832582	0.0401858189481579	0	-0.00146747679472335
GSE51588_3	-0.00459524845409417	-0.00585812247507615	0.000686813186813187	0.0139617856360525
GSE52817_1	0.00916276430642943	0.0315118382305637	NA	NA
GSE52817_2	0.00450864245192843	0.000167812157962845	NA	NA
GSE52817_3	-0.00545290626487012	-0.0177223381307732	NA	NA
GSE52817_4	1.57076913616695e-05	0.0194502883358104	NA	NA
GSE55235_1	-0.0206489373515079	-0.0782497153150018	0	-0.0196288976605474
GSE55235_2	-0.0366866054101687	-0.0882187805823495	0.00110132158590308	-0.026738906063495
GSE55235_3	-0.0122819838650717	-0.0413611412988192	0	-0.00273663005184569
GSE55457_1	-0.00760121320083404	-0.0218071160696189	0	-0.0183939172055447
GSE55457_2	-0.0119952494411848	-0.0665139912827407	-0.0027027027027027	-0.0118314420913709
GSE55584_1	-0.00898408495963774	-0.037095142962282	0	-0.0166010063586701
GSE57218_1	0.00517801342529201	0.0352044918476782	0	0.0164946780803337
GSE60762_1	-0.00877334406145192	-0.0162928489648978	NA	-0.0226179261348209
GSE62914_1	-0.00655996936404441	-0.0306776918432192	NA	-0.00266668254936742
GSE62914_2	-0.00232907677478957	-0.0287602335869841	NA	-0.00340914888035745
GSE62914_3	0.000127271620232603	-0.0172001442743139	0	0.0146063963137134
GSE62914_4	0.00638345855176235	0.0172520873235637	0	-0.0122926281234806
GSE64394_1	-0.0174273874455787	-0.0327841635256782	NA	-0.0137929728005851
GSE66635_1	-0.00293305563927178	-0.000584255625185858	NA	0.00911986580802052
GSE68038_1	0.00382189369978624	-0.00381431919893641	0	-0.00683969036276668
GSE68428_1	-0.0103503274582597	-0.0297576339841052	0.00235849056603774	-0.0112659110399318
GSE68428_2	-0.0155325140294986	-0.0365574159752053	0.00276243093922652	-0.0167872281274371
GSE68428_3	-0.0169347200356517	-0.0416646517831723	0.000414669889782628	-0.0181049964282877
GSE69459_1	-0.0095214406108233	-0.0134294648451788	NA	NA
GSE69459_2	-0.00151101005928068	-0.00972010659384492	NA	NA
GSE69459_3	0.0102684483677091	0.00250818191422983	NA	NA
GSE69459_4	0.00314079755685473	-0.008815001530113	NA	NA
GSE69992_1	0.00547836927859439	0.00781811010339242	0	-0.00126762735002103
GSE70719_1	0.00119843222772115	-0.00614168302025743	0	0.0017921146953405
GSE7116_1	-0.00219581220058141	0.000435312849495971	0	-0.00812405500755994
GSE7116_2	-0.00764948754147824	-0.0199810093646187	0	-0.0240690779826077
GSE7116_3	-0.00479466158128382	-0.0168818323354578	0	-0.0221531443921958
GSE72575_1	-0.00246063864391895	0.00967210249375798	0	-0.00781612150033202
GSE72575_2	-0.0027669311802433	-0.0214327112228059	0	-0.0127506079074995
GSE72575_3	-0.00122804013796513	-0.0104694026244654	0	-0.00191412003556216
GSE72575_4	0.0020749581239531	-0.0121273447680242	0	-0.00446158577569035
GSE75181_1	-0.00137337080541167	0.0133454261083005	-0.00110864745011086	0.00836997240813554
GSE75181_2	-0.0184292860455744	-0.0543167863114402	0	-0.0163598454142196
GSE75181_3	-0.00221112832954028	0.00634469058737961	-0.000915750915750916	0.00939792480095577
GSE75230_1	-0.000424560794391458	-0.0106537062341078	0	-0.00862927803832694
GSE7669_1	0.0026693452483803	0.0389691792605691	0	0.0135604445340423
GSE77916_1	0.000416275523423994	-0.0119514916527551	0	-0.0121166616694345
GSE80614_1	-0.00122267376681614	-0.00417541834591557	0	-0.0113693332118727
GSE80614_2	-0.00327969466805885	0.000667011507910516	0	-0.00972179530544921
GSE80614_3	-0.000818330605564648	0.00431675142247138	0	-0.0107025384503244
GSE80614_4	-0.00281249036369981	-0.00589077476993065	0	0.00143214876385674
GSE80614_5	-0.00319979999069698	-0.000155894768202579	0	0.000599368901579965
GSE80614_6	-0.00448062246472852	-0.00406403319096853	0	-0.00153072196620584
GSE80614_7	-0.00907133664636123	-0.00426429898832559	0	-0.00231718687623679
GSE80614_8	-0.00955085968057649	-0.00851840262908218	0	-0.00468226205821658
GSE80614_9	-8.65632236144477e-05	-0.00551261886543811	0	0.00197855745189905
GSE80614_10	0.00132423934717174	0.00925643468754289	0	-0.00240986182752669
GSE80614_11	0	0.00167392287220673	NA	0.00314166513938235
GSE80614_12	-0.00188361498191028	0.00454414813835053	0	-0.00672431365830036
GSE80614_13	-0.000996902295060999	-0.010635481155452	0	-0.0101165652673504
GSE80614_14	0.000376654980042199	-0.0171053048597974	0	-0.00635913970954513
GSE80614_15	-0.000826263221591307	-0.0196703547193962	0	-0.00958928624280683
GSE80614_16	-0.00455606515310954	-0.0179071157450671	0	-0.00932741806229032
GSE85254_1	-0.00896081192541901	-0.0361796926987854	0	-0.0211473395699579
GSE86578_1	-0.000250480513638408	0.00990767147967804	0	0.00609550645015817
GSE86578_2	0.00268062666630138	0.00842219640277223	0	0.0140693775943622
GSE86578_3	0.0030556387380484	-0.00267096757862648	-0.00152439024390244	-0.00243142242908282
GSE9329_1	0.00505046748762026	-0.00331874534164422	NA	NA
GSE93698_1	0.015952770516344	0.0403811199599575	0.00067842605156038	-0.00190317718279381
GSE93698_2	0.0189712035568925	0.0403321230161017	0.000800640512409928	0.00227146587676649
GSE93698_3	0.0277058747699423	0.0667175482996785	0.000381679389312977	0.010122948357418
GSE93698_4	0.0169461684024337	0.0279911444838407	0.000408163265306122	-0.00311883545386757
GSE93698_5	0.0299936618856755	0.091580655509219	0.00029120559114735	0.0253977927858352
GSE93698_6	-0.0069421078809813	-0.0152725821354954	0	0.000211458172926155
GSE93698_7	0.0206866101285065	0.0381673473106374	0	0.0229057510649297
GSE93698_8	-0.0137912738171667	-0.0448892130464964	0	0.00889465741382118
GSE93698_9	0.0429735537358601	0.108276437778414	0.000814332247557003	0.0308650029493177
GSE93698_10	0.0201549775551102	0.0520524033424062	0	0.0216974622184702
GSE93698_11	-0.0046786330039958	-0.0263259286788396	0	-0.00435674495633845
GSE93698_12	0.0441985960809803	0.110841418809871	0.00099009900990099	0.0416816540483368
GSE93698_13	-0.0269443191631889	-0.0749355704966188	0	-0.0214133279066137
GSE93698_14	0.0321873269443886	0.0899189091980285	0.0029585798816568	0.030428205209078
GSE93698_15	0.0467060568555371	0.127441001969919	0.00061576354679803	0.022115560633582
GSE93720_1	-0.013453363866553	-0.0882369122812651	NA	NA
GSE93720_2	-0.013800583944239	-0.0681387746983371	NA	NA
GSE93720_3	-0.0192428695284474	-0.0707629035662975	NA	NA
GSE93720_4	-0.00327670041498778	-0.0376311135927707	NA	NA
E-MTAB-5564_1	0.00658597396551307	0.0263303267435674	0.00105042016806723	0.00360203907447836
GSE77753_1	-0.0057461915737167	0.00678485242547154	NA	-0.00916941544208947
GSE43861_1	0.00591519241577324	0.0165354168739632	NA	NA
GSE112809_1	-0.00167224080267559	-0.00168005113292079	NA	NA
GSE111946_1	0.0019308028716115	0.00569436062884298	NA	NA
GSE111946_2	-0.00131159935474714	-0.0096069489730308	NA	NA
E-MTAB-3201_1	-0.00511520911913267	-0.0100574114696196	0.00128865979381443	0.00310056337241044
E-MTAB-6700_1	-0.0176813380959141	-0.084701492679909	0.000253833956057754	0
GSE54749_1	0	-0.0119715248769557	NA	0.000166862506545856
GSE57218_B_1	0.0154101691841219	0.00321264903214877	-0.00352112676056338	0.00121253351242117
GSE57218_B_2	0.00872442005532631	-0.00602144915614343	0	0.00103664203770639
GSE57740_1	0.00122475478836695	-0.0236080110950645	NA	NA
GSE52992_1	0.0117168277402414	0.035984455668069	0	0.021856241059982
GSE17160_1	-0.0110924491520834	-0.0349187577960815	NA	NA
GSE17160_2	-0.00602122612530253	-0.0335515280786827	NA	NA
GSE17160_3	0.000890634986192801	0.00147922443966467	NA	NA
GSE17160_4	-0.0162694460875778	-0.0370370699879024	NA	NA
GSE17160_5	-0.0120447198910157	-0.0351947085914738	NA	NA
GSE17160_6	-0.0090850950314636	-0.0432936014136523	NA	NA
GSE17160_7	4.44130499345184e-05	0.00701076217121545	NA	NA
GSE17160_8	-0.0209844700410646	-0.0674118587525862	NA	NA
GSE17160_9	-0.000215583182975444	-0.0116457231537909	NA	NA
GSE17160_10	0.000787327905670753	-0.0149860982066426	NA	NA
GSE17160_11	-0.000598282706000351	-0.0122321463561165	NA	NA
GSE17160_12	-0.004444611165143	-0.034446395404233	NA	NA
GSE22971_1	-0.000391979466015874	-0.0250189932279404	NA	-0.0145501406155222
GSE22971_2	-0.00124796161381527	-0.0189576470731621	NA	0.0081441192599966
GSE22971_3	-0.0309484606252096	-0.0755753723222974	-0.00137551581843191	-0.00623038780096044
GSE22971_4	-0.028458863398374	-0.0782930258495373	-0.001	-0.00969563448673193
GSE13590_1	0.0193814867378997	0.0664312207685406	0	0.0327986645609596
GSE13590_2	1.4290940686879e-06	0.0117637145465967	0	0.00580871253033587
GSE99731_1	-0.0140187349262824	-0.0603432705673029	NA	-0.00992705662959047
GSE99731_2	-0.000941494831775665	0.0473311754434384	NA	-0.00636088004064032
GSE99731_3	0.0227957631359332	0.0593080925778673	0	0.0208543404614311
GSE27492_1	-0.0130659706463486	-0.0138721207648372	NA	-0.0105292459219045
GSE27492_2	-0.028288273999477	-0.0841615312178785	0	-0.0344565405678549
GSE27492_3	-0.0259291660968553	-0.0765464254346887	0	-0.0308094927683023
GSE27492_4	-0.0214115986154247	-0.0753928978412539	0	-0.0299855443280353
GSE27492_5	-0.0255017137720815	-0.0772311397760645	0	-0.0280118941031046
GSE27492_6	0.00685900282918891	0.0217115765812469	0	-0.0165737971387264
GSE27492_7	-0.00272808809341263	0.000182996378824659	0	0.000242510380318722
GSE27492_8	0.00651755500895801	0.0160263994540255	0	-0.00177050017969045
E-GEOD-15069_1	-0.00246417029489935	0.0088375306814999	0	0.00298553620706062
E-GEOD-15069_2	0.0125559788556497	0.0110204920173913	0	0.0102884332750953
E-GEOD-15069_3	0.00737846254355131	0.0189077068013141	-0.000662251655629139	-0.000661048508624025
E-GEOD-15069_4	0.00318568638562519	-0.00231487353497202	0	0.00569482229342907
E-GEOD-15118_1	0.0035721658036075	0.0125320506210788	NA	NA
E-GEOD-15118_2	-0.00127226463104326	0.0100529423217628	NA	NA
E-GEOD-15118_3	0.00486283131054222	0.029375789319887	NA	NA
E-GEOD-15118_4	0.00536498134785681	0.0313632643872731	NA	NA
E-GEOD-16007_1	0.012635691782414	0.040950744610276	NA	NA
E-GEOD-17473_1	-0.00384290602492274	-0.0130998334337754	NA	-0.0094902184600658
E-GEOD-18647_1	0.00546254622854761	0.0134983951716379	NA	0.00897246314819031
E-GEOD-18647_2	0.00957411432031543	0.0472558982811479	NA	0.00945370846857624
E-GEOD-18647_3	0.0160022475131409	0.0220298053211598	NA	0.0243028745227498
E-GEOD-18647_4	0.0186421667628908	0.042593749310614	0	0.00436066030405653
E-GEOD-18648_1	0.00704178127345416	0.0222427197234802	0	0.0134387129643415
E-GEOD-18648_2	-0.0068491038867931	-0.01949369679052	0.00137741046831956	-0.00663743175261
E-GEOD-2154_1	-0.00290038528584753	-0.0221287218370736	0	0.00539243270354083
E-GEOD-2154_2	-0.0183409638562817	-0.101459483325109	0	-0.0258536504130029
E-GEOD-2154_3	-0.0142093363700012	-0.0734967085156726	0	-0.0233153666720114
E-GEOD-2154_4	-0.0124465540105845	-0.0597048776431305	0	-0.00864191806848913
E-GEOD-26475_1	-0.00936275214255408	-0.0230518107562456	0	-0.00551647734063835
E-GEOD-26475_2	-0.00764859119597012	0.00685976233806375	0	0.00995762129743426
E-GEOD-26475_3	-0.00895288135153263	-0.0361705127080009	0	-0.0113010344590088
E-GEOD-33567_1	0.00240847495183198	0.0084106242984515	NA	NA
E-GEOD-33567_2	-0.0114775511497595	-0.061719630164349	NA	NA
E-GEOD-37287_1	0.00522054564121593	0.021739354268772	NA	NA
E-GEOD-37287_2	0.00700391197696475	0.0179196963214722	NA	NA
E-GEOD-37287_3	0.00142037385284584	0.00569034859214583	NA	NA
E-GEOD-51994_1	0.00839103310284415	0.0142729020895298	0	0.0106900777026919
E-GEOD-51994_2	0.00900121457615754	0.0179543210855481	0	0.0153837894280558
E-GEOD-51994_3	0.00478019068609895	0.0130133349603241	0	0.0120786598588721
E-GEOD-65077_1	0.000356104288238311	-0.0405310014900434	NA	NA
E-MEXP-1244_1	-0.000765076664893215	-0.023431126803796	NA	NA
E-MTAB-1123_1	-0.0268136076351882	-0.0586099211917821	0	-0.00632318961423038
E-MTAB-1123_2	-0.0101432975900231	-0.0377184210645538	0	-0.0198018536111275
E-MTAB-1123_3	-0.0242018843488013	0.0051979778662295	0	-0.0415460579592574
E-MTAB-1123_4	-0.00450807670635257	-0.0443696035365998	0	-0.00951044261853135
E-MTAB-1391_1	-0.0153206028141196	-0.0687286888740257	-0.00100603621730382	-0.0102559693456061
E-MTAB-1391_2	-0.01932956264921	-0.0554368795580413	-0.000938823548373109	0.00959406743655799
E-MTAB-1391_3	-0.0143768161760976	-0.0341127838177411	-0.000383141762452107	0.0115411128828322
E-MTAB-2450_1	-0.000708572102082739	0.00512658888359712	-3.41530054644807e-05	0.00640615773276329
E-MTAB-2450_2	0.00236838416041171	0.000612828212754887	0.00347222222222222	0.00481267179965506
E-MTAB-2450_3	0.00345302035749154	-2.79865411742649e-05	0.000840336134453782	0.00444050470958121
E-MTAB-2450_4	0.00916368787320304	0.00508224214224611	1.34235395189003e-05	0.00622653058445653
E-MTAB-5023_1	-0.020354153057107	-0.0551077874244892	NA	-0.0180372487423573
E-MTAB-5326_1	0.00261911426774659	0.0140997370641805	NA	NA
E-MTAB-5326_2	0.00689087015011884	0.0126019646579009	NA	NA
E-MTAB-5326_3	-0.0116910564207442	-0.0291550376891934	NA	NA
GSE102588_1	-0.00236887695819543	0.0118910892459014	-0.0108695652173913	0.00612280526735834
GSE104793_1	0.00223199351040542	-0.0188886290787898	-0.000564971751412429	4.86735863088721e-05
GSE104794_1	-0.00784741588653528	-0.0188652581210091	2.82640236664092e-06	-0.00448170800439716
GSE104795_1	-0.00755991833827513	-0.01484375770593	5.75577111984276e-06	-0.00905528475285917
GSE105139_1	3.26217443499159e-06	-0.00544298335574268	NA	-0.0321004091424989
GSE105139_2	-0.0327069394769019	-0.0888129869475941	NA	-0.0604521327662536
GSE105139_3	-0.0197470440655832	-0.0903113426714833	0	-0.0253921190537051
GSE10555_1	-0.0142925861870631	-0.0633102030410285	NA	NA
GSE10556_1	-0.00163913070202005	-0.00535558972620798	0	-0.00306619211023253
GSE106631_1	-0.0330935383942005	-0.110380594760879	-0.00118483412322275	-0.0327520516352428
GSE13104_1	-0.0155255111212464	-0.0690748256309328	NA	NA
GSE13104_2	-0.00792224086077588	-0.0519443560229319	NA	NA
GSE13104_3	-0.014822576884328	-0.0673533362907694	NA	NA
GSE16749_1	-0.00401468121092946	-0.0073329205670325	NA	NA
GSE16749_2	0.00345969444495044	0.00683939331862927	NA	NA
GSE16749_3	0.0052644503665759	0.0139794087294935	NA	NA
GSE17348_1	0.0133150965005628	0.0174933010420199	NA	NA
GSE17563_1	0.0229851547665789	0.0727508480114394	NA	NA
GSE17563_2	-0.00377076795186638	-0.0240454844901434	NA	NA
GSE17569_1	-0.0094002872947776	-0.0364889939543682	NA	NA
GSE17569_2	0.00667921982060955	0.0386485167615118	NA	NA
GSE17570_1	0.0131066869781552	0.0470207274620272	NA	NA
GSE17570_2	0.000999609455172868	-0.0132812507986296	NA	NA
GSE18991_1	-0.00128205128205128	-0.00927614688270479	NA	-0.000615062930501713
GSE18992_1	0	-0.0116447486875975	NA	-0.0094061377111862
GSE19299_1	0.00534353588181214	0.0383937902860743	7.44179712104593e-05	0.0106500801623568
GSE20850_1	0.00298569206941855	0.00311746363054426	NA	NA
GSE21093_1	-0.00698525966177542	-0.0156595439801921	NA	NA
GSE21523_1	-0.0529129519622679	-0.123722462880137	NA	NA
GSE21639_1	0.00120131413844966	-0.0120824866189458	NA	NA
GSE21639_2	0.0166338838863574	0.076349284477376	NA	NA
GSE21639_3	0.0132191341257483	0.0313554812561449	NA	NA
GSE21639_4	0.0182590667558417	0.0517218657059507	NA	NA
GSE21710_1	0.00188091143551581	0.0109257935913493	NA	NA
GSE21710_2	0.00174067700022353	0.00690272208414286	NA	NA
GSE21710_3	0.00411496333140002	0.0119692522925343	NA	NA
GSE22925_1	-0.0360447243927273	-0.0506357401009419	-0.002	-0.0295899081757525
GSE22925_2	-0.0223663658228899	-0.0620478927272976	-0.00135135135135135	-0.0226455345800228
GSE26499_1	-0.0207803924073353	-0.0643775092002139	NA	NA
GSE30160_1	-0.0105925535376553	-0.0359006098462481	-0.0015527950310559	-0.000517383893693588
GSE30628_1	0.0076938753360049	0.00577186088691553	-0.000367107195301028	0.0147221791314968
GSE30628_2	0.00214753364812173	0.0227105249209194	0	-0.000876566557901701
GSE32163_1	-0.00404106049508731	-0.0185041760929793	NA	-0.0211273065867668
GSE33656_1	0.0269443325574585	0.0568018735312292	NA	NA
GSE33754_1	-0.0140532331746785	-0.091254275402163	0	-0.0162691624468922
GSE33754_2	-0.00200285447441761	-0.0461924885776484	0	-0.0122503316940773
GSE33754_3	0.00698204233527773	-0.0301122987838915	0	0.0082058273998889
GSE34570_1	-0.0298842711931935	-0.0641994937934787	NA	NA
GSE35003_1	0.00366571879294478	0.0103126697342324	NA	NA
GSE35466_1	-0.0268382905572912	-0.0499262616741981	NA	NA
GSE35466_2	-0.0234801046485304	-0.0761765632167661	NA	NA
GSE35466_3	-0.029766719758561	-0.0741247246319522	NA	NA
GSE35466_4	-0.0265240917839955	-0.116961130368277	NA	NA
GSE35466_5	-0.0380890550957545	-0.17711455830808	NA	NA
GSE36925_1	0.00122877687907933	-0.0224828966588621	NA	NA
GSE36925_2	-0.0149628700677986	-0.0573524080800239	NA	NA
GSE36925_3	-0.0171189074230583	-0.0579436304670555	NA	NA
GSE37219_1	0.015031790522624	0.0371038782640114	NA	NA
GSE37676_1	-0.00157064788180981	-0.0284333504955373	-0.00158730158730159	0.0029071623549981
GSE41342_1	0.0375182426891633	0.149463765112234	0	0.055368422246199
GSE41342_2	0.0164577201473034	0.0601509357720678	NA	0.0159284043305302
GSE41342_3	0.00744222430566124	0.0335005385688964	NA	0.0395777139235489
GSE41342_4	0.0182230131244571	0.0471572603819675	0	0.0263119049333706
GSE41997_1	-0.0107536920924948	-0.0187815387171469	0	-0.00532269096199654
GSE43242_1	0.010103324411456	0.0382622645995443	0	0.0114086109178728
GSE43242_2	0.0162570564902392	0.0339852498032771	0	0.0072826063099634
GSE43663_1	0.00577011343518458	0.0287310964155093	0	0.0145238095238095
GSE43854_1	-0.0134923285813363	-0.0153851527300411	NA	NA
GSE45656_1	0.0238153982612825	0.0666919539126252	NA	NA
GSE45656_2	-0.00411282366416012	-0.00971437538321538	NA	NA
GSE45656_3	0.00885950459256408	0.0238367280160121	NA	NA
GSE45793_1	-0.0129796571474922	-0.0445782773169747	0	-0.0129794293072366
GSE45793_2	0.0044121262941949	0.00643159024230876	0	0.00514945608618522
GSE45793_3	0.0100292521327468	0.0139002560829313	-0.000454545454545455	0.00898410608350178
GSE45793_4	-0.00944319240509651	-0.00997957161401773	0.000138899825883053	0.00330085197346193
GSE45793_5	0.0308255462476957	0.0687182191323407	-0.000504540867810293	-0.0117743066510055
GSE46390_1	0.00957533717979895	0.00852947714878917	NA	NA
GSE48438_1	-0.0232799733634517	-0.0559340934818621	NA	-0.0217000816585637
GSE50549_1	0.00306667762501188	0.00830835157674799	0.00165562913907285	0.0128296834305418
GSE50549_2	0.00577450287084763	0.00749745421015988	0.000618811881188119	0.00439153439153439
GSE51098_1	-0.00633252166173769	-0.0281918507338621	-0.00272727272727273	0.0045461889948242
GSE53857_1	0.00286590285401886	-0.00816933105097825	0	-0.00357422295152498
GSE53857_2	-0.0128232598122958	-0.0585782678605651	0	-0.0332310164224137
GSE53857_3	-0.000884779747235053	0.023598584602483	0	-0.000570894986639402
GSE53982_1	0.00114312332058445	-0.0141565786364367	0	-0.00607930229151884
GSE53982_2	-0.0120993350502755	-0.0537657262171959	0	-0.023052958514915
GSE54779_1	-0.0123313029186144	-0.0369923251516651	0.000428059231019957	-0.0176068748938469
GSE55900_1	0	-0.0424038847230714	0	-0.0301418777981278
GSE57104_1	0.0182018912887736	0.0520219471694782	NA	0.00895128698951999
GSE59387_1	-0.0222140286387598	-0.065120144250156	NA	NA
GSE60401_1	0.00916399322104174	0.0308020576608161	NA	NA
GSE60401_2	-0.0136584524301611	-0.0658239963878282	NA	NA
GSE60651_1	0.0169323054516465	0.0470549765395607	NA	NA
GSE60737_1	-0.0158705299091302	-0.123249103839457	NA	NA
GSE60761_1	-0.00238532059697557	-0.0136818963155781	0	-0.0135860635340586
GSE60761_2	0.000850340136054422	0.0260400749663191	NA	-0.00237138108289462
GSE60761_3	-0.00641118094992717	-0.0347224446357077	0	-0.0132942930370764
GSE60761_4	-0.0186179748447175	-0.054934275171018	0	-0.015281772779178
GSE63017_1	0	0.00419702082525402	NA	0.00334448160535117
GSE63017_2	0.00291266563842314	0.0181363956083295	NA	0.00911739843317985
GSE63017_3	0.00228683236381204	0.0137757543083531	0	0.0120750853380718
GSE63017_4	0.000731002331002331	-0.011714108538036	NA	0.00580588573829379
GSE63939_1	0.0124305851813672	0.0341361845486169	-8.96044501154131e-07	0.020817960667536
GSE63939_2	-0.0106232188953971	-0.0312738000641242	-0.000440010828504426	-0.00643498778711218
GSE64141_1	-0.0197602098398236	-0.0834270052792813	NA	NA
GSE64965_1	-0.00797219172742931	-0.0303392299735218	-0.00119398119377744	-0.0239599423465148
GSE65745_1	0	0.0191244648060049	NA	0.00342327400249905
GSE65745_2	-0.000414530565284334	0.0232559096891796	NA	0.00443951165371809
GSE65745_3	-0.000414530565284334	0.023540972902401	0	-0.00291984609935928
GSE66416_1	0.0186612905896958	0.0549594728696005	NA	NA
GSE66862_1	-0.0165053641847037	-0.0289905805249238	-0.00105485232067511	-0.00857293295069611
GSE69108_1	-0.0042016329833247	0.00513820434819575	0.000578703703703704	-0.0047981564670938
GSE71565_1	-0.0140321587529101	-0.0266965660930425	NA	NA
GSE72261_1	-0.00334287781250173	-0.0174658384055117	0	-0.00218844725919895
GSE72261_2	0.00635993600661333	0.0157046343860382	-0.00117647058823529	0.0127853147139828
GSE72261_3	0.0022365515936212	0.0221828718494453	0	0.0066338648760842
GSE7683_1	-0.00412804943607328	-0.00102716707617739	0	0.00244100232078275
GSE7683_2	-0.00411256417554411	-0.0161864506925108	0	-0.00444413458201712
GSE78980_1	-0.026955851041808	-0.0709505305493139	NA	NA
GSE78980_2	0.0016750418760469	0.0552816361762354	NA	NA
GSE78980_3	-0.00261399910254576	-0.0294460353080129	NA	NA
GSE78980_4	-0.00171186583375995	-0.00196425277530336	NA	NA
GSE78980_5	0.00366334151500048	0.0031311017326045	NA	NA
GSE78980_6	0.00249458848990407	-0.00331310312210927	NA	NA
GSE78980_7	0.0277311983421183	0.0906013709695286	NA	NA
GSE78980_8	0.0205315301146553	0.0823659991382441	NA	NA
GSE78980_9	0.0248252357774489	0.0823112841184721	NA	NA
GSE78980_10	0.0232577284887108	0.0859897014881093	NA	NA
GSE81399_1	-0.0109705985988089	-0.0044628824969277	NA	-0.00151507705261193
GSE84609_1	0.0296505106774977	0.108909224613539	-0.000301932367149758	0.0465473534429436
GSE84907_1	-0.0123186581068304	-0.00578009752194422	0	-0.00718060151366613
GSE84907_2	-0.0116844273690154	-0.0164254940974818	0	-0.00782049868755276
GSE84907_3	-0.0023743060507791	-0.0167983629950994	0	0.0050538952620315
GSE90127_1	-0.0151705955074696	-0.0523693182568183	NA	NA
GSE90127_2	0.00358257662086291	-0.000475105491675362	NA	NA
GSE90127_3	-0.0158093200189473	-0.046433040496053	NA	NA
GSE9247_1	0.00276985190527462	0.0149817835861231	0	0.00381584933817017
GSE9247_2	0.00498678991652402	-0.00980780222558706	-0.000416666666666667	0.00238458100536995
GSE9247_3	0.00146190348376788	-0.00844005025947779	0	-0.00860946999779862
GSE99306_1	0.0117824769405103	0.0404338693149935	0.00149253731343284	0.00598868483994597
GSE99306_2	0.0166199718424235	0.0365679671341625	0.00122549019607843	0.00781753554356851
GSE99306_3	-0.00883858503184019	0.000457600305946035	-0.00102880658436214	-0.0175522303817617
GSE99306_4	0.0105857852619755	0.0302588908980224	0.00077962577962578	0.00222599569122493
GSE99306_5	0.0195139059815296	0.0577135782802339	0.000898472596585804	0.0316993169039712
GSE99306_6	0.0158946240658377	0.0432080097698535	0.00145322788795878	0.0246148019150234
GSE99306_7	-0.00997234452122968	0.0115802391691812	0	0.00391347589885506
GSE99306_8	0.00895121398839148	0.0281455637456865	0.001	0.0201922921024045
GSE99306_9	0.00818332489920055	0.0300075317887828	0.000592768227622999	0.0133432640474738
GSE99306_10	-0.00839000786134224	-0.0145997678166283	0	-0.0144906724432636
GSE99306_11	0.0205390249394972	0.0617341740033041	0.00115384615384615	0.0279417566091797
GSE99306_12	0.00896919721299306	0.0294457995768914	0.000943396226415094	0.0248382857336037
GSE99306_13	0.00589484215976045	0.0437107623791504	0	0.00178863533121926
GSE99414_1	-0.00180150612168613	-0.021386502856621	0	0.00105181334333152
GSE110581_1	-0.00493338123673168	0.0058702587997913	0	-0.00585234227217091
GSE110581_2	-0.0017073355235084	-0.0310131190996469	0	-0.00106765393988041
GSE47799_1	0.0151315766197502	0.0344593227466997	0	0.0511104296758846
GSE47799_2	0.0058796124880167	-0.0161497898674856	0	0.0104056892139147
GSE47799_3	0.00953745237707393	0.0380473573313206	0	0.018625821331768
GSE111628_1	-0.0175764245390124	-0.0537386876390601	NA	NA
GSE111628_2	0.00300132573897673	0.0923209403074959	NA	NA
GSE111628_3	-0.00039344734047731	0.0376756134419734	NA	NA
GSE5657_1	0.0019098547301226	0.0597901903965717	0	0.0121888676194103
GSE5657_2	-0.00071452120602241	0.0245222891924664	0	0.00337558358710696
GSE13782_1	-0.0288565415686898	-0.0796955154964806	1.47688672278835e-05	-0.0424826715203259
GSE41039_1	-0.00743909785012258	-0.0917998473757597	0	-0.0342974406704245
GSE84198_1	-0.00101980565096957	0.0165916378746498	0	-0.00517028751116325
GSE84198_2	0.00581913083690904	0.0325045223074889	0	0.0146991658580632
GSE84198_3	-0.000150374100814457	0.0240027688915817	0	0.000102417468094186
GSE114469_1	-0.00262928691996156	-0.023564484440582	NA	NA
GSE108036_1	0.00216686964745905	0.013623823576524	0	-0.00477040079126444
GSE60451_1	-0.0152974780555089	-0.0301546054101667	-0.00221238938053097	0.00144856942599154
GSE47902_1	0.00491400491400491	0.0199264808028493	NA	NA
GSE44325_1	0.00597975457913219	0.0414673427666564	NA	NA
GSE4481_1	0.000880359065638253	0.0153310690552706	NA	-0.00343193632035455
GSE4481_2	0.00200471923408055	0.025825318860826	0	0.0140309447924645
GSE4481_3	0.00168632615666514	0.0240017046869642	NA	0.00784663624775665
GSE102292_1	0.00311338919810654	0.0127662203240389	NA	NA
GSE102292_2	0.0192740685477333	0.0566606093331835	NA	NA
GSE102292_3	-0.0122973373729274	-0.0574922567891004	NA	NA
GSE102292_4	-0.00761222993829436	-0.0261083369280444	NA	NA
GSE41898_1	0.0334255917887895	0.106719903873625	0.00129701028138528	0.0428464572612616
GSE87605_1	-0.0578865383842555	-0.138671764165777	-0.00100806451612903	-0.0459134270992348
GSE87605_2	0.00917381052976331	0.00573348517594558	0	-0.00217634199601118
GSE87605_3	-0.0234952976947511	-0.082477613526932	-0.000637755102040816	-0.0377013252628343
E-GEOD-54216_1	-0.00301129674082753	-0.0264463507177466	-0.00111690245718541	0.0195070059721272
E-GEOD-54216_2	-0.00224019469156183	0.000285644500805386	-0.00104384133611691	0.0383252855342657
E-GEOD-54216_3	0.013559002957528	0.0464490954753534	0	0.015039073034947
E-GEOD-6119_1	-0.0021805356693529	-0.00133373401765716	-0.00055005500550055	-0.00565275738635798
E-GEOD-6119_2	-0.00268060293825793	-0.00420831101042003	-0.000595947556615018	-0.0101213704421376
E-GEOD-6119_3	-0.00541724220759639	-0.0088733702369211	-0.000588928150765607	-0.00896871603896002
E-GEOD-8077_1	-0.0273638586623559	-0.0869434996482248	0	-0.0214225898121422
E-GEOD-8077_2	0.00461014978132147	0.0015727051151556	0	0.0180359034236632
E-GEOD-8077_3	0.0187191569659417	0.0757157624572401	0	0.0323304011674801
GSE103416_1	-0.0298087891289168	-0.0789873101946079	3.15264872935645e-06	-0.0317162503940083
GSE103416_2	-0.0100382683687618	-0.0661094961976152	0	-0.00164344442484463
GSE103416_3	0.0053960844866185	-0.0233622115739287	0.0016750418760469	0.0110070721614593
GSE19950_1	0.00657490529909188	0.0907832624308434	0.00107991360691145	0.00201468963040942
GSE30322_1	-0.000173651504771179	-0.0384554510838146	0	0.00125969476690897
GSE30322_2	-0.0129707538446539	-0.0464650694285995	0.00159744408945687	-0.0144215180215277
GSE30322_3	-0.00677940437966892	-0.00355392259746062	0	-0.00923255809219687
GSE42295_1	0.000402106958268642	0.00311092476499173	NA	-0.00795597749770827
GSE42295_2	0.0245549701869484	0.0876195573600274	0	0.0239223285513161
GSE42295_3	0.0213422833520873	0.0837897559959965	0	0.030271202398862
GSE66554_1	0.0578222215471974	0.272503484567991	0.00114207400639561	0.115360544651581
GSE66554_2	0.0955284370518875	0.273661794786374	0.00340405641588424	0.130927613029099
GSE66554_4	0.0856401190619941	0.470784954572119	0.00125546424200035	0.154151915053078
GSE74898_1	0.0361951454723372	0.0875576101426083	-0.000574052812858783	0.0228615532050647
GSE74898_2	0.0374290402247365	0.102359204634088	-2.008032128514e-06	0.0267467665442159
GSE74898_3	0.0428067094025058	0.0836132628685821	-2.12563343876472e-06	0.0468670904698644
GSE79176_1	-0.00126847290640394	0.0098027613344967	NA	NA
GSE79176_2	-0.0012531328320802	0.0147327650699001	NA	NA
GSE79176_3	-0.00167714084590659	0.00697739120296462	NA	NA
GSE85785_1	-0.0285859947619601	-0.0995507884907221	0.00387596899224806	-0.0275331275926998
GSE16981_1	0.00351114994103188	-0.0247567600965377	0	-0.00174208167606834
GSE16981_2	0.0141368654145072	0.0350542933888873	-0.000914076782449726	-0.00253333078521145
GSE16981_3	-0.00711725599131974	-0.0436357727620394	0	-0.00372218330622405
GSE16981_4	-0.00711725599131974	-0.0436357727620394	0	-0.00372218330622405
GSE16981_5	-0.0030231861843126	-0.0343312799818685	0.005	-0.00620343073205204
GSE16981_6	0.00636185036004454	0.0133763757870502	0	0.0142682793941375
GSE16981_7	0.0020609552091893	-0.0229715308799212	0	-0.000958724752344839
GSE29859_1	-0.0133909359017211	-0.0990649481546257	0	-0.0214190985435499
GSE29859_2	-0.0117699215311226	-0.0780903247476166	0	-0.0168289668165136
GSE23492_1	0.00950406098733136	0.0207006439419092	NA	NA
GSE23492_2	0.0083461936976227	0.0142396095476707	NA	NA
GSE23492_3	0.00562782938314801	0.0116782936320568	NA	NA
GSE23492_4	0.00508233454671928	0.0222994484218551	NA	NA
GSE23492_5	-0.00555493894784811	-0.00310299762405964	NA	NA
GSE44991_1	0.0135938003468098	0.0271900885666416	0	0.0180356950905496
GSE44991_2	-0.0016003053799744	0.0270522550570869	NA	0.0142073129037389
GSE39796_1	0.0104559475045515	0.0416355048836399	NA	NA
GSE39796_2	0.0159753163056571	0.0522761986025771	NA	NA
GSE39796_3	-0.00507709700247277	-0.000972390618021767	NA	NA
GSE18394_1	-0.00075136175214063	0.00610382049009016	-0.000720461095100865	0.00881878106977468
GSE18394_2	-0.00466552566776131	0.00253593894204219	-0.000564971751412429	0.0190493086833017
GSE18394_3	0.00082278363448943	0.00472544439630192	-0.000398406374501992	-0.00655276400618016
GSE29233_1	0.00705762991019716	0.0267976589192167	NA	NA
E-MEXP-2291_1	0.00123006816849886	0.00282194988298191	NA	NA
E-MEXP-2291_2	0.00520948138393229	0.0321927885843723	NA	NA
E-MEXP-2291_3	0.000263026276540405	-0.0263212960468054	NA	NA
GSE18738_1	-0.00481088828539891	-0.000393706683740806	0	-0.00879105711485644
GSE107363_1	0.00492907980760707	0.0196679650713747	NA	NA
GSE85761_1	0.00784121825584942	0.0548767304190508	NA	NA
GSE89179_1	-0.0031983277292484	-0.00204362907537526	NA	NA
GSE89179_2	0.00432229668411113	-0.0140147454201431	NA	NA
GSE89179_3	0.00570156298454054	0.0174144757543077	NA	NA
GSE89179_4	0.00724545509613981	0.017380260061892	NA	NA
GSE89179_5	-0.00683153901898918	-0.0328058246642686	NA	NA
GSE89179_6	-0.0143295646360848	-0.0348622081218365	NA	NA
GSE89179_7	-0.0155697864385016	-0.0424879735546821	NA	NA
E-GEOD-57723_1	-0.000697566824276689	-0.0162015316624552	NA	NA
E-GEOD-57723_2	0.00843565130990348	-0.0021971845498249	NA	NA
E-GEOD-57723_3	-0.00312632406294738	-0.00828595811405903	NA	NA
E-GEOD-83930_1	0.00872786468303406	0.0159574710622694	NA	NA
GSE100268_1	0.00240029961936849	-0.0184648007022225	NA	NA
E-GEOD-55769_1	-0.00640690829681749	-0.000368110796935483	0	-0.00346484427380273
E-GEOD-55769_2	-0.000833333333333333	-0.0126802547550426	0	-0.0081907784831273
E-GEOD-55769_3	-0.00466393389515968	-0.012798002117993	0	-0.0138006455294541
E-GEOD-69110_1	-0.018222569652501	-0.0652192084836759	0	-0.0304452755880276
E-MTAB-4304_1	0.00990027690814785	0.0259864833438567	-0.00113636363636364	0.0101527177208576
E-MTAB-4879_1	-0.005179077623538	-0.0271915290847455	0	-0.0154208370101233
E-MTAB-4879_2	-0.00153935725287843	-0.00168323362586307	0	-0.00974851847624136
E-MTAB-4879_3	-0.00259247281350855	0.00115373452747532	0	-0.000347082798167845
E-MTAB-4879_4	-0.00706199131881644	-0.00964003923436621	0	-0.00667134398441185
Cytokine_Explant_1	0.00297213933538894	0.00729277332400056	0	0.0200906119672315
Cytokine_Explant_2	-0.00122725217754376	-0.0124254915217167	0.000501002004008016	-0.0163823887326191
Cytokine_Explant_3	-0.00859536506139131	-0.0404056284138639	0.00149492017416546	-0.0410765451630801
Cytokine_Explant_4	0.0166646537504057	0.0401394916946228	0	0.0120553908009071
Cytokine_Explant_5	-0.00589036162790085	-0.0307551407822742	0.000606796116504854	-0.0126068812039383
FN1_Explant_1	-0.00806402187585798	-0.0201984997795123	-0.00458715596330275	-0.00569464677928117
E-MTAB-6266_1	0.00742882991220035	0.0146661589157603	-0.000534188034188034	0.0155007290259206
E-MTAB-6266_B_1	0.0157936008363199	0.0428023177172381	0.000445632798573975	0.00740613209921975
E-MTAB-6266_B_2	-0.00345758283877727	-0.0133326301203995	-0.000820344544708778	0.0139392286422172
E-MTAB-6266_B_3	-0.021024127173347	-0.0650893455518826	-0.00115207373271889	-0.00423925328761082
GSE74220_1	-0.00358778462792477	-0.0159483076945256	-0.000482160077145612	0.00188569984998418
GSE114007_1	-0.0103735996070862	-0.0133104030745423	-0.000431406384814495	0.0132011441977428
GSE109503_1	0.0014661738634519	-0.0010813742375337	0.000636909087613313	0.0182875323479405
GSE109503_2	0.00529371575902029	-0.00888152116028072	0	-0.000785182250699491
GSE109503_3	-0.00460987733246189	0.00672396551660977	-1.48803618904012e-05	-0.000483617154301823
GSE109503_4	-0.00478661249298114	-0.0186108303851185	-0.000224089351612259	-0.00720881416405974
GSE109503_5	-0.00379551803506795	-0.0069287364633963	5.49442499011004e-06	-0.027281963978493
GSE109503_6	0.00335278156473432	0.0130855364649045	-0.000511243956194045	-0.00629398413165809
GSE109108_1	0.00106272672510005	-0.00486014200139634	0	0.00549884684376869
GSE109108_2	-0.0210779164600703	-0.0746162541950201	-0.00378787878787879	-0.0675157526726085
GSE109108_3	0.000230676401310622	0.0308060736923403	NA	0.00512608596644062
GSE109108_4	0.00128464442603703	0.00854622690782263	0	0.00731513671302001
GSE70667_1	-0.000837520938023451	0.0511433469210923	0	0.0281633740612764
GSE87608_1	-0.00125569771204424	-0.0057493417933403	NA	0.00704812485164966
GSE87608_2	-0.0212981201777186	-0.0567778250509774	0	-0.0116723995438809
GSE87608_3	0.0059842242532453	0.00491334213814189	0	-0.00117751098417372
GSE87608_4	0.0279140490445411	0.0610336635563682	0	0.0225253510930129
GSE90890_1	0.0220016784082712	0.0302566619760254	0	0.0096901143738954
GSE97118_1	-0.014671431386742	-0.0610725515010108	NA	NA
GSE97118_2	0.00993826826627981	-0.0156583848879632	NA	NA
GSE97118_3	-0.0197069946055747	-0.0850509077839696	NA	NA
GSE97118_4	2.93316529434602e-05	-0.019988688937058	NA	NA
GSE97118_5	0.00292689794019603	-0.00336924408318381	NA	NA
GSE97118_6	0.00497960598824515	-0.0135070266728883	NA	NA
GSE97118_7	0.0090178573180244	0.0486588580072264	NA	NA
GSE107592_1	-0.0066711465467106	-0.0318739489052392	0	0.0137638697141688
GSE92641_1	-0.00613426027844288	-0.0336246232111718	-0.00111111111111111	0.0141385266399471
GSE107849_1	0.0044815032083088	0.0180874261741213	-0.000830564784053156	-0.0183278496165866
E-ERAD-89_1	-0.00117259966045132	-0.00390451123462424	NA	NA
E-ERAD-89_2	-0.000370997588202422	0.0143787742257962	NA	NA
E-ERAD-89_3	0.00158895884112895	0.0150669151103316	NA	NA
E-ERAD-89_4	0.000819139373507223	0.0127520928303365	NA	NA
E-GEOD-45893_1	0	-0.0407992500305897	NA	NA
E-GEOD-53105_1	-0.00103832644799225	0.0332240046691644	0	-0.00771491240740466
E-GEOD-53105_2	-0.0306916460267816	-0.093192056208068	0	-0.041575734604305
E-GEOD-54461_1	0.0181622933329968	0.0784688986631764	0	0.0100126361489721
E-GEOD-54461_2	0.00827523199371615	0.0606005923093531	0.000649350649350649	0.00745133819951338
E-GEOD-54461_3	0.0109538285358221	0.0592767724112455	0.00047438330170778	0.000608469544655012
E-GEOD-54461_4	0.0141096827995762	0.0661462416029314	0.000959748111885186	-0.00912062606312274
E-GEOD-54461_5	0.00912320196653787	0.0597588792502501	0.000428038555450111	-0.018085993227797
E-GEOD-54461_6	0.0132707464818245	0.0625894274694149	0.000177732678999315	0.000807782827786882
E-GEOD-54461_7	0.0187089985262056	0.0819509513411128	0.000158719475055794	0.00742620907690049
E-GEOD-54461_8	0.019373562952719	0.0840047941181986	0.000281529330404289	0.00920334469090624
E-GEOD-73372_1	0.050262403206069	0.136678971630734	NA	NA
E-GEOD-73372_2	0.0264401512783136	0.0681112566590183	NA	NA
E-GEOD-73372_3	-0.0351564857278011	-0.106679886848497	NA	NA
E-GEOD-75549_1	-0.00501301714524211	-0.0408029776920213	NA	NA
E-GEOD-76988_1	-0.0275423827102978	-0.100765099666405	NA	NA
E-MTAB-2923_1	0.0382654066425281	0.117665715734692	NA	NA
E-MTAB-2923_2	-0.021514174760796	-0.0997785591307684	NA	NA
E-MTAB-2923_3	-0.00412139032375035	-0.0100121928149861	NA	NA
E-MTAB-2923_4	0.0107205649483495	0.0641964443920557	NA	NA
E-MTAB-3428_1	-0.0216679053967574	-0.0667640504917972	NA	NA
E-MTAB-3428_2	0.0255565982859654	0.04851572741128	NA	NA
E-MTAB-3428_3	-0.00695117843756549	-0.0461783827956946	NA	NA
E-MTAB-3428_4	-0.0230853819231803	-0.0724905089877428	NA	NA
GSE102856_1	0.00783719148629841	0.0402716960453209	NA	NA
GSE103492_1	0.00405504284876192	0.0274466582208969	0	0.0243451729685132
GSE103492_2	-0.0184582672424306	-0.0522123419871755	0	-0.00230810746187452
GSE103492_3	0.00251385258189877	0.0250413805975921	0	0.0465263510325831
GSE103492_4	0.0165543243496889	0.0737551723237344	0.000793650793650794	0.0359466143328699
GSE103492_5	-0.0316234418931495	-0.0913709807144822	0	-0.0173929031947401
GSE103492_6	-0.0269034053039035	-0.0610980812069218	0	-0.00194411742874514
GSE103492_7	0.00521814211388703	0.031599104910651	0	0.00833900132714001
GSE103492_8	-0.0290533454408111	-0.0896427061226435	0	-0.0400496103827419
GSE103492_9	-0.0226714037903173	-0.0673860310241558	0	-0.0193882760023513
GSE103492_10	-0.00297932297808518	0.0312842095070071	0	0.035751233752123
GSE106259_1	0.0314420112411782	0.115690538958325	0.00164473684210526	0.0375290224245208
GSE110303_1	-0.0127009232973378	-0.0178713956597977	NA	NA
GSE110303_2	-0.00567101749590456	-0.0570931622596758	NA	NA
GSE110303_3	-0.0423686089066735	-0.100663881147843	NA	NA
GSE110300_1	0.00771347056555607	0.013456186994929	NA	NA
GSE110300_2	0.00791348317765642	0.0402418476668978	NA	NA
GSE110300_3	-0.0401579156474721	-0.0798843825155511	NA	NA
GSE110281_1	-0.0147307569335829	-0.0118043156520966	NA	NA
GSE110281_2	-0.0167083433999755	-0.0170107368755458	NA	NA
GSE110281_3	0.00374627522355154	-0.00690506451462859	NA	NA
GSE104459_1	-0.00603966359360453	0.00242520855521705	0	-0.00488925425017939
GSE104459_2	-0.00596126133281312	0.00831659351491637	0.00145348837209302	-0.0131466529416338
GSE104459_3	0.00959675670181899	0.0286952053414988	0	0.0104473851328718
GSE110051_1	0.00079776718063982	-0.00823098205398147	-0.000738007380073801	0.00546564398643362
GSE110051_2	-0.00841743795875792	-0.0213274141653222	-0.00194552529182879	0.0131680206381046
GSE110051_3	-0.00311135670097799	-0.0205311913552528	-0.000498504486540379	0.00248403677106248
GSE112694_1	0.0156797850545069	0.0559233444484813	-2.67869252678693e-05	0.00711087749211364
GSE112694_2	0.00707679621572976	0.0133919287006688	-1.42823425796731e-05	-0.00167755741526233
GSE112694_3	-0.00650520366730882	-0.0225405153579328	-0.000930220573077716	-0.010744590137691
GSE112694_4	-0.0105360546538702	-0.0706368420759848	-0.00027292576419214	-0.0156244092170388
GSE97232_1	0.000383380082231115	0.0355100922279228	0	0.0228150539391958
GSE114079_1	-0.00252999462602573	-0.00250384271514395	NA	NA
GSE114079_2	0.0057975066609651	0.00516588408788904	NA	NA
GSE114079_3	0.00502784913915879	0.0267372248281196	NA	NA
GSE114079_4	0.0102970863333558	0.0347232829975029	NA	NA
GSE104828_1	-0.0129207960827252	-0.0288872494399344	NA	NA
GSE114521_1	0.00123475131938307	0.00141961259458748	0	0.00338446982093074
GSE114521_2	-0.00344277171603362	-0.00974206383546778	0	-0.00429690189242322
GSE112413_1	-0.0149864779932299	-0.0322110403630306	0.00122850122850123	-0.0112158085461257
GSE112413_2	0.00576283622837992	0.0489207642687918	0.000829187396351575	0.00584359767121248
GSE101909_1	-0.000975492919916235	0.0221008544218632	0.00220264317180617	0.0021511350693303
GSE101909_2	-0.00034035897651425	0.00710903219189954	0.000847457627118644	-0.00331971921270468
GSE114919_1	0.00602629264064088	0.00832568776470933	0.000253292806484296	-0.00649768674208782
GSE114919_2	0.00346689964732274	-0.00109362884069819	0	-0.00502318425687941
GSE114919_3	0.0154144911285971	0.0731407976726025	-3.53726065479524e-07	-0.00908936390629415
GSE114919_4	0.0104122642072181	0.0421164586511571	0.000279173646007817	0.0045330157162479
GSE114919_5	-0.0196099841741166	-0.0652482362094783	0	0.00249869194577471
E-MTAB-5879_1	-0.013875364645206	-0.0254338355278039	0.000582072176949942	0.00925062253685868
E-MTAB-5879_2	-0.000417605845046158	-0.00311501436037883	0.00110132158590308	-0.017554553123033
E-MTAB-5879_3	-0.0125590878555096	-0.0344764462133518	1.86628793463512e-06	0.00261954162840891
E-MTAB-5879_4	-0.011890819306872	-0.0239395974487941	0	0.0109062460886624
E-MTAB-5879_5	-0.0136253327806027	-0.0248899376166427	9.19246071142299e-07	-0.00734264111496304
E-MTAB-5879_6	-0.0116518362396474	-0.0246363150549769	0.000771604938271605	0.028266443008012
E-MTAB-5879_7	-0.0117031608163662	-0.041561877898584	0	-0.00810783576235447
E-MTAB-5879_8	-0.0126411052516294	-0.0371306245256707	0	0.000985202303849778
E-MTAB-5879_9	0.0020234357486955	-0.00308057292895567	0	0.00497443704119203
E-MTAB-5879_10	-0.00101889606380192	-0.0121731157041749	0	0.0196135872146182
E-MTAB-4294_1	-0.0162723562385267	-0.0342748895373171	-0.000589616035315339	-0.000797498732116271
E-MTAB-4294_2	-0.02119535510386	-0.0351807087109539	-0.00029655990510083	-0.0107455105848431
E-MTAB-4294_3	-0.00562475893556733	-0.0104880579284976	0	0.00497326824986462
E-MTAB-3186_1	-0.00193414583018625	-0.0101937215187729	-0.000497760079641613	0.00660793925542606
E-MTAB-3186_2	-0.0110297245509884	-0.0207844972749315	-0.000588928150765607	0.00140088830746568
E-MTAB-3186_3	-0.0136432336343876	-0.0280472243776469	0	0.00362503895190738
E-MTAB-3186_4	-0.00833407321475976	-0.0288148101256803	0	0.0315463560182008
GSE114919_Rat_1	0.0175649015511548	0.0910046663923782	0.000353356890459364	-0.018702231559376
GSE114919_Rat_2	-0.02328630279421	-0.0867834290291718	-0.000784313725490196	-0.0154795524821814
GSE114919_Rat_3	0.0151793975402881	0.0470874186383753	0.000285714285714286	-0.00478631868962627
GSE114919_Rat_4	0.0105652335156381	0.0507187338230233	0.000574492531597089	-0.0335038448793198
GSE114919_Rat_5	-0.0216836112137365	-0.0693604889608205	0	0.00332644477789146
