comparisonID	jaccard	cosine	sigjaccard	chrDir
22659600_1	0.0038599530825961	0.0298830405190385	NA	0.0111323151107812
24361742_1	0.00902067350038934	0.0248293395150342	NA	0
GSE72258_1	0	0.00223487595521049	NA	0
GSE72258_2	0	-0.0279745988225626	NA	0
GSE69531_1	0.0002549448749527	0.0301894255852024	NA	NA
GSE69531_2	0.000283486842230032	0.028245758880743	NA	NA
GSE69531_3	0.00100813240167594	0.00935774157759958	NA	NA
GSE69531_4	0.0002549448749527	0.0301894255852024	NA	NA
GSE58203_1	-0.00719424460431655	-0.0256408794177367	NA	-0.00588371218640119
GSE58203_2	-0.003690036900369	-0.0289779881391999	NA	-0.0045669959429374
GSE58203_3	-0.00239958684476161	-0.0221968339396545	NA	-0.00338657817523927
GSE58203_4	-0.0020762929362815	-0.0166706029208584	NA	-0.00864092067045781
GSE58203_5	-0.00649350649350649	-0.04583576617202	NA	-0.00579683474420317
GSE58203_6	-0.00275103163686382	-0.0466608199436067	NA	-0.00241319605892148
GSE58203_7	-0.00223713451109744	-0.0335109360456683	NA	-0.00705159165577236
GSE58203_8	-0.00130641993391315	-0.0211154898682685	NA	-0.00423436290412898
GSE59642_1	-0.00105253276718268	-0.00953771098958227	NA	NA
GSE59642_2	0.000688868451302776	-0.00761469153890142	NA	NA
GSE59642_3	0.000988444044530305	0.00307552826829706	NA	NA
GSE64922_1	-0.00192307692307692	0.00385843023045985	NA	-0.000849572652149938
GSE60162_1	-0.00128205128205128	0.0296938532101382	NA	NA
GSE31685_1	-0.00162337662337662	0.0281967923710944	NA	0
E-MEXP-3890_1	-0.00100155484895712	-0.0256133229106669	NA	-0.00520119517612525
GSE31980_1	1.15318555914956e-05	0.0164042798093566	NA	0
GSE15615_1	-0.00137349790414467	-0.0364139068579941	NA	0
GSE15083_1	0.0014866979655712	0.0298172612922567	NA	-0.00295127175928815
GSE108035_1	0.000355522232576297	0.0147506096264909	NA	-0.00569996923561925
GSE108035_2	-0.000111902537803935	0.055248572619113	NA	0.0199965306312553
GSE108035_3	0.000777649743300808	0.0417472933178017	NA	0.0199130887239079
GSE21959_1	0.00200803212851406	-0.00174704578469421	NA	-0.00448684487345683
GSE21959_2	0.00152905198776758	-0.00681609951088751	NA	5.16795865633075e-05
GSE24742_1	-0.00467540202501489	0.00505285020920992	NA	0.00440521354269145
GSE24742_2	-0.00632911392405063	-0.00756543042198356	NA	-0.00878592241778783
GSE24742_3	-0.000633080101292816	0.00849387319665618	NA	-0.000425461944299842
GSE74668_1	-0.0102040816326531	-0.0154788788990374	NA	NA
E-GEOD-10024_1	0.00140336877078865	-0.00587833503050195	NA	NA
E-GEOD-10024_2	-0.000406132540537885	-0.0217334198061415	NA	NA
E-GEOD-12860_1	0.0008676883516586	-0.0193786658563046	NA	NA
E-GEOD-12860_2	-1.47620971501384e-05	0.00422522281977626	NA	NA
E-GEOD-12860_3	0.000368857242908836	-0.00205753641517718	NA	NA
E-GEOD-12860_4	-7.73186227193042e-06	-0.00713068647537811	NA	NA
E-GEOD-12860_5	-0.000525206285780474	-0.0114713802701005	NA	NA
E-GEOD-12860_6	-1.33799676063943e-05	0.0111545152044661	NA	NA
E-GEOD-12860_7	0.000863411638179719	-0.00666617196019314	NA	NA
E-GEOD-12860_8	0.000459716302083009	-0.00712991384561968	NA	NA
E-GEOD-14359_1	0.000816581609812875	0.0411840730390655	NA	0.0232075125159672
E-GEOD-14359_2	-0.00459801318160005	-0.0483035496464563	NA	-0.0118561035383809
E-GEOD-1919_1	0.00107709750566893	-0.00087078755740408	NA	NA
E-GEOD-1919_2	0.00150248567176467	0.0204516392373111	NA	NA
E-GEOD-1919_3	0.0036459778368939	0.0270422673671183	NA	NA
E-GEOD-1919_4	-0.00310775784638284	-0.0196901406416104	NA	NA
E-GEOD-1919_5	0.000286074694778574	0.00483635206072693	NA	NA
E-GEOD-1919_6	-0.00635735222032152	-0.0234201191838429	NA	NA
E-GEOD-1919_7	-0.00434782608695652	-0.0144075308727852	NA	NA
E-GEOD-1919_8	-0.00107936507936508	-0.0182916428961564	NA	NA
E-GEOD-1919_9	-0.00099000099000099	0.0115915085765722	NA	NA
E-GEOD-19664_1	-0.000537397955752277	0.0100303352227504	NA	NA
E-GEOD-19664_2	-0.000915999373336009	-0.0104575221341917	NA	NA
E-GEOD-19664_3	0.00180213078022269	0.0199431753600037	NA	NA
E-GEOD-19664_4	0.0010136708153434	0.0134070453455253	NA	NA
E-GEOD-19664_5	1.67371388301621e-05	0.0103944173151705	NA	NA
E-GEOD-19664_6	-0.00193137899521212	-0.00248821276616858	NA	NA
E-GEOD-43923_1	0.000495243422133049	-0.0318852884871709	NA	-0.00850231028749771
E-GEOD-51812_1	0.000369404094548261	0.0359862444584865	NA	0.00327950797399495
E-GEOD-51812_2	-7.54529983724829e-05	0.0282187960826388	NA	0.00123575684357925
E-GEOD-68760_1	0.000152644969767917	-0.0192762871795535	NA	-0.00351568691901433
E-GEOD-82107_1	-0.0072463768115942	-0.0244450200975799	NA	-0.00319518735889622
E-GEOD-9451_1	0.000380627646483764	0.012659964242131	NA	0.00890675787366683
E-GEOD-9451_2	-0.0010116686469211	-0.00195685644144713	NA	0.0021989411914785
E-GEOD-9451_3	1.38284461698342e-05	0.0206713637722149	NA	0.00591452883184206
E-GEOD-9451_4	-7.45369087592449e-05	0.0277726325468155	NA	0.00366109657909475
E-MEXP-2019_1	0.00061492858585615	0.0275997917578417	NA	0.00423111353037811
E-MEXP-2019_2	0.00199048363925532	0.0237921290225944	NA	0.0013994379109796
E-MEXP-2019_3	0.000230989626729639	0.0337363681671055	NA	0.0065482548498998
E-MEXP-2019_4	-3.20376120815989e-05	-0.00821805393246867	NA	-2.7737064678352e-05
E-MEXP-2276_1	-0.0100486931726764	-0.0129282378398469	NA	0.00494208234850618
E-MEXP-2488_1	0.000736757789566088	0.0022461750863302	NA	-0.00344168187104938
E-MEXP-3129_1	0	-0.0140948737013207	NA	-0.00154320987654321
E-MEXP-3474_1	0.000695429375927624	0.0207986676494078	NA	0
E-MTAB-3010_1	0.000267873696804376	0.00436604233633224	NA	NA
E-MTAB-3010_2	-9.75685694921399e-05	0.00576614294990103	NA	NA
E-MTAB-3010_3	0.00123539802229587	0.00896293816928397	NA	NA
E-MTAB-3010_4	-0.00123843756477388	0.00885893621870995	NA	NA
E-MTAB-4152_1	0.00201449729135775	0.00516628226808494	NA	0.0100419947632074
E-MTAB-4152_2	0.0023696682464455	0.00282937764527279	NA	-0.00325379314647231
E-MTAB-4152_3	0.000294969104267017	0.00741643906186804	NA	0.00548123796442182
GSE100609_1	0.00643776824034335	0.00976358928942402	NA	0.00669136330825942
GSE100786_1	0	0.0092625022238964	NA	0.00372190161018106
GSE100786_2	-0.00378787878787879	0.013776646472598	NA	0.00285872371584238
GSE103697_1	0	0.00123884613206092	NA	NA
GSE103697_2	0	0.00736875772965691	NA	NA
GSE103697_3	0	0.00905531325689675	NA	NA
GSE104113_1	0.00326298183591995	-0.00628888706868844	NA	NA
GSE104113_2	0.00244208360904222	-0.0214733267053273	NA	NA
GSE104113_3	0.00326298183591995	-0.00628888706868844	NA	NA
GSE10575_1	-0.000632689374026977	0.0184908719793857	NA	0.0137809116089435
GSE10575_2	0.00173118637493631	0.0250768410214634	NA	0.00952838920300125
GSE10575_3	0.000262529600223482	0.0372708213137808	NA	0.0169445782553148
GSE13604_1	-0.00181159420289855	0.000199214199189676	NA	0.00021900820783178
GSE13837_1	0	-0.00254609930791421	NA	0.00272482486100337
GSE13837_2	-0.00187265917602996	-0.0173180882194427	NA	0.00396841218170618
GSE13837_3	-0.00198019801980198	-0.0109811065249645	NA	0.00857636015613899
GSE13837_4	-0.00150751775018572	0.000996909225821811	NA	0.0105307281409981
GSE13837_5	-0.00462962962962963	-0.0186020420226421	NA	-0.00361476348286314
GSE13837_6	0	-0.0282477642025535	NA	0.000565714019193662
GSE13837_7	-0.00154172560113154	-0.0198421468292378	NA	0.00551923338104942
GSE13837_8	-0.000892052156622165	-0.00881865238731367	NA	0.00955806219106612
GSE13837_9	-0.00117933667643516	0.0133533809973029	NA	0.000238097571135413
GSE13837_10	-0.00161895630496038	0.0129672729259717	NA	-0.000269371481492694
GSE13837_11	-0.00120378565535447	0.0137337044099141	NA	0.00455289978936679
GSE13837_12	-5.24268666871064e-06	0.0179266589894969	NA	0.00735429653022989
GSE13837_13	-0.00588235294117647	-0.0199266950578839	NA	-0.00626568451725881
GSE13837_14	-0.00602409638554217	-0.0255986184553717	NA	-0.00507714420717881
GSE13837_15	-0.00363986057100924	-0.0160267741707978	NA	0.00200199952486538
GSE13837_16	-0.00295110807361792	-0.0159804689162432	NA	-0.000400833202407122
GSE13837_17	-0.00746268656716418	-0.0190894862971957	NA	-0.000558837312089751
GSE13837_18	-0.00332594235033259	-0.0211902047881598	NA	-0.00215077672510942
GSE13837_19	-0.00306372549019608	-0.0093377635172647	NA	0.00409529547029417
GSE13837_20	-0.00144312796626017	-0.00628272958381768	NA	0.00919159472958795
GSE13837_21	-0.00282297844238842	0.00928888873368717	NA	0.00297067712012358
GSE13837_22	-0.00234202607096193	0.00554478183193794	NA	-0.000232329287736917
GSE13837_23	-0.00268924777148825	0.00348737389460667	NA	0.00274934898071479
GSE13837_24	-0.00435717119039639	-0.00183444638953139	NA	-0.00509893631156934
GSE16464_1	0.00212227514073167	-0.00301665968684334	NA	NA
GSE16464_2	0.000511669298022687	0.0108460199871502	NA	NA
GSE19060_1	0.00512820512820513	-0.0071529457651217	NA	0.0024615007569553
GSE27372_1	0	-0.0118027521717623	NA	6.80358889314117e-05
GSE27390_1	-0.0012987012987013	-0.00662679191450236	NA	-0.00662471486824057
GSE29106_1	0.000319287063267233	0.00355722285499964	NA	NA
GSE29107_1	0.000528270630586256	0.0147306000282767	NA	NA
GSE29107_2	0.000195312340026302	-0.000827885849392882	NA	NA
GSE29745_1	0.00123612215826796	0.033950517729689	NA	NA
GSE29745_2	-0.000154634447445413	-0.0143542455660032	NA	NA
GSE29745_3	0.000431311994062764	0.0217941966739657	NA	NA
GSE35546_1	-0.0025	-0.0305208560547846	NA	NA
GSE35546_2	-0.00784313725490196	-0.0343523722140437	NA	NA
GSE35546_3	-0.00183823529411765	-0.0297106839318482	NA	NA
GSE35546_4	-0.00200607367970136	-0.0167002383216491	NA	NA
GSE35546_5	-0.00218818380743982	-0.0131474616511109	NA	NA
GSE35546_6	-0.00109170305676856	-0.0160005166302382	NA	NA
GSE35955_1	0.00115648955855141	0.0319026529727224	NA	-0.00100850089033547
GSE35956_1	0.0026216039775217	-0.0157972771182128	NA	0.00275292092287781
GSE35957_1	0.000305841334476059	0.0123578781370713	NA	-0.00367307341911783
GSE35958_1	0.00100784324472185	-0.0401115123119442	NA	-0.00285224913587341
GSE39340_1	0.0129913964596229	0.030051845466087	NA	0.00616822477745429
GSE39340_2	-0.000157563025210084	-0.00601255263247225	NA	-0.00586315101564828
GSE39340_3	0.00816326530612245	0.0368739440617816	NA	0.0126741604455666
GSE39795_1	-0.00581082278145426	0.00262940351336217	NA	0.00669684778798298
GSE39795_2	-0.00362554112554113	-0.0197150035051909	NA	0.0011308244494412
GSE39795_3	-0.00095056695312575	-0.0286096294666805	NA	-0.00302313103469097
GSE41038_1	0.000385528222219633	0.0105738999548702	NA	-0.00204468505883679
GSE41038_2	-0.00376940133037694	-0.0230289406112488	NA	-0.00195251960376516
GSE41038_3	0.00373952752508	-0.0182751681559474	NA	-0.00718220018170805
GSE41992_1	-0.000241585332465831	-0.00166036805949036	NA	NA
GSE42235_1	0.00270357518290261	-0.0178031919458797	NA	0.00377970771428271
GSE42235_2	0.00178715627523482	-0.0191385965371438	NA	-0.00617716285318531
GSE42235_3	0.00168359197476408	-0.0208585460247612	NA	-0.00407244189776339
GSE42235_4	0.00297642910544214	-0.0142595024584452	NA	-0.00359848130016155
GSE45233_1	-0.00167662591597683	-0.0187168707725422	NA	-0.000446644372465234
GSE45233_2	0.00284412585479801	0.014856728982654	NA	-0.00146862946424487
GSE45233_3	0.00333000333000333	-0.000363400601415481	NA	-0.000860221265366298
GSE45233_4	-0.00166131976778505	-0.0311245258411421	NA	-0.0050207965970013
GSE46053_1	-0.000734242341043729	-0.0322565073568752	NA	-0.00784640339417913
GSE46053_2	-0.00095645640813273	-0.0296149953458179	NA	-0.0115341225596561
GSE46750_1	-0.0078740157480315	-0.0220381665639392	NA	0
GSE51588_1	0.000885809090915795	0.0264358487863257	NA	0.00121802193142812
GSE52817_1	-0.000616866919287912	-0.000639400972639182	NA	NA
GSE52817_2	0.00043277079015484	0.0378269583791474	NA	NA
GSE52817_3	0.00043449531603655	0.0341117551588728	NA	NA
GSE52817_4	-0.00121576048151419	-0.0321067254794182	NA	NA
GSE55235_1	-0.00339364254298281	0.000566142301595565	NA	0.00585134786061826
GSE55235_2	-0.00262978987282001	-0.00300599537795979	NA	-0.00680843700311515
GSE55235_3	-0.00212548779104691	-0.00388773915136717	NA	-0.00744961750089486
GSE55457_1	0.000488151276986228	-0.0160086323211107	NA	-0.0133948563508865
GSE55457_2	0.00602755812709365	0.0193426343086224	NA	0.00363156204870859
GSE55584_1	-0.003409388932599	-0.0109692343668856	NA	-0.0076918648640071
GSE57218_1	-0.00678210678210678	-0.0326140873352634	NA	0.00883827079257213
GSE57218_2	0.00768616171300735	-0.0188112975101121	NA	0.000755135928328699
GSE57218_3	0.00378787878787879	-0.00647973983187815	NA	0.0114829585191704
GSE60762_1	0.00239613149449215	0.0120423531409493	NA	-0.000164759550202138
GSE62914_1	-0.00171258177482881	0.0118419253392824	NA	0.0027693909624867
GSE62914_2	-0.000678729148644699	0.0105299575818206	NA	-0.0030814476871618
GSE62914_3	-7.61402685933368e-05	0.0208425992954097	NA	0.00671175998042611
GSE62914_4	0.00048538254521334	0.00750724465997195	NA	0.011141173016173
GSE64394_1	-0.00354685452162516	0.00963333912344075	NA	-0.00766489319708952
GSE68038_1	-0.00988387153565624	0.0296271265308055	NA	-0.00464502228774882
GSE68428_1	-0.00295556958778121	-0.0391197028808862	NA	-0.00596441367775653
GSE68428_2	-0.00255621823202912	-0.0325513107842284	NA	-0.00374031324979243
GSE68428_3	-0.000753647520654116	-0.0317082213822781	NA	-0.000391113955422471
GSE69459_1	-0.000163273307472517	-0.00762620833705464	NA	NA
GSE69459_2	0.000234865155695557	-0.0195191364590739	NA	NA
GSE69459_3	0.00380699336476499	0.007337651196581	NA	NA
GSE69459_4	0.000492694795882823	-0.00170416369940258	NA	NA
GSE69992_1	0.00175053066258092	0.0165926245362856	NA	-0.00253594400956204
GSE70719_1	0	-0.0337402335134901	NA	-0.00806451612903226
GSE7116_1	-0.00456082065629189	0.00137341199306575	NA	-0.00290116975849497
GSE7116_2	-0.00588235294117647	-0.00172851364052779	NA	-0.00443881615138983
GSE7116_3	-0.00136612021857923	-0.00278476736760831	NA	-0.00171777440437868
GSE72575_1	0.00141242937853107	-0.00937259877315909	NA	0.00322160895914179
GSE72575_2	0.0037593984962406	0.0233499333385517	NA	0.0104325798827762
GSE72575_3	0.00110132158590308	0.0154673100234375	NA	0.0107239614689946
GSE72575_4	0	-0.0128563913279783	NA	-0.00429130233589708
GSE75181_1	-0.00166456677650707	0.00161587903460487	NA	0.00304981071845691
GSE75181_2	-0.00174445118449489	-0.0179359404948098	NA	-0.00218020975754084
GSE75181_3	-0.000293758210423796	-0.00315790962446392	NA	-0.000814450164869663
GSE75230_1	0	0.0114564633187748	NA	0.00557656839555538
GSE7669_1	0	-0.0120361732589459	NA	-0.00986955067401891
GSE77916_1	0	-0.00727204337070597	NA	0
GSE80614_1	0	-0.0110272966159814	NA	0.00163398692810458
GSE80614_2	0	-0.00590028567343196	NA	0.00401246425065096
GSE80614_3	0	-0.0227808360882481	NA	0.0037593984962406
GSE80614_4	0.0038582515139044	0.0103105588525641	NA	0.00535773662669693
GSE80614_5	0.000136150806864095	-0.00548698251785267	NA	0.00220969425982361
GSE80614_6	-0.00117355555000688	-0.0147422938938515	NA	-0.002279400534969
GSE80614_7	0.00155611482307284	-0.00859919013588986	NA	0.00157410276869069
GSE80614_8	-0.000328056281982778	0.00404874911843055	NA	0.00660310029820106
GSE80614_9	0	-0.0214766667878294	NA	-0.00142045454545455
GSE80614_10	0	-0.0173438368060849	NA	-0.00185033338368254
GSE80614_11	0	-0.0216372956980987	NA	0.00168067226890756
GSE80614_12	0.00150371228971523	0.00179126078456833	NA	0.00354504060382364
GSE80614_13	0.0010725067528203	0.00878820070814208	NA	0.00208983703589957
GSE80614_14	-0.00187905533103327	-0.00461065075947846	NA	-0.00473228478721224
GSE80614_15	0.000120990206171697	-0.0129914802274588	NA	-0.00336648400051491
GSE80614_16	-0.000943940639106789	-0.0164804969501689	NA	-4.45669221697058e-05
GSE85254_1	0.00076682546700801	-0.0172716065036149	NA	-0.0031516750647779
GSE86578_1	0	-0.0184911623624821	NA	-0.000410449251590029
GSE86578_2	-0.0025	-0.0279731607581671	NA	-0.00283804372843874
GSE86578_3	-0.00239553798674324	-0.0193325131484348	NA	-0.00737705940562161
GSE9329_1	0.000675319030024529	-0.00856470730821691	NA	NA
GSE93698_1	0.000859095954618009	0.0390496261540272	NA	0.0177596350569995
GSE93698_2	0.000370185810007282	0.0387489366612141	NA	0.0080632789308753
GSE93698_3	0.000980287310910984	0.0344382484045804	NA	0.00621736971446757
GSE93698_4	0.000820178837724769	0.0462775755129619	NA	0.014512484501624
GSE93698_5	0.000690632782982304	0.035648188721945	NA	0.00345576309388037
GSE93698_6	-0.00244260604430096	-0.0153689118130389	NA	-0.0178834540022385
GSE93698_7	-0.00116724425485058	-0.0139374965477812	NA	-0.013256908784024
GSE93698_8	-0.00126796572103818	0.00511606579907003	NA	-0.00419720261380371
GSE93698_9	-0.00011580616565637	-0.000978757942484928	NA	-0.0101663515363206
GSE93698_10	0.00153268616802936	-0.00385392258007014	NA	0.00523335088852182
GSE93698_11	0.0036161512905699	0.0192317093630796	NA	0.0136555925655845
GSE93698_12	0.0018193252675644	0.00876463172605823	NA	0.00311745753311373
GSE93698_13	0.00243298628780481	0.0192410655511163	NA	0.00529736847855521
GSE93698_14	0.00210525101513474	0.0166309252878098	NA	0.001455547249823
GSE93698_15	4.20514500976232e-05	-0.00397582851421485	NA	-0.00520453275122993
GSE93720_1	-0.0018900213859242	-0.0138053539445699	NA	NA
GSE93720_2	-0.00362010470840762	-0.0149509847908739	NA	NA
GSE93720_3	-0.00235929612302504	-0.022729443911195	NA	NA
GSE93720_4	-0.00325803679989339	-0.0166966558092977	NA	NA
E-MTAB-5564_1	0.000600496320490595	0.051382294094166	NA	0.000604449027157672
GSE77753_1	0.00207034918466661	0.0144991048625322	NA	0.000431682798006476
GSE43861_1	0.00138248847926267	0.00488637050849141	NA	NA
GSE112809_1	0	-0.0190522127798826	NA	NA
GSE111946_1	7.56141256877634e-05	-0.013928603460898	NA	NA
GSE111946_2	-0.00859660434128519	0.00420507120755803	NA	NA
E-MTAB-3201_1	0.000352378521069384	-0.00440413454302177	NA	0.000394295802294898
GSE57740_1	0.00119047619047619	-0.00596163375375139	NA	NA
GSE52992_1	0.00660619926161234	0.0151637094330556	NA	0.0123217236561815
GSE17160_1	-0.0126925491548039	-0.000162173370943129	NA	NA
GSE17160_2	-0.0161290322580645	-0.00209020157761264	NA	NA
GSE17160_3	-0.00591283550358756	-0.00779414289426573	NA	NA
GSE17160_4	-0.00553558586324606	-0.011462191379367	NA	NA
GSE17160_5	-0.00680272108843537	-0.0170758842298887	NA	NA
GSE17160_6	-0.00909090909090909	-0.0252959974292025	NA	NA
GSE17160_7	-0.00366300366300366	-0.0044254556005428	NA	NA
GSE17160_8	-0.0051975051975052	-0.024908709339343	NA	NA
GSE17160_9	1.83042361289866e-05	0.0187775628181643	NA	NA
GSE17160_10	0.000552725994424328	0.0181075773829545	NA	NA
GSE17160_11	5.94915647732549e-05	0.0250174804829997	NA	NA
GSE17160_12	-0.00069725779701561	0.0151299755652476	NA	NA
GSE22971_1	0.00543478260869565	-0.00666401796632623	NA	0.00579886662719612
GSE22971_2	0.0202180028129395	0.00684841547923878	NA	0.00585301686701507
GSE22971_3	-0.00149676532535997	-0.0143541474874527	NA	-0.00818453987134099
GSE22971_4	-0.000620312771028303	-0.0106351470386389	NA	-0.00193178786546576
GSE13590_1	-0.000179490988314518	0.00722401632395223	NA	0.00426149078052273
GSE13590_2	0	-0.00326259924639184	NA	0.00402443406395976
GSE99731_1	-0.00594669215249018	-0.0087634125192503	NA	-0.00143606393606394
GSE99731_2	-0.000988347898460258	0.0185031368595054	NA	0.00284121086216021
GSE99731_3	0.00158010607121713	0.0132570943037384	NA	0.00401287078034696
GSE27492_1	-0.0175438596491228	0.000360160116618936	NA	-0.0112079344189278
GSE27492_2	-0.0151064712389381	-0.0171359332254828	NA	-0.0208296507305936
GSE27492_3	-0.0096999711936892	-0.0184386598529135	NA	-0.00447567860444158
GSE27492_4	-0.00900169108286306	-0.0292180820509771	NA	-0.0154236230301139
GSE27492_5	-0.0117506587615283	-0.0301514325753968	NA	-0.0125279194044823
GSE27492_6	-0.00379580716967341	-0.00724109370247896	NA	-0.0104506226436677
GSE27492_7	-0.00344413889787555	-0.0157745845461959	NA	-0.0110205603494194
GSE27492_8	-0.000443568611096311	-0.0150812577260185	NA	-0.0144416189431284
E-GEOD-15069_1	0.0062111801242236	0.00929119802133041	NA	0.00970968667847707
E-GEOD-15069_2	0.00306201319935787	0.0131720301361236	NA	0.000671344552201979
E-GEOD-15069_3	0.000422597639891083	0.0112990457593937	NA	0.00139996455785929
E-GEOD-15069_4	0.0160823682354641	0.0251962055233541	NA	0.00762159221701889
E-GEOD-15118_1	0	-0.000323777474522147	NA	NA
E-GEOD-15118_2	0	0.0230873187021849	NA	NA
E-GEOD-15118_3	0	-0.0206733164101161	NA	NA
E-GEOD-15118_4	0.00193050193050193	-0.030672292153568	NA	NA
E-GEOD-16007_1	0.00154200127408614	0.000513492769448784	NA	NA
E-GEOD-17473_1	0.000665919057080292	-0.0220842411376461	NA	-0.00539040755953235
E-GEOD-18647_1	-0.00177405383795309	0.00160609260558711	NA	0.00485359228356571
E-GEOD-18647_2	-0.000124808626772283	-0.0105332532365285	NA	0.00131574723192978
E-GEOD-18647_3	0.000120317130626409	-0.0115179208097125	NA	-0.00123933471419884
E-GEOD-18647_4	0.00167143926863989	-0.0181794359719792	NA	-0.00379317407922211
E-GEOD-18648_1	0.00179856115107914	-0.0118563095840771	NA	0.000273942680949449
E-GEOD-18648_2	0.00503091326620738	0.00809703269157261	NA	0.00318055891611776
E-GEOD-2154_1	-0.00173992673992674	0.00828853747719637	NA	0.00367095893083602
E-GEOD-2154_2	0.00393144834516516	-0.0191523686979854	NA	-0.00127521078195168
E-GEOD-2154_3	-0.00915750915750916	-0.0275561422830592	NA	-0.0095464935685846
E-GEOD-2154_4	-0.00576423949370689	-0.00292913309185656	NA	-0.00955720572057206
E-GEOD-26475_1	-0.00230499240400231	-0.019024852983829	NA	0.0110131948049857
E-GEOD-26475_2	-0.00772433792274423	-0.0159194441264661	NA	-0.00770382542735596
E-GEOD-26475_3	-0.000241656491656491	-0.0166573587129248	NA	0.00268019093692877
E-GEOD-33567_1	-0.000232837050286221	0.0151910948345705	NA	NA
E-GEOD-33567_2	0.000885192439462695	0.00197316288189073	NA	NA
E-GEOD-37287_1	0.000629664309325559	-0.00233452835232227	NA	NA
E-GEOD-37287_2	-0.000169081068151703	-0.00155360930013295	NA	NA
E-GEOD-37287_3	-3.40053841220756e-05	-0.018129120057091	NA	NA
E-GEOD-51994_1	-0.000122970546227723	-0.0236994256860615	NA	0.000886955343672472
E-GEOD-51994_2	-0.000626750391389819	-0.0192430771494456	NA	-0.00477482111596083
E-GEOD-51994_3	-0.000146169492197274	-0.00550670321992297	NA	-0.00454411492450354
E-GEOD-65077_1	0	-0.0596195499356143	NA	NA
E-MEXP-1244_1	-0.00887573964497041	-0.026598991704055	NA	NA
E-MTAB-1123_1	-0.0022561921828531	-0.0144229051271449	NA	-0.005618574698691
E-MTAB-1123_2	-0.000224786800148312	-0.00164465477019344	NA	-0.00199364517803453
E-MTAB-1123_3	0	0.0124141401622187	NA	0.00011705218768905
E-MTAB-1123_4	0	-0.00938985393354614	NA	-0.00108560689956039
E-MTAB-1391_1	0.00104847789932546	-0.0142266843394537	NA	0.0130540105386417
E-MTAB-1391_2	-0.00153505922447414	-0.00515356373992319	NA	-0.00257675438596491
E-MTAB-1391_3	-0.00220013497729662	0.000771632038435249	NA	-0.0148762031275146
E-MTAB-2450_1	-0.000194739970891499	-0.0220511130877685	NA	-0.00154123313328706
E-MTAB-2450_2	0.00363636363636364	-0.0111849998182944	NA	0.00456328590264967
E-MTAB-2450_3	0.00030302871266953	-0.0170851130629594	NA	-0.000913274337299928
E-MTAB-2450_4	0.0013124923304564	-0.0364660827318415	NA	0.000330930395218528
E-MTAB-5023_1	-0.00175290497871143	-0.0311310122466122	NA	-0.0154356722819154
E-MTAB-5326_1	0	-0.00735956566221662	NA	NA
E-MTAB-5326_2	-0.000775696083032501	-0.00241627687069089	NA	NA
E-MTAB-5326_3	0.00106590040858663	-0.00108481937384516	NA	NA
GSE102588_1	0.00701514113977022	0.0167699107461541	NA	0.00209945949466173
GSE104793_1	-0.00202978851570672	-0.0230822992519563	NA	-0.005962956660195
GSE104794_1	-0.000746057952323241	-0.0381312953452277	NA	-0.00412572869892597
GSE104795_1	-0.00438539585309363	-0.0364003156377536	NA	-0.0037681363717113
GSE105139_1	0	0.00740272945662037	NA	0.00187848793191276
GSE105139_2	0	-0.00231558284371764	NA	-0.00245714652100184
GSE105139_3	0	-0.00653068830793545	NA	0.0097677291821102
GSE10555_1	0.000495629020461548	0.0125758550828458	NA	NA
GSE10556_1	0.00710509627302915	0.00915162702515738	NA	0.00582983874206188
GSE106631_1	-0.00409561712556113	-0.0269561029623711	NA	-0.0123840939811605
GSE13104_1	0.000263763402826917	-0.00316794433719558	NA	NA
GSE13104_2	-0.000357669343726387	0.0057344736828414	NA	NA
GSE13104_3	-0.00104952792316961	-0.0232778394215584	NA	NA
GSE16749_1	-0.00124200120253353	0.0167779690301473	NA	NA
GSE16749_2	-6.29798066851407e-05	-0.0114036509818538	NA	NA
GSE16749_3	0.00124378109452736	0.0260564443658978	NA	NA
GSE17348_1	0.00736239098192671	0.0443520136571027	NA	NA
GSE17563_1	-4.87463162508143e-06	0.0061934661675482	NA	NA
GSE17563_2	6.0440364048136e-05	0.0156718283469077	NA	NA
GSE17569_1	-0.000216913716974547	0.0288715517025141	NA	NA
GSE17569_2	-0.00207584340475483	-0.0383895213800543	NA	NA
GSE17570_1	-0.00175077937101925	-0.0284480798659209	NA	NA
GSE17570_2	-0.00189558629776021	0.0157590146598678	NA	NA
GSE18991_1	0	0.00255900577627157	NA	-0.00930735006886429
GSE18992_1	0	0.0185417666302704	NA	0.0105338145896657
GSE19299_1	-0.000886278293348056	-0.00974513104916904	NA	-0.0225648079233737
GSE20850_1	-0.000803093313854753	0.00843895349551716	NA	NA
GSE21093_1	-0.00238630551081827	-0.00100311284926818	NA	NA
GSE21523_1	0.000793490890724575	-0.00578749696345251	NA	NA
GSE21639_1	0	-0.00184223956729518	NA	NA
GSE21639_2	0.0040650406504065	0.0131731704329179	NA	NA
GSE21639_3	0.00413223140495868	0.0282216346064142	NA	NA
GSE21639_4	0.00249376558603491	0.0169803576952743	NA	NA
GSE21710_1	-0.00089952814573792	-0.0144211068714306	NA	NA
GSE21710_2	-0.000270348755803595	-0.0141423994695555	NA	NA
GSE21710_3	-0.000264749696959212	-0.0166690078594997	NA	NA
GSE22925_1	7.2809928673163e-05	-0.00600927672607882	NA	-0.00343764066661489
GSE22925_2	-0.00254577886156834	-0.0230739640485411	NA	-0.00814566498180999
GSE26499_1	2.54593684224919e-05	0.0016528366203019	NA	NA
GSE30160_1	0.000656032560070771	-0.0049553047866687	NA	0.00537336290663287
GSE30628_1	-0.000261777043871716	0.0296528463007412	NA	4.77287857044875e-05
GSE30628_2	9.07617674604594e-05	-0.00191162676425893	NA	0.00539094175642498
GSE32163_1	0.0032002363733133	0.0345544839021539	NA	0.00211898288821366
GSE33656_1	-0.00138781377351722	-0.00640514151192761	NA	NA
GSE33754_1	0.00320512820512821	0.00250222182575039	NA	-0.00198513418249301
GSE33754_2	-0.00453168515170763	-0.0201297773394079	NA	-0.0107121064911581
GSE33754_3	0.000735493361204662	-0.0186621373019531	NA	-0.0149208079891398
GSE34570_1	-0.000135262291225594	-0.00951441398514323	NA	NA
GSE35003_1	0.00052462069646244	-0.010411828994507	NA	NA
GSE35466_1	-0.00327457264957265	-0.0304276630900375	NA	NA
GSE35466_2	-0.00357166868360898	0.00410337185464906	NA	NA
GSE35466_3	-0.0043438993590051	-0.0161629163026818	NA	NA
GSE35466_4	0.00458061563738815	-0.00614232482667338	NA	NA
GSE35466_5	0.0169650878974936	-0.00189975540192915	NA	NA
GSE36925_1	0	0.0157999801223718	NA	NA
GSE36925_2	0.00287274900463692	0.0174935224213943	NA	NA
GSE36925_3	0.00123937826366337	0.016552757435011	NA	NA
GSE37219_1	0.000278325687021404	-0.00688194394735992	NA	NA
GSE37676_1	-0.00150305319359371	0.0117163231061942	NA	-0.00134194942877696
GSE41342_1	-0.00431662656008437	-0.0217219183402411	NA	-0.00218391507143362
GSE41342_2	0.00127457271189407	-0.0129660598593608	NA	-0.0169907040137584
GSE41342_3	-0.000109745390693591	-0.0253944935666227	NA	-0.012242856172554
GSE41342_4	0.00612535612535612	-0.00516555224155267	NA	-0.00119222809011348
GSE41997_1	-0.000166187301844334	0.00437079523382866	NA	0.000229384329172577
GSE43242_1	0.00306719769918039	0.00150385266999266	NA	0.000986471312467787
GSE43242_2	0.00404522062217299	0.00553726245423262	NA	0.00620936434146661
GSE43663_1	0	0.00791478283064972	NA	0.00244585757703662
GSE43854_1	0.000315861974009061	-0.011712815048062	NA	NA
GSE45656_1	-0.00131055590186789	0.0116462128366081	NA	NA
GSE45656_2	-0.00120665097368783	0.00764662225788624	NA	NA
GSE45656_3	-6.66767642530862e-05	0.0141118724638055	NA	NA
GSE45793_1	-0.00140866951122027	-9.72730071512247e-05	NA	0
GSE45793_2	0.0028998763650437	-0.00670601692194396	NA	0
GSE45793_3	0.00120191349140426	0.0125921683241001	NA	0
GSE45793_4	-1.29600469919071e-05	-0.0157822309350165	NA	0
GSE45793_5	0.00137064317775638	0.00870552657156025	NA	0
GSE46390_1	0	-0.00283969668648477	NA	NA
GSE48438_1	-0.00425767700690829	-0.00782530200042538	NA	-0.0039038880573612
GSE50549_1	0	-0.00631943138858175	NA	0.00227994227994228
GSE50549_2	0	0.00647879395746329	NA	-0.000524886877828055
GSE51098_1	-0.00237875063815912	-0.041016338788971	NA	0.00269901762863819
GSE53857_1	-0.00600143485814364	-0.0215902239808018	NA	-0.0140705826392004
GSE53857_2	0	-0.0357505997261121	NA	-0.024372043899527
GSE53857_3	0.00746268656716418	-0.0111721266064374	NA	0.00276458398979137
GSE53982_1	0.000318665905957305	0.0196335809421155	NA	0.00810781040924273
GSE53982_2	-0.0024895178197065	-0.00342156369224773	NA	-0.00717559252983389
GSE54779_1	0.000894135811499362	-0.0153570855576242	NA	-0.0042923501086224
GSE55900_1	0	-0.00225414595755609	NA	0.00405413496275954
GSE57104_1	-0.00332769750330846	-0.00252788805706187	NA	-0.00976203927761156
GSE59387_1	-0.00455580865603645	-0.0153319317274453	NA	NA
GSE60401_1	0.00230172197083962	-0.00750933970826382	NA	NA
GSE60401_2	-0.000513184096687449	0.0141608711954534	NA	NA
GSE60651_1	0.00593411253981621	0.0128618608052506	NA	NA
GSE60737_1	2.01850437144557e-05	-0.0133868854162534	NA	NA
GSE60761_1	0	-0.00903606932231481	NA	-0.00481999011465361
GSE60761_2	0	-0.00364091386733385	NA	0.00431263664031777
GSE60761_3	0	-0.0200397607294818	NA	0.00374962819460162
GSE60761_4	0.00125598086124402	-0.0225807029318402	NA	0.00327633773805644
GSE63017_1	0	-0.0036058292965178	NA	-0.000117801047120419
GSE63017_2	0	0.00264591568251758	NA	-0.000142920663151877
GSE63017_3	0.00320512820512821	-0.0036770991769291	NA	-0.00511844517895758
GSE63017_4	0	-0.00861942656083063	NA	-0.00256898108140233
GSE63939_1	0.0011313485828951	0.0214062289351498	NA	-0.00797695908695519
GSE63939_2	0.00180026514865469	0.0296151325060198	NA	0.000264822027888743
GSE64141_1	-0.00148567109114509	0.0146331178727288	NA	NA
GSE64965_1	-0.000683370504976055	-0.0254943457227738	NA	-0.00273390973909568
GSE65745_1	0	0.0146875095508404	NA	0.0062500238223198
GSE65745_2	0	0.0170768064743256	NA	0.00818059917678789
GSE65745_3	0	0.0175370922266226	NA	0.00842736498474203
GSE66416_1	-0.00045483143481036	-0.0164779772241879	NA	NA
GSE66862_1	-0.000334258838868904	-0.0392086180367565	NA	-0.00498821389263434
GSE69108_1	-0.0025632725970279	-0.0101999663129309	NA	-0.00138444131100686
GSE71565_1	0.00141249987679048	0.00989635466330253	NA	NA
GSE72261_1	0.00548128342245989	-0.00784097598076702	NA	0.00753339807664977
GSE72261_2	-0.00116321404922654	0.0171481521896589	NA	0.00233508307696721
GSE72261_3	-0.001252378527	0.011259388689436	NA	0.00421001047169272
GSE7683_1	0.00925925925925926	0.00892769749743489	NA	0.00429570660949205
GSE7683_2	0.000466431095406361	0.0304526260283944	NA	0.0140282582146171
GSE78980_1	-0.00273224043715847	-0.0154176860225625	NA	NA
GSE78980_2	0	0.0272477822644021	NA	NA
GSE78980_3	0	0.00260771935260773	NA	NA
GSE78980_4	0	0.0152766601181197	NA	NA
GSE78980_5	-0.00757575757575758	-0.0165626196761202	NA	NA
GSE78980_6	0	0.00411421261529611	NA	NA
GSE78980_7	0.00283317477783964	0.0272041057603369	NA	NA
GSE78980_8	-0.000606225797962329	0.0221867982009573	NA	NA
GSE78980_9	0.00133879533957805	0.0184686574196049	NA	NA
GSE78980_10	0.000295329366075516	0.0205252076920718	NA	NA
GSE81399_1	0.00472535094620895	0.008679423995378	NA	0.00174523679272853
GSE84609_1	0.000319923836092304	-0.00231999881098398	NA	-0.00826192272524639
GSE84907_1	0.00129891765180176	0.0114370513760213	NA	0.00838641455045281
GSE84907_2	0.000506522198783738	0.00938870643008397	NA	0.000756428849463102
GSE84907_3	-0.00058743362000094	-0.00225980972695163	NA	-0.00944991394215959
GSE90127_1	0.000758377813808981	0.00718894621757268	NA	NA
GSE90127_2	0.00099616405331326	0.0104083954982633	NA	NA
GSE90127_3	0.000138537216664717	0.000748718539138693	NA	NA
GSE9247_1	0	-0.0153161829075691	NA	0.00100664557320904
GSE9247_2	-0.000781860828772478	0.0241204074485865	NA	-0.00355279253599318
GSE9247_3	0	0.00481580314951571	NA	-0.00390438804310488
GSE99306_1	0.000701500176558046	0.0185273104773503	NA	-0.0017630741290865
GSE99306_2	0.000444013515955722	0.0195685194430434	NA	-0.0118895678402932
GSE99306_3	0.00288865623495149	-0.00397678106943794	NA	-0.00224715169232046
GSE99306_4	0.000856856034847477	0.0204243668872181	NA	-0.00410678403542823
GSE99306_5	0.00156984592880147	0.00798048300698743	NA	-0.0103425581651743
GSE99306_6	0.000699549005479577	0.0145916997073363	NA	-0.0020316032069675
GSE99306_7	-0.00199536125546568	-0.0178083168741088	NA	-0.0101930967693113
GSE99306_8	0.00122760288898024	0.0202782197909491	NA	-0.00150274181598553
GSE99306_9	0.000685545078701182	0.0175559779218437	NA	0.00242438121487374
GSE99306_10	-0.00398209653993557	-2.26534987318168e-05	NA	-0.00738326348735088
GSE99306_11	0.00126490044592418	0.0174629988605719	NA	0.00339313935616174
GSE99306_12	0.000770531206104552	0.0226592852659731	NA	0.00637597889521597
GSE99306_13	-0.000867386747798787	-0.00961197252291713	NA	-0.00359706518343991
GSE99414_1	-0.00515463917525773	0.0238654873930163	NA	0.00603575535032083
GSE110581_1	-0.00337837837837838	-0.014357184655419	NA	-0.00228131517605202
GSE110581_2	0	-0.0276523360983035	NA	-0.0117811896542022
GSE47799_1	0.00549450549450549	-0.0138086664698845	NA	0.00715042499462284
GSE47799_2	0	-0.00738633565426351	NA	0.0040650406504065
GSE47799_3	0.00196850393700787	-0.0028193141386451	NA	-0.00416666666666667
GSE111628_1	0.0103138270233467	-0.0043305003109253	NA	NA
GSE111628_2	-0.0116279069767442	-0.00578013020541589	NA	NA
GSE111628_3	-0.0053030303030303	-0.00663512310285546	NA	NA
GSE5657_1	0.000393454428249739	-0.0313209193952592	NA	0.00540167821514571
GSE5657_2	-0.00833333333333333	-0.0185495709679384	NA	-0.0073644268505612
GSE13782_1	-0.00481871500933084	-0.0383649793117656	NA	-0.00885637185041943
GSE41039_1	-0.00632911392405063	-0.0156998246359388	NA	-0.0097664713187789
GSE84198_1	0.000692621755613881	-0.0222623049405705	NA	-0.00182353707302605
GSE84198_2	-0.00301204819277108	-0.00911159904928583	NA	-0.00202094451175622
GSE84198_3	0.00103578136148711	0.0102987808173426	NA	-0.00213565305932945
E-GEOD-54216_1	-0.000355042481935736	-0.0581918560997925	NA	-0.00539104127476281
E-GEOD-54216_2	-0.000815759221978441	-0.0530982814081632	NA	-0.00171111873602168
E-GEOD-54216_3	-0.00439462177167095	-0.00811320234126175	NA	-0.0129572147266724
E-GEOD-6119_1	4.04942455029817e-05	-0.015456557035741	NA	0.0079238369587334
E-GEOD-6119_2	0.000183337502987108	-0.0138933590799593	NA	0.00824675463817172
E-GEOD-6119_3	-0.000350171846101014	-0.0135154193988003	NA	0.00578556752862431
E-GEOD-8077_1	6.6231013776051e-05	0.0447421804488756	NA	0.0079554370372292
E-GEOD-8077_2	0.00675675675675676	0.0121677490671963	NA	0.00976723164035669
E-GEOD-8077_3	-0.000185111351597653	-0.0307325474434254	NA	-0.000641295552241046
GSE103416_1	0.000351239695201305	-0.00100935205005577	NA	0.0134710116337884
GSE103416_2	0.00190708950637626	0.00554309281670421	NA	0.00159460697733577
GSE103416_3	0.00303742725201572	0.0135386470022076	NA	-0.003155321625468
GSE19950_1	-0.000143663675773768	-0.00960442954970059	NA	0.00701135930339077
GSE30322_1	0.00173440848498057	0.00641275402356087	NA	-0.00861174810695143
GSE30322_2	0.00253088738457505	0.0144712431527458	NA	0.000100928137572977
GSE30322_3	0.000346083788706739	0.01364251144978	NA	-0.00723873301806393
GSE42295_1	-0.00714285714285714	-0.0086242242791793	NA	0.00407584474515841
GSE42295_2	-0.00955555555555555	-0.00241116141749937	NA	-0.0033504443282312
GSE42295_3	-0.00676847867275463	0.0015983276673307	NA	-0.00268289180321485
GSE66554_1	-0.000985517828891323	0.00622095464866013	NA	-0.00519242270317468
GSE66554_2	0.0016759396671461	0.0019164120372756	NA	0.00622407720854622
GSE66554_3	-0.00226605275418446	0.00176057178693621	NA	0.00465519014169527
GSE66554_4	-0.000211049938895525	-0.00217445090948562	NA	-0.00218745358265821
GSE74898_1	-0.00248911602643895	0.0219242467181394	NA	-0.0012346043722627
GSE74898_2	-0.00193956566469256	0.0170954644163005	NA	-0.00611354105837416
GSE74898_3	-0.00310659484588948	-0.0012494976826561	NA	-0.0140611600963166
GSE79176_1	0	0.00317967105623378	NA	NA
GSE79176_2	0	0.00701720035517477	NA	NA
GSE79176_3	0	0.00461250563505129	NA	NA
GSE85785_1	0.0073686723493225	-0.0233167994815441	NA	0.0039467217853839
GSE23492_1	0.00189216438044929	-0.00130909543408918	NA	NA
GSE23492_2	0.00177304964539007	0.00939737510527699	NA	NA
GSE23492_3	0.000141487198886316	-0.00371515756458584	NA	NA
GSE23492_4	0.000717906713759023	0.00350892829080478	NA	NA
GSE23492_5	-0.000673952699348041	-0.00171876550094634	NA	NA
GSE44991_1	-0.00294306506849315	-0.0228085503701423	NA	-0.0040052344420836
GSE44991_2	-0.00613117183546591	0.00135881375212081	NA	0.000256530121937482
GSE39796_1	-0.000781252981023816	-0.00376271692212311	NA	NA
GSE39796_2	-0.00101787537916711	0.0121869635241534	NA	NA
GSE39796_3	0.0035304934109715	-0.0199462043188487	NA	NA
GSE18394_1	-0.000921822420846151	-0.0168380398980774	NA	0
GSE18394_2	-0.00142031832631784	-0.0392615027833724	NA	0
GSE18394_3	-8.54116647597768e-05	0.00996447706944732	NA	0
GSE29233_1	0.00446428571428571	-0.0173596725113548	NA	NA
E-MEXP-2291_1	0.00141879538875628	0.000348513896399406	NA	NA
E-MEXP-2291_2	-0.000388117259875026	-0.0158478329355454	NA	NA
E-MEXP-2291_3	0.00209384075726838	0.0145758943026915	NA	NA
GSE107363_1	-0.00622406639004149	-0.00171598411707876	NA	NA
GSE85761_1	-0.000300537715518296	0.021707532740529	NA	NA
GSE89179_1	-0.00101284852370267	0.00407152996448387	NA	NA
GSE89179_2	-0.00208230703228651	-0.00225631276426627	NA	NA
GSE89179_3	-0.000671226338406306	-0.00142675296677973	NA	NA
GSE89179_4	-0.00233881288645605	0.000437504680307554	NA	NA
GSE89179_5	-0.00129968160289168	0.00326355155661527	NA	NA
GSE89179_6	-0.0021700153804753	-0.00675270489917728	NA	NA
GSE89179_7	-0.00162391698208895	-0.0104405560280708	NA	NA
E-GEOD-57723_1	-0.0015202646955701	-0.0155347904791649	NA	NA
E-GEOD-57723_2	-0.00405717528843022	-0.0318430331822254	NA	NA
E-GEOD-57723_3	-0.00110846765696936	-0.0299114371237889	NA	NA
E-GEOD-83930_1	0	0.0213305677330491	NA	NA
GSE100268_1	0.000557697488046333	0.0315135679376082	NA	NA
E-GEOD-55769_1	0	-0.0306249106804298	NA	0.00214040789593177
E-GEOD-55769_2	0	-0.0343513990278321	NA	-0.00114482501861504
E-GEOD-55769_3	0	-0.025886872801747	NA	0.00278249544639996
E-GEOD-69110_1	-0.0036101083032491	0.000438406733802393	NA	0.0188559664439054
E-MTAB-4304_1	0.00221908110997385	-0.011152370988504	NA	-0.00891694912666667
E-MTAB-4879_1	-0.00130825085515643	-0.0209092620779561	NA	-0.00349037097695989
E-MTAB-4879_2	-0.000147719460130105	0.0103883345094649	NA	0.00165487200123041
E-MTAB-4879_3	-0.00193394612677874	0.00480621836917179	NA	-0.0052078829139336
E-MTAB-4879_4	0.000154277126037832	-0.00237891494209023	NA	-0.00891973575115676
Cytokine_Explant_1	2.98473930861786e-05	-0.054283300012546	NA	-0.00417276902392264
Cytokine_Explant_2	3.27400526875055e-06	-0.0129783196598023	NA	-0.00897457601943328
Cytokine_Explant_3	0.000402753867378169	-0.0086054048179103	NA	0.00234540866327543
Cytokine_Explant_4	0.000477987922997275	-0.00809731111235959	NA	-0.0112447618681213
Cytokine_Explant_5	-0.00015564141591527	-0.019218129737834	NA	-0.00878707314191185
FN1_Explant_1	-0.0151515151515152	-0.0449752233303894	NA	-0.0191771029514867
E-MTAB-6266_1	0.00185358828358711	0.0160053577423458	NA	0.0114850427350427
E-MTAB-6266_B_1	0.00207876120800371	0.0439492656791512	NA	0.00361640004609731
E-MTAB-6266_B_2	0.00134699728477553	-0.0133949607069533	NA	0.00601359683498043
E-MTAB-6266_B_3	0.000667811344610258	-0.0665002890551691	NA	-0.00977606908263843
GSE70667_1	0	0.0290225147920052	NA	0.00519733185102835
GSE87608_1	0	0.0201876709835096	NA	-0.011937138476597
GSE87608_2	0.00579801813198398	0.0358419967261609	NA	0.0037478540951912
GSE87608_3	0.0007124943000456	0.0283648487882467	NA	-0.000486399521083548
GSE87608_4	-0.00528960703379308	0.00286703669481136	NA	-0.00914432805103735
GSE90890_1	0.00337443291559987	0.0474083257718483	NA	0.0132181993514864
GSE97118_1	-0.00105899065113822	-0.0522912998381701	NA	NA
GSE97118_2	0.00523908610066102	0.00825087597719585	NA	NA
GSE97118_3	-0.000585799158704231	-0.0511366266579215	NA	NA
GSE97118_4	0.00490886073242817	0.0146260554586104	NA	NA
GSE97118_5	-0.00683236256595738	-0.00301813676062014	NA	NA
GSE97118_6	0.00237374889425347	0.00876119458307203	NA	NA
GSE97118_7	0	-0.0128670096740369	NA	NA
GSE107592_1	0.000567008060511057	0.0213790774158314	NA	0.000287382128423887
GSE92641_1	0.00194514667460927	-0.0117152474405446	NA	-0.0146125912254945
GSE107849_1	0	0.00709609445181913	NA	NA
E-ERAD-89_1	0	-0.00357333730497797	NA	NA
E-ERAD-89_2	0	0.000439523916353866	NA	NA
E-ERAD-89_3	0	0.00453396797042944	NA	NA
E-ERAD-89_4	0	3.88376251961666e-06	NA	NA
E-GEOD-45893_1	0	0.00330760800477823	NA	NA
E-GEOD-53105_1	0.00357142857142857	0.0109172166398294	NA	-0.00150048469741033
E-GEOD-53105_2	-0.000559926046332717	-0.00831644949326489	NA	0.00151095440891684
E-GEOD-54461_1	-0.00089243480616386	0.0128177286261167	NA	0.00354219362810258
E-GEOD-54461_2	0.000851798727288374	-2.08822686026979e-05	NA	-0.000628383474211186
E-GEOD-54461_3	0.00108726103009044	0.00497684967360147	NA	-0.00637157833430402
E-GEOD-54461_4	0.000982676475699461	0.00272908226798014	NA	-0.00262557077625571
E-GEOD-54461_5	0.00123816876362464	-0.000487568063522842	NA	0.00524554525713552
E-GEOD-54461_6	0.000829915033929475	-0.00323470516565431	NA	-0.00523450707288321
E-GEOD-54461_7	0.000450439273395551	0.000258224683202778	NA	-0.00149986511177329
E-GEOD-54461_8	0.000935043284011034	0.00118665370920521	NA	0.00814323942576885
E-GEOD-73372_1	-0.00212865719770358	-0.00201382330265583	NA	NA
E-GEOD-73372_2	-0.00321095764371075	-0.00388604556664296	NA	NA
E-GEOD-73372_3	-0.000438548047294704	-0.0012018865895908	NA	NA
E-GEOD-75549_1	-0.000896668259395906	-0.0399702338905382	NA	NA
E-GEOD-76988_1	-0.00307943890053408	-0.0102121298637241	NA	NA
E-MTAB-2923_1	-0.000240163993775217	-0.0127351208999843	NA	NA
E-MTAB-2923_2	0.000466853806076586	0.00829812114247243	NA	NA
E-MTAB-2923_3	0.00128109134165894	-0.00388248985307454	NA	NA
E-MTAB-2923_4	0.000629778972922101	-0.0170926015186875	NA	NA
E-MTAB-3428_1	2.47479169113065e-07	-0.0311302298577047	NA	NA
E-MTAB-3428_2	0.00537480836581799	-0.012465657672049	NA	NA
E-MTAB-3428_3	4.45485324440595e-05	0.00016728196402676	NA	NA
E-MTAB-3428_4	-7.51572803874635e-06	-0.0299364517922879	NA	NA
GSE102856_1	0.0062111801242236	-0.015027763683504	NA	NA
GSE103492_1	0.000771686854881239	0.00504152549175691	NA	-0.00870044503840806
GSE103492_2	-0.000565664677149036	0.00107070066349959	NA	-0.00983694066958654
GSE103492_3	0.00056041190681007	0.00493938495941454	NA	-0.00835812349411277
GSE103492_4	0.00260144869899334	0.0048506241816804	NA	-0.00122503589085163
GSE103492_5	0.00146461456322838	-0.0042846147031708	NA	-0.00651362869614656
GSE103492_6	-0.000143130764266234	0.00442342473230824	NA	-0.00486524712637378
GSE103492_7	0.00267379679144385	0.00989532227164519	NA	-0.00285792146687956
GSE103492_8	-0.000306320146536094	-0.00631302430602674	NA	0.00210504228205404
GSE103492_9	0.000151397457378673	-0.00716497718167535	NA	0.00370830230133631
GSE103492_10	0.00297619047619048	-0.00100116302268917	NA	-0.00443342009872052
GSE106259_1	0.00514737997081163	0.0122780950171372	NA	0.00880340690873703
GSE110303_1	-0.00430201931518876	-0.00425220858324118	NA	NA
GSE110303_2	0.00445851201415833	-0.012313953980901	NA	NA
GSE110303_3	0.00177239599580297	-0.00434829015325133	NA	NA
GSE110300_1	-0.0029940119760479	-0.0131191395174217	NA	NA
GSE110300_2	-0.00266106442577031	0.010461306487464	NA	NA
GSE110300_3	-0.00474426807760141	-0.0270857490242185	NA	NA
GSE110281_1	-0.00123430894104794	-0.00354726687755328	NA	NA
GSE110281_2	-0.00197254715327004	-0.005395459996622	NA	NA
GSE110281_3	-0.00365752668384247	-0.00239914176117874	NA	NA
GSE104459_1	0.0022309513734387	0.0162542643109114	NA	0.00782007264765885
GSE104459_2	0.00452866349510678	0.0259573409976947	NA	0.000200699959929495
GSE104459_3	-0.00103305785123967	-0.0031241115130628	NA	0.00404595381979859
GSE110051_1	0.000601019862195493	-0.00154787290161553	NA	0.00994020625968969
GSE110051_2	0.00050795996210974	0.0258960025802655	NA	0.00323654341773477
GSE110051_3	0.000458460662822458	0.0159019569380254	NA	0.00530167264735824
GSE112694_1	-0.000944827017643695	0.00598584484339697	NA	-0.00341061699025401
GSE112694_2	-0.000175596733259912	0.0131689381631039	NA	-0.00118696335110667
GSE112694_3	-0.000927196387804091	0.00963520628417748	NA	-0.0021748499167493
GSE112694_4	7.71135278053574e-05	0.0179297226708906	NA	0.00133085422146246
E-MTAB-5879_1	4.12703626987338e-05	-0.0618371781103999	NA	0.00199339156298354
E-MTAB-5879_2	9.70253812707414e-05	-0.0464193984968616	NA	-0.00384863283912249
E-MTAB-5879_3	0.000281342264775057	-0.06366177666772	NA	0.00707965622661693
E-MTAB-5879_4	4.51512314935505e-05	-0.0436915352293282	NA	0.0137246683432464
E-MTAB-5879_5	0.000429658215666956	-0.0635458363533763	NA	0.0137041042086161
E-MTAB-5879_6	0.000448252502037734	-0.0498951470570104	NA	0.0186438060598391
E-MTAB-5879_7	0.00185185185185185	-0.0192149550924441	NA	0.0217167837891361
E-MTAB-5879_8	0	0.00164673019689539	NA	0.0014784068530815
E-MTAB-5879_9	-0.0018885833987955	-0.0133136823128467	NA	-0.000901860107819558
E-MTAB-5879_10	-0.00022726050324288	0.00187876111175145	NA	0.0129392286234681
E-MTAB-4294_1	-0.00232045516023274	-0.0406747633007284	NA	-0.00333936106088005
E-MTAB-4294_2	-0.00131596503541372	-0.0309907531458923	NA	-0.0146918269288142
E-MTAB-4294_3	0.000370106708451456	0.00503766557198407	NA	0.0033480907581627
E-MTAB-3186_1	-0.00101672931667487	-0.00513533866437303	NA	0.00357990847558349
E-MTAB-3186_2	-0.00126495801913351	-0.0135438948891328	NA	-0.00168677771911902
E-MTAB-3186_3	-0.00183168268487988	0.00319933283921198	NA	0.0108333333333333
E-MTAB-3186_4	-0.00206640685629183	0.00825224679556059	NA	-0.00878000699269874
