comparisonID	jaccard	cosine	sigjaccard	chrDir
22659600_1	-0.000101887601887602	0.00521842591889778	NA	0.00210237575811755
24361742_1	0.00613036058762428	0.0188766805761558	NA	0
GSE72258_1	0	0.011202267915343	NA	0
GSE72258_2	0	0.00261666936757276	NA	0
GSE69531_1	-4.45361867126597e-05	0.000648111638767734	NA	NA
GSE69531_2	-0.000780525135396234	-0.00890676271719323	NA	NA
GSE69531_3	-0.0014065242666458	-2.28447910587349e-05	NA	NA
GSE69531_4	-4.45361867126597e-05	0.000648111638767734	NA	NA
GSE58203_1	0	-0.00920923330623884	NA	0.00697890526680683
GSE58203_2	0	-0.018024085556635	NA	-0.00112976454439869
GSE58203_3	0.00194226548084407	-0.0221575135121276	NA	-0.0154007817961197
GSE58203_4	0.00148871749853819	-0.0128684857161484	NA	-0.00390888492416326
GSE58203_5	0	0.0111940888132552	NA	-0.00534468254799467
GSE58203_6	0	-0.0236952385917345	NA	-0.00891734840037918
GSE58203_7	-0.000442035789460031	-0.0178111431625849	NA	-0.00177487909921864
GSE58203_8	-0.00083693087309456	-0.00775232794278302	NA	-0.00350838222075607
GSE59642_1	0.00086748901423561	0.021015850478365	NA	NA
GSE59642_2	0.00150019155117168	0.0282560197299292	NA	NA
GSE59642_3	-0.000359540144007521	0.00636739656724134	NA	NA
GSE64922_1	-0.00192307692307692	-0.0051003630897117	NA	0.00187740148483464
GSE60162_1	0	-0.0443240622519361	NA	NA
GSE31685_1	-0.00232558139534884	0.0101693612891181	NA	0
E-MEXP-3890_1	0.000994504248363477	-0.0022065399958838	NA	0.000947834269494299
GSE31980_1	0.00134615660844794	-0.0109568495282924	NA	0
GSE15615_1	-0.000213675213675214	0.00115916866030568	NA	0
GSE15083_1	0	0.00758109808907757	NA	0.00362407329541461
GSE108035_1	0.000802589292836118	-0.00779916563216341	NA	0.00580324130174058
GSE108035_2	-0.000544595481693698	0.00221113341613169	NA	0.00696995696995697
GSE108035_3	-0.000358234731907007	-0.00227626514901236	NA	0.00344727235051408
GSE21959_1	0.00127877237851662	0.00541445742359583	NA	0.00721795964762717
GSE21959_2	0	0.00328934780682682	NA	0.00264432423655886
GSE24742_1	0.00615232948736673	0.00381160854772391	NA	-0.000277131608342074
GSE24742_2	0	0.0118838945032363	NA	0.00712645029650242
GSE24742_3	0	-0.00680358115955739	NA	0.000115173035989375
GSE74668_1	0.00354609929078014	-0.0161589032585833	NA	NA
E-GEOD-10024_1	0.000920810313075506	-0.0243117522313234	NA	NA
E-GEOD-10024_2	-0.000285003696981918	-0.00110972546286789	NA	NA
E-GEOD-12860_1	0.0010989010989011	0.0331199619399776	NA	NA
E-GEOD-12860_2	0.00134442612146756	0.0258745935242996	NA	NA
E-GEOD-12860_3	0.00102606851333507	0.0307247002232292	NA	NA
E-GEOD-12860_4	0.00247524752475248	0.0432580482853042	NA	NA
E-GEOD-12860_5	0.00105932749457449	0.0477950538701761	NA	NA
E-GEOD-12860_6	0.00130579084415449	0.0192689951857682	NA	NA
E-GEOD-12860_7	0.00156768836859749	0.0417229715289484	NA	NA
E-GEOD-12860_8	0.00230414746543779	0.0408074437257851	NA	NA
E-GEOD-14359_1	-0.0004854822220282	-0.0168290394359419	NA	0.00607965193230753
E-GEOD-14359_2	-0.000825359300536605	0.0135659266584283	NA	0.00427576455802262
E-GEOD-1919_1	0.00131953223767383	-0.0239409719636694	NA	NA
E-GEOD-1919_2	-1.39084379711485e-06	-0.0531784576750072	NA	NA
E-GEOD-1919_3	0.00177027679712033	-0.0530048309854532	NA	NA
E-GEOD-1919_4	0.00145618865217554	-0.00556481015598516	NA	NA
E-GEOD-1919_5	0.000765419466575582	-0.0403831642006489	NA	NA
E-GEOD-1919_6	0.00160148738272323	0.0122364624614425	NA	NA
E-GEOD-1919_7	0.00532653350332908	0.00322867049960018	NA	NA
E-GEOD-1919_8	0.00352129896806377	0.00808931983228689	NA	NA
E-GEOD-1919_9	-0.01	-0.0097331112158055	NA	NA
E-GEOD-19664_1	0.000969149542902226	0.0134869955325337	NA	NA
E-GEOD-19664_2	0	0.0186412147085327	NA	NA
E-GEOD-19664_3	-0.000446717144134118	-0.000691047460108919	NA	NA
E-GEOD-19664_4	0.000768307855800953	0.0176578680765494	NA	NA
E-GEOD-19664_5	-0.000488238217999459	0.00476415677663223	NA	NA
E-GEOD-19664_6	-0.00212209447335481	0.0123171608459641	NA	NA
E-GEOD-43923_1	-5.15685792655714e-07	-0.0277926829873403	NA	-0.00352453969770992
E-GEOD-51812_1	2.05144159528136e-05	0.0106525199139566	NA	0.00920643586449605
E-GEOD-51812_2	0.000297027649297878	0.00963265858606019	NA	-0.00128300177229059
E-GEOD-68760_1	0.00101323604640717	0.00435029681789047	NA	-0.00183063033035404
E-GEOD-82107_1	-0.00276921409529337	0.0158386765328776	NA	0.00947088533264716
E-GEOD-9451_1	-0.0014025026517234	0.0178042893851576	NA	-0.00318444194334798
E-GEOD-9451_2	0.000500554165323964	-0.000122971520980264	NA	0.00329130586374851
E-GEOD-9451_3	1.47897918716861e-05	0.0223172612761145	NA	-9.18445154001629e-05
E-GEOD-9451_4	-0.000716654629533037	0.0003629241906042	NA	-0.00615669240669241
E-MEXP-2019_1	0.000186308709586317	0.00313562983301622	NA	0.001890844279281
E-MEXP-2019_2	-0.00048963133640553	-0.0101837752982817	NA	-0.00204464172989029
E-MEXP-2019_3	-0.000261360335081617	0.00677523661395835	NA	-0.0011801237268165
E-MEXP-2019_4	0.00146959099206886	-0.00591069634514235	NA	-0.00276867203846339
E-MEXP-2276_1	0.003125	-0.00771871296576278	NA	0.00460208340621332
E-MEXP-2488_1	-0.000523339259848615	-0.0171365766405234	NA	-0.000223998602401272
E-MEXP-3129_1	-0.00423728813559322	0.00821744542173621	NA	-0.00447551408395963
E-MEXP-3474_1	-0.00155792839260399	-0.0218656169929066	NA	0
E-MTAB-3010_1	-0.000696063591227714	0.00629296166699493	NA	NA
E-MTAB-3010_2	-0.000550370388315784	0.00707254030190842	NA	NA
E-MTAB-3010_3	0	0.00158084239422172	NA	NA
E-MTAB-3010_4	0.0015600624024961	0.00360801711612657	NA	NA
E-MTAB-4152_1	-0.00142207992940924	-0.00246733791196804	NA	0.00350817621362738
E-MTAB-4152_2	0	-0.0233828745363365	NA	0.00549317815052081
E-MTAB-4152_3	-0.00325659189295553	-0.0194798001896091	NA	-0.00147437366124313
GSE100609_1	-0.00409836065573771	0.00704851144126068	NA	-0.0112664383356466
GSE100786_1	0.0192307692307692	-0.0157083950255001	NA	0.00423507312740881
GSE100786_2	0.000156641604010025	0.00414614263699395	NA	0.00523556644880174
GSE103697_1	0	-0.00714659735800489	NA	NA
GSE103697_2	0	0.00431185482415924	NA	NA
GSE103697_3	0	-0.00428961648766494	NA	NA
GSE104113_1	-0.00034454100075553	0.00707266457913019	NA	NA
GSE104113_2	-0.000557536054499188	0.00714618254415959	NA	NA
GSE104113_3	-0.00034454100075553	0.00707266457913019	NA	NA
GSE10575_1	0.00104602510460251	0.00124938989140423	NA	-0.0032112883592799
GSE10575_2	-0.00203471288911938	-0.0407677951137098	NA	-0.00109667930960031
GSE10575_3	6.31489813303117e-05	-0.0174332460384985	NA	-0.00608322608322608
GSE13604_1	0	0.00174291843081154	NA	-0.00111843961017887
GSE13837_1	0	0.00158652339914084	NA	0.0132837059508892
GSE13837_2	0	-0.00878235152896528	NA	-0.00808616654954146
GSE13837_3	0.00126903553299492	-0.0166971635199245	NA	-0.00534464684783144
GSE13837_4	0.00169189922042707	-0.00328013464523819	NA	-0.000142473206504099
GSE13837_5	0	0.0141950795986843	NA	0.00200352965576074
GSE13837_6	0	-0.00960554444967301	NA	-0.0116317298335131
GSE13837_7	0.00124688279301746	-0.00753205853550129	NA	-0.00717904967591614
GSE13837_8	0.00138950685947349	0.00429332823990658	NA	0.00335761735673143
GSE13837_9	0.00100468585864856	9.2360182141706e-06	NA	0.0117885583909539
GSE13837_10	-0.000139537705514773	0.00444381024350376	NA	0.00306191602193752
GSE13837_11	0.000917744820243672	-0.00244015322319657	NA	0.0100526386160055
GSE13837_12	-0.000862068965517241	-0.00321991747057093	NA	0.00671624971827812
GSE13837_13	0	-0.00661394540954226	NA	0.000253258845437617
GSE13837_14	0	-0.0211952899742342	NA	-0.00392466476266638
GSE13837_15	0.001833372237784	-0.0191710344448904	NA	-0.0127177383793907
GSE13837_16	0.00119757420277599	-0.0152692678836175	NA	0.00307303066846405
GSE13837_17	0	-0.0159541690397377	NA	0.00390622512136622
GSE13837_18	-0.00140449438202247	-0.0219798008080573	NA	-0.011547684341802
GSE13837_19	-1.15307802648387e-06	-0.0145979693961143	NA	-0.00807651402851358
GSE13837_20	-1.85982844942386e-06	0.00433289196975807	NA	-0.000968962377369976
GSE13837_21	-1.63796944204213e-06	0.00235775611922717	NA	0.0100550884757972
GSE13837_22	0.000888766721641928	-0.00391941330896109	NA	0.00652521949802094
GSE13837_23	-0.000181350181350181	-0.00869638131847034	NA	0.00652508368423422
GSE13837_24	-0.000801495292730642	-0.0225107681211064	NA	-0.0022466967244897
GSE16464_1	0.000255466093482972	-0.0505746108953625	NA	NA
GSE16464_2	0.000961902920649219	0.0193927900718102	NA	NA
GSE19060_1	0.00342465753424658	-0.0199160381516261	NA	0.00112481618857406
GSE27372_1	0	0.00666850638198921	NA	0.00699330862374341
GSE27390_1	0	0.0137741336692014	NA	-0.00252477603056131
GSE29106_1	0.000574343861838809	0.0310152403120976	NA	NA
GSE29107_1	-0.00102393484238719	-0.00709324999083126	NA	NA
GSE29107_2	0.000225135156189316	-0.00591253527438105	NA	NA
GSE29745_1	0.000310730828243602	-0.0127397442004763	NA	NA
GSE29745_2	-0.000942426633934695	-0.0126082135369266	NA	NA
GSE29745_3	0.000200854948813482	0.0109472763099137	NA	NA
GSE35546_1	0	0.0110935536404647	NA	NA
GSE35546_2	0	0.010426210206335	NA	NA
GSE35546_3	0.00232558139534884	0.00447021288937778	NA	NA
GSE35546_4	-1.31704722364896e-06	0.0127611953533004	NA	NA
GSE35546_5	0.00195763799743261	0.0128919184531405	NA	NA
GSE35546_6	0.00204192970150417	0.00580154615725194	NA	NA
GSE35955_1	-7.42856530682942e-07	-0.00949088616493976	NA	0.00492877376759886
GSE35956_1	0.000857632933104631	0.039274496239705	NA	0.006711896156712
GSE35957_1	0.00227512546647793	0.0108913797293612	NA	-0.000860785408524102
GSE35958_1	0.00140973706057982	0.03390739128979	NA	-0.000515123422648288
GSE39340_1	0.00301204819277108	0.0081391933241937	NA	0.0055199127549358
GSE39340_2	0.00232558139534884	0.0335942098624054	NA	-6.62710781573689e-05
GSE39340_3	-2.29821658393084e-05	-0.0287777332645289	NA	0.00541474817866764
GSE39795_1	-0.00376637895987741	-0.00010021827769111	NA	0.00736469221399326
GSE39795_2	-0.000469924812030075	0.00227743798529902	NA	0.00344960093585388
GSE39795_3	-0.0019508933424742	0.00312023183939975	NA	-0.00524621155841476
GSE41038_1	0.000657407927765914	0.00812207112257511	NA	0.00407898546226269
GSE41038_2	-0.00130313049176422	0.0280984372625256	NA	0.00546996415562498
GSE41038_3	0.00213675213675214	0.0182101394934941	NA	0.00161697331886819
GSE41992_1	-0.00234039640989773	0.0084928753855746	NA	NA
GSE42235_1	0	0.00852902124866117	NA	-0.00343200525870062
GSE42235_2	0	0.00988486056685105	NA	0.000137368172488372
GSE42235_3	0	0.00688315754966973	NA	-0.00632169991348184
GSE42235_4	0	0.00246469161180535	NA	-0.00624224319304487
GSE45233_1	0.0045135908063896	-0.0195316864318397	NA	0.0107242643036867
GSE45233_2	-6.58761528326743e-06	-0.0152341339006958	NA	-0.00194643451786309
GSE45233_3	-1.66101920138196e-05	0.00490817107410004	NA	0.00262891809908999
GSE45233_4	0.00461435292614906	-0.00313170961125782	NA	0.00954108026476448
GSE46053_1	-0.00346424426179027	-0.00249556667731324	NA	-0.0121761299657727
GSE46053_2	-0.00563086147696408	-0.00964644052086864	NA	-0.00439453731947528
GSE46750_1	0.00252525252525253	0.000580141070672695	NA	0
GSE51588_1	-0.000529397771938055	0.0229366120843251	NA	0.00902535891019809
GSE52817_1	0.000430574986690649	-0.00966330255743299	NA	NA
GSE52817_2	0.000790967792658209	-0.0464112068220828	NA	NA
GSE52817_3	-0.000451886159513936	-0.0479192482097996	NA	NA
GSE52817_4	-0.000761492303659509	0.0328974371652482	NA	NA
GSE55235_1	-0.00175438596491228	-0.000550328375727735	NA	0.00545052459114959
GSE55235_2	0.000892753915492737	0.00060986294368397	NA	0.00386773816253625
GSE55235_3	0.00246909195941115	0.0011226356617533	NA	-0.00862379747904431
GSE55457_1	0	-0.00754405674516087	NA	0.00524348113163185
GSE55457_2	3.0281007751938e-05	-0.0117164052090634	NA	0.00714611695653689
GSE55584_1	-0.00458715596330275	-0.00364126501982416	NA	-0.00772629034581226
GSE57218_1	0	-0.00199715695935522	NA	0.00160317040146791
GSE57218_2	0.00289017341040462	-0.00569224843970469	NA	-0.00448018846326034
GSE57218_3	0	-0.00532029522034207	NA	-0.00896862946173657
GSE60762_1	-0.00689228936756623	0.0276550468439889	NA	-0.00849687226962996
GSE62914_1	-0.00185213377067692	-0.00681661037248658	NA	-0.00107890171966672
GSE62914_2	0.000586154049773668	-0.0137490036449373	NA	0.000219780219780219
GSE62914_3	-0.000533235010037314	-0.00466314373696989	NA	0.00570199009836493
GSE62914_4	-0.000538056972977741	0.0369783643683465	NA	-0.00621107121538237
GSE64394_1	-0.00120969423580067	-0.00945833631242242	NA	-0.00206792848029918
GSE66635_1	0	0.00264591568251758	NA	-0.000142920663151877
GSE68038_1	-1.97252043899337e-06	0.0114898741193786	NA	0.00549631032954945
GSE68428_1	-1.93369738409424e-06	-0.00388592903709908	NA	0.00178724103455286
GSE68428_2	-0.0021114879990561	-0.00540999014875645	NA	-0.000108231106069724
GSE68428_3	0.00119781559862201	-0.0122592182268882	NA	0.00147287435501537
GSE69459_1	0.00214092770497105	-0.012070436033142	NA	NA
GSE69459_2	0.000341996305166943	-0.007246092628258	NA	NA
GSE69459_3	-0.00151854214561693	-0.0068922692672734	NA	NA
GSE69459_4	0.000486539103808604	-0.0130298375469956	NA	NA
GSE69992_1	-3.80027412646825e-07	-0.0133963749833904	NA	0.00652905097935765
GSE70719_1	0	0.0675519647415626	NA	0.00293630900735885
GSE7116_1	-0.00105594629758829	-0.0131296676269564	NA	-0.000953124081344365
GSE7116_2	0.00458715596330275	-0.019804848815156	NA	-0.00343177348103456
GSE7116_3	0.000863693715301619	-0.00305437506486451	NA	0.00226863320987342
GSE72575_1	0.00595238095238095	0.0196304638198489	NA	-0.00291586926973092
GSE72575_2	-0.003125	0.0110864456125801	NA	-0.00702747995246477
GSE72575_3	-1.99028739750018e-05	0.0099526304028361	NA	0.000599975250779214
GSE72575_4	0	0.0117268459681275	NA	-0.00465971486688158
GSE75181_1	0	0.00810286191000884	NA	0.00314096176584551
GSE75181_2	7.57969507969509e-05	-0.000593803408018104	NA	-0.00198392790108328
GSE75181_3	0.000874125874125874	0.00337444173665551	NA	0.00498576872248196
GSE75230_1	0	-0.00775062838114659	NA	-0.00853345122724435
GSE7669_1	-0.0128205128205128	-0.0181609455661505	NA	-0.00901631638323654
GSE77916_1	0	-0.00583552292127603	NA	0
GSE80614_1	0	0.017158136292267	NA	-0.00185135587747706
GSE80614_2	0	-0.0011646464813652	NA	-0.0082339469050978
GSE80614_3	0	0.0277091836089636	NA	0.000518904498842379
GSE80614_4	0.00191570881226054	-0.00366686934095729	NA	-0.00592283444088712
GSE80614_5	0.00125628140703518	-0.0115836939497272	NA	-0.000564969911827906
GSE80614_6	0	-0.0137023096598079	NA	-0.00998073790686007
GSE80614_7	0.00223055840365959	-0.0102451084346768	NA	-0.0143382352941176
GSE80614_8	0	-0.0120850280489956	NA	-0.0159842333476531
GSE80614_9	0	0.0117599393918774	NA	0.002038001415744
GSE80614_10	0	0.00115067480979846	NA	0.00495397034847437
GSE80614_11	0	0.00852042402467858	NA	0.00537570795470104
GSE80614_12	0	-0.00993695292660426	NA	-0.00432676356870713
GSE80614_13	0	-0.0109328072479057	NA	-0.00523099223853335
GSE80614_14	0	-0.00858187664354012	NA	-0.00213703298174974
GSE80614_15	0.00142450142450142	-0.00165983831634806	NA	-0.000100174053857414
GSE80614_16	0.00102669404517454	0.00298588753202277	NA	-0.0138658845180584
GSE85254_1	0.00200855045575542	-0.00242439463235035	NA	-0.000711975774594371
GSE86578_1	0	-0.0021335813196989	NA	0.00414312162686066
GSE86578_2	0	0.0121148099726151	NA	0.00671837302911611
GSE86578_3	-0.00142857142857143	-0.00410891134750961	NA	0.00365571631878558
GSE9329_1	-0.002	0.00944654030408966	NA	NA
GSE93698_1	3.0897056305032e-06	-0.00964204665922705	NA	0.0101116741741742
GSE93698_2	0.000300943089989667	-0.0131583970524852	NA	0.00266719399806675
GSE93698_3	0.000587553853818993	-0.011030392129936	NA	0.00268966629303482
GSE93698_4	0.00150425499611425	-0.0151449130756819	NA	0.00258933117955176
GSE93698_5	6.94975273886997e-05	-0.00663143232646206	NA	0.00654219180786781
GSE93698_6	-5.32243299056863e-06	-0.00470883000607407	NA	-0.00459641584958319
GSE93698_7	0.000768157332660676	-0.00083019486735275	NA	-0.00524913496769343
GSE93698_8	0.00189574810460047	-0.0106557434675762	NA	-0.00349441655408997
GSE93698_9	-0.000812131116055234	0.00457738482730215	NA	-0.00237242659972809
GSE93698_10	0.000988678989086342	0.00251486084679871	NA	-0.00706135964619864
GSE93698_11	0.00156739811912226	-0.00522138343202165	NA	-0.000289250356028662
GSE93698_12	-0.000794942730486549	0.00724488663511898	NA	0.00126466714310051
GSE93698_13	0.00220116450308119	-0.00674958705796773	NA	0.00379293601153431
GSE93698_14	-0.00291621845603056	0.00693743588946981	NA	-0.00493070278335095
GSE93698_15	-0.00332528938233439	0.0106380437661576	NA	0.00122400310108875
GSE93720_1	-0.000520286884143356	-0.0103688411084788	NA	NA
GSE93720_2	0.000549524953742489	-0.0109367827698207	NA	NA
GSE93720_3	-0.000635315871360153	-0.0158463308663751	NA	NA
GSE93720_4	-0.00121480922703375	-0.0103705425895562	NA	NA
E-MTAB-5564_1	-0.00213153063391411	-0.017361701063875	NA	-0.000885062895776062
GSE77753_1	0.0031055900621118	0.00279763184964262	NA	3.06410312183548e-05
GSE43861_1	0.000904577297150241	-0.0157949099434641	NA	NA
GSE112809_1	0	0.0210821942398086	NA	NA
GSE111946_1	-0.0013590059000744	-0.00704821577975577	NA	NA
GSE111946_2	-0.01	-0.0232189036026092	NA	NA
E-MTAB-3201_1	0.00210915907059593	0.00237320238317799	NA	0.0035678821080088
GSE57740_1	0	0.00417481181182803	NA	NA
GSE52992_1	-0.00496311811310445	-0.00301676314576452	NA	0.0081382101380123
GSE17160_1	-0.00261780104712042	-0.00846128954291834	NA	NA
GSE17160_2	0	0.0152365113387837	NA	NA
GSE17160_3	0	-0.000990762668415596	NA	NA
GSE17160_4	-0.00161290322580645	-0.00609261108771334	NA	NA
GSE17160_5	-0.00490196078431373	-0.0177125667668643	NA	NA
GSE17160_6	-0.00735294117647059	-6.75991129016915e-06	NA	NA
GSE17160_7	1.28185407373221e-05	-0.0261079129396376	NA	NA
GSE17160_8	2.26829378941157e-06	-0.0101418863312682	NA	NA
GSE17160_9	0.00044209688832483	0.0216079624482907	NA	NA
GSE17160_10	0.000909305494156891	0.0194175754541901	NA	NA
GSE17160_11	0.000500532702121442	0.0147677760464702	NA	NA
GSE17160_12	0.000443736078136459	0.0208605015779366	NA	NA
GSE22971_1	0.0191885964912281	0.0345133251947951	NA	0.00925742930408443
GSE22971_2	0	-0.0100972154014692	NA	0.00561562286717545
GSE22971_3	0.00119930765569303	0.0101672825443856	NA	0.00299213366852493
GSE22971_4	-6.9300187767983e-08	-0.0050355042156113	NA	0.00679220690990327
GSE13590_1	0.00131926121372032	-0.00497856773006646	NA	0.00800449899717415
GSE13590_2	0	-0.00897886015583361	NA	0.00796868642154167
GSE99731_1	0	-0.00212213548539663	NA	-0.00427350427350427
GSE99731_2	0	0.00660086548318987	NA	-0.00217992821636027
GSE99731_3	-0.000403780636177067	0.00498518150882879	NA	0.00171462311001368
GSE27492_1	0	-0.0333911828364351	NA	-0.00101421786098191
GSE27492_2	-0.00932400932400932	-0.015684033431368	NA	0.00150513580324265
GSE27492_3	-0.00355363145965118	-0.01938270358152	NA	-0.00775204308895631
GSE27492_4	-0.00535207460467631	-0.0160197897269018	NA	-0.0075423780633575
GSE27492_5	-0.00224215246636771	0.000736132848406845	NA	-0.00614049079862733
GSE27492_6	-0.00381679389312977	-0.0185625953883265	NA	-0.00416497128855438
GSE27492_7	0	-0.00775534737418567	NA	0.00378934577658793
GSE27492_8	0.00337197796875216	-0.00776566833518894	NA	0.00390191290073944
E-GEOD-15069_1	0.00378787878787879	0.0221865338702822	NA	0.010045812314069
E-GEOD-15069_2	0	0.0242564604668898	NA	0.0102934510870418
E-GEOD-15069_3	-0.00107363028471506	0.0104409696864736	NA	0.00363246140930927
E-GEOD-15069_4	-0.00485436893203883	0.00644617989225048	NA	-0.00845341872739133
E-GEOD-15118_1	0	0.0427334244213268	NA	NA
E-GEOD-15118_2	0	-0.00705386860873044	NA	NA
E-GEOD-15118_3	0.00217391304347826	-0.0390483866004147	NA	NA
E-GEOD-15118_4	0.00194552529182879	-0.00630288667069523	NA	NA
E-GEOD-16007_1	0.00175438596491228	0.0114891948716071	NA	NA
E-GEOD-17473_1	0.00543478260869565	0.0122508586843964	NA	-0.000697201266375759
E-GEOD-18647_1	0.00123756399111369	-0.0194735725420713	NA	-0.00305700749472747
E-GEOD-18647_2	0.0015000406141455	0.0117052103685849	NA	0.0078015815200409
E-GEOD-18647_3	0.00294070952881834	0.00979361044918903	NA	0.00534857455742722
E-GEOD-18647_4	0.000283305236313027	0.0309990754741461	NA	0.0130401005467471
E-GEOD-18648_1	8.8643052157571e-06	-0.0162825174769989	NA	-0.00543958537342664
E-GEOD-18648_2	-0.00349278109808775	-0.0442700399025767	NA	-0.00526751708975939
E-GEOD-2154_1	-0.00862068965517241	-0.0257222412670533	NA	-0.00509656624656149
E-GEOD-2154_2	0	-0.0187519655192943	NA	0.00157732015574443
E-GEOD-2154_3	0	-0.0153119625961803	NA	-0.00109489737960755
E-GEOD-2154_4	0.00156664790542537	-0.0294863787862384	NA	-0.00527441705099345
E-GEOD-26475_1	-0.00631222620469932	0.0115456865106928	NA	0.00178623491335602
E-GEOD-26475_2	-0.00416666666666667	0.00458581958226279	NA	-0.00232774977549897
E-GEOD-26475_3	-0.00303030303030303	-0.0233272637905722	NA	0.0076774946268254
E-GEOD-33567_1	0.000290795561350535	0.0254271447774291	NA	NA
E-GEOD-33567_2	0.000497105256451479	-0.0135767455334602	NA	NA
E-GEOD-37287_1	0.000721854678777217	-0.00195805194706816	NA	NA
E-GEOD-37287_2	-0.000303116029090592	-0.00857352329706184	NA	NA
E-GEOD-37287_3	-0.00081252129718541	-0.0160430919465248	NA	NA
E-GEOD-51994_1	0.000373495713814705	-0.0207237212878043	NA	0.00378255785360089
E-GEOD-51994_2	-0.00015235799310908	-0.0132067663351024	NA	0.00295295434660245
E-GEOD-51994_3	-0.0003154298637043	0.000708871030929979	NA	0.00680877483443709
E-GEOD-65077_1	0	0.0209284957758218	NA	NA
E-MEXP-1244_1	0	0.0185059940787786	NA	NA
E-MTAB-1123_1	0.00145450433781506	-0.0141527541105898	NA	0.00170050234322346
E-MTAB-1123_2	1.83146157959897e-06	-0.0123720517023291	NA	-3.22421663050939e-05
E-MTAB-1123_3	0.00285714285714286	0.00656056737723423	NA	0
E-MTAB-1123_4	0	0.00508253385880841	NA	-0.00236116188480341
E-MTAB-1391_1	0.00100401606425703	-0.0111624011389874	NA	0.0102747753073513
E-MTAB-1391_2	0.000663554942429725	0.0122590364948523	NA	0.00541230366492147
E-MTAB-1391_3	0.0012100868554603	0.0208618071242224	NA	-0.000564085400542502
E-MTAB-2450_1	-3.62287337332982e-06	0.00237625070643467	NA	-0.00064064680653621
E-MTAB-2450_2	0.00221335791700647	-0.022209532874021	NA	0.00436542379232954
E-MTAB-2450_3	0.00116550116550117	-0.0291914931299734	NA	0.00719081130976238
E-MTAB-2450_4	0.0032258064516129	-0.0144813525919285	NA	-0.00363100173493774
E-MTAB-5023_1	1.94082142877588e-08	0.0106420150931292	NA	0.00877729497334494
E-MTAB-5326_1	0.00219298245614035	-0.00242620232146287	NA	NA
E-MTAB-5326_2	0.000880228029368843	-0.0256989442131322	NA	NA
E-MTAB-5326_3	0.000756715528706019	-0.0165950066647052	NA	NA
GSE102588_1	0.00647440280108563	0.00354310880098247	NA	0.000465653382834869
GSE104793_1	-0.000667556742323097	0.00489689935345856	NA	0.00152018802672329
GSE104794_1	-0.0007215439983064	-0.0208418800215207	NA	-0.00131626121626262
GSE104795_1	-0.00093984962406015	-0.0185209521274069	NA	-0.00517264252366748
GSE105139_1	0	-0.0203695267699511	NA	0.00775667327463003
GSE105139_2	0.004	0.00230384510166775	NA	-0.0024583243883258
GSE105139_3	-2.98151460942156e-05	0.0137099365688118	NA	0.00264780881219237
GSE10555_1	0.00043720813203156	0.000107328862049918	NA	NA
GSE10556_1	0.0027027027027027	0.000781149447407964	NA	0.0097347955393572
GSE106631_1	-0.00113122171945701	0.0105741790577579	NA	-0.00296489947847776
GSE13104_1	-0.000268242189169268	-0.0108926819824006	NA	NA
GSE13104_2	-0.000230133977461678	-0.0231647808598939	NA	NA
GSE13104_3	-0.000232903395172128	-0.01886617538725	NA	NA
GSE16749_1	0.000644278256425529	0.0167850776178034	NA	NA
GSE16749_2	-0.00505050505050505	0.0154099598073509	NA	NA
GSE16749_3	-3.86877127824198e-06	-0.0223020146468655	NA	NA
GSE17348_1	-0.00123798872734759	-0.0197762383918731	NA	NA
GSE17563_1	-0.00153336101987942	-0.00557378406782723	NA	NA
GSE17563_2	0.00267228712594263	0.0035501098841518	NA	NA
GSE17569_1	0.000752892413736875	0.00676314386366693	NA	NA
GSE17569_2	0.00109860377455574	0.0272097883008414	NA	NA
GSE17570_1	-0.00026001889583468	0.0173969463170424	NA	NA
GSE17570_2	0.00155191671321024	-0.000724848858503851	NA	NA
GSE18991_1	-0.03125	-0.0236536828386731	NA	-0.0102097088565194
GSE18992_1	0	-0.0138221884803729	NA	-0.0103559587477716
GSE19299_1	0.00122128323429321	-0.00462223060112922	NA	-0.00379712799571951
GSE20850_1	0.000456483537760247	0.0108121130284897	NA	NA
GSE21093_1	-7.76390282078107e-07	-0.00716856941366781	NA	NA
GSE21523_1	-0.00164076374094896	0.00647719573396571	NA	NA
GSE21639_1	0	-0.0129459326565275	NA	NA
GSE21639_2	0.0023696682464455	0.0184489467872945	NA	NA
GSE21639_3	0	-0.0109505979777728	NA	NA
GSE21639_4	-0.000951407046884304	0.00365125564962786	NA	NA
GSE21710_1	-0.000200041703957675	-0.00393821911260641	NA	NA
GSE21710_2	-0.000449572923029833	-0.000300829418999909	NA	NA
GSE21710_3	-0.000585833713306722	-0.00456908280893754	NA	NA
GSE22925_1	0.00218771227133254	-0.0111669453797685	NA	-0.00183497922014381
GSE22925_2	0.0048150890616644	-0.00709566665585093	NA	0.00740154110137618
GSE26499_1	4.0375399700089e-05	-0.0285638824184171	NA	NA
GSE30160_1	0.00305434499199166	0.000152616554245992	NA	0.0116748165749967
GSE30628_1	-0.00111034096801852	-0.0159971854035366	NA	-0.0101953952851844
GSE30628_2	0.00174060880829016	0.00332242722502836	NA	0.00161868647784141
GSE32163_1	0.00171232876712329	-0.0134488202129393	NA	0.00355708002436047
GSE33656_1	-0.000449333219144583	0.0159904463953684	NA	NA
GSE33754_1	-0.00427350427350427	0.0110091556696426	NA	0.00351420212353716
GSE33754_2	0.00297619047619048	0.0121453791392653	NA	0.00630914826498423
GSE33754_3	0.00251256281407035	0.00464962826211595	NA	0.00174236561179025
GSE34570_1	-1.95335390866113e-06	0.0204520943869207	NA	NA
GSE35003_1	-0.00434827729348277	-0.0163899194119195	NA	NA
GSE35466_1	-0.00204081632653061	0.0166839004212329	NA	NA
GSE35466_2	0	-0.00550816418383721	NA	NA
GSE35466_3	0.00151975683890578	0.0248519397749781	NA	NA
GSE35466_4	0.00245098039215686	0.00826870305131405	NA	NA
GSE35466_5	0.00194552529182879	-0.00406226383617618	NA	NA
GSE36925_1	0	-0.00519182834113116	NA	NA
GSE36925_2	-2.46284688115391e-07	-0.0148558824178548	NA	NA
GSE36925_3	-1.20872993654951e-07	-0.0182921188335154	NA	NA
GSE37219_1	-0.0019164018927603	-0.0324505394663418	NA	NA
GSE37676_1	0.00078365356707494	-0.000103445757955965	NA	-0.000538194750361838
GSE41342_1	-0.000760838357737582	0.011518719158635	NA	-0.00185094449637808
GSE41342_2	0.00409836065573771	0.0143338938328449	NA	0.0112793327788847
GSE41342_3	0	0.0213972192818551	NA	0.00201383577122982
GSE41342_4	0.00471698113207547	0.0028326628214141	NA	0.00695556228635715
GSE41997_1	-0.00289017341040462	0.0178987093194606	NA	-0.00868820807985137
GSE43242_1	-0.00384108867427568	-0.0103165850371819	NA	0.00421069372682276
GSE43242_2	0.00617283950617284	0.00495163721717656	NA	0.000216791122813875
GSE43663_1	-0.0151515151515152	-0.00323587661304269	NA	0.00166294512888021
GSE43854_1	0.00150016221820773	-0.0141939247027693	NA	NA
GSE45656_1	-0.000763242848853778	0.0197840816285084	NA	NA
GSE45656_2	0.000405799164141398	0.0216222662758358	NA	NA
GSE45656_3	0.000391962424356573	0.0205260010465927	NA	NA
GSE45793_1	-0.00211715057242965	-0.0542270911758457	NA	0
GSE45793_2	0.00236969325930461	-0.0359540797887748	NA	0
GSE45793_3	-0.000391435562592911	-0.0615143531302737	NA	0
GSE45793_4	0.000642048584339225	-0.0448562902100782	NA	0
GSE45793_5	0.0010066655993765	-0.0341369451543267	NA	0
GSE46390_1	0	0.00673361153295605	NA	NA
GSE48438_1	-0.00165970820645575	-0.00798765497226379	NA	-0.00692360510905499
GSE50549_1	0.00147058823529412	-0.0072209457816243	NA	0.00738632317809602
GSE50549_2	6.3910831607744e-07	-0.00217734154607266	NA	0.0017309024125798
GSE51098_1	0.001966734311625	-0.0149752543768787	NA	0.00214131741096126
GSE53857_1	0.00641025641025641	-0.0166253939625353	NA	0.00185106862910957
GSE53857_2	0	-0.0142483981857633	NA	0.00592464801298984
GSE53857_3	0	0.011754066662093	NA	0.0162060336055881
GSE53982_1	-0.00119047619047619	0.0087344577955846	NA	0.00153801757241054
GSE53982_2	0	0.00218966177415593	NA	-0.0068940195314965
GSE54779_1	-0.00207606578965802	-0.013029451571454	NA	0.00267031759915464
GSE55900_1	0	0.00168485494720809	NA	0.00154301144400154
GSE57104_1	0	0.00736957003820272	NA	-0.00420628517013872
GSE59387_1	0.00146076675516037	0.0025141919673043	NA	NA
GSE60401_1	-0.000956022944550669	0.0419474792419975	NA	NA
GSE60401_2	-0.000433651344319167	0.00306516494731287	NA	NA
GSE60651_1	0.000199386333174563	0.00912189756725965	NA	NA
GSE60737_1	-8.03028787761955e-07	-0.00283094168342571	NA	NA
GSE60761_1	0	-0.0094852543194653	NA	-0.00491803278688525
GSE60761_2	0	0.00642540594307537	NA	0.00181015070154166
GSE60761_3	0	0.00667211090138051	NA	0.00696068511086317
GSE60761_4	-3.56074633243129e-05	-0.00347803814378007	NA	0.00187076428017888
GSE63017_1	0	0.444289247514934	NA	0.0679338745698024
GSE63017_3	-0.012095779433942	0.0657997005942973	NA	0.00607609305640707
GSE63017_4	0.00862068965517241	0.102539418695706	NA	0.011598227990916
GSE63939_1	-0.000545251116790072	-0.0138466704371598	NA	-0.00878731121586264
GSE63939_2	-0.000576383255674196	-0.00442721523812228	NA	0.00462177250391388
GSE64141_1	0.00112732563994444	0.000255825756932704	NA	NA
GSE64965_1	-1.2885895193795e-06	0.0365884953562357	NA	0.0036986421767341
GSE65745_1	0	-0.0137947021809315	NA	-0.00703756092627912
GSE65745_2	0	-0.0133464334629595	NA	-0.00182195753565507
GSE65745_3	0	-0.00932758479089038	NA	-0.00179324370863804
GSE66416_1	0.00158227848101266	-0.0045985410915095	NA	NA
GSE66862_1	-0.00416666666666667	0.00462812009185785	NA	-0.00439585395798733
GSE69108_1	-0.000654296092107129	-0.0300617621848809	NA	-0.00333818251682041
GSE71565_1	0.00158669722593558	0.00596872668684989	NA	NA
GSE72261_1	-0.00267379679144385	0.00792627207662499	NA	0.00412882898952511
GSE72261_2	-0.000722543352601156	0.0108846689711061	NA	-0.000229419703103914
GSE72261_3	-0.000961035157798026	0.0282763471494961	NA	-0.00565535251623094
GSE7683_1	0.00675675675675676	0.00314490770133456	NA	-0.00516171216776056
GSE7683_2	-0.00531914893617021	-0.0314138734272484	NA	-0.00607303028161599
GSE78980_1	-8.09375809375816e-06	-0.00424511990483969	NA	NA
GSE78980_2	0	-0.029986630285831	NA	NA
GSE78980_3	0	-0.0270751309800378	NA	NA
GSE78980_4	-0.0078125	-0.0305684299659509	NA	NA
GSE78980_5	0	0.0132633705731884	NA	NA
GSE78980_6	0	-0.0191488899877056	NA	NA
GSE78980_7	-0.000666403186173231	-0.00640054072415872	NA	NA
GSE78980_8	-1.25140151154351e-05	0.000768260849559929	NA	NA
GSE78980_9	-0.000692100399330851	0.00255907373690198	NA	NA
GSE78980_10	0.00295878048910324	0.0055083333471568	NA	NA
GSE81399_1	0.00188679245283019	0.00707875426518734	NA	-0.00184482374315222
GSE84609_1	-0.00349802081806187	-0.0154235613761758	NA	-0.00692867395832239
GSE84907_1	0.0014265335235378	-0.01317507572879	NA	0.00984341282576219
GSE84907_2	0.000772230487929348	-0.0193923407114966	NA	0.00585046923172195
GSE84907_3	-0.00169476256432778	-0.0106039827363558	NA	-0.00445745248159347
GSE90127_1	-0.000476929333138681	-0.00594741552205378	NA	NA
GSE90127_2	-0.00236702893015621	-0.00311538102298504	NA	NA
GSE90127_3	0.000216171801608588	-0.00361199687541202	NA	NA
GSE9247_1	0	0.0030234631102141	NA	-0.000351713183571591
GSE9247_2	-2.27665320595459e-05	-0.00580224481208416	NA	-0.00140008100219265
GSE9247_3	-0.00694444444444444	-0.0172936703585246	NA	-0.00840993891171036
GSE99306_1	0.0005173555552973	-0.0533639625953699	NA	-0.00194985228758883
GSE99306_2	-5.63659403370856e-07	-0.0513835396193855	NA	0.00514306599832916
GSE99306_3	-0.00213366448408219	0.00406412086348643	NA	-0.00872293909688575
GSE99306_4	0.000433764993442501	-0.0490411010229287	NA	0.00542234081707766
GSE99306_5	0.000402949444626842	-0.0401923598923702	NA	-0.00217380844611398
GSE99306_6	0.00037821482602118	-0.0347617997649365	NA	9.54078603832118e-06
GSE99306_7	8.93942644639937e-06	0.00242225782134136	NA	-0.00201342080342454
GSE99306_8	0.00105397564145184	-0.0493793595759037	NA	0.00543817356778219
GSE99306_9	0.000993653144501421	-0.0393975893018683	NA	0.00734663897847178
GSE99306_10	-0.00476881840518204	-0.00860406319704737	NA	-0.0134661693775336
GSE99306_11	-0.00051687778196103	-0.0462140102492025	NA	0.00179842387248824
GSE99306_12	0.00112218319989068	-0.0414773119060318	NA	0.0092562933652952
GSE99306_13	-0.00291308957171447	-0.00291290569125544	NA	-0.0121443654533603
GSE99414_1	0.00595238095238095	0.00161732066444319	NA	0.0165877516920767
GSE110581_1	-0.00869565217391304	0.024133222040906	NA	0.00324095571430249
GSE110581_2	0	0.0131112519809546	NA	0.00662068965517241
GSE47799_1	0.00561797752808989	-0.0087751853390874	NA	0.0154893595360547
GSE47799_2	-0.00581395348837209	-0.0379197095777292	NA	-0.00457202111613876
GSE47799_3	0.00671140939597315	0.0279233725769864	NA	0.0153067795998908
GSE111628_1	0	0.0201611955631926	NA	NA
GSE111628_2	0	0.0389597008048504	NA	NA
GSE111628_3	0	0.0396936184353656	NA	NA
GSE5657_1	0	-0.00188104820221125	NA	-0.0015491078973418
GSE5657_2	0	-0.00202223365253099	NA	0.00262652358240594
GSE13782_1	-0.00089443172715558	-0.0257021996775294	NA	0.00391040985391766
GSE41039_1	0	-0.0149995787558897	NA	-0.00187590775340666
GSE84198_1	-0.00581395348837209	0.00417758669184914	NA	-0.0115875503806538
GSE84198_2	-0.00390625	0.0168909165604218	NA	-0.00161093656194604
GSE84198_3	-0.00080615290888103	-0.00170770246689346	NA	-0.00676358576919374
E-GEOD-54216_1	0.000995252507543953	-0.018028374903116	NA	-0.00146329984948506
E-GEOD-54216_2	0.00117982211871651	-0.0100525533989084	NA	-0.00109675430221662
E-GEOD-54216_3	0.00198412698412698	0.0104992531251244	NA	-0.00167347565759016
E-GEOD-6119_1	0.00310253009878384	0.013153180810685	NA	0.00528491142623099
E-GEOD-6119_2	0.0012352110655583	0.00809174484802589	NA	-0.00154406476897506
E-GEOD-6119_3	0.00231732477937412	0.00689908715711509	NA	-0.00217839194921284
E-GEOD-8077_1	-0.00427350427350427	0.0072658999934084	NA	0.00618518497051257
E-GEOD-8077_2	0	0.00239652392754799	NA	0.00606940597474993
E-GEOD-8077_3	-0.00347222222222222	-0.00472188411230017	NA	0.00185086527705969
GSE103416_1	-0.0012963548651453	-0.0160492774878111	NA	0.000484863266842509
GSE103416_2	-0.000952380952380952	-0.000663067126784168	NA	-0.0018155970347845
GSE103416_3	0.00126582278481013	-0.00383189486054499	NA	0.00847282656343241
GSE19950_1	6.0816152770175e-06	0.016794069224522	NA	0.000340961229827698
GSE30322_1	-0.00322745208274771	-0.0257636324016371	NA	-0.00354046380193168
GSE30322_2	3.68210203841165e-06	-0.0294079010818856	NA	-0.00200803374064024
GSE30322_3	0.00139275766016713	-0.020365198077714	NA	-0.0104875969144827
GSE42295_1	0	-0.0329417145229549	NA	-0.00401623342473813
GSE42295_2	0	-0.0201273110084916	NA	-0.00124034424876192
GSE42295_3	0	-0.01385166523774	NA	0.000734411208023882
GSE66554_1	0.000797201554528254	0.0249486342413999	NA	0.000736233606247819
GSE66554_2	-7.66805305065822e-07	0.0135673444721982	NA	-0.0019466874224219
GSE66554_3	0.00369695743101936	0.0185864777780951	NA	0.00820743416409761
GSE66554_4	0.000280617815508556	0.0391681925576812	NA	-0.00341236003000709
GSE74898_1	0.00188916876574307	0.00541022394046927	NA	0.00651300715375038
GSE74898_2	0.000547030406365445	0.0152515838113206	NA	0.00526811214497184
GSE74898_3	0.00316069127433847	0.00260854603622465	NA	0.00482321944586096
GSE79176_1	0	-0.00753113374974325	NA	NA
GSE79176_2	0	-0.0301755207177461	NA	NA
GSE79176_3	0	-0.025341983311173	NA	NA
GSE85785_1	-0.00136612021857923	-0.00419776166142442	NA	-0.00982366189279542
GSE23492_1	-0.00322404630859746	0.000200206727756403	NA	NA
GSE23492_2	-0.000727802037845706	-0.000547386037915766	NA	NA
GSE23492_3	0.000628307684847032	-0.00456029986828109	NA	NA
GSE23492_4	0.000708415013449816	-0.0119800874164153	NA	NA
GSE23492_5	-9.28171876103073e-05	0.021289230980661	NA	NA
GSE44991_1	-0.00458715596330275	-0.0168575240294994	NA	-0.00762415653695003
GSE44991_2	0.000758341759352882	-0.0185680301563143	NA	-0.00552602547994591
GSE39796_1	-0.000484501441878314	0.00104925138691097	NA	NA
GSE39796_2	0.00229621125143513	0.0136456706089645	NA	NA
GSE39796_3	-0.00155763239875389	-0.0146415881478782	NA	NA
GSE18394_1	0.00125708862017047	0.0100256647657781	NA	0
GSE18394_2	0.00057656846149868	-0.00459628434929297	NA	0
GSE18394_3	0.000163547654632758	0.014007664810264	NA	0
GSE29233_1	-0.000790457027881575	0.00607134673105696	NA	NA
E-MEXP-2291_1	3.26639731451889e-05	0.00958142006658654	NA	NA
E-MEXP-2291_2	-0.000650186330818161	-0.00863172445581467	NA	NA
E-MEXP-2291_3	-0.000292340821172285	0.0165933333824621	NA	NA
GSE107363_1	0.00238095238095238	0.0175795653875619	NA	NA
GSE85761_1	-0.000607342560574653	0.00470953221545454	NA	NA
GSE89179_1	-0.000357912435007693	0.00725189979346892	NA	NA
GSE89179_2	0.000566893424036281	-0.0052468343822802	NA	NA
GSE89179_3	-0.000342103541213753	-0.0218407447107638	NA	NA
GSE89179_4	0.000878734622144112	-0.0223643122075598	NA	NA
GSE89179_5	0.000751271382339343	0.0238836181045142	NA	NA
GSE89179_6	-0.000536466021540648	0.00873223534927001	NA	NA
GSE89179_7	-0.00100754981241511	0.0133730453722179	NA	NA
E-GEOD-57723_1	-0.00075562771562621	-0.0121265891435009	NA	NA
E-GEOD-57723_2	-0.000574073030542094	-0.000600407330915364	NA	NA
E-GEOD-57723_3	-0.000331413741920125	-0.0017561889402097	NA	NA
E-GEOD-83930_1	0	-0.00289115467436015	NA	NA
GSE100268_1	-0.00128131038983924	-0.00430680108186746	NA	NA
E-GEOD-55769_1	-0.003125	0.013260337877162	NA	-0.00513743614809545
E-GEOD-55769_2	0	0.0273140503385664	NA	-0.0100509483454399
E-GEOD-55769_3	-0.00225225225225225	0.0201144269042033	NA	-0.00964055832790916
E-GEOD-69110_1	-0.00688073394495413	-0.0100340770191758	NA	-0.00302841977891121
E-MTAB-4304_1	0.00130890052356021	-0.035186793404866	NA	0.0114785544284617
E-MTAB-4879_1	0.000819127617741433	0.00811943615910432	NA	0.000248119245568119
E-MTAB-4879_2	-0.000199244614275887	0.00680109102254342	NA	-0.00684560625510561
E-MTAB-4879_3	0.00222582677947154	0.00624487791188049	NA	-0.0072558357886655
E-MTAB-4879_4	0.00161707271920257	0.0184555775449813	NA	-0.00448409114570306
Cytokine_Explant_1	0.000479386385426654	-0.0188943974687232	NA	-0.00334448160535117
Cytokine_Explant_2	0.00115129941252614	-0.0205257150344924	NA	-3.26762726226945e-05
Cytokine_Explant_3	0.00128458407014441	-0.027891475148504	NA	-0.00301569506726457
Cytokine_Explant_4	-0.000881834215167548	0.00845725565099218	NA	0.00290834543100404
Cytokine_Explant_5	0.000585919382248449	-0.0262052083227635	NA	0.00163772148659886
FN1_Explant_1	0	0.0193907718591946	NA	-0.002095521837463
E-MTAB-6266_1	1.75825893247391e-07	-0.00447645721305606	NA	0.0121823271596488
E-MTAB-6266_B_1	-0.000548382017790298	0.00208357977766731	NA	0.0120567944809883
E-MTAB-6266_B_2	0.000352733361850857	-0.0103499259817493	NA	-0.00164116279464191
E-MTAB-6266_B_3	-4.36551210512815e-07	-0.014128509028775	NA	-0.0160376045104369
GSE70667_1	0	-0.0371333722220596	NA	0.00761988679995739
GSE87608_1	0	-0.0357320691783479	NA	0.00173920167791833
GSE87608_2	0.00051975051975052	-0.0161827885923893	NA	-0.00454021752038181
GSE87608_3	0.000669344042838019	0.00905402970808357	NA	0.00380216548182351
GSE87608_4	0.00383370984416281	0.00391039426719395	NA	0.00499462291430381
GSE90890_1	-0.00149812482658002	0.00615185732042987	NA	0.00472155040230158
GSE97118_1	-0.00138868886948128	-0.0121168390328636	NA	NA
GSE97118_2	-0.00109649122807018	-0.00554570168636971	NA	NA
GSE97118_3	-0.000981247715098001	-0.00214594495662781	NA	NA
GSE97118_4	-3.64481337463264e-06	-0.00645714607749489	NA	NA
GSE97118_5	-0.00329465616350862	0.0183901820514485	NA	NA
GSE97118_6	-0.00153374233128834	0.0135737691563645	NA	NA
GSE97118_7	-0.00287282941777324	-0.00360702776035908	NA	NA
GSE107592_1	0.000254642676455535	0.00670352944349882	NA	0.00146880610394805
GSE92641_1	-0.00313081822635963	0.00712505551400614	NA	0.00898055760860639
GSE107849_1	0	0.000790604396762113	NA	NA
E-ERAD-89_1	0	0.00537733859162902	NA	NA
E-ERAD-89_2	0	0.00458123885820358	NA	NA
E-ERAD-89_3	0	-0.00550406503282839	NA	NA
E-ERAD-89_4	0	0.0104449737342019	NA	NA
E-GEOD-45893_1	0	0.0298395844958697	NA	NA
E-GEOD-53105_1	-0.00431034482758621	0.0116651095169771	NA	-0.00455601913238576
E-GEOD-53105_2	-0.00109745439650907	0.0168476063458561	NA	-0.00197317290229573
E-GEOD-54461_1	-0.000739738464119187	-0.0131189933085394	NA	-0.000292026544868455
E-GEOD-54461_2	-0.00159652335617438	0.00141887564951673	NA	-0.000529578306299946
E-GEOD-54461_3	-0.000445909532032654	-0.00698374248654258	NA	-0.000491931285788652
E-GEOD-54461_4	-0.00150916798163406	-0.00834849026139622	NA	-0.00164083228599358
E-GEOD-54461_5	-0.00114709562835084	-0.0252945468936817	NA	-0.000869121604839334
E-GEOD-54461_6	-0.000101329302818906	-0.0235779095008955	NA	-0.000372376140571929
E-GEOD-54461_7	-0.000536094232160526	-0.0337469126829277	NA	-0.00329378395653563
E-GEOD-54461_8	-0.000652591185298905	-0.0376160372949398	NA	-0.00756002240137954
E-GEOD-73372_1	-0.000565130399563474	0.0029168891670048	NA	NA
E-GEOD-73372_2	-0.00358453994660094	-0.0407943234328968	NA	NA
E-GEOD-73372_3	-0.00229175120275117	-0.042983130917165	NA	NA
E-GEOD-75549_1	0	0.00676567402483485	NA	NA
E-GEOD-76988_1	0.00489992429034175	0.000474494750816799	NA	NA
E-MTAB-2923_1	0.000210338028114824	0.00636328747953292	NA	NA
E-MTAB-2923_2	7.26583183614619e-09	-0.0118529442089478	NA	NA
E-MTAB-2923_3	-1.46309799727668e-07	-0.0132422569946603	NA	NA
E-MTAB-2923_4	0.0011147828319993	-0.00583185759599765	NA	NA
E-MTAB-3428_1	0.000190739018863921	0.0019639728607309	NA	NA
E-MTAB-3428_2	-0.00462962962962963	0.00912392286361842	NA	NA
E-MTAB-3428_3	0.00122188673784198	-0.00854322523881385	NA	NA
E-MTAB-3428_4	0.000382777631284414	-0.00206262916657406	NA	NA
GSE102856_1	0.000151460075124197	-0.0245360391045732	NA	NA
GSE103492_1	0.00181250700323345	-0.00105904895091657	NA	0.00349105528594538
GSE103492_2	0.00171145344017684	0.00743734819134321	NA	0.00625090385027751
GSE103492_3	0.00302549529104476	0.00159840849496142	NA	0.00410275501440915
GSE103492_4	0.00250048956019105	-0.00447221167612182	NA	0.00337636544190665
GSE103492_5	0.00135135135135135	0.00479918302496443	NA	-0.00182609928776727
GSE103492_6	0.000948739582554584	-0.00680691443579677	NA	0.0085494754081403
GSE103492_7	-0.00106609808102345	-0.0132272240766214	NA	0.00654280929537052
GSE103492_8	-0.000276074313774298	-0.0151004746869234	NA	-0.00594089402554869
GSE103492_9	0	-0.0231353877810632	NA	-0.00755027529221078
GSE103492_10	0	-0.0103913881736809	NA	0.00474683544303797
GSE106259_1	0.000444033129545497	-0.0177434944375671	NA	0.00651946760237476
GSE110303_1	0.00366988900823487	0.00876454647719108	NA	NA
GSE110303_2	0	-0.0107441639874692	NA	NA
GSE110303_3	0.0036231884057971	-0.00730599370414282	NA	NA
GSE110300_1	-0.00943396226415094	0.0220653083958614	NA	NA
GSE110300_2	0	-0.000675697591107576	NA	NA
GSE110300_3	0	-0.00815962938099494	NA	NA
GSE110281_1	-0.0064444055477483	-0.0539034848601671	NA	NA
GSE110281_2	-0.0065619293974437	-0.0307765084452123	NA	NA
GSE110281_3	0.00201120911718128	0.0237184431459283	NA	NA
GSE104459_1	-0.00220264317180617	-0.00376024379724994	NA	0.000826439586805278
GSE104459_2	-0.00104275286757039	-0.0355886024346289	NA	-0.00211839439053596
GSE104459_3	0.0012531328320802	0.0217956315127522	NA	-0.00129878734613605
GSE110051_1	1.94524152668987e-08	-0.0288646563905946	NA	0.00873064843653079
GSE110051_2	0.00176457872697882	-0.0005298597139576	NA	0.00982743871254863
GSE110051_3	0.00039757027220824	-0.0229745155994456	NA	0.00637832532566619
GSE112694_1	-0.000222680000511871	-0.00879932985681751	NA	0.00308986484462021
GSE112694_2	-0.000203499194313957	0.000549071264695782	NA	0.00164438616423341
GSE112694_3	0.00148194488809167	0.0140878460648305	NA	-0.00381379072861222
GSE112694_4	0.000364752083945268	0.0222132095996552	NA	-0.0060768107407606
E-MTAB-5879_1	-0.00168143812206798	-0.00582760268179253	NA	0.00447255341039763
E-MTAB-5879_2	-0.00076015446000323	-0.0175196560159865	NA	-0.00158681736056502
E-MTAB-5879_3	-0.00121716064303318	-0.0118126158895754	NA	0.00653416518391894
E-MTAB-5879_4	-0.00202819757893954	-0.0134423994694886	NA	-0.00134793819069
E-MTAB-5879_5	-0.00160912264289567	-0.0142017906124432	NA	0.00453472267219594
E-MTAB-5879_6	-0.00252290786830322	-0.0235021544510732	NA	0.000563840559698057
E-MTAB-5879_7	-0.00156739811912226	-0.0162114475994202	NA	0.00220849420849421
E-MTAB-5879_8	-0.00167785234899329	0.00612230062170606	NA	0.00679120205233673
E-MTAB-5879_9	-0.00462193495434493	-0.0178621868736764	NA	3.04204131637087e-05
E-MTAB-5879_10	0.00103276134243598	-0.00884042224638832	NA	0.00073096911171731
E-MTAB-4294_1	0.00123247809284799	0.0186471397264715	NA	0.00143184096381027
E-MTAB-4294_2	0.00216018640408682	0.0284336814606647	NA	0.0143849250932723
E-MTAB-4294_3	0.0033786525974026	0.0204630049326987	NA	-0.001955552092798
E-MTAB-3186_1	-0.000583349741949887	-0.0127413807550392	NA	-0.0120576108479334
E-MTAB-3186_2	0.000450793031708476	0.00353225955428917	NA	-0.00174945219697843
E-MTAB-3186_3	8.50745405990561e-07	-0.00124092707489428	NA	0.00566006471838014
E-MTAB-3186_4	-0.00103571043262488	-0.0237202997163407	NA	-0.00674463796565849
