comparisonID	jaccard	cosine	sigjaccard	chrDir
22659600_1	0.00886617964756501	0.0483138317821409	NA	NA
24361742_1	0.010541226235858	0.102109073087361	NA	NA
GSE72258_1	0	0.132784838892543	NA	NA
GSE72258_2	-0.000817438692098093	-0.0540561654829769	NA	NA
GSE69531_1	-0.00924471802248538	-0.0135647273474819	NA	NA
GSE69531_2	0.021931835942712	0.0966365318183497	NA	NA
GSE69531_3	0.0319348275198135	0.110405263333161	NA	NA
GSE69531_4	-0.00924471802248538	-0.0135647273474819	NA	NA
GSE58203_1	-0.00587408604314579	-0.0145384213907604	NA	NA
GSE58203_2	-0.00231754305342887	0.0196285643853623	NA	NA
GSE58203_3	-0.0064016687466999	-0.0245799710081601	NA	NA
GSE58203_4	-0.00991134271904769	-0.0369735760830142	NA	NA
GSE58203_5	-0.00221537053742989	0.0443069221985434	NA	NA
GSE58203_6	-0.00104134406739412	0.0263309463030741	NA	NA
GSE58203_7	0.0129690008480493	0.0352258693367126	NA	NA
GSE58203_8	0.0187444684420351	0.0461801302330994	NA	NA
GSE59642_1	-0.0148057745886229	-0.0248649989959202	NA	NA
GSE59642_2	0.00228631870958708	0.00155857250084803	NA	NA
GSE59642_3	0.0173539635867431	0.0325373142538476	NA	NA
GSE64922_1	-0.0022283156598959	0.00525466767293578	NA	NA
GSE60162_1	-0.0307168151354832	-0.265819940879741	NA	NA
GSE31685_1	0.00338685561001202	0.073102125592404	NA	NA
E-MEXP-3890_1	-0.00505593555915491	-0.0243854447055744	NA	NA
GSE31980_1	-0.0457706626218243	-0.0784142159790173	NA	NA
GSE15615_1	0.0179586679461366	0.0316725176220662	NA	NA
GSE15083_1	-0.000902726086902771	0.0613489294455931	NA	NA
GSE108035_1	-0.0220668621643456	-0.0418339079924035	NA	NA
GSE108035_2	0.0031267800956569	0.0388264191965701	NA	NA
GSE108035_3	0.00131379877088738	0.0249065964370648	NA	NA
GSE21959_1	-0.000646384097219905	0.0264567182600741	NA	NA
GSE21959_2	-0.00071555633964574	0.0205862739601377	NA	NA
GSE24742_1	-0.0055963329176899	-0.0664032228978887	NA	NA
GSE24742_2	-0.00175258439565004	0.00067981360148841	NA	NA
GSE24742_3	-0.000730097123789802	-0.0891260819696743	NA	NA
GSE74668_1	-0.00843186817090476	-0.107137110197569	NA	NA
E-GEOD-10024_1	-0.0287703923967121	-0.126275557854986	NA	NA
E-GEOD-10024_2	0.000507111114984582	0.0188469269916524	NA	NA
E-GEOD-12860_1	0.0307656035783058	0.212734546486712	NA	NA
E-GEOD-12860_2	0.0789551026922589	0.250664565150276	NA	NA
E-GEOD-12860_3	0.0758595046774254	0.236966557492509	NA	NA
E-GEOD-12860_4	0.0677669400804086	0.283356051570642	NA	NA
E-GEOD-12860_5	0.0923469378408855	0.302869110373609	NA	NA
E-GEOD-12860_6	0.0708234759991296	0.234150983529048	NA	NA
E-GEOD-12860_7	0.0838237696974634	0.315677844567909	NA	NA
E-GEOD-12860_8	0.0701314178947381	0.272021731910783	NA	NA
E-GEOD-14359_1	-0.0120816411245288	-0.00230654680695981	NA	NA
E-GEOD-14359_2	0.00706287229498684	0.0399839155765435	NA	NA
E-GEOD-1919_1	-0.0186600050135003	-0.155818651287115	NA	NA
E-GEOD-1919_2	-0.0695512700809742	-0.239325915911855	NA	NA
E-GEOD-1919_3	-0.0476367802001099	-0.20678783948388	NA	NA
E-GEOD-1919_4	-0.0108470632903067	-0.0310719181486748	NA	NA
E-GEOD-1919_5	-0.0563372420645108	-0.164098617913785	NA	NA
E-GEOD-1919_6	0.00885363600928557	0.0859428087216661	NA	NA
E-GEOD-1919_7	-0.000910543050983198	-0.00600561154099663	NA	NA
E-GEOD-1919_8	-0.00576308171678587	-0.00697077637523751	NA	NA
E-GEOD-1919_9	0.00136734641693506	0.00366248707821331	NA	NA
E-GEOD-19664_1	0.0321189607957081	0.111928635454625	NA	NA
E-GEOD-19664_2	0.015930496448691	0.0624071488197248	NA	NA
E-GEOD-19664_3	0.0407838079533948	0.136458392111844	NA	NA
E-GEOD-19664_4	0.0387175914286355	0.152623131715849	NA	NA
E-GEOD-19664_5	0.0308365211810743	0.109960679515868	NA	NA
E-GEOD-19664_6	0.0497940911901951	0.16891081265428	NA	NA
E-GEOD-43923_1	-0.0248651453493415	-0.102542972380455	NA	NA
E-GEOD-51812_1	0.0123784961259479	0.0566980737373971	NA	NA
E-GEOD-51812_2	0.0111650709256619	0.0521831549130023	NA	NA
E-GEOD-68760_1	0.0103000291460233	0.0226014115282329	NA	NA
E-GEOD-82107_1	-0.00717538055034676	-0.0760228926417019	NA	NA
E-GEOD-9451_1	0.0268883425436813	0.119815516597544	NA	NA
E-GEOD-9451_2	0.0150302153144458	0.0462732951814286	NA	NA
E-GEOD-9451_3	0.00585102837128207	0.0119920161118361	NA	NA
E-GEOD-9451_4	0.00700247587985988	0.0186604291495285	NA	NA
E-MEXP-2019_1	0.0134264722145771	0.0471589124624801	NA	NA
E-MEXP-2019_2	-0.00868415123122365	0.00764964039828281	NA	NA
E-MEXP-2019_3	0.0147299498359721	0.0756597332958471	NA	NA
E-MEXP-2019_4	-0.000257701927031206	0.00586204115991804	NA	NA
E-MEXP-2276_1	0.000945795923942683	0.0397053720934206	NA	NA
E-MEXP-2488_1	-0.0268590676378868	-0.115044707419368	NA	NA
E-MEXP-3129_1	0.00279514161019826	0.0237482326556869	NA	NA
E-MEXP-3474_1	-0.0235071477318174	-0.103445976825492	NA	NA
E-MTAB-3010_1	0.0305032849429777	0.0957968769096985	NA	NA
E-MTAB-3010_2	0.0349908823241012	0.115349692013216	NA	NA
E-MTAB-3010_3	0.00690202590011555	0.0180404069088047	NA	NA
E-MTAB-3010_4	-0.00336683545633002	-0.0301161874809824	NA	NA
E-MTAB-4152_1	0.0226195410359755	0.0571094518357744	NA	NA
E-MTAB-4152_2	-0.00815094583864785	-0.0592922986892705	NA	NA
E-MTAB-4152_3	0.0219376114939172	0.0164650282190937	NA	NA
GSE100609_1	0.0091240629666563	0.0331892861127647	NA	NA
GSE100786_1	-0.00292458387707566	-0.0667097618705679	NA	NA
GSE100786_2	0.000821431685034206	0.0143738803752718	NA	NA
GSE103697_1	0	-0.0972066885088708	NA	NA
GSE103697_2	0	0.00249045887674799	NA	NA
GSE103697_3	-0.00027292576419214	-0.0234339340771378	NA	NA
GSE104113_1	-0.0128424164599942	0.00307301459619809	NA	NA
GSE104113_2	0.0373348599447387	0.120254731456453	NA	NA
GSE104113_3	-0.0128424164599942	0.00307301459619809	NA	NA
GSE10575_1	0.00897613196890153	-0.000325342106406289	NA	NA
GSE10575_2	-0.0222871092979736	-0.0867732428668771	NA	NA
GSE10575_3	-0.0230728621424105	-0.0376381183189597	NA	NA
GSE13604_1	-0.00272095040986492	0.0271245164796049	NA	NA
GSE13837_1	0.00140043543392956	-0.025003415846864	NA	NA
GSE13837_2	0.00506198695300728	0.0749364782981437	NA	NA
GSE13837_3	-0.00473148744560048	0.0116617315428144	NA	NA
GSE13837_4	-0.0067366202175828	0.00239731114318399	NA	NA
GSE13837_5	0.00154364289040853	0.0753878126912702	NA	NA
GSE13837_6	0.000510736459744449	0.0113523956606942	NA	NA
GSE13837_7	-0.00288228112257126	0.0195124231693966	NA	NA
GSE13837_8	-0.00288509231860734	0.0088681031053182	NA	NA
GSE13837_9	-0.0169035014262057	-0.0720061111254548	NA	NA
GSE13837_10	-0.00215825795812538	0.00231916286948982	NA	NA
GSE13837_11	-0.00833086365561914	-0.039347425766914	NA	NA
GSE13837_12	-0.00621765805064935	-0.0413998163520368	NA	NA
GSE13837_13	-0.00739296395730857	-0.089963033662208	NA	NA
GSE13837_14	-0.00704768511185403	-0.00627806622168127	NA	NA
GSE13837_15	-0.0113497132815352	-0.039447111247064	NA	NA
GSE13837_16	-0.0107592710273106	-0.0206729843738913	NA	NA
GSE13837_17	-0.00482150242332388	-0.0596658991165232	NA	NA
GSE13837_18	-0.00854305157773744	-0.053961106278011	NA	NA
GSE13837_19	-0.0262791596444354	-0.106610477485654	NA	NA
GSE13837_20	-0.0118879863754711	-0.0641328131720951	NA	NA
GSE13837_21	-0.0172943498345343	-0.0509720850891304	NA	NA
GSE13837_22	-0.00255261411938674	0.0120892034977083	NA	NA
GSE13837_23	0.00194973234198706	0.0404334856204327	NA	NA
GSE13837_24	-0.00303086717587702	0.00712155345330863	NA	NA
GSE16464_1	-0.0184961931225594	-0.0708837562022588	NA	NA
GSE16464_2	-0.00814274598669698	-0.0265491043141771	NA	NA
GSE19060_1	0.00971513017231906	0.0467442158720464	NA	NA
GSE27372_1	-0.00132291841066587	0.0522868502336663	NA	NA
GSE27390_1	0.00387362355046762	0.0374675381138713	NA	NA
GSE29106_1	0.0194170393520554	0.0548579534881306	NA	NA
GSE29107_1	-0.0360246757494435	-0.0867365659184611	NA	NA
GSE29107_2	-0.00812136033889558	-0.0187129915206012	NA	NA
GSE29745_1	-0.0332416158740985	-0.0226787117448463	NA	NA
GSE29745_2	0.00389619002688311	-0.0235122043006996	NA	NA
GSE29745_3	0.0204514678343309	0.0767765444742092	NA	NA
GSE35546_1	0.000795302661811922	0.0486489168424221	NA	NA
GSE35546_2	0.0108581365204993	0.0805089399399418	NA	NA
GSE35546_3	0.00432145847231075	0.0674328140060536	NA	NA
GSE35546_4	0.0384937925854232	0.158702165928844	NA	NA
GSE35546_5	0.0301109494420706	0.138253062730034	NA	NA
GSE35546_6	0.0271559460547709	0.13138855680897	NA	NA
GSE35955_1	0.0123835078111703	0.0165878558501275	NA	NA
GSE35956_1	0.0428267769087449	0.213782348316437	NA	NA
GSE35957_1	0.0256991611182499	0.137787601040278	NA	NA
GSE35958_1	0.0410926479034818	0.155214130199498	NA	NA
GSE39340_1	0.00268246906233595	0.0312349394503515	NA	NA
GSE39340_2	0.00663907720396741	0.0615994090396458	NA	NA
GSE39340_3	-0.00348653796897125	-0.0363458844923964	NA	NA
GSE39795_1	-4.41171052535001e-05	-0.0219692261974498	NA	NA
GSE39795_2	-0.0107476782149572	-0.0704306082192405	NA	NA
GSE39795_3	0.000228527901650508	-0.073745069172504	NA	NA
GSE41038_1	0.00298656715966152	-0.0152646071432971	NA	NA
GSE41038_2	-0.00203882407359034	0.00399755773155708	NA	NA
GSE41038_3	-0.00221593168113511	-0.023514353166065	NA	NA
GSE41992_1	0.0191665748988447	0.0276743713606933	NA	NA
GSE42235_1	-0.00721319493269789	-0.0175220625262499	NA	NA
GSE42235_2	-0.00568528960038985	-0.0611068104110903	NA	NA
GSE42235_3	-0.00929771769187828	-0.0336456883401744	NA	NA
GSE42235_4	-0.00696102556666155	-0.0109363197034904	NA	NA
GSE45233_1	-0.00547852465143864	-0.0350991482390799	NA	NA
GSE45233_2	-0.00175943745007177	-0.0510232680418018	NA	NA
GSE45233_3	-4.12134684415746e-05	-0.00923527518278114	NA	NA
GSE45233_4	-0.00206237200654213	0.00156518112823757	NA	NA
GSE46053_1	-0.000541459058843341	0.00256685032176731	NA	NA
GSE46053_2	-0.00517452234698185	0.00408302437372884	NA	NA
GSE46750_1	-0.00481403923679415	-0.027082353262314	NA	NA
GSE51588_1	-0.00584664242925356	-0.0259632268677644	NA	NA
GSE51588_2	4.5050441693192e-05	-0.0257059077784102	NA	NA
GSE51588_3	0.00366636543964672	0.00304585702346017	NA	NA
GSE52817_1	0.0479639925815663	0.13949849988535	NA	NA
GSE52817_2	-0.118333507396507	-0.277983150264178	NA	NA
GSE52817_3	-0.0703753828214064	-0.125710618703	NA	NA
GSE52817_4	0.129180273895614	0.319751408833724	NA	NA
GSE55235_1	-0.000385591469834365	-0.000404206163069737	NA	NA
GSE55235_2	0.00478301566840541	0.0316249591474797	NA	NA
GSE55235_3	0.00727403545321603	0.0366446480989123	NA	NA
GSE55457_1	-0.00853220522970342	-0.0462130920093318	NA	NA
GSE55457_2	0.00261132473789001	-0.0817058241820214	NA	NA
GSE55584_1	-0.00558372422427315	0.0259533238740594	NA	NA
GSE57218_1	0.00441923094602927	-0.00621538213337623	NA	NA
GSE60762_1	0.00507027927581525	0.118316253021103	NA	NA
GSE62914_1	-0.018175186309039	-0.0564107499523585	NA	NA
GSE62914_2	-0.0287785913548633	-0.0655482718591652	NA	NA
GSE62914_3	-0.0274697545067187	-0.0282421392211074	NA	NA
GSE62914_4	0.0319014490862029	0.0727483002983728	NA	NA
GSE64394_1	-0.0149664878738597	-0.097399789957034	NA	NA
GSE66635_1	0.00214368964368964	-0.00870038631882617	NA	NA
GSE68038_1	0.0181864140267467	0.00902071799201734	NA	NA
GSE68428_1	-0.0205146868112061	-0.037337810720612	NA	NA
GSE68428_2	-0.021214875804343	-0.0522920798299203	NA	NA
GSE68428_3	-0.02072690171605	-0.0614007287472827	NA	NA
GSE69459_1	-0.00177996112114337	-0.0169843052254432	NA	NA
GSE69459_2	0.0246129958991816	0.0993111354725012	NA	NA
GSE69459_3	0.00972915591357284	0.00384946256720345	NA	NA
GSE69459_4	0.00891440358773691	-0.0107701816505206	NA	NA
GSE69992_1	0.0163032381972915	0.0105135309799799	NA	NA
GSE70719_1	0.0534950362711152	0.341274682888238	NA	NA
GSE7116_1	0.0185672256555337	0.105115086900394	NA	NA
GSE7116_2	0.00133185761952435	0.0225234396009457	NA	NA
GSE7116_3	-0.0140186320424036	-0.086045642048505	NA	NA
GSE72575_1	0.0140454115875934	0.129081853393385	NA	NA
GSE72575_2	0.0106170845862936	0.078899734415617	NA	NA
GSE72575_3	0.0125743513343599	0.0756776684107808	NA	NA
GSE72575_4	-0.00190320826536161	0.0815780353547658	NA	NA
GSE75181_1	-0.000821789876672068	0.0560803689169474	NA	NA
GSE75181_2	-0.0134412119912589	-0.0637111444032723	NA	NA
GSE75181_3	-0.00228175569726113	0.0364333673160829	NA	NA
GSE75230_1	0.00126714563988105	-0.00309522205829379	NA	NA
GSE7669_1	0.0018860142169066	-0.0164110527308179	NA	NA
GSE77916_1	-0.000816548720740337	0.024716660052503	NA	NA
GSE80614_1	-0.00452953005433921	0.00989721913595758	NA	NA
GSE80614_2	-0.00458439725264332	0.0130326520797166	NA	NA
GSE80614_3	-0.00243506493506494	0.0218706003821193	NA	NA
GSE80614_4	-0.0138277453384912	-0.0152395045064532	NA	NA
GSE80614_5	-0.0253199367660955	-0.0559711886096974	NA	NA
GSE80614_6	-0.0148669826258707	-0.0284270847401639	NA	NA
GSE80614_7	-0.0055669818925872	-0.00963637503335245	NA	NA
GSE80614_8	-0.002147398199211	-0.0038819702969395	NA	NA
GSE80614_9	-0.00374732334047109	-0.0328336069868735	NA	NA
GSE80614_10	-0.00604828611078011	-0.00555890309082498	NA	NA
GSE80614_11	-0.00135574837310195	-0.0635427955775217	NA	NA
GSE80614_12	-0.0017019630847271	0.0118801965803556	NA	NA
GSE80614_13	-0.00587668905404824	-0.00900662331601075	NA	NA
GSE80614_14	-0.00617674329117448	-0.0209676730724749	NA	NA
GSE80614_15	-0.0057351237491547	-0.00275109808819485	NA	NA
GSE80614_16	0.00101676236125986	0.0192092797822256	NA	NA
GSE85254_1	-0.00820357500680216	-0.0323401152451562	NA	NA
GSE86578_1	-0.0109122684422681	-0.0740751606705385	NA	NA
GSE86578_2	-0.00854586409500468	-0.0489091890685844	NA	NA
GSE86578_3	-0.0108287943287873	-0.0316757635235891	NA	NA
GSE9329_1	-0.00397706364358352	-0.0550600768186225	NA	NA
GSE93698_1	-0.0228160882504025	-0.0434780146895214	NA	NA
GSE93698_2	-0.0240989101563087	-0.0635430316501704	NA	NA
GSE93698_3	-0.02169541721186	-0.063660505570233	NA	NA
GSE93698_4	-0.0275456061466103	-0.067857994033959	NA	NA
GSE93698_5	-0.0141380986225162	-0.0307238992576939	NA	NA
GSE93698_6	-0.0102382259229226	-0.0312014994429145	NA	NA
GSE93698_7	-0.00375642544146491	-0.0272775752989232	NA	NA
GSE93698_8	-0.0039106778859027	-0.0469536583382462	NA	NA
GSE93698_9	0.00880834125779033	0.0189998172932069	NA	NA
GSE93698_10	0.00227568069095959	-0.00673058235522875	NA	NA
GSE93698_11	0.00503478511426368	-0.0130916879926512	NA	NA
GSE93698_12	0.0137653026842669	0.0374133035762047	NA	NA
GSE93698_13	-0.00446679086329286	-0.00338002801387356	NA	NA
GSE93698_14	0.01580610009158	0.0593799007871748	NA	NA
GSE93698_15	0.0154319980742732	0.0457893246163278	NA	NA
GSE93720_1	-0.0223950830895295	-0.0651439623356335	NA	NA
GSE93720_2	-0.0253175093832211	-0.0607185915501573	NA	NA
GSE93720_3	-0.0213283804748354	-0.0650732311503763	NA	NA
GSE93720_4	-0.0256876585000225	-0.075827547717654	NA	NA
E-MTAB-5564_1	-0.00440532854526792	-0.0473884206905132	NA	NA
GSE77753_1	0.00227134788262516	-0.00785356041051496	NA	NA
GSE43861_1	0.0134298939188016	0.0132098045631089	NA	NA
GSE112809_1	-0.000540964631901186	0.00891723928237425	NA	NA
GSE111946_1	0.00225064668795832	0.0117537399781293	NA	NA
GSE111946_2	-6.13975877784799e-05	0.00134327043473162	NA	NA
E-MTAB-3201_1	-0.0133464907859417	-0.0593874761641864	NA	NA
E-MTAB-6700_1	-3.70716916916342e-06	-0.00181662870730351	NA	NA
GSE54749_1	0.0029745703398398	-0.0103706807557174	NA	NA
GSE57218_B_1	0.0100566307098478	0.0466461175155747	NA	NA
GSE57218_B_2	0.00742666773570011	0.0502585866648356	NA	NA
GSE57740_1	0.000625032332189329	-0.0570579088224312	NA	NA
GSE52992_1	0.00910666312300485	-0.00734673686953591	NA	NA
GSE17160_1	-0.020769152632194	-0.0760493217461298	NA	NA
GSE17160_2	0.00517330221327023	0.152030087859128	NA	NA
GSE17160_3	-0.00535479480566992	-0.0285726964655666	NA	NA
GSE17160_4	-0.0185440753050358	-0.00844004414017496	NA	NA
GSE17160_5	-0.0121962895900561	0.00851421364829398	NA	NA
GSE17160_6	-0.0114684206456426	0.0411082594944685	NA	NA
GSE17160_7	-0.00278293586200445	-0.0533344873123608	NA	NA
GSE17160_8	-3.27233932903223e-05	0.0388431485911618	NA	NA
GSE17160_9	-0.0163585292436842	-0.0320403282003771	NA	NA
GSE17160_10	-0.0349279789224655	-0.0946011653174603	NA	NA
GSE17160_11	-0.0307672067421569	-0.075956422887879	NA	NA
GSE17160_12	-0.00270887812129826	-0.0370372790950143	NA	NA
GSE22971_1	0.00131616281697443	0.0328200392822927	NA	NA
GSE22971_2	-0.00433363223527695	-0.0301262077178012	NA	NA
GSE22971_3	-0.0325796409631638	-0.125658820979754	NA	NA
GSE22971_4	-0.0411718319573271	-0.15688709069914	NA	NA
GSE13590_1	0.00219171232534465	0.0259089432158291	NA	NA
GSE13590_2	2.96334227077382e-07	-0.0212754444812577	NA	NA
GSE99731_1	-0.00423544658132137	-0.032008652435272	NA	NA
GSE99731_2	-0.00570667479914055	0.0433507354985438	NA	NA
GSE99731_3	0.0237595731856916	0.106281069514257	NA	NA
GSE27492_1	-0.00356622122804603	-0.0846620168022365	NA	NA
GSE27492_2	-0.00719501041526289	-0.0433825834862352	NA	NA
GSE27492_3	-0.0137871093510016	-0.0648369733723835	NA	NA
GSE27492_4	-0.0193938683360213	-0.0802338252870499	NA	NA
GSE27492_5	-0.00998941622142006	-0.0451702746669611	NA	NA
GSE27492_6	-0.0153429843007676	-0.0680264850973891	NA	NA
GSE27492_7	-0.0155135428887785	-0.0699629943497678	NA	NA
GSE27492_8	-0.0148452806328441	-0.064510923739588	NA	NA
E-GEOD-15069_1	-0.00150690784577785	-0.0121954381726917	NA	NA
E-GEOD-15069_2	-0.0121960486322188	-0.0467771870348697	NA	NA
E-GEOD-15069_3	-0.00972073455009361	-0.0155428400020544	NA	NA
E-GEOD-15069_4	0.0121897832709539	0.106803284341601	NA	NA
E-GEOD-15118_1	0.0122901880051381	0.133185413983312	NA	NA
E-GEOD-15118_2	-0.00163398692810458	-0.010957056934395	NA	NA
E-GEOD-15118_3	-0.0065226847732278	-0.0268346695593892	NA	NA
E-GEOD-15118_4	0.00459453788667554	0.0655671375464324	NA	NA
E-GEOD-16007_1	-0.0147233721881118	-0.0553069602566588	NA	NA
E-GEOD-17473_1	-4.76471766011587e-05	-0.0370751343878278	NA	NA
E-GEOD-18647_1	0.00627433538954991	0.0262742366178279	NA	NA
E-GEOD-18647_2	0.00636961065894664	0.0386036334025425	NA	NA
E-GEOD-18647_3	0.00668373369887823	0.0303056694371102	NA	NA
E-GEOD-18647_4	0.000465862482523741	0.0332002421802811	NA	NA
E-GEOD-18648_1	0.0137765765241731	0.121131541227561	NA	NA
E-GEOD-18648_2	0.0196734531658982	0.0103371201185615	NA	NA
E-GEOD-2154_1	-0.00713930565231248	0.0258455521735791	NA	NA
E-GEOD-2154_2	0.000178414313459991	-0.0617072805438841	NA	NA
E-GEOD-2154_3	0.00616481755132599	-0.0471946514016223	NA	NA
E-GEOD-2154_4	-0.00743756968300902	-0.0489242035493057	NA	NA
E-GEOD-26475_1	0.00199682270585006	-0.00933256760817379	NA	NA
E-GEOD-26475_2	-0.00648227734937106	-0.0637812501133877	NA	NA
E-GEOD-26475_3	-0.00901068566988524	-0.147301935296034	NA	NA
E-GEOD-33567_1	-0.0201894402540854	-0.0414070936217302	NA	NA
E-GEOD-33567_2	-0.00489115136669459	-0.0168768040476625	NA	NA
E-GEOD-37287_1	0.00163573273272496	-0.00257436799945577	NA	NA
E-GEOD-37287_2	-0.0397753384300815	-0.149072396758599	NA	NA
E-GEOD-37287_3	0.0139485108151868	0.0555917791153225	NA	NA
E-GEOD-51994_1	-0.0293153788532642	-0.128162199034169	NA	NA
E-GEOD-51994_2	-0.0418686079867628	-0.130970477210189	NA	NA
E-GEOD-51994_3	-0.0175238059073122	-0.0706596154005813	NA	NA
E-GEOD-65077_1	0.00374117532612593	0.0467523744892642	NA	NA
E-MEXP-1244_1	0.00271361631843798	0.153660083576718	NA	NA
E-MTAB-1123_1	0.000475434729917892	-0.0697546316163584	NA	NA
E-MTAB-1123_2	0.00239268986988733	0.00781305157007067	NA	NA
E-MTAB-1123_3	0.00845160587137031	0.108841768675145	NA	NA
E-MTAB-1123_4	-0.0015498981793978	0.000790299773720838	NA	NA
E-MTAB-1391_1	0.00521697620529626	0.072788902020581	NA	NA
E-MTAB-1391_2	0.00418306272872199	0.0188565279521408	NA	NA
E-MTAB-1391_3	-0.00507927828882015	-0.0133773652656798	NA	NA
E-MTAB-2450_1	0.007377790981236	0.0338851486582687	NA	NA
E-MTAB-2450_2	-0.010225128685542	-0.0792193155942006	NA	NA
E-MTAB-2450_3	-0.0189663468654823	-0.0650171301961914	NA	NA
E-MTAB-2450_4	-0.00839234415446143	0.0284097513502798	NA	NA
E-MTAB-5023_1	0.000590639996569308	0.0352043076847644	NA	NA
E-MTAB-5326_1	0.00171041595183073	0.0292581912406312	NA	NA
E-MTAB-5326_2	-0.00212603997998686	0.0262743584765142	NA	NA
E-MTAB-5326_3	0.000632147688697739	-0.00662977964270018	NA	NA
GSE102588_1	0.00396359520924697	-0.0357672369792296	NA	NA
GSE104793_1	-0.04853550068717	-0.198860359155512	NA	NA
GSE104794_1	-0.059824478325523	-0.209412469422697	NA	NA
GSE104795_1	-0.0568449994681087	-0.211600334333867	NA	NA
GSE105139_1	0	-0.0642238828389204	NA	NA
GSE105139_2	-0.00724936759419518	0.0350269112823292	NA	NA
GSE105139_3	-0.00639675631696908	0.0728777505488252	NA	NA
GSE10555_1	-0.0256957847650114	-0.0548345559204948	NA	NA
GSE10556_1	0.00834004536907608	-0.0410899003346496	NA	NA
GSE106631_1	-0.0253224641280256	-0.0444295380073195	NA	NA
GSE13104_1	0.0663194859289084	0.189436401897318	NA	NA
GSE13104_2	0.0287552930007066	0.109922640569379	NA	NA
GSE13104_3	0.01101137509488	0.0406438675077708	NA	NA
GSE16749_1	0.0376447150476397	0.0990954495216426	NA	NA
GSE16749_2	0.0324061512263352	0.227926241039185	NA	NA
GSE16749_3	-0.0225827084033523	-0.11983298147121	NA	NA
GSE17348_1	0.0420052384786702	0.133326930914059	NA	NA
GSE17563_1	0.0123669600251995	0.0400631907215466	NA	NA
GSE17563_2	-0.00904824379903543	-0.0421953448851337	NA	NA
GSE17569_1	-0.00448879943476299	0.00909700373400431	NA	NA
GSE17569_2	-0.011666657746323	-0.0654094013581187	NA	NA
GSE17570_1	-0.0235343477812833	-0.0923528103842447	NA	NA
GSE17570_2	8.9146419867835e-05	0.0180600361680769	NA	NA
GSE18991_1	0	-0.113782981004863	NA	NA
GSE18992_1	-0.000273074822501365	-0.00107859980581997	NA	NA
GSE19299_1	-0.0187762773310136	-0.0632944723747223	NA	NA
GSE20850_1	0.0113419224282717	0.0480800616540276	NA	NA
GSE21093_1	-0.0139345225148553	-0.0426166219346947	NA	NA
GSE21523_1	-0.0104013426157005	-0.0211093245317974	NA	NA
GSE21639_1	-0.000806879788439523	-0.0789496312582209	NA	NA
GSE21639_2	0.0096435490050965	0.149010811642334	NA	NA
GSE21639_3	-0.0131568595818481	-0.108065946444591	NA	NA
GSE21639_4	0.00311300580123084	0.0737223545153644	NA	NA
GSE21710_1	0.0436934426344816	0.0862782587580378	NA	NA
GSE21710_2	0.0574737462179621	0.101184572616095	NA	NA
GSE21710_3	0.0461648557327845	0.0911553686031121	NA	NA
GSE22925_1	-0.000943334503705078	-0.0430395107464211	NA	NA
GSE22925_2	-0.00551636059806375	0.00334972567042824	NA	NA
GSE26499_1	-0.0403932723219218	-0.128163829233382	NA	NA
GSE30160_1	-0.00835464406751474	0.00511612904128972	NA	NA
GSE30628_1	-0.0386270760823601	-0.161876309324426	NA	NA
GSE30628_2	0.00542777541620527	0.00215752340857398	NA	NA
GSE32163_1	-0.018834691405009	-0.0401470703273966	NA	NA
GSE33656_1	0.0117593123998906	0.02354924733513	NA	NA
GSE33754_1	-0.00735161590081064	-0.0787114277188436	NA	NA
GSE33754_2	-0.0036867292258485	0.0145846754684016	NA	NA
GSE33754_3	-0.00852823888522739	0.0141507768870786	NA	NA
GSE34570_1	-0.0293256870669209	-0.118254913819437	NA	NA
GSE35003_1	-0.0035011147148937	0.0335015103987565	NA	NA
GSE35466_1	-1.95645481822875e-05	0.18216038038088	NA	NA
GSE35466_2	-0.0353871357907485	-0.254288862504785	NA	NA
GSE35466_3	0.0019980464912249	0.141386399518603	NA	NA
GSE35466_4	-0.00952369488779145	-0.0971458855823353	NA	NA
GSE35466_5	-0.0112759236835459	-0.251453511940848	NA	NA
GSE36925_1	-0.000251298755233447	-0.0537200153370946	NA	NA
GSE36925_2	-0.00308250567713018	-0.0275254842090837	NA	NA
GSE36925_3	-0.00132916742031632	-0.0172522107763523	NA	NA
GSE37219_1	-0.0164226636586442	-0.10652147618078	NA	NA
GSE37676_1	-0.00257152030704928	0.0478948482796403	NA	NA
GSE41342_1	-0.0124069071515265	-0.0643991623818947	NA	NA
GSE41342_2	-0.0114993813980025	-0.0564240414338641	NA	NA
GSE41342_3	-0.00783017634656575	-0.0435514543924206	NA	NA
GSE41342_4	0.00221293742007956	0.0187914738342716	NA	NA
GSE41997_1	0.00195870109897029	0.025344399418392	NA	NA
GSE43242_1	-0.0035062200396685	0.0452699399079326	NA	NA
GSE43242_2	-0.000578868654801602	0.0521293248755262	NA	NA
GSE43663_1	-0.000844090681985978	-0.00319898952554462	NA	NA
GSE43854_1	-0.00868683014555264	-0.0654335134184138	NA	NA
GSE45656_1	0.0391145038364482	0.0972699117228337	NA	NA
GSE45656_2	0.0113492787934988	0.049426166967255	NA	NA
GSE45656_3	0.0162998555218173	0.0677011988706776	NA	NA
GSE45793_1	-0.0348693761962366	-0.187318362528945	NA	NA
GSE45793_2	-0.0162038532866319	-0.115023519521684	NA	NA
GSE45793_3	-0.051045196084081	-0.195452728597806	NA	NA
GSE45793_4	-0.0517793813979204	-0.18040038688981	NA	NA
GSE45793_5	-0.0429940762806426	-0.162935349817885	NA	NA
GSE46390_1	0.00345562565676421	0.0657584380398712	NA	NA
GSE48438_1	-0.0139383005905305	-0.0701263662363651	NA	NA
GSE50549_1	-0.000885897685923336	-0.0175650820348611	NA	NA
GSE50549_2	-0.00746750863526138	-0.0191716195674715	NA	NA
GSE51098_1	-0.0185816438318015	-0.0355572030287441	NA	NA
GSE53857_1	-0.00384068169007007	-0.00170105951450913	NA	NA
GSE53857_2	-0.00132709062194788	0.0139631338257707	NA	NA
GSE53857_3	0.000373906038451814	0.026955353668557	NA	NA
GSE53982_1	-0.00977145481728154	-0.0207477877449352	NA	NA
GSE53982_2	-0.00966968427599686	-0.0187895323202941	NA	NA
GSE54779_1	-0.0110551224724359	-0.0875574843850222	NA	NA
GSE55900_1	0.00190691269229671	-0.0313566399097331	NA	NA
GSE57104_1	0.00393879661811276	0.0246028020184888	NA	NA
GSE59387_1	0.00873708346461241	0.0485234936831805	NA	NA
GSE60401_2	0.0494241652360677	0.116004734774355	NA	NA
GSE60651_1	0.0338037082904559	0.171504059322563	NA	NA
GSE60737_1	0.00634328536550414	-0.00584530215235143	NA	NA
GSE60761_1	0.000951326585384556	-0.00607952833486343	NA	NA
GSE60761_2	-0.000273074822501365	-0.0795333364264339	NA	NA
GSE60761_3	-0.00205012754708431	0.0284946287874873	NA	NA
GSE60761_4	0.00101523823255744	0.0641529826073118	NA	NA
GSE63017_1	0	0.0402817811613265	NA	NA
GSE63017_2	-0.000814332247557003	0.0416316830060008	NA	NA
GSE63017_3	0.000289138037558928	-0.017106797333246	NA	NA
GSE63017_4	-0.00228056462813024	-0.0139432107651343	NA	NA
GSE63939_1	0.0164665970065261	0.0528003577541182	NA	NA
GSE63939_2	0.0176196807497406	0.0872337774777951	NA	NA
GSE64141_1	-0.0127161328383907	-0.0527954881125717	NA	NA
GSE64965_1	0.0423213661972474	0.142147886758805	NA	NA
GSE65745_1	0	0.0379586801435934	NA	NA
GSE65745_2	0.000271739130434783	0.0442949533381759	NA	NA
GSE65745_3	0.00191647597254005	0.0685930907799639	NA	NA
GSE66416_1	0.0014777686138879	0.0900532620462233	NA	NA
GSE66862_1	-0.00994239253912301	-0.0070342769659313	NA	NA
GSE69108_1	-0.0224170284715373	-0.0773620700148664	NA	NA
GSE71565_1	0.0129930509884919	0.102329926411555	NA	NA
GSE72261_1	-0.00497101244564278	-0.0205492204846054	NA	NA
GSE72261_2	-0.00443741937466534	-0.0109653974695164	NA	NA
GSE72261_3	0.00097943604697041	0.0159311049224726	NA	NA
GSE7683_1	0.00194428525346105	0.164865831646797	NA	NA
GSE7683_2	-0.00204718361283804	-0.0723428156222899	NA	NA
GSE78980_1	-0.00641494758941987	-0.0452176643294326	NA	NA
GSE78980_2	0.000541997710511585	0.00119836944188573	NA	NA
GSE78980_3	-0.001177551950283	-0.0047262264530586	NA	NA
GSE78980_4	-0.00096620595172269	-0.00447027177158968	NA	NA
GSE78980_5	-0.0049182748536563	0.012305253521447	NA	NA
GSE78980_6	-0.00164763520034229	-0.0204659712869065	NA	NA
GSE78980_7	0.0205974463145435	0.0458886289346868	NA	NA
GSE78980_8	0.0206816828788982	0.0363627015915453	NA	NA
GSE78980_9	0.0195034315070054	0.0495897041188858	NA	NA
GSE78980_10	0.023934486184181	0.029014520942291	NA	NA
GSE81399_1	0.013585422922043	0.0726683009399975	NA	NA
GSE84609_1	0.00631656586953299	0.0455686447731869	NA	NA
GSE84907_1	0.0025952652012642	0.00195313691846315	NA	NA
GSE84907_2	-0.0174586002626528	-0.0425809685264767	NA	NA
GSE84907_3	-0.0270941110880387	-0.0682675363371127	NA	NA
GSE90127_1	-0.00471213980611964	0.0190242622329297	NA	NA
GSE90127_2	-0.0289854516910364	-0.104903598345286	NA	NA
GSE90127_3	0.0113446004078651	0.0740349832866081	NA	NA
GSE9247_1	0.0001258740375465	-0.0194106511630904	NA	NA
GSE9247_2	-0.00399140403484802	-0.0168623400207769	NA	NA
GSE9247_3	-0.00545614764974806	-0.056836852093746	NA	NA
GSE99306_1	-0.0412323481117099	-0.120407582854021	NA	NA
GSE99306_2	-0.0616868917870012	-0.14224464155647	NA	NA
GSE99306_3	0.00252223557495993	0.0481632469500556	NA	NA
GSE99306_4	-0.0585602293860205	-0.117724161621647	NA	NA
GSE99306_5	-0.0411152645822292	-0.103495460821308	NA	NA
GSE99306_6	-0.057435676188654	-0.12767712286892	NA	NA
GSE99306_7	0.0169542174048384	0.0922476740887217	NA	NA
GSE99306_8	-0.056683181438299	-0.123841111562652	NA	NA
GSE99306_9	-0.057429654532516	-0.120105643587727	NA	NA
GSE99306_10	0.00268808398716367	0.0334508195143337	NA	NA
GSE99306_11	-0.0450679245120992	-0.101896789771626	NA	NA
GSE99306_12	-0.0584947388375868	-0.123728658258939	NA	NA
GSE99306_13	0.00826141685078494	0.0431374259224939	NA	NA
GSE99414_1	-0.00448640505364917	-0.0316878002711209	NA	NA
GSE110581_1	0.00994293962304049	0.109898969762317	NA	NA
GSE110581_2	-0.000541852683524306	0.037515849094166	NA	NA
GSE47799_1	0.00355260303361656	-0.0499621807638095	NA	NA
GSE47799_2	-0.00278328723439252	-0.0860321105864323	NA	NA
GSE47799_3	0.00214530687150345	0.0429427820661881	NA	NA
GSE111628_1	0.000447095773593345	0.131915940294394	NA	NA
GSE111628_2	0.00216919739696312	0.353493688876453	NA	NA
GSE111628_3	0.0155485839749356	0.332054636489103	NA	NA
GSE5657_1	-0.00233379054615705	0.0124227378471496	NA	NA
GSE5657_2	-0.00055655384301431	-0.050499833699429	NA	NA
GSE13782_1	-0.022602587849775	-0.158544624652933	NA	NA
GSE41039_1	-0.00239011864467256	-0.0736786315696811	NA	NA
GSE84198_1	-0.00222143826636685	0.010999738088038	NA	NA
GSE84198_2	0.000691129544338542	-0.0412799153493663	NA	NA
GSE84198_3	-0.00569130970528756	-0.0144880724192234	NA	NA
GSE114469_1	0.0338177173752834	0.136730560776842	NA	NA
GSE108036_1	0.00423338651405046	0.152209746418033	NA	NA
GSE60451_1	-0.011059609440229	-0.0565791573782166	NA	NA
GSE47902_1	0.000453245302655172	-0.108200253403274	NA	NA
GSE44325_1	0.0131520584002276	0.0539955779194963	NA	NA
GSE4481_1	-0.00919757626703093	-0.15573685708684	NA	NA
GSE4481_2	-0.000626338909595949	0.0412035918623166	NA	NA
GSE4481_3	2.61003925499041e-05	0.0508824900241889	NA	NA
GSE102292_1	0.0208730729613431	0.100967839445083	NA	NA
GSE102292_2	0.00448140545030875	-0.0110975559125115	NA	NA
GSE102292_3	-0.0649143247016049	-0.26084431227782	NA	NA
GSE102292_4	-0.0257193772777197	-0.103818533277026	NA	NA
GSE41898_1	0.00164055456010784	-0.0148748363386117	NA	NA
GSE87605_1	-0.0078521346710114	-0.0507670835516654	NA	NA
GSE87605_2	0.0216263624018179	0.112840426573836	NA	NA
GSE87605_3	0.0166967680110881	0.0562473155574275	NA	NA
E-GEOD-54216_1	-0.0219615418392811	-0.0779576731911352	NA	NA
E-GEOD-54216_2	-0.0218344380926863	-0.0581725108683486	NA	NA
E-GEOD-54216_3	0.00450197400077865	0.016628661687774	NA	NA
E-GEOD-6119_1	-0.00801304986524275	-0.0486365983648126	NA	NA
E-GEOD-6119_2	-0.00888034470178783	-0.0545048124827757	NA	NA
E-GEOD-6119_3	-0.00881099270457343	-0.0676958276690705	NA	NA
E-GEOD-8077_1	0.00130470269405938	0.00619120277410334	NA	NA
E-GEOD-8077_2	0.00529786208215305	-0.0140603203230681	NA	NA
E-GEOD-8077_3	0.00657566635417161	-0.0142818704876598	NA	NA
GSE103416_1	-0.00799558991743191	-0.0527555624730635	NA	NA
GSE103416_2	-0.00972300400819121	-0.0591148941625216	NA	NA
GSE103416_3	-0.00639375887483591	-0.0379877594830023	NA	NA
GSE19950_1	0.0145533969969633	0.0818050550830525	NA	NA
GSE30322_1	-0.00525027296615826	-0.10245286601403	NA	NA
GSE30322_2	-0.00129501103107661	-0.105077359256778	NA	NA
GSE30322_3	-0.00393942272334278	-0.115971866577289	NA	NA
GSE42295_1	0.000194441324815909	-0.0419819288787639	NA	NA
GSE42295_2	-0.00890524944633792	-0.0248499097889994	NA	NA
GSE42295_3	-0.00536510849824616	-0.0539795161410803	NA	NA
GSE66554_1	0.00427225146439006	0.0128253063649042	NA	NA
GSE66554_2	0.00112921548696972	0.0131312148119239	NA	NA
GSE66554_3	0.00844353745194029	0.0308020576608161	NA	NA
GSE66554_4	0.102609292541121	0.366592599912652	NA	NA
GSE74898_1	-0.00743927860092141	-0.104854031079365	NA	NA
GSE74898_2	-0.0041385916306077	-0.0383831857015513	NA	NA
GSE74898_3	-0.0175235917397264	-0.105697794243653	NA	NA
GSE79176_1	0.00467640495029418	-0.0187692283235375	NA	NA
GSE79176_2	0.00280914456452735	-0.100078174702543	NA	NA
GSE79176_3	0	-0.0901361310018809	NA	NA
GSE85785_1	0.001158690725396	-0.0140402563770839	NA	NA
GSE16981_1	0.00273796835844606	0.00324756083050144	NA	NA
GSE16981_2	0.00917137507301442	0.0371410300745732	NA	NA
GSE16981_3	-0.00167455551751572	-0.0189341218344018	NA	NA
GSE16981_4	-0.00167455551751572	-0.0189341218344018	NA	NA
GSE16981_5	0.0102481889048692	-0.037202407105574	NA	NA
GSE16981_6	-0.0166183338506418	-0.0921088110847562	NA	NA
GSE16981_7	-0.00455260065476946	0.0533389501749782	NA	NA
GSE29859_1	-0.00100567952747177	0.0097886231332332	NA	NA
GSE29859_2	-0.00037792403450789	-0.00767285228381291	NA	NA
GSE23492_1	0.0124577225577676	0.0372773400638893	NA	NA
GSE23492_2	0.0164990253695117	0.0783440862641738	NA	NA
GSE23492_3	-0.0144096671744046	-0.0430744637331459	NA	NA
GSE23492_4	-0.0234096834122382	-0.06808813037176	NA	NA
GSE23492_5	0.0328282107693354	0.0866346049665324	NA	NA
GSE44991_1	-0.00126491728116471	-0.0122141297003048	NA	NA
GSE44991_2	-0.00994342698436555	-0.0355771664734738	NA	NA
GSE39796_1	-0.00788638224730018	0.00403810162787739	NA	NA
GSE39796_2	-0.00208398685183365	0.0120008183643262	NA	NA
GSE39796_3	-0.0111460828857144	-0.0083034159521313	NA	NA
GSE18394_1	0.0141378759071671	0.0417193416699256	NA	NA
GSE18394_2	0.00957190284988197	0.0387295538559054	NA	NA
GSE18394_3	0.0011193962581158	0.0170495194714136	NA	NA
GSE29233_1	0.0124586080110797	0.0536568591323004	NA	NA
E-MEXP-2291_1	-0.00071495309576523	-0.0169126972830383	NA	NA
E-MEXP-2291_2	0.00652493714325771	0.0270075142131665	NA	NA
E-MEXP-2291_3	-0.010042497629205	-0.039796781996374	NA	NA
GSE18738_1	-0.00182962885765732	0.0293935961576724	NA	NA
GSE107363_1	-0.00013726432809199	-0.0192093819644388	NA	NA
GSE85761_1	0.0512626515054117	0.193336119829387	NA	NA
GSE89179_1	-0.00149287680131331	0.0082850003530217	NA	NA
GSE89179_2	-0.00681806731000825	-0.0574674828559068	NA	NA
GSE89179_3	-0.00742463064713776	-0.0112205103930934	NA	NA
GSE89179_4	-0.00648777756074825	-0.0189260682310159	NA	NA
GSE89179_5	0.0127573081591747	0.0260726021990164	NA	NA
GSE89179_6	0.00705038118526602	0.0276763603992623	NA	NA
GSE89179_7	-0.00127763480230386	0.021386507608246	NA	NA
E-GEOD-57723_1	-0.0118642394900165	-0.0641493141319194	NA	NA
E-GEOD-57723_2	0.000876604449182898	-0.0375397193463569	NA	NA
E-GEOD-57723_3	-0.00772071360745382	-0.0259319638391557	NA	NA
E-GEOD-83930_1	-0.000770531760562185	-0.011099694564636	NA	NA
GSE100268_1	0.0276011043708458	0.103119022051898	NA	NA
E-GEOD-55769_1	0.00324864416297446	0.0845737120666499	NA	NA
E-GEOD-55769_2	-0.00162689804772234	0.115927834970284	NA	NA
E-GEOD-55769_3	0.00221571461966077	0.101244880615415	NA	NA
E-GEOD-69110_1	-0.00604248908476977	-0.099144129928432	NA	NA
E-MTAB-4304_1	-0.00964988733578219	-0.121006220858237	NA	NA
E-MTAB-4879_1	-0.00415540649483661	-0.028265639671289	NA	NA
E-MTAB-4879_2	0.00354146179878853	0.0494274939116481	NA	NA
E-MTAB-4879_3	0.0126248768606192	0.0243715623363378	NA	NA
E-MTAB-4879_4	0.00328597532323604	0.0350431447025476	NA	NA
Cytokine_Explant_1	-0.0159151611259803	-0.0867027256720355	NA	NA
Cytokine_Explant_2	-0.0227781435439217	-0.11667068598473	NA	NA
Cytokine_Explant_3	-0.0281170596511115	-0.131080282265148	NA	NA
Cytokine_Explant_4	0.0077485166589959	0.00719048680977357	NA	NA
Cytokine_Explant_5	-0.0274020344588489	-0.109908321878371	NA	NA
FN1_Explant_1	-0.00353345634191416	0.0682543419596357	NA	NA
E-MTAB-6266_1	0.010851349859113	0.0230730312600608	NA	NA
E-MTAB-6266_B_1	0.0133339042017995	0.0320258608895233	NA	NA
E-MTAB-6266_B_2	0.00463704758411371	0.00422149373399882	NA	NA
E-MTAB-6266_B_3	-0.0114466845642393	-0.0326615754337431	NA	NA
GSE74220_1	-0.0188845449734184	-0.0744899045880205	NA	NA
GSE114007_1	0.0128432011537706	0.0520921620975026	NA	NA
GSE109503_1	-0.00357072243590199	-0.0106402493244073	NA	NA
GSE109503_2	-0.00368729044441613	-0.0550332235448184	NA	NA
GSE109503_3	0.00934817848016279	0.036553783782194	NA	NA
GSE109503_4	0.0150956248490205	0.0418205527740012	NA	NA
GSE109503_5	0.0014881530282254	0.0257464964861911	NA	NA
GSE109503_6	0.00854883123210035	0.0340278949262788	NA	NA
GSE109108_1	-0.00370466134165362	-0.0272351827923623	NA	NA
GSE109108_2	0.00152996458945842	0.0350018743915889	NA	NA
GSE109108_3	-0.00201780378072829	-0.0301308171948486	NA	NA
GSE109108_4	0.000248155387716619	0.00632949383187465	NA	NA
GSE70667_1	0.00213731339887883	-0.161452672117021	NA	NA
GSE87608_1	-0.00104571737531565	-0.137243391169939	NA	NA
GSE87608_2	-0.00238690573618803	-0.148275638103175	NA	NA
GSE87608_3	-0.00156296200578409	-0.0786051485500308	NA	NA
GSE87608_4	-0.0128279940034037	-0.00670214327321851	NA	NA
GSE90890_1	-0.000969809458421872	0.025924650556966	NA	NA
GSE97118_1	-0.0343452690546117	-0.0708063578604582	NA	NA
GSE97118_2	0.00189834133072332	-0.00877264832692009	NA	NA
GSE97118_3	-0.0363353639062916	-0.0855544705245796	NA	NA
GSE97118_4	0.0140248362468838	0.0595887889615995	NA	NA
GSE97118_5	0.0146914498469993	0.00788007561591126	NA	NA
GSE97118_6	0.030194632963105	0.103103360416704	NA	NA
GSE97118_7	0.00666525657661835	0.0382824430467734	NA	NA
GSE107592_1	-0.00061145684891062	-0.023678624445336	NA	NA
GSE92641_1	-0.00221844501775944	-0.0293642224973185	NA	NA
GSE107849_1	-0.00347844759246142	0.0195286925299313	NA	NA
E-ERAD-89_1	0.00226921698310883	0.0375652115055839	NA	NA
E-ERAD-89_2	-0.00227196800152316	-0.0216224016174741	NA	NA
E-ERAD-89_3	-0.00271725185208776	-0.031435560259059	NA	NA
E-ERAD-89_4	-0.000846194867933999	-0.0448303647595689	NA	NA
E-GEOD-45893_1	0	0.0369998625609223	NA	NA
E-GEOD-53105_1	-0.00240084507581256	0.0880702887359414	NA	NA
E-GEOD-53105_2	-0.000449910672318144	0.0132548436678751	NA	NA
E-GEOD-54461_1	-0.00294045995097091	-0.0188162482475479	NA	NA
E-GEOD-54461_2	0.00247418571089346	0.00142077797841753	NA	NA
E-GEOD-54461_3	-0.000536178035004442	-0.0251047314581277	NA	NA
E-GEOD-54461_4	-0.00478617297702952	-0.0367732390687458	NA	NA
E-GEOD-54461_5	-0.00393035473241056	-0.0365441574043957	NA	NA
E-GEOD-54461_6	0.00363541761781273	-0.0191769495130467	NA	NA
E-GEOD-54461_7	-0.00601011560845686	-0.0252818460494514	NA	NA
E-GEOD-54461_8	-0.00777624099555337	-0.016107680873077	NA	NA
E-GEOD-73372_1	-0.00949460156864691	-0.0336835069382003	NA	NA
E-GEOD-73372_2	-0.0208442390016706	-0.147328103364161	NA	NA
E-GEOD-73372_3	-0.0170523712893742	-0.0992974587456825	NA	NA
E-GEOD-75549_1	-0.032735499151597	-0.173623560811469	NA	NA
E-GEOD-76988_1	0.000507749475372071	-0.0122738594513277	NA	NA
E-MTAB-2923_1	-0.00121598612574629	-0.0263731225646996	NA	NA
E-MTAB-2923_2	0.00597693357927712	0.0489166160117605	NA	NA
E-MTAB-2923_3	0.0171136538444862	0.0542672151323141	NA	NA
E-MTAB-2923_4	-0.0074994832381589	-0.0158529713493232	NA	NA
E-MTAB-3428_1	0.0329711107642431	0.0764484125571117	NA	NA
E-MTAB-3428_2	-0.000919681068669062	-0.00943976881777717	NA	NA
E-MTAB-3428_3	0.000869964741903092	0.0186412397880858	NA	NA
E-MTAB-3428_4	0.0271853177259282	0.0692517573580389	NA	NA
GSE102856_1	-0.000399076966601243	-0.0395228321974455	NA	NA
GSE103492_1	0.00918973816332629	0.0005207523698343	NA	NA
GSE103492_2	-0.00414646707681694	-0.0307773456258992	NA	NA
GSE103492_3	-0.00210543782619935	-0.0139646502256585	NA	NA
GSE103492_4	0.0115601470637124	0.00989814861902107	NA	NA
GSE103492_5	0.00235223649810497	-0.0270855029209823	NA	NA
GSE103492_6	-0.0019519115910383	-0.0556699300913051	NA	NA
GSE103492_7	-0.00495933553714868	-0.0342586897025858	NA	NA
GSE103492_8	-0.0069823334172516	-0.0514784358627694	NA	NA
GSE103492_9	-0.000345701996127603	-0.022655600231284	NA	NA
GSE103492_10	0.00809536577467707	0.0393567953523626	NA	NA
GSE106259_1	0.00616238311939999	0.0478188870160814	NA	NA
GSE110303_1	0.00383042921638383	0.0289731279718055	NA	NA
GSE110303_2	0.00325946574098373	-0.0355368651670597	NA	NA
GSE110303_3	0.00201639322511174	-0.0199264162514729	NA	NA
GSE110300_1	0.00769721231489176	0.0531112629941587	NA	NA
GSE110300_2	-0.000223214285714286	-0.102402681261373	NA	NA
GSE110300_3	0.00352614931596005	-0.0642291557133771	NA	NA
GSE110281_1	0.000403770348200595	-0.0475650752404936	NA	NA
GSE110281_2	5.63679903996363e-05	-0.0100547285874332	NA	NA
GSE110281_3	0.00421576508409151	0.0411118109699506	NA	NA
GSE104459_1	0.000267613866645353	-0.0503170347755012	NA	NA
GSE104459_2	0.00716942791934275	-0.108377473742326	NA	NA
GSE104459_3	-0.0027763897419221	0.0333433657005897	NA	NA
GSE110051_1	-0.0213324080242219	-0.0369187259383175	NA	NA
GSE110051_2	0.00761210904225023	0.000373353836788359	NA	NA
GSE110051_3	-0.0130147640784123	-0.0286706975930513	NA	NA
GSE112694_1	-0.00390518237025551	-0.0111323350926615	NA	NA
GSE112694_2	-0.00151807894773039	0.00217020571406335	NA	NA
GSE112694_3	0.000193548666346351	-0.0125625386900444	NA	NA
GSE112694_4	-0.00338691065005427	0.00937601353837895	NA	NA
GSE97232_1	0.00402105738431689	0.0340336755746242	NA	NA
GSE114079_1	0.000545523098149989	0.183832993726368	NA	NA
GSE114079_2	3.76555214811093e-05	0.00879084430451134	NA	NA
GSE114079_3	-0.0026850897725047	0.0127705878774697	NA	NA
GSE114079_4	0.000511869024894458	0.0850853040421305	NA	NA
GSE104828_1	0.0141721346472156	0.0567855144032367	NA	NA
GSE114521_1	0.000474359104390064	0.112998344954039	NA	NA
GSE114521_2	0.0063919771201788	-0.0176443106799616	NA	NA
GSE112413_1	-0.005507181774256	0.0270135604726171	NA	NA
GSE112413_2	0.00767595541520042	0.117744638887332	NA	NA
GSE101909_1	-0.00443612473866839	-0.0290128410014435	NA	NA
GSE101909_2	0.00525801071573544	0.0217286898800282	NA	NA
GSE114919_1	0.00896042189772473	0.0438777412618338	NA	NA
GSE114919_2	0.00133007949939383	-0.00465429506081823	NA	NA
GSE114919_3	0.0206559313461114	0.0467042692731423	NA	NA
GSE114919_4	0.0123352691492995	0.0332091045195849	NA	NA
GSE114919_5	-0.0117367268340169	-0.0358615839507687	NA	NA
E-MTAB-5879_1	-0.00880286722379264	-0.00735475948552339	NA	NA
E-MTAB-5879_2	-0.0159170367561056	-0.0812964196946709	NA	NA
E-MTAB-5879_3	-0.0221855388820627	-0.0834098971730107	NA	NA
E-MTAB-5879_4	-0.0127756352446274	-0.0733344232239061	NA	NA
E-MTAB-5879_5	-0.026704188865794	-0.0750070858597125	NA	NA
E-MTAB-5879_6	-0.0198148003585385	-0.105944115517884	NA	NA
E-MTAB-5879_7	-0.0058472984824314	-0.0682926661514748	NA	NA
E-MTAB-5879_8	-0.00273590173268325	0.008884710101728	NA	NA
E-MTAB-5879_9	-0.0157518224913754	-0.136602211092247	NA	NA
E-MTAB-5879_10	-0.00682504026953449	-0.117695674579051	NA	NA
E-MTAB-4294_1	-0.00114555505482287	0.0243769300782766	NA	NA
E-MTAB-4294_2	0.0104069257367287	0.0450016310549573	NA	NA
E-MTAB-4294_3	0.0062821033453655	0.0395570921958613	NA	NA
E-MTAB-3186_1	0.000491654166569981	-0.0144397375992034	NA	NA
E-MTAB-3186_2	0.0227429831371153	0.0748803824312478	NA	NA
E-MTAB-3186_3	0.0120770558998856	0.0300776655237902	NA	NA
E-MTAB-3186_4	0.00599258198320337	-0.0213505532623765	NA	NA
GSE114919_Rat_1	0.00176750815691062	0.00769831385572797	NA	NA
GSE114919_Rat_2	-0.0194775005522697	-0.0534026691429236	NA	NA
GSE114919_Rat_3	0.0158852057741591	0.044268973224697	NA	NA
GSE114919_Rat_4	-0.00323141132113659	-0.00628487472621655	NA	NA
GSE114919_Rat_5	-0.0329688370100379	-0.126025993695446	NA	NA
