comparisonID	jaccard	cosine	sigjaccard	chrDir
22659600_1	-0.0146992741956051	-0.042218224306887	NA	-0.0253657503447209
24361742_1	-0.011180683939113	-0.0576449955536559	NA	0
GSE72258_1	0	-0.00820601300598752	NA	0
GSE72258_2	-0.000164865268715445	-0.00182686940027945	NA	0
GSE69531_1	0.0210541889503267	0.0642103573907662	NA	NA
GSE69531_2	-0.0157389675286362	-0.0315425952081619	NA	NA
GSE69531_3	-0.0191047960736576	-0.0482306090093471	NA	NA
GSE69531_4	0.0210541889503267	0.0642103573907662	NA	NA
GSE58203_1	0.000586272906328088	-0.000936978146190692	NA	0.00295184208263095
GSE58203_2	-0.00953888617637351	-0.0195271323708415	NA	-0.00373934764674598
GSE58203_3	-0.0169070373801806	-0.0333698769708649	NA	0.00386067593733498
GSE58203_4	-0.0211557500496014	-0.0339355143630642	NA	0.00449135870118204
GSE58203_5	0.00196297475326177	-0.0041602032829042	NA	0.00333562754729938
GSE58203_6	-0.0115552616552721	-0.0362667224311467	NA	-0.00329294265491115
GSE58203_7	-0.042647760008808	-0.090688613576502	NA	-0.00706232146037529
GSE58203_8	-0.0580783517942798	-0.136402600998708	NA	-0.00572303824149599
GSE59642_1	0.00852146909696886	0.0135302062259057	NA	NA
GSE59642_2	-0.0196077282667162	-0.0471700596887207	NA	NA
GSE59642_3	-0.0221731077279994	-0.0707537790639071	NA	NA
GSE64922_1	0.0220360144890556	0.0526601341846262	NA	0.010078703934016
GSE60162_1	0.00138658167668153	0.0495336298972565	NA	NA
GSE31685_1	0.0291003097039558	0.0998849380825891	NA	0
E-MEXP-3890_1	-0.0110605840717293	-0.029660148037149	NA	-0.00404375460221241
GSE31980_1	0.043814431864729	0.107939290397458	NA	0
GSE15615_1	0.00741672186122141	0.0108578434021846	NA	0
GSE15083_1	-0.00348833979198973	-0.00128946267225734	NA	-0.00209330120786619
GSE108035_1	0.0614101722256018	0.106416379880144	NA	0.00678391520914683
GSE108035_2	0.0197149166015178	0.0399268973620385	NA	0.00379079204986706
GSE108035_3	0.0133560490103234	0.0251256983357551	NA	0.00609619168805944
GSE21959_1	0.0130307980732023	0.0361162898182453	NA	-0.00504249164742023
GSE21959_2	0.00837773862956205	0.0325892197952635	NA	-0.00136360268559164
GSE24742_1	0.00272728970676499	0.0404245869088763	NA	0.00671879338766341
GSE24742_2	0.00129496875370988	-0.00339252592970935	NA	-0.00357635717774821
GSE24742_3	-0.00821726381226636	0.00880449065881525	NA	-0.00600888846979366
GSE74668_1	0.00453740185715972	0.0243709400293366	NA	NA
E-GEOD-10024_1	0.00730390732924572	0.0441137346858856	NA	NA
E-GEOD-10024_2	0.0054349618623528	0.00585151016351307	NA	NA
E-GEOD-12860_1	-0.00693514442520989	-0.0484337595730373	NA	NA
E-GEOD-12860_2	-0.0136322549032956	-0.0589179067827817	NA	NA
E-GEOD-12860_3	-0.0155190327283089	-0.0704380722741986	NA	NA
E-GEOD-12860_4	-0.00969028529323136	-0.0605989775702561	NA	NA
E-GEOD-12860_5	-0.0102854049728358	-0.0658953415595254	NA	NA
E-GEOD-12860_6	-0.0107900175379955	-0.0543679776596701	NA	NA
E-GEOD-12860_7	-0.00932593021480459	-0.0495379870527082	NA	NA
E-GEOD-12860_8	-0.0152377535891826	-0.0661450109902174	NA	NA
E-GEOD-14359_1	0.00663410692092923	0.010319568302722	NA	0.0166826895214596
E-GEOD-14359_2	0.0185036528697813	0.0639210834830054	NA	0.00621268170850708
E-GEOD-1919_1	0.00748131184002115	0.0168894327594021	NA	NA
E-GEOD-1919_2	0.00736180234578358	0.0259643667264532	NA	NA
E-GEOD-1919_3	0.00595563699427456	0.0224444093226478	NA	NA
E-GEOD-1919_4	-0.000663707025308206	-0.00713436913317389	NA	NA
E-GEOD-1919_5	0.00750977061925566	0.0104580180908946	NA	NA
E-GEOD-1919_6	-0.0133848913722568	-0.0221768725535044	NA	NA
E-GEOD-1919_7	-0.00378145003952779	-0.00416594491231857	NA	NA
E-GEOD-1919_8	-0.00560156011208951	-0.000589919205172181	NA	NA
E-GEOD-1919_9	0.00115318623294038	-0.00505146357219759	NA	NA
E-GEOD-19664_1	0.0223575693190261	0.0397876031885983	NA	NA
E-GEOD-19664_2	-0.00306852028859161	-0.0208690856603815	NA	NA
E-GEOD-19664_3	-0.00281812792701544	-0.00259817476746725	NA	NA
E-GEOD-19664_4	0.0189158199978327	0.0419668478726321	NA	NA
E-GEOD-19664_5	-0.00495395158794623	-0.0143134497199171	NA	NA
E-GEOD-19664_6	-0.0150642199687793	-0.0312325848786037	NA	NA
E-GEOD-43923_1	0.00354941389555508	0.0129412488726085	NA	0.00546859958128934
E-GEOD-51812_1	0.005339970807814	0.0194256742647968	NA	0.00415992184503771
E-GEOD-51812_2	0.00815351947424062	0.0243534296111958	NA	0.00465751783062401
E-GEOD-68760_1	-0.00833335462983476	-0.0180383415022575	NA	0.00170184653821968
E-GEOD-82107_1	-0.000764569939106292	0.010822312844761	NA	-0.00542051433724279
E-GEOD-9451_1	0.0101382604401921	0.0321635585209151	NA	-0.000696201750754426
E-GEOD-9451_2	0.0120008680836636	0.0360866998395785	NA	0.00332067550114402
E-GEOD-9451_3	0.0245720217334032	0.0440577429551507	NA	-0.00254385930582837
E-GEOD-9451_4	0.0184778095557429	0.0291347757933135	NA	0.00232196693949951
E-MEXP-2019_1	0.0217085874795653	0.0586816474059421	NA	0.00299421207070012
E-MEXP-2019_2	-0.000922135507385076	-0.00730137101713885	NA	0.0100092970565412
E-MEXP-2019_3	0.0117468903533037	0.0498310922798431	NA	-5.14372316618686e-05
E-MEXP-2019_4	0.0120976092796516	0.0445943419278205	NA	0.01396222982973
E-MEXP-2276_1	-0.00120497071137036	-0.0377714896548969	NA	-0.00296682387864348
E-MEXP-2488_1	0.0136876223473737	0.0539682944821676	NA	0.0149569828284458
E-MEXP-3129_1	-0.00573681450218531	-0.0324083484845028	NA	-0.00876686826653671
E-MEXP-3474_1	-0.0296162505266482	-0.0449333876667914	NA	0
E-MTAB-3010_1	-0.0233124602674375	-0.0655274698894188	NA	NA
E-MTAB-3010_2	-0.0207852108653519	-0.0524904797776477	NA	NA
E-MTAB-3010_3	0.00383007353979727	0.0164428507817207	NA	NA
E-MTAB-3010_4	0.0261471646626414	0.0934628462827784	NA	NA
E-MTAB-4152_1	-0.0344158844547842	-0.110732123218604	NA	-0.0182100894347876
E-MTAB-4152_2	0.0131996750055422	-0.00522665414021143	NA	0.0143829592352035
E-MTAB-4152_3	-0.0376768400490488	-0.118871965896205	NA	-0.0170798220863967
GSE100609_1	-0.00434303218451801	-0.0102706841607721	NA	0.00414180392789064
GSE100786_1	-0.000314578627226937	0.018397878715332	NA	-0.00448818826532455
GSE100786_2	-0.000579177242791301	0.00491356389325794	NA	-0.00196603813499654
GSE103697_1	0	0.0141243617143127	NA	NA
GSE103697_2	0	0.0095565570970514	NA	NA
GSE103697_3	0	0.0126421061424417	NA	NA
GSE104113_1	0.0427957803180285	0.072820796332426	NA	NA
GSE104113_2	-0.0401890771693687	-0.11135650947295	NA	NA
GSE104113_3	0.0427957803180285	0.072820796332426	NA	NA
GSE10575_1	0.000809206839794182	-0.00226620727797516	NA	0.00403164259384522
GSE10575_2	0.00181275932945872	0.028846686003708	NA	9.55654442976045e-05
GSE10575_3	-0.0191386896326637	-0.0440197454819407	NA	-0.00422338794336328
GSE13604_1	0.00682865966864459	0.0203026924363949	NA	-0.00934731666802633
GSE13837_1	-0.00562610373810655	-0.00137288557478912	NA	0.00495220345876453
GSE13837_2	-0.00642857615651276	-0.0047492100781566	NA	-0.00241364285609991
GSE13837_3	0.000528254557784777	0.00363336603200531	NA	0.00275286486094237
GSE13837_4	-0.0131395585020756	-0.0238571651828436	NA	-0.00336617044812944
GSE13837_5	-0.00549170449603113	-0.0226830876546663	NA	-0.0039217524233949
GSE13837_6	0.00044715393820284	0.00275406919941922	NA	0.00037346103717785
GSE13837_7	-0.00403323404588683	-0.00218014030049901	NA	0.00464876799603067
GSE13837_8	-0.0175684073304867	-0.03511943826961	NA	-0.00103244446938851
GSE13837_9	-0.00240832541084309	-0.00252446019868341	NA	-0.00428805662673183
GSE13837_10	-0.00521923063603753	-0.0137532035824072	NA	-0.00637352113751822
GSE13837_11	0.00211795884333509	-0.00570040806207299	NA	0.00141290514770734
GSE13837_12	0.00261870435307983	0.00380451465098201	NA	0.00379853500726716
GSE13837_13	-0.00121190610128959	0.013999316942273	NA	0.0078806098082385
GSE13837_14	-0.00564962709849074	-0.00711603119491031	NA	0.000931099097633404
GSE13837_15	-0.00176223278762383	-0.00762768588880919	NA	0.00530975511562695
GSE13837_16	-0.00885011718187597	-0.0244810755510776	NA	-0.00844646216844927
GSE13837_17	-0.00187061890668187	0.000965968564099483	NA	-0.00717902968457641
GSE13837_18	-0.00131206778858944	0.000659165026147661	NA	0.00531748785974193
GSE13837_19	0.00332448861032432	-0.00220299868798615	NA	0.00187267730360891
GSE13837_20	0.000179604008571553	-0.0129255210411731	NA	0.00129081845192673
GSE13837_21	0.00202887794897279	-0.000964342183036824	NA	-0.00232449839989944
GSE13837_22	-0.00718073367807576	-0.016599089131683	NA	-0.00436059732747965
GSE13837_23	-0.00122160740109643	-0.0159994725344016	NA	-0.000893068672074814
GSE13837_24	-0.0108380749129871	-0.0249604607899355	NA	-0.000635761325985506
GSE16464_1	-0.020894931493701	-0.0863813413674455	NA	NA
GSE16464_2	0.0243787301521247	0.0820137824460222	NA	NA
GSE19060_1	-0.0110472993926102	-0.00857847947131413	NA	-0.00353439760496254
GSE27372_1	0.00271770983280865	-0.0285593128874994	NA	0.00133746070121868
GSE27390_1	0.00350237921007845	0.00880710669877576	NA	-0.00100714374534373
GSE29106_1	-0.0109962446377063	-0.0467750447259196	NA	NA
GSE29107_1	0.00195053512767111	0.00608514728459197	NA	NA
GSE29107_2	0.0134678148353148	0.0372798927714759	NA	NA
GSE29745_1	-0.0289034869570762	-0.0775308862319512	NA	NA
GSE29745_2	-0.000600344473656322	0.00605527558054886	NA	NA
GSE29745_3	-0.0179944128438782	-0.0471677834459214	NA	NA
GSE35546_1	-0.000570805209325437	0.0220044200431509	NA	NA
GSE35546_2	-0.000158336877302338	0.0239020708212816	NA	NA
GSE35546_3	0.00288414574937404	0.0276985289186074	NA	NA
GSE35546_4	0.0224921376321206	0.0628318524324452	NA	NA
GSE35546_5	0.0187753659811561	0.0619312411424724	NA	NA
GSE35546_6	0.020329642378829	0.0640111147560749	NA	NA
GSE35955_1	-0.00769631686507773	-0.00685601654857735	NA	-0.0149884753236343
GSE35956_1	-0.00122863239787079	-0.00960768785019757	NA	-0.00726148192297393
GSE35957_1	0.00899686773083457	0.0130097382170804	NA	-0.00810264419824238
GSE35958_1	0.00556101953375033	-0.000968928964630701	NA	0.000323728267010511
GSE39340_1	0.00108096049995437	0.0335601564602737	NA	0.00324795090240167
GSE39340_2	-0.00212852723188161	0.0154327846419059	NA	-0.00165747545704981
GSE39340_3	0.00645098768800236	0.0168043078019326	NA	-0.00298460056968991
GSE39795_1	0.00292144231360152	0.00285948758048528	NA	-0.00968428550834019
GSE39795_2	0.004700501563521	0.026442739249617	NA	-0.0112698317218164
GSE39795_3	0.00516605862619374	0.0325773080970341	NA	0.00137890534305658
GSE41038_1	0.00537855536375977	0.0203840927568803	NA	-0.00080286337982211
GSE41038_2	-0.00173442307287442	0.0152405697015636	NA	-0.0108184552521306
GSE41038_3	-0.000719355759184947	-0.00431783584346178	NA	-0.00685551369520793
GSE41992_1	-0.0214339444306325	-0.064763004519304	NA	NA
GSE42235_1	-0.0114848990809747	-0.059013411364143	NA	-0.0202159533707485
GSE42235_2	-0.0129826129097643	-0.0550257725931108	NA	-0.0242207395883566
GSE42235_3	-0.0187491022411306	-0.0738819196952272	NA	-0.0185924003075634
GSE42235_4	-0.0222960167086448	-0.0803938315356223	NA	-0.0236372409044168
GSE45233_1	0.00573231550735697	-0.00274068892304756	NA	0.0109329100102489
GSE45233_2	0.00587873259068376	0.0471505071506224	NA	0.00573274670242351
GSE45233_3	-0.00678712663391057	0.0136785176775954	NA	-0.00834192492826283
GSE45233_4	-0.00832842737244222	-0.0325696390556886	NA	0.00559188925230288
GSE46053_1	-0.00216331065365754	-0.00670029696642812	NA	0.0149156004480451
GSE46053_2	-0.00249736969383883	-0.02538871387451	NA	0.0102461347242326
GSE46750_1	0.0149376560989544	0.100519773041218	NA	0
GSE51588_1	0.0242708929938454	0.068557321763955	NA	-0.00847222177095215
GSE52817_1	-0.00742005657612008	-0.0478854320172944	NA	NA
GSE52817_2	0.00589035298883922	0.0457120197602294	NA	NA
GSE52817_3	0.00836162055652011	0.0284445798877749	NA	NA
GSE52817_4	-0.013459161048679	-0.0680894699190707	NA	NA
GSE55235_1	8.04816282241501e-05	-0.0232313085762231	NA	-0.00677682064649213
GSE55235_2	-0.00650199565073289	-0.0186751096582027	NA	-0.00937042753090216
GSE55235_3	-0.0069259685643406	-0.00364438482848605	NA	-0.00675661799326769
GSE55457_1	-0.000983392961458178	-0.0264345504081662	NA	-0.00264465583785263
GSE55457_2	-0.00304809764341866	0.000351794656209289	NA	0.000853310617002287
GSE55584_1	-0.00339208489886884	-0.0320146482399939	NA	-0.00226473020435342
GSE57218_1	-0.001163023846339	-0.0329423238027104	NA	0.00474379189956516
GSE57218_2	-0.0130776933458579	-0.0560536840887255	NA	0.00217066204185111
GSE57218_3	-0.0110911281191539	-0.0467251286760891	NA	-0.00424383541105395
GSE60762_1	-0.00822501471176177	-0.0490646452041855	NA	-0.0120270684902719
GSE62914_2	0.284493811014018	0.73898621664419	NA	0.288909866064175
GSE62914_3	0.0800612949963737	0.346480544835035	NA	0.0611258510532736
GSE62914_4	-0.0261260216311464	-0.0595394455047314	NA	0.00866829690000422
GSE64394_1	0.00809285979053421	0.00943589999397134	NA	0.00263736244807002
GSE66635_1	-0.001682162912118	0.0118419253392824	NA	0.0027693909624867
GSE68038_1	0.00825646842072206	0.038245564770941	NA	0.0107951384410931
GSE68428_1	0.0118653853539332	0.00144226518249809	NA	0.0126185192763947
GSE68428_2	0.0187411440010438	0.0218050840756737	NA	0.011206115996211
GSE68428_3	-0.0112158458667685	-0.0217218657657997	NA	0.00465911496028161
GSE69459_1	-0.0112733528004948	-0.0169858536875721	NA	NA
GSE69459_2	-0.0195463510988204	-0.0418509477343046	NA	NA
GSE69459_3	-0.00266736476750478	0.0102223242446694	NA	NA
GSE69459_4	-0.0101307045261793	-0.00721316138808875	NA	NA
GSE69992_1	-0.00646933090676879	-0.0162229652030665	NA	0.00590041735951357
GSE70719_1	-0.000781118762418534	-0.0168876645063048	NA	-0.00337427426479869
GSE7116_1	0.00244069136942685	0.0128039825374751	NA	-0.000622702781415746
GSE7116_2	-0.000629437859755706	0.0229896822228626	NA	-0.00286035735500836
GSE7116_3	-0.00126275493901023	0.00598152211921212	NA	0.00383943213078288
GSE72575_1	0.00803389080276418	0.00451460862423352	NA	-0.00720049636416163
GSE72575_2	-0.00154343390030063	0.0327223208938526	NA	-0.00574686333225293
GSE72575_3	0.00930507139063937	0.0353046248428574	NA	-0.0178188076847829
GSE72575_4	-0.00116021590207602	0.000316654454887249	NA	-0.00567693653589389
GSE75181_1	0.00621307022833765	0.0114201041549166	NA	-0.00134061357447441
GSE75181_2	0.0130291723082391	0.0495399198975014	NA	0.0173081540612168
GSE75181_3	0.00584355393320592	0.0121641252903254	NA	0.00211711539821168
GSE75230_1	-0.0018371313756397	0.00289642709741261	NA	-0.0100943230375505
GSE7669_1	-0.00704885820318305	-0.0326774022678822	NA	-0.00905199474188453
GSE77916_1	-0.000586854460093897	0.00348983550661008	NA	0
GSE80614_1	0.00140469817871674	0.0121161687910758	NA	-0.00408504381792054
GSE80614_2	0.00161490681476109	0.0142934165004629	NA	-0.0125034928257676
GSE80614_3	0.000360444121055326	-0.0178364009549017	NA	-0.0038079590023834
GSE80614_4	-0.00175811174446116	0.00591086029576847	NA	-0.000112047220072953
GSE80614_5	0.0027080752569176	0.0255087601626968	NA	-0.00172925954321157
GSE80614_6	-0.00271658074333297	0.00670665494479663	NA	0.00100091506756467
GSE80614_7	-0.00138346450060776	0.00127895424511501	NA	-0.00625649122311479
GSE80614_8	-0.00192656050375387	-0.0244793691316361	NA	-0.000129240844987645
GSE80614_9	0.000888509413297022	0.0235158917934064	NA	0.00589696816728619
GSE80614_10	0.00101825424533984	0.0101435055969855	NA	0.00854561274889258
GSE80614_11	-0.000226625226625227	0.0297620669197246	NA	-0.000733076975438835
GSE80614_12	-0.00461656356370167	-0.00429189045754511	NA	0.00525085031396029
GSE80614_13	0.000462732528194253	-0.00338978060100497	NA	0.00664249192131351
GSE80614_14	-0.00122697888042089	0.00802943200669541	NA	-0.00266883629250536
GSE80614_15	-0.00705130927989344	0.0198067810879514	NA	-0.00464639639857602
GSE80614_16	-0.00770119069881483	0.0161946328373656	NA	0.0025156571474947
GSE85254_1	-0.00468971159858848	-0.0286495455359665	NA	0.00786020971122815
GSE86578_1	0.0019385357043679	0.0195704400048624	NA	0.000525123751250953
GSE86578_2	0.00143779890115016	0.0148316440140504	NA	0.00759745187881203
GSE86578_3	0.00686959175193655	0.00607339419212405	NA	0.00213240277908144
GSE9329_1	0.00322169968486674	0.00527947416320993	NA	NA
GSE93698_1	-0.010812451256372	-0.0136018189661311	NA	-0.0109479643945238
GSE93698_2	-0.00249615498187863	-0.0045526920678516	NA	-0.00758624083574488
GSE93698_3	4.69717737420737e-05	-0.00182447164734073	NA	-0.0138216110637353
GSE93698_4	-0.0071636091604491	-0.0131675746675291	NA	-0.00931426474511874
GSE93698_5	-0.00291014734788239	-0.00817701786938886	NA	-0.0182937971970875
GSE93698_6	0.00675525764609249	0.0265365167336433	NA	0.00486173164257987
GSE93698_7	0.0063131611845599	0.0220480024096872	NA	-0.00166201500803566
GSE93698_8	-0.00200726428858795	0.00567478977183433	NA	0.0023481830628869
GSE93698_9	-0.00452696651708223	0.0088096756414137	NA	-0.0190513778863129
GSE93698_10	-0.000952932770904769	0.00448748701881424	NA	-0.00478330199935705
GSE93698_11	-0.00734873062604088	-0.0200147274700675	NA	0.000255291950903252
GSE93698_12	-0.0106265743103511	-0.00847744599818808	NA	-0.0092146719617529
GSE93698_13	-0.00267777758740409	-0.0205196623515264	NA	0.00126104439655886
GSE93698_14	-0.0121309904321746	-0.0169936867078822	NA	0.0081614325390734
GSE93698_15	-0.00599052843260914	0.00477733427363188	NA	-0.0148130025988989
GSE93720_1	-0.00163761676937271	0.0113571474304972	NA	NA
GSE93720_2	0.0134636101494123	0.0428884235775581	NA	NA
GSE93720_3	-0.00110582395959498	0.00030412217542919	NA	NA
GSE93720_4	0.0137672123538378	0.0370879695722711	NA	NA
E-MTAB-5564_1	0.00830258962893915	0.0438621517177658	NA	0.00069150829486535
GSE77753_1	-0.0035755487642735	-0.0291110661702935	NA	-0.00623229990014367
GSE43861_1	0.000944193299291742	0.00636487974392481	NA	NA
GSE112809_1	0	-0.0124691521162508	NA	NA
GSE111946_1	-0.0165936530640594	-0.0730976257109649	NA	NA
GSE111946_2	-0.00120721347835075	-0.0334204554012423	NA	NA
E-MTAB-3201_1	0.00235933542002862	0.00716572770272727	NA	0.0101536689959744
GSE57740_1	-0.000480109931811693	0.0103575842246178	NA	NA
GSE52992_1	-0.0126045891226773	-0.0316390268323238	NA	-0.0120598220736029
GSE17160_1	-0.00121553715042105	-0.00415413310803786	NA	NA
GSE17160_2	0.00217241034104841	-0.0221247276072183	NA	NA
GSE17160_3	-0.00160908232907938	-0.0308105597072187	NA	NA
GSE17160_4	-0.00408062271028108	-0.0613707310897403	NA	NA
GSE17160_5	-0.00013377864347852	-0.0305193929316956	NA	NA
GSE17160_6	-0.00182749077887909	-0.0309666731246945	NA	NA
GSE17160_7	-0.0103704798872251	-0.0524256693329862	NA	NA
GSE17160_8	-0.0123195000730012	-0.0622479012643442	NA	NA
GSE17160_9	0.0279358750555564	0.0543748449635838	NA	NA
GSE17160_10	0.0310529265605227	0.0605419452169722	NA	NA
GSE17160_11	0.0229432655606708	0.0526686207751407	NA	NA
GSE17160_12	0.020679194225525	0.0543035592938841	NA	NA
GSE22971_1	0.000303414745039948	0.020263938997736	NA	-0.00208697960149388
GSE22971_2	-0.000405216289416335	-0.0125921908659655	NA	-0.00479415764821188
GSE22971_3	-0.0135539039486746	-0.0243519536287629	NA	-0.00289712523221796
GSE22971_4	-0.0172255510203255	-0.0376875772827059	NA	-0.00348982792738007
GSE13590_1	-0.00450602187093613	-0.0251626972712184	NA	-0.00455760231060133
GSE13590_2	6.92856647959545e-07	-0.00285767462708197	NA	0.000805747539616389
GSE99731_1	-0.00131769957992034	-0.0144325495877411	NA	-0.00207259822516813
GSE99731_2	-0.00339386203253356	-0.00492165142141628	NA	0.000862082741262
GSE99731_3	0.00569871477061611	0.0036216351540936	NA	-0.00153708307964729
GSE27492_1	0.000245781778763723	0.0115030901975468	NA	0.0097767791763411
GSE27492_2	-9.73479840496276e-06	-0.00965140182552734	NA	0.00355570719949683
GSE27492_3	-0.00102345139735677	-0.0164117430369618	NA	0.00648905065265246
GSE27492_4	-0.0020897138765771	-0.0118545042483552	NA	0.000511186445521672
GSE27492_5	-0.000642789965740876	-0.0110655898508302	NA	0.00645772895147497
GSE27492_6	-0.00198446283999383	0.0164606581763956	NA	0.000168250833312331
GSE27492_7	0.000592409492048728	0.00892268589727124	NA	-0.00911378032937666
GSE27492_8	0.00220243257627118	0.0172475376570087	NA	0.00017438009667519
E-GEOD-15069_1	0.0025058997594252	0.0650300309130056	NA	-0.00225055385397083
E-GEOD-15069_2	0.00352488205208858	0.058572081120669	NA	0.0036800973785562
E-GEOD-15069_3	0.015900070705946	0.0523509720587149	NA	0.00330882363607689
E-GEOD-15069_4	-0.00461436605470837	0.0322941594955966	NA	-0.00541850403992839
E-GEOD-15118_1	0.00221771803733048	-0.00388597913114432	NA	NA
E-GEOD-15118_2	0	0.0160750578471377	NA	NA
E-GEOD-15118_3	-0.00568085902769156	0.0036260650344624	NA	NA
E-GEOD-15118_4	-0.00636137985516666	-0.00656516361709213	NA	NA
E-GEOD-16007_1	0.00522432064154252	0.0224552258994364	NA	NA
E-GEOD-17473_1	-0.00859531061529824	-0.0504197311512064	NA	0.00486210322685417
E-GEOD-18647_1	-0.0123320941928486	-0.0270458689679235	NA	-0.00388694223334281
E-GEOD-18647_2	-0.0122383166400203	-0.0583843999104609	NA	-0.00505341991125184
E-GEOD-18647_3	-0.00673598432968246	-0.0164728724690751	NA	-0.00684580664630483
E-GEOD-18647_4	-0.0108091535515625	-0.0363545286751579	NA	-0.00301212858688838
E-GEOD-18648_1	-0.0160452892566072	-0.0595124728130306	NA	-0.00302665317424319
E-GEOD-18648_2	-0.00765160640896706	-0.0352886453535218	NA	0.00678319177879196
E-GEOD-2154_1	0.000598502740406514	0.00804418866621086	NA	0.00126784894863282
E-GEOD-2154_2	0.00702508675860292	0.0622545875756381	NA	0.0105394192277733
E-GEOD-2154_3	0.00397170065090908	0.0422761501481669	NA	0.0141710602584223
E-GEOD-2154_4	0.00303407624638174	0.0405126458061915	NA	-0.00809049659223494
E-GEOD-26475_1	-0.00833133809350303	-0.0641067732011675	NA	-0.00386760364987716
E-GEOD-26475_2	-0.00642988422985774	-0.0565182584700019	NA	-0.00128399382225959
E-GEOD-26475_3	0.00053605766804361	-0.0183417466112885	NA	0.00149674724070366
E-GEOD-33567_1	0.0497080936503757	0.115140890670414	NA	NA
E-GEOD-33567_2	-0.00924276998884097	0.00423302128857932	NA	NA
E-GEOD-37287_1	0.00534644486051687	0.0192944159547523	NA	NA
E-GEOD-37287_2	-0.000258076560246137	-0.000518931422649884	NA	NA
E-GEOD-37287_3	0.00276378064817468	0.0104320738848457	NA	NA
E-GEOD-51994_1	-0.00102749768427784	0.0108438248012523	NA	-0.00566548621494192
E-GEOD-51994_2	-0.00181824909257379	0.00510425059362648	NA	0.00232876827562986
E-GEOD-51994_3	-0.00105090055299572	-0.00312720538122411	NA	0.00542866350443618
E-GEOD-65077_1	0.000456005775154711	-0.0435358382880876	NA	NA
E-MEXP-1244_1	0.00397133951452306	0.0230633291192849	NA	NA
E-MTAB-1123_1	-0.00673981972623001	-0.016905415919671	NA	0.00581376003131728
E-MTAB-1123_2	-0.00156492771640798	0.00711638201009065	NA	0.00726974497466301
E-MTAB-1123_3	-0.000345842645404031	0.0178633904083356	NA	-0.00409776554299881
E-MTAB-1123_4	-0.000265626846553037	-0.0253492213560171	NA	-0.00268786742121762
E-MTAB-1391_1	0.0144978327829981	0.0147450030058131	NA	0.00617427657341937
E-MTAB-1391_2	0.0523618524140023	0.100641704513588	NA	0.0109594994759272
E-MTAB-1391_3	0.0530085464057527	0.117613477771403	NA	0.0181769988269657
E-MTAB-2450_1	-0.00466353628720225	0.00192134640488644	NA	-0.0133640326126613
E-MTAB-2450_2	-0.00740597132308947	-0.0297684995521427	NA	-0.0106554392893721
E-MTAB-2450_3	-0.0198266805419477	-0.0750280436450322	NA	-0.00149021146476669
E-MTAB-2450_4	-0.02193451201161	-0.0683663015108142	NA	-0.00154384940490408
E-MTAB-5023_1	-0.00425753100406435	-0.0155339128167611	NA	0.00613215152282715
E-MTAB-5326_1	-0.00112331419915365	0.0113336220083298	NA	NA
E-MTAB-5326_2	0.0083264462866588	0.0312613965765284	NA	NA
E-MTAB-5326_3	0.0083569264016874	0.0156054293485727	NA	NA
GSE102588_1	-0.000936669106598204	0.0205823343547537	NA	-0.0142385572018551
GSE104793_1	0.0275515946549137	0.0571124824520883	NA	0.00381584165521161
GSE104794_1	-0.00216757337302727	0.0090034870064719	NA	0.00290148915273635
GSE104795_1	-0.00127967267687492	-0.00175744895451128	NA	0.00346909904778687
GSE105139_1	0.000165870554819467	0.0090882570100671	NA	0.00426502031145767
GSE105139_2	0.000374913125263766	-0.00132658664085386	NA	0.000663503693927395
GSE105139_3	0.00308604993260639	-0.00642975361618537	NA	-0.000912250226055848
GSE10555_1	0.0175233604930618	0.0474131821662649	NA	NA
GSE10556_1	-0.00139206579738106	-0.0261816053495195	NA	-0.00343572634690637
GSE106631_1	0.0115375246437509	0.0422900002101004	NA	0.000819644270395175
GSE13104_1	0.0115329369634547	0.0174292701601169	NA	NA
GSE13104_2	0.0171952169004055	0.0375250750884359	NA	NA
GSE13104_3	0.00775896279216449	0.0119939391535586	NA	NA
GSE16749_1	0.0210729943376889	0.0581166852246082	NA	NA
GSE16749_2	-0.00055542974882037	-0.0378850558807677	NA	NA
GSE16749_3	-0.00258544062044891	0.017316016988178	NA	NA
GSE17348_1	-0.00205107226005384	-0.0140621601131144	NA	NA
GSE17563_1	-0.0333673731223431	-0.0945743123102603	NA	NA
GSE17563_2	0.0226620462728396	0.0668624326149111	NA	NA
GSE17569_1	0.0275305930782141	0.0692248890135626	NA	NA
GSE17569_2	0.0130157627415648	0.0313185688826098	NA	NA
GSE17570_1	0.0131155156264609	0.0321750208771375	NA	NA
GSE17570_2	0.0180123105915373	0.0666418264620041	NA	NA
GSE18991_1	0	0.00718943915588359	NA	0.000675919639025077
GSE18992_1	0	0.00711339305581394	NA	0.00580720156888273
GSE19299_1	-0.00243329777615809	0.0075144831242828	NA	0.00246948197179482
GSE20850_1	-0.00742644037384372	-0.0184087784459077	NA	NA
GSE21093_1	0.0261513258660991	0.0916673002717676	NA	NA
GSE21523_1	-0.00352194746687191	-0.0134266196696347	NA	NA
GSE21639_1	0.00125408202440116	0.043807930445804	NA	NA
GSE21639_2	-0.00731694861567549	-0.0307042419969442	NA	NA
GSE21639_3	-0.00333881705298698	0.0213406442451967	NA	NA
GSE21639_4	-0.00167820254060822	-0.0212730008859098	NA	NA
GSE21710_1	0.0107393197103059	0.0261705256928462	NA	NA
GSE21710_2	0.0087991306558122	0.0242412310167859	NA	NA
GSE21710_3	0.00430313803106694	0.0131616115888875	NA	NA
GSE22925_1	-0.0102171320265162	-0.0192175729341236	NA	-0.00497238434623108
GSE22925_2	-0.00914995278289962	-0.0132914814761877	NA	-0.0002116684378585
GSE26499_1	0.00226561492573327	0.0123148117047102	NA	NA
GSE30160_1	0.0196503140882901	0.0748126642033134	NA	0.00996435074961856
GSE30628_1	-0.00932887259826307	-0.0154125953879134	NA	-0.0122947481965873
GSE30628_2	-0.012296361370036	-0.0318536024583136	NA	-0.00736645561839194
GSE32163_1	0.00952740483668433	0.0547552717947861	NA	0.00221766185289302
GSE33656_1	0.0100723920853006	0.0421026945385057	NA	NA
GSE33754_1	0.00130496522895975	0.0263921612518831	NA	-0.000472348940359764
GSE33754_2	-0.000464228624360934	0.011217940395601	NA	-0.00659934482546495
GSE33754_3	-0.00116360819819982	0.0167412186612402	NA	-0.00110665426987727
GSE34570_1	0.0272955699475892	0.0666709366913786	NA	NA
GSE35003_1	0.000169107621535634	0.0170244892750997	NA	NA
GSE35466_1	-0.00746911113208072	-0.0389459055910822	NA	NA
GSE35466_2	-0.00644718287259891	-0.0199316060594468	NA	NA
GSE35466_3	-0.0105995148126331	-0.029883817053365	NA	NA
GSE35466_4	-0.00657371991858156	-0.000517000884962426	NA	NA
GSE35466_5	-0.00146766705368507	0.00477926760697546	NA	NA
GSE36925_1	-0.00158426163451289	0.00662800996702092	NA	NA
GSE36925_2	0.00245941985493128	-0.0037087053388107	NA	NA
GSE36925_3	0.00574170420619113	-0.00347833427895644	NA	NA
GSE37219_1	-0.0113106613180648	-0.0470267416543571	NA	NA
GSE37676_1	0.00457514032289863	0.0138072583581966	NA	0.00458871465307884
GSE41342_1	-0.00603021259673416	0.000604157897817726	NA	-0.00309509366632824
GSE41342_2	0.000652848558674856	0.00740570170196075	NA	-0.00291528454287862
GSE41342_3	-9.88319264426905e-08	-0.0431905044796382	NA	0.00297955688314781
GSE41342_4	0.00218620413605256	0.020480665113119	NA	-0.00789733243438086
GSE41997_1	0.00100830477692517	0.00175956795532341	NA	-0.00176001419199208
GSE43242_1	0.00171502223588182	0.030352773885265	NA	-0.00399538201006826
GSE43242_2	0.00153122326534349	-0.0130773288195275	NA	-0.00278956191536939
GSE43663_1	0.000169314196109075	0.0147723128458662	NA	-0.00459725080241133
GSE43854_1	-0.00786285262422734	-0.0219700227431671	NA	NA
GSE45656_1	-0.0140832336360682	-0.0316039701870224	NA	NA
GSE45656_2	0.0338202203608137	0.0969740974110914	NA	NA
GSE45656_3	0.0315356323576955	0.0926794048500779	NA	NA
GSE45793_1	0.00285970609255031	0.0174028407174265	NA	0
GSE45793_2	-0.003715510277165	0.0125760827222274	NA	0
GSE45793_3	0.00276661864265819	0.044695324537608	NA	0
GSE45793_4	-0.00235670156367021	0.0156223253977158	NA	0
GSE45793_5	0.0038444255431011	0.0235082833118074	NA	0
GSE46390_1	-0.00196357973757513	-0.0377967840612316	NA	NA
GSE48438_1	-0.00134834818553101	-0.00292741628581703	NA	0.00633231085344515
GSE50549_1	-0.00159835636258404	0.000415321804609128	NA	-0.00635470141725053
GSE50549_2	-0.000686977302982131	0.000510651215147958	NA	-0.00451803998278366
GSE51098_1	0.00288216636426488	0.00427547970030752	NA	0.00959925499503274
GSE53857_1	-0.000820541728131655	0.0101143094506674	NA	0.00450628896702826
GSE53857_2	-0.000836304373180073	-0.00345446107262771	NA	0.00723610487801196
GSE53857_3	-0.000997889405330564	-0.000581557554710047	NA	-0.0065088320416003
GSE53982_1	0.0284251998663564	0.0823856001044881	NA	0.000232393280656174
GSE53982_2	0.00298930560994924	0.0135901478711126	NA	0.0106760063536501
GSE54779_1	-0.0294998505266586	-0.0763097852234818	NA	-0.00322415482203529
GSE55900_1	0	0.0273344595124432	NA	6.10741761517021e-05
GSE57104_1	-0.00619602575179476	-0.0450822696274452	NA	-0.00411969373276175
GSE59387_1	0.000104740093057703	0.0131980880223038	NA	NA
GSE60401_1	-0.0174091636925626	-0.0550836117134577	NA	NA
GSE60401_2	-0.00511760648727472	-0.0167832099553336	NA	NA
GSE60651_1	-0.00171457460365356	0.00678669390681637	NA	NA
GSE60737_1	0.00372515217025112	0.0034621988762432	NA	NA
GSE60761_1	9.56181564410545e-05	-0.00598474515931835	NA	-0.00463651960584408
GSE60761_2	0	0.00259618149824277	NA	-0.00222245657386129
GSE60761_3	-0.00118734820314564	-0.0218029542373302	NA	0.00166615622858845
GSE60761_4	-0.000449725673588104	-0.0254769471075454	NA	0.00150238713608747
GSE63017_1	0	-0.00803892316716862	NA	-0.0099376263771723
GSE63017_2	-0.00142828827016562	-0.00681661037248658	NA	-0.00107890171966672
GSE63017_3	0.00424929654036031	-0.00212719853292463	NA	-0.0124574286978868
GSE63017_4	-0.000565156264201749	0.00796830809469306	NA	-0.00244251776070893
GSE63939_1	0.0168726994371123	0.0369036399935524	NA	-0.0129628461480652
GSE63939_2	0.0122462042726626	0.0398490749512804	NA	-0.000427988049284809
GSE64141_1	0.0453554980094342	0.102640509460079	NA	NA
GSE64965_1	0.00810826777686834	0.0151657983877041	NA	0.00982290591020399
GSE65745_1	0.000591715976331361	-0.0128993242286318	NA	-0.00221726248489338
GSE65745_2	0.00150763263885436	-0.00705717915478399	NA	0.0103744430973374
GSE65745_3	0.000917323659798576	-0.0139336164795499	NA	0.0113376558291527
GSE66416_1	-0.00469887398060651	-0.0154142439443558	NA	NA
GSE66862_1	0.0102286303210185	0.0435358363663686	NA	0.00724116081385928
GSE69108_1	0.0185081067556363	0.0453711897619961	NA	0.0108482417176048
GSE71565_1	-0.00334007725605296	-0.00901978306346058	NA	NA
GSE72261_1	-0.00167140502707249	0.0167853378309256	NA	-0.00952183350488459
GSE72261_2	-0.00564498526390609	-0.00985330500444465	NA	-0.00577332867959706
GSE72261_3	-0.00601672650144422	-0.019964538720218	NA	-0.00125618479093174
GSE7683_1	-0.00344547647590258	0.00258537736938045	NA	-0.00870649547374967
GSE7683_2	-0.00120030570678848	0.0143654403234871	NA	-0.0125794425660888
GSE78980_1	0.0080685319017119	0.0169063243475078	NA	NA
GSE78980_2	-0.00068724868999863	0.00826647163074266	NA	NA
GSE78980_3	0.00291607208419949	0.00466540105099049	NA	NA
GSE78980_4	-0.000476068998393878	-0.0275225169336874	NA	NA
GSE78980_5	0.00185354672627344	0.0266041744157942	NA	NA
GSE78980_6	0.000585075612161203	0.0341667898104471	NA	NA
GSE78980_7	-0.00526010932490265	-0.014584980893392	NA	NA
GSE78980_8	-0.000497385417824099	0.00299470866174828	NA	NA
GSE78980_9	-0.00521582638385925	-0.0102396078547004	NA	NA
GSE78980_10	-0.00155074427946942	0.0111500118900617	NA	NA
GSE81399_1	0.00233525604993152	-0.00424610148542691	NA	0.000893421000580294
GSE84609_1	-0.00784744078520222	-0.0317570395371969	NA	-0.00740071893070239
GSE84907_1	-0.0126349813328606	-0.0282481585950771	NA	-0.0117583354765605
GSE84907_2	-0.00468567689157383	7.98713380708157e-05	NA	-0.00585178402928842
GSE84907_3	0.0119964172380842	0.041412251049977	NA	-0.00244170387430487
GSE90127_1	0.0194907934820641	0.043542712909519	NA	NA
GSE90127_2	-0.00355930893942603	-0.0168351377465167	NA	NA
GSE90127_3	0.0239905541496722	0.0480325545180275	NA	NA
GSE9247_1	0.00464170023086474	0.0256900865085739	NA	0.00525374124253808
GSE9247_2	0.0168821615839497	0.0631694672156153	NA	-0.000417833207054678
GSE9247_3	0.00436245410209569	0.0463268148531867	NA	9.51283764582984e-05
GSE99306_1	0.00250344742071388	0.0247642334327506	NA	0.00495439826843188
GSE99306_2	0.00158084713101691	0.0358953890969201	NA	0.00236030989029789
GSE99306_3	0.00374557019023182	-0.0197702264851912	NA	0.00499544054246783
GSE99306_4	0.00207207186972241	0.0352646398902732	NA	-0.0016258650671001
GSE99306_5	-0.00125799573336234	0.0119568557892674	NA	-0.00744399595763109
GSE99306_6	0.0100905843051331	0.0290672686944961	NA	0.00108644548803621
GSE99306_7	-0.00394517967631252	-0.0429173124256201	NA	-0.00414881119254542
GSE99306_8	0.00322873757531626	0.0247608987444482	NA	-0.00663020905090853
GSE99306_9	0.0100978491880783	0.0373707770593816	NA	-0.0105240953045111
GSE99306_10	-0.00295829246332764	-0.0411791964353928	NA	-5.69765881743099e-05
GSE99306_11	-0.000779602530679331	0.0156160204824725	NA	-0.00380180770433625
GSE99306_12	0.0132142825540857	0.0404253912042423	NA	0.00107299467105193
GSE99306_13	-0.0092153090136472	-0.0395131187901351	NA	0.00384628132208104
GSE99414_1	-0.00202244384562507	0.0352725535267637	NA	-0.00319717372510666
GSE110581_1	0.00752891551832035	-0.0071136216572463	NA	0.0115130454528416
GSE110581_2	-0.000326420322870132	-0.0172655117012202	NA	0.00124546503359828
GSE47799_1	-0.0017699082486065	0.00616314131447469	NA	0.0125715536377219
GSE47799_2	-0.000284117899526048	0.00294029513653006	NA	-0.00189728393080466
GSE47799_3	0.00159040492034967	0.00157707325006913	NA	0.0150302335919985
GSE111628_1	0.00415174991113561	0.00350965295167559	NA	NA
GSE111628_2	-0.00167926112510495	-0.0277022144593827	NA	NA
GSE111628_3	-0.000498182437622737	-0.018283075472922	NA	NA
GSE5657_1	-0.000846353162443491	-0.0160367340770264	NA	0.00180673221143702
GSE5657_2	-0.000689901120425396	0.00830424218398491	NA	-0.00255824576855298
GSE13782_1	0.00656040213292593	0.00558891514680962	NA	0.00417373753213944
GSE41039_1	0.000451963866060757	0.0121290684881309	NA	0.000433708041603193
GSE84198_1	-0.00151616786804405	0.0113228551878525	NA	-0.00172906755341154
GSE84198_2	-0.000535401400328804	0.0112404673495181	NA	-0.0101946362933859
GSE84198_3	-0.034753938767099	-0.0739350883626466	NA	-0.00926223114480875
E-GEOD-54216_1	-0.00532088729492437	-0.00416479504948483	NA	-0.000718184875008901
E-GEOD-54216_2	0.00155015104119036	0.0142720461430558	NA	0.00428367357507842
E-GEOD-54216_3	0.00491936667722739	0.03617754555582	NA	0.00766437596359944
E-GEOD-6119_1	0.00684419656134267	-0.00348872373527387	NA	0.0192441948268279
E-GEOD-6119_2	0.00280446213462389	-0.00368449811826177	NA	0.0109806250931625
E-GEOD-6119_3	0.00128153696599994	-0.00233404115060189	NA	0.0206413440128731
E-GEOD-8077_1	0.00725973665310116	0.0414395859787993	NA	0.0131919074591215
E-GEOD-8077_2	0.00131438006806275	-0.00750684043520126	NA	0.00509997220238724
E-GEOD-8077_3	-0.00785604340477964	-0.0404709496902711	NA	-0.00274876333344075
GSE103416_1	-0.0155767914007588	-0.0461949231662121	NA	0.00736996870407606
GSE103416_2	-0.00737581493816963	-0.018016444002035	NA	0.00492917272646892
GSE103416_3	-0.00784462037203179	-0.00775184548932997	NA	-0.00236337271313268
GSE19950_1	-0.00760378256861586	-0.0625200713340069	NA	-0.00213978033453298
GSE30322_1	0.00556522092823068	0.0559002523241063	NA	-0.00159672525129346
GSE30322_2	0.00487243845780697	0.0412007267232714	NA	0.00238086319806233
GSE30322_3	0.00328110022556992	0.0252846585755587	NA	0.00158779303306606
GSE42295_1	-0.00113995550800869	0.0072797550331642	NA	0.00571294522211449
GSE42295_2	-0.00485024219383222	0.00365291163873584	NA	-0.0116831978011981
GSE42295_3	-0.00901173477192638	-0.00277932954448424	NA	-0.0213839622107927
GSE66554_1	0.0102903263088791	0.0244026569386389	NA	-0.0107183621801784
GSE66554_2	0.00900332610717061	0.0206317693046944	NA	0.00226764869850818
GSE66554_3	-0.00478150370117293	-0.0278200613744236	NA	-0.00464981159035368
GSE66554_4	-0.0107293467382352	-0.0391371087734615	NA	-0.00489520708925539
GSE74898_1	0.000294379918999329	0.0115226136929745	NA	-0.00989861561897226
GSE74898_2	-0.00170940769215861	-0.00145741834403959	NA	-0.0085224341716238
GSE74898_3	0.00800421594938424	0.0171436523628892	NA	-0.0242415036869996
GSE79176_1	0	0.0172436263313572	NA	NA
GSE79176_2	0.0015214660603523	0.0323547315329492	NA	NA
GSE79176_3	0.0004212299915754	0.0189513637347831	NA	NA
GSE85785_1	0.00123462377860652	-0.00846243218135343	NA	0.0138265637202867
GSE23492_1	-0.00288569264700176	-0.0159976879344369	NA	NA
GSE23492_2	-0.0219634338199592	-0.0658662637789995	NA	NA
GSE23492_3	0.00452039446497736	0.0108378309089325	NA	NA
GSE23492_4	-0.00560698360667894	-0.0195416246908455	NA	NA
GSE23492_5	-0.0115930852105422	-0.0273074741536102	NA	NA
GSE44991_1	-0.0112253429049987	-0.0197422886934017	NA	-0.0149189335293526
GSE44991_2	-0.000260562662948298	0.0168003292284689	NA	-0.00276448989433014
GSE39796_1	0.00124023819337315	-0.00355978715426209	NA	NA
GSE39796_2	-0.00103651311216221	-0.00149881488160181	NA	NA
GSE39796_3	0.00211171720779116	-0.00342673830460623	NA	NA
GSE18394_1	0.00258811515510477	0.0166877769699905	NA	0
GSE18394_2	-0.00848666325940413	-0.0202900752312023	NA	0
GSE18394_3	0.00835419326335688	0.0323259041960724	NA	0
GSE29233_1	-0.00718350387332952	-0.0275015707422505	NA	NA
E-MEXP-2291_1	0.000350431482559848	-0.00127141141915148	NA	NA
E-MEXP-2291_2	0.00206723300080593	0.00398218652353688	NA	NA
E-MEXP-2291_3	-0.00037336535504311	-0.0047534888700837	NA	NA
GSE107363_1	0.00761212226286132	0.0316053246774191	NA	NA
GSE85761_1	0.01508240403681	0.0181616998823865	NA	NA
GSE89179_1	0.0405584089544272	0.0934241105542857	NA	NA
GSE89179_2	0.00029225252168848	0.00571433475116829	NA	NA
GSE89179_3	0.0109721170964957	0.0303680964244883	NA	NA
GSE89179_4	0.0021886643856386	-0.0032350575670319	NA	NA
GSE89179_5	0.0231934859578766	0.0297807013230617	NA	NA
GSE89179_6	0.00976418327861778	0.043165952930386	NA	NA
GSE89179_7	0.0156083754836221	0.0237371523590626	NA	NA
E-GEOD-57723_1	-0.0103173128073216	-0.0260570717123736	NA	NA
E-GEOD-57723_2	-0.0077039831329599	-0.00207570845224949	NA	NA
E-GEOD-57723_3	0.00499042728205592	0.00194938090259292	NA	NA
E-GEOD-83930_1	-0.00336861316623969	-0.00037917596717692	NA	NA
GSE100268_1	-0.00544901896948605	-0.0312549688968096	NA	NA
E-GEOD-55769_1	-0.000818863414484708	-0.0151529660495068	NA	-0.00272200577318688
E-GEOD-55769_2	-0.00132006262667757	-0.0427111752275489	NA	0.00238846332275416
E-GEOD-55769_3	0.00264200726541469	-0.00607517823740198	NA	0.00943873484229062
E-GEOD-69110_1	0.00385406836405855	0.0811773900992507	NA	0.00772572644912699
E-MTAB-4304_1	-0.0129043658026314	-0.0200741847018819	NA	0.00235223645821074
E-MTAB-4879_1	0.00265132178984859	-0.00263762396058325	NA	0.00715269546424632
E-MTAB-4879_2	0.0189530253508888	0.0214192379619236	NA	-0.00407150545795395
E-MTAB-4879_3	-0.00632343131786318	-0.012595477059709	NA	0.00510595582232059
E-MTAB-4879_4	0.0126134323238158	0.0324186043832074	NA	-0.00410091270911776
Cytokine_Explant_1	-0.0172652240698224	-0.03818332725226	NA	-0.00259425202728174
Cytokine_Explant_2	-0.00728478308112756	-0.024067474750902	NA	0.010034895652289
Cytokine_Explant_3	-0.00778856992596216	-0.0196756941349787	NA	0.00892748733947226
Cytokine_Explant_4	0.0004053569951433	-0.00948108847879778	NA	-7.4577808001814e-05
Cytokine_Explant_5	0.0036070485441734	0.0258412142115048	NA	-0.00160169372767798
FN1_Explant_1	0.00203637353623098	-0.0394774939390646	NA	0.0116175328449809
E-MTAB-6266_1	-0.0120486439390808	-0.0217474202254465	NA	-0.00863275062415153
E-MTAB-6266_B_1	-0.0112232761489822	-0.0109275049302467	NA	-0.0103015115046924
E-MTAB-6266_B_2	-0.0155283434182258	-0.0304533943045125	NA	-0.00457281167300948
E-MTAB-6266_B_3	-0.00178772703841232	-0.0216342535229103	NA	0.008414798202736
GSE70667_1	0.00217909214599513	0.0219687307793751	NA	0.010117755807411
GSE87608_1	-0.000701418920284523	0.0632709767265161	NA	-0.00272280501288135
GSE87608_2	-0.00608092695660256	-0.00824709463456703	NA	0.00442265984916732
GSE87608_3	-0.007566063492971	-0.0311229727229097	NA	0.00759517074590245
GSE87608_4	0.00826703298290332	0.0169016592656	NA	-0.0105383450584473
GSE90890_1	-0.00252303834798692	-0.0212823867150143	NA	0.00208866644419424
GSE97118_1	0.00545158119338043	0.0096604093548667	NA	NA
GSE97118_2	0.00547987562732486	0.0256238696734607	NA	NA
GSE97118_3	0.010233993395754	0.012672239087683	NA	NA
GSE97118_4	0.00909720847391178	0.0318475444004115	NA	NA
GSE97118_5	-0.00319970891197056	0.00260085010283613	NA	NA
GSE97118_6	0.0117745925473385	0.0182650315332373	NA	NA
GSE97118_7	0.00438405085462897	-0.00316358393413144	NA	NA
GSE107592_1	-0.000969965209603928	-0.018535509981141	NA	0.00169936797111778
GSE92641_1	0.0113925704448336	0.0418134032966322	NA	-0.00687851579958561
GSE107849_1	0	0.00778713472638441	NA	NA
E-ERAD-89_1	0.00237674819314319	0.00737382649728365	NA	NA
E-ERAD-89_2	-3.06082562045616e-06	-0.00751996372776204	NA	NA
E-ERAD-89_3	-0.0018203711026084	-0.00446224246420831	NA	NA
E-ERAD-89_4	0.00184762373918184	0.00646160582070561	NA	NA
E-GEOD-45893_1	0	0.0566523064845537	NA	NA
E-GEOD-53105_1	-5.97590714195798e-06	-0.0154050103408657	NA	0.00967471088796356
E-GEOD-53105_2	0.00578541813541229	0.0613346540991053	NA	0.0105504357337538
E-GEOD-54461_1	-0.00273170134462223	-0.0173153484476131	NA	-0.00341578456567192
E-GEOD-54461_2	-0.00843275663042583	-0.0293437038160298	NA	-0.0067053765779934
E-GEOD-54461_3	-0.00909222969220519	-0.0258265556375942	NA	-0.0112404727565048
E-GEOD-54461_4	-0.0197797022790971	-0.0444992551471847	NA	-0.0179974331879069
E-GEOD-54461_5	-0.0342868539588245	-0.0642034068529309	NA	-0.0100832272555637
E-GEOD-54461_6	-0.0395289133338927	-0.0819692601916447	NA	-0.00850015778351588
E-GEOD-54461_7	-0.0389356036910441	-0.0833065511192077	NA	-0.00867006377955769
E-GEOD-54461_8	-0.0413642494654561	-0.0903389815182926	NA	-0.0177173436426596
E-GEOD-73372_1	0.00241270595922975	0.0157838022467165	NA	NA
E-GEOD-73372_2	-0.00163744550886999	-0.0024052730352791	NA	NA
E-GEOD-73372_3	-0.00144184978059807	-0.0222402424127159	NA	NA
E-GEOD-75549_1	-0.0012627567294035	-0.00457753370799248	NA	NA
E-GEOD-76988_1	-0.000102654569099378	0.0415560946778695	NA	NA
E-MTAB-2923_1	0.0103835316652435	0.0353832809776939	NA	NA
E-MTAB-2923_2	-0.022168409668622	-0.0562098664316722	NA	NA
E-MTAB-2923_3	-0.0196241625153006	-0.0545272323094706	NA	NA
E-MTAB-2923_4	-0.00913493151454847	-0.0383822286512133	NA	NA
E-MTAB-3428_1	-0.0176532592429594	-0.0532409400061863	NA	NA
E-MTAB-3428_2	-0.0029103146071175	0.0170761853635336	NA	NA
E-MTAB-3428_3	-0.00242930156877586	-0.0130783293217006	NA	NA
E-MTAB-3428_4	-0.0135113758730891	-0.047627535074944	NA	NA
GSE102856_1	-0.00849407457278504	-0.0224804226898125	NA	NA
GSE103492_1	-0.0067555852416554	-0.0137640490453106	NA	-0.00284533756055719
GSE103492_2	0.00969334078211471	0.0324256992470204	NA	0.0139918593803365
GSE103492_3	-0.00409146206892535	-0.00285676721293005	NA	-0.00431819128587309
GSE103492_4	-0.00738986937190222	-0.0309619711797517	NA	-0.00606656608378298
GSE103492_5	-0.000184378776895264	0.0311874830712806	NA	0.00314438334571799
GSE103492_6	0.000533075384461101	0.0325167348238685	NA	-0.00293904418467917
GSE103492_7	-0.000523183496692196	0.00286305460373558	NA	0.00187206243955813
GSE103492_8	-0.00149384641662126	0.0109532897459692	NA	0.00124697057903501
GSE103492_9	-0.00720536867954531	-0.0125414768644637	NA	-0.00141787741538237
GSE103492_10	-0.0022453768428652	-0.0315624601442015	NA	-0.00307875903003255
GSE106259_1	0.00230002284018775	0.0190717310230521	NA	0.00393528816291676
GSE110303_1	-0.00278814257399224	-0.0260422709588352	NA	NA
GSE110303_2	-0.00138824432996007	-0.0226038027776139	NA	NA
GSE110303_3	-0.00439199381885559	-0.00589312094753184	NA	NA
GSE110300_1	-0.00118117480893884	-0.0248366176559204	NA	NA
GSE110300_2	-0.00224877680684349	0.0591413442932989	NA	NA
GSE110300_3	-0.00295149526660544	-0.0183914397385428	NA	NA
GSE110281_1	-0.00644168601164614	-0.00773755960819746	NA	NA
GSE110281_2	0.000876619429901759	-0.0140928261392665	NA	NA
GSE110281_3	0.00839603546163822	-0.00796377888011418	NA	NA
GSE104459_1	-0.0036515706775928	-0.0138805796034808	NA	0.000540349241456762
GSE104459_2	-0.00909413611469167	-0.0267725542710557	NA	-0.00196707095298937
GSE104459_3	-0.00181175661113299	-0.013446537564639	NA	-0.00521080698238327
GSE110051_1	0.0178246171866469	0.0444250185380402	NA	0.00829782336404853
GSE110051_2	0.0100739498239179	0.0221160270850713	NA	0.010276835969459
GSE110051_3	0.0188794922964032	0.0494375704073427	NA	0.00937359492193409
GSE112694_1	-0.0167607224916353	-0.0381251374484522	NA	-0.013290270023122
GSE112694_2	-0.00543168929590001	-0.00884531511995395	NA	-0.0134385927347648
GSE112694_3	0.026321135938311	0.063443412545673	NA	0.0114209397193326
GSE112694_4	0.0277517510497899	0.0814883209365885	NA	0.0128253151411117
E-MTAB-5879_1	-0.00662613755660407	-0.0313570036230933	NA	0.00283432452783797
E-MTAB-5879_2	-0.00915516427662684	-0.0297784933901219	NA	0.019606922289613
E-MTAB-5879_3	-0.0123269350104356	-0.022463928067649	NA	0.00767115223709935
E-MTAB-5879_4	-0.0116692092906761	-0.0286171991337372	NA	0.0137897801103137
E-MTAB-5879_5	-0.00485469210418802	-0.0119522391714417	NA	-0.00694451466892783
E-MTAB-5879_6	-0.0132069170973316	-0.028040297420188	NA	0.0167925225843874
E-MTAB-5879_7	-0.00212843931535297	-0.00471528937207469	NA	0.000826868730362355
E-MTAB-5879_8	-0.00711124641118016	-6.07065015938872e-06	NA	0.00428117677454008
E-MTAB-5879_9	0.00152867730585129	0.0342383268956779	NA	-0.00478956217653701
E-MTAB-5879_10	-0.00256175094512327	0.0161833009812239	NA	-0.00214632943725857
E-MTAB-4294_1	-0.0285913333393424	-0.0589374212400595	NA	-0.00207970468193517
E-MTAB-4294_2	-0.0211256491935315	-0.0604716606497751	NA	-0.00881590662998456
E-MTAB-4294_3	0.00876400718567863	-0.0176182359234369	NA	0.00913244189769374
E-MTAB-3186_1	-0.0348329219152611	-0.0848087130387914	NA	0.0041970184576748
E-MTAB-3186_2	-0.0189177316559999	-0.0528104706396844	NA	0.00335685731999261
E-MTAB-3186_3	-0.0108554223719563	-0.0208745642989269	NA	0.00236880562746743
E-MTAB-3186_4	-0.0205697100542469	-0.0232683857510922	NA	-0.0129346859962608
