comparisonID	jaccard	cosine	sigjaccard	chrDir
22659600_1	-0.0109277180898303	-0.0163395090587343	NA	NA
24361742_1	-0.0252086952910392	-0.080862951603416	NA	NA
GSE72258_1	-0.00259067357512953	0.0164688479098517	NA	NA
GSE72258_2	0	0.026714201586326	NA	NA
GSE69531_1	-0.000756466392041598	0.0343898591922586	NA	NA
GSE69531_2	0.00404198162747776	0.0113029752023385	NA	NA
GSE69531_3	-0.00209758453330292	-0.0260764322534041	NA	NA
GSE69531_4	-0.000756466392041598	0.0343898591922586	NA	NA
GSE58203_1	-0.00948779414468676	-0.00507192319769063	NA	NA
GSE58203_2	-0.018039062601374	-0.0163518910437679	NA	NA
GSE58203_3	-0.00298818364715196	-0.00226010854892445	NA	NA
GSE58203_4	0.00704316990693557	0.00674800512013179	NA	NA
GSE58203_5	-0.00354583601703382	-0.00219940679758862	NA	NA
GSE58203_6	-0.0143790913878588	-0.0211351368635403	NA	NA
GSE58203_7	-0.00489647250613271	-0.0234317874004425	NA	NA
GSE58203_8	-0.00334675463632611	-0.0322510354108703	NA	NA
GSE59642_1	-0.00551454523460983	-0.0151775388167139	NA	NA
GSE59642_2	-0.000125597796816569	-0.00785259758126774	NA	NA
GSE59642_3	0.00700409948031487	0.00977827256041136	NA	NA
GSE64922_1	-0.00238676775385524	-0.0149247298918693	NA	NA
GSE60162_1	0.00293994582661031	0.0123988375241847	NA	NA
GSE31685_1	-0.0295678267396357	-0.0744942579333085	NA	NA
E-MEXP-3890_1	-0.00859734813626338	-0.0129408521482648	NA	NA
GSE31980_1	-0.005102977094769	-0.0322875220423703	NA	NA
GSE15615_1	0.0116183485194071	0.0564659831478175	NA	NA
GSE15083_1	-0.00108413681133423	-0.021542093127837	NA	NA
GSE108035_1	0.00845742399027785	0.0103006909164486	NA	NA
GSE108035_2	0.00902738982754512	0.0259542389612479	NA	NA
GSE108035_3	0.0131399445148724	0.0430654264954138	NA	NA
GSE21959_1	0.00748930404901813	0.0512007919888445	NA	NA
GSE21959_2	-0.000672840338679581	0.0403161982634788	NA	NA
GSE24742_1	-0.00883832554962576	-0.00405946552236565	NA	NA
GSE24742_2	3.03598400036432e-05	-0.00939596747456797	NA	NA
GSE24742_3	-0.00111895354669493	-0.0097278329052133	NA	NA
GSE74668_1	-0.00586402803713127	0.00353167408915776	NA	NA
E-GEOD-10024_1	-0.00145480050477024	-0.0201138744504747	NA	NA
E-GEOD-10024_2	-0.00404702841536494	0.00165216036674124	NA	NA
E-GEOD-12860_1	0.00684646913099479	0.0270894063527359	NA	NA
E-GEOD-12860_2	0.0113971570186582	0.0391551639966841	NA	NA
E-GEOD-12860_3	0.0102935243908559	0.0356080745551988	NA	NA
E-GEOD-12860_4	0.00284742187005228	0.0265759623002852	NA	NA
E-GEOD-12860_5	0.00797252174033854	0.0396652103696625	NA	NA
E-GEOD-12860_6	0.011563941323708	0.0341351558301565	NA	NA
E-GEOD-12860_7	0.00546244996386768	0.0348798535665544	NA	NA
E-GEOD-12860_8	0.0090761694886498	0.0180637206190547	NA	NA
E-GEOD-14359_1	0.036976808831979	0.102570526321562	NA	NA
E-GEOD-14359_2	-0.00524154589371981	0.00356872858095004	NA	NA
E-GEOD-1919_1	-5.85927708427365e-05	0.0250871899749945	NA	NA
E-GEOD-1919_2	0.0129015442127751	0.052884722880052	NA	NA
E-GEOD-1919_3	0.0104026009339166	0.0518675325953005	NA	NA
E-GEOD-1919_4	0.0301492476485981	0.0668269557804168	NA	NA
E-GEOD-1919_5	0.0279402259532238	0.0824730708126983	NA	NA
E-GEOD-1919_6	0.0279167866489762	0.0618746364355716	NA	NA
E-GEOD-1919_7	0.0121692198446179	0.0542279856346261	NA	NA
E-GEOD-1919_8	0.00534086505907437	0.0478113104743877	NA	NA
E-GEOD-1919_9	0.00241015908074428	-0.00601153406516956	NA	NA
E-GEOD-19664_1	-0.000147071046260872	0.00679408860965413	NA	NA
E-GEOD-19664_2	0.00393282235397089	0.0357119271888214	NA	NA
E-GEOD-19664_3	0.00832468734591874	0.0271630364512795	NA	NA
E-GEOD-19664_4	-0.000526930610504718	0.00336368726672901	NA	NA
E-GEOD-19664_5	0.0145746030541882	0.0383823488126486	NA	NA
E-GEOD-19664_6	0.0108177643088655	0.029788033608815	NA	NA
E-GEOD-43923_1	0.0324065338069199	0.110917259036482	NA	NA
E-GEOD-51812_1	0.00919545187719826	0.06183258447698	NA	NA
E-GEOD-51812_2	0.0109643396212121	0.0678942785875919	NA	NA
E-GEOD-68760_1	0.00177406166805079	0.00280927780323699	NA	NA
E-GEOD-82107_1	0.00284509546897093	-0.0139043576132049	NA	NA
E-GEOD-9451_1	0.00401998826870623	0.0421011754623567	NA	NA
E-GEOD-9451_2	0.00326239854159936	0.0385033761120036	NA	NA
E-GEOD-9451_3	0.0016904450508357	0.0133572583711831	NA	NA
E-GEOD-9451_4	0.0110315351636434	0.0391393617170903	NA	NA
E-MEXP-2019_1	-0.0108859629234233	-0.0611106694530728	NA	NA
E-MEXP-2019_2	-0.0187808852373047	-0.052205214752487	NA	NA
E-MEXP-2019_3	-0.00524489366315932	-0.0782293638743836	NA	NA
E-MEXP-2019_4	0.0134127589528672	0.024933852505628	NA	NA
E-MEXP-2276_1	-0.0178086005740813	-0.0170183815570893	NA	NA
E-MEXP-2488_1	-0.000291065250932865	-0.00662653665995726	NA	NA
E-MEXP-3129_1	-0.0145151586677895	-0.0142926309444748	NA	NA
E-MEXP-3474_1	0.00997102187627791	0.0284647272997883	NA	NA
E-MTAB-3010_1	0.00829163230259098	0.0235391289823203	NA	NA
E-MTAB-3010_2	0.0113039851549184	0.0379079175449749	NA	NA
E-MTAB-3010_3	0.0115287576755802	0.0162792530443308	NA	NA
E-MTAB-3010_4	-0.00899131340932776	-0.0241811801012559	NA	NA
E-MTAB-4152_1	-0.00607538196400756	-0.00269404466130907	NA	NA
E-MTAB-4152_2	-0.00535917088965891	-0.00798178412494582	NA	NA
E-MTAB-4152_3	-0.0117709807585036	-0.00857417226322457	NA	NA
GSE100609_1	-0.00185680506237299	-0.019752140109748	NA	NA
GSE100786_1	0.00513685097863597	0.0144270845505288	NA	NA
GSE100786_2	0.00255138706422616	0.00445321690630087	NA	NA
GSE103697_1	0	0.0170248152808374	NA	NA
GSE103697_2	0	0.00124188189066211	NA	NA
GSE103697_3	0	0.00853086097172987	NA	NA
GSE104113_1	-0.010245167042042	-0.0508838766408595	NA	NA
GSE104113_2	-0.0256783475101677	-0.0910574695817708	NA	NA
GSE104113_3	-0.010245167042042	-0.0508838766408595	NA	NA
GSE10575_1	-0.0130318040869218	-0.0450397339449152	NA	NA
GSE10575_2	0.0154329623452713	0.0651349335715382	NA	NA
GSE10575_3	0.00245309567911771	-0.0189553878348109	NA	NA
GSE13604_1	-0.0125237005760662	-0.0352011655384384	NA	NA
GSE13837_1	-0.0131983134552158	-0.0111144027699151	NA	NA
GSE13837_2	-0.015150882848209	-0.0169705238971629	NA	NA
GSE13837_3	0.00660732205453802	0.0185822985284014	NA	NA
GSE13837_4	0.0173453222269506	0.027718045637008	NA	NA
GSE13837_5	-0.00993900485816587	-0.00501334288383748	NA	NA
GSE13837_6	-0.0163084579466027	-0.0121567674992222	NA	NA
GSE13837_7	0.00130938660519913	0.00950825850587974	NA	NA
GSE13837_8	0.00220841543731566	0.0090913381734572	NA	NA
GSE13837_9	0.00594879946487969	0.014115538104162	NA	NA
GSE13837_10	0.00493782951302836	0.0135211772227133	NA	NA
GSE13837_11	0.00788968279777196	0.0235664174363545	NA	NA
GSE13837_12	0.0121414657975692	0.0339805964348652	NA	NA
GSE13837_13	-0.00696385526291838	0.00364080445779778	NA	NA
GSE13837_14	-0.0101100373266072	0.0067348448070591	NA	NA
GSE13837_15	0.00364726965756272	0.01404827489633	NA	NA
GSE13837_16	-0.00796733706505003	-0.00118552221878409	NA	NA
GSE13837_17	-0.00916436795827684	0.006438791313482	NA	NA
GSE13837_18	-0.00155795152720548	0.00748617148273702	NA	NA
GSE13837_19	0.00925340242289853	0.017485402533533	NA	NA
GSE13837_20	0.00478790366184428	0.00906449523427079	NA	NA
GSE13837_21	0.00426662627832147	0.0186472475195662	NA	NA
GSE13837_22	0.00169544386292496	0.0198068303921772	NA	NA
GSE13837_23	0.00957044318470127	0.017503035416113	NA	NA
GSE13837_24	-0.00217059764749767	0.00938921682793592	NA	NA
GSE16464_1	0.0172286462869766	0.0355511866859618	NA	NA
GSE16464_2	-0.00845387698234561	-0.0171654570820489	NA	NA
GSE19060_1	0.00910108698808272	0.0300350386240747	NA	NA
GSE27372_1	-0.00798167650562974	-0.0336470190529954	NA	NA
GSE27390_1	0.00252230626245434	0.0150185960805938	NA	NA
GSE29106_1	0.00528155342004407	0.0102981563627446	NA	NA
GSE29107_1	0.0173912912054488	0.036769455156102	NA	NA
GSE29107_2	-0.0122153674373193	-0.0473316581101051	NA	NA
GSE29745_1	-0.00671417852492969	-0.0390551254334333	NA	NA
GSE29745_2	-0.00606864897695194	-0.0250355875447701	NA	NA
GSE29745_3	0.0016786439990901	-0.00367260463489066	NA	NA
GSE35546_1	-0.00573668548856347	-0.0101399644403214	NA	NA
GSE35546_2	-0.00674326976092118	-0.00105184833090431	NA	NA
GSE35546_3	-0.00790654654362335	-0.00333390371946049	NA	NA
GSE35546_4	0.00279189755702022	0.00865045521032672	NA	NA
GSE35546_5	-0.000735333874633546	-0.00480962415448616	NA	NA
GSE35546_6	-0.00744798745393495	0.000891957599689201	NA	NA
GSE35955_1	-0.00259005882584229	-0.00520127329493811	NA	NA
GSE35956_1	-0.019333306537455	-0.0475587209169419	NA	NA
GSE35957_1	-0.0194283441499362	-0.0565360422148591	NA	NA
GSE35958_1	-0.0097394509817995	-0.0286696645486488	NA	NA
GSE39340_1	-0.00439406026939689	-0.0443749396003719	NA	NA
GSE39340_2	-0.017570267517159	-0.0377427988128815	NA	NA
GSE39340_3	-0.00300050573277838	-0.0031393387943849	NA	NA
GSE39795_1	0.00385153915211457	0.00250521355256234	NA	NA
GSE39795_2	0.00801308798357276	0.0141042498714625	NA	NA
GSE39795_3	-0.00155915670272635	0.0164870278283617	NA	NA
GSE41038_1	-0.00395126767690486	-0.0349210918348417	NA	NA
GSE41038_2	7.82601875150921e-05	0.00646019587273068	NA	NA
GSE41038_3	-0.00348948787570184	0.00905853207489715	NA	NA
GSE41992_1	-0.00609721424830397	-0.0349090997415368	NA	NA
GSE42235_1	-0.0180581795884416	-0.0386937419035813	NA	NA
GSE42235_2	-0.02992800720862	-0.054036548857286	NA	NA
GSE42235_3	-0.0312840618487196	-0.0655217681062136	NA	NA
GSE42235_4	-0.022808548398167	-0.0670746856637163	NA	NA
GSE45233_1	0.0383566199088459	0.0682054540366382	NA	NA
GSE45233_2	0.0179862399544187	0.0451810446185153	NA	NA
GSE45233_3	-0.0167825031160357	-0.020349720215391	NA	NA
GSE45233_4	0.0147063617519867	0.0153992743998074	NA	NA
GSE46053_1	0.000330300104168554	0.034135275178388	NA	NA
GSE46053_2	-0.00392295525473017	0.00927919753046426	NA	NA
GSE46750_1	0.00483688809448889	0.068201097889165	NA	NA
GSE51588_1	-0.0179284724070295	-0.0358196198395216	NA	NA
GSE51588_2	-0.0114724591618601	-0.0308857142039882	NA	NA
GSE51588_3	-0.000936616165268547	-0.00865040659251838	NA	NA
GSE52817_1	0.00282175972622645	-0.00530695457646152	NA	NA
GSE52817_2	0.0129821295771028	0.0359634204678214	NA	NA
GSE52817_3	0.00224275601115851	0.00883748372659646	NA	NA
GSE52817_4	-0.013930159856961	-0.0334464028787573	NA	NA
GSE55235_1	0.0268255577508423	0.0445482501730735	NA	NA
GSE55235_2	0.0435457663374209	0.0862090739779559	NA	NA
GSE55235_3	0.0270767883988094	0.0648917587466315	NA	NA
GSE55457_1	-0.00470976218366873	0.0113313114862584	NA	NA
GSE55457_2	0.00460551595770968	0.0542092585040691	NA	NA
GSE55584_1	0.00369271409533939	0.0253594314031951	NA	NA
GSE57218_1	-0.00784252240403304	-0.0271957323266833	NA	NA
GSE60762_1	-0.00442690512967115	-0.0204391222225916	NA	NA
GSE62914_1	0.0106309330338755	0.0176895092670326	NA	NA
GSE62914_2	-0.00632564595204302	-0.0266020052867975	NA	NA
GSE62914_3	-0.00213700262044184	-0.0230537200823258	NA	NA
GSE62914_4	0.00686433536051116	0.0607886222293993	NA	NA
GSE64394_1	0.015262275174067	0.0372500503863003	NA	NA
GSE66635_1	-0.00142857142857143	-0.0153105746249181	NA	NA
GSE68038_1	-0.0128392066705964	-0.0209640811161622	NA	NA
GSE68428_1	0.0143617653735229	0.0250588985986869	NA	NA
GSE68428_2	0.0151226255981252	0.0229999281325018	NA	NA
GSE68428_3	0.0163975839404014	0.0347997565173692	NA	NA
GSE69459_1	-0.00270397390163635	0.00253773152542975	NA	NA
GSE69459_2	-0.0116295705149023	-0.0261696668736908	NA	NA
GSE69459_3	-0.0157258795451158	-0.049905545711345	NA	NA
GSE69459_4	-0.0110843516451683	-0.0259336832623134	NA	NA
GSE69992_1	-0.0136158937101911	-0.0329830404138841	NA	NA
GSE70719_1	-0.00274008618968946	-0.00195581751761938	NA	NA
GSE7116_1	0.00190428878953469	0.00562504679400898	NA	NA
GSE7116_2	0.0108211185621475	0.0313630080604975	NA	NA
GSE7116_3	0.00448525967393892	0.0202217548994667	NA	NA
GSE72575_1	-0.00986035747481688	-0.0352306368897921	NA	NA
GSE72575_2	-0.00698794228006547	-0.0334663658485016	NA	NA
GSE72575_3	-0.00597220957399075	-0.0516726863477821	NA	NA
GSE72575_4	0.00289017341040462	0.0323624584354967	NA	NA
GSE75181_1	-0.00671465577820633	-0.056402418338373	NA	NA
GSE75181_2	0.0149134756324028	0.0250050004799627	NA	NA
GSE75181_3	-0.00382136954254721	-0.0429430204887383	NA	NA
GSE75230_1	0.00387842927215435	-0.00659814235236492	NA	NA
GSE7669_1	0.0017149223207389	0.0385780521410745	NA	NA
GSE77916_1	-0.00505050505050505	-0.013040256316006	NA	NA
GSE80614_1	-0.0094718327745606	-0.0191330702738511	NA	NA
GSE80614_2	-0.00690549419032216	-0.00812808917554381	NA	NA
GSE80614_3	0.000467714694036638	-0.0140378227186983	NA	NA
GSE80614_4	0.012293448274644	0.0122912218982903	NA	NA
GSE80614_5	0.00556926703993096	0.0218508312993283	NA	NA
GSE80614_6	0.0030671338932685	-0.00349098305836244	NA	NA
GSE80614_7	-0.00070902458983637	-0.000655825552019321	NA	NA
GSE80614_8	0.00253771009632282	0.00803339278356553	NA	NA
GSE80614_9	-0.0036525974025974	-0.0107546414947393	NA	NA
GSE80614_10	-0.00695274400714335	-0.0241557932028176	NA	NA
GSE80614_11	-0.000975913902706805	0.0042176424053408	NA	NA
GSE80614_12	0.00110309695895118	0.00533872730597623	NA	NA
GSE80614_13	0.00953518869669962	0.0172226783546381	NA	NA
GSE80614_14	-0.00848891337716268	0.00196939409387833	NA	NA
GSE80614_15	-0.00417235482463114	0.00569025014572701	NA	NA
GSE80614_16	0.00154885617211412	0.00824757818908602	NA	NA
GSE85254_1	-0.00387604605738998	-0.0125672816692756	NA	NA
GSE86578_1	0.00626246505733632	0.0174266499427929	NA	NA
GSE86578_2	0.000908818926739718	0.00834235432097037	NA	NA
GSE86578_3	0.00933324198241423	0.0200569550364771	NA	NA
GSE9329_1	0.0171300127311889	0.0185986798860932	NA	NA
GSE93698_1	-0.0044496765804502	-0.0153654685380767	NA	NA
GSE93698_2	-0.00792846105870041	-0.0155022712119893	NA	NA
GSE93698_3	-0.0173876654364144	-0.0465726822583876	NA	NA
GSE93698_4	-0.00942688117469867	-0.0137887894281229	NA	NA
GSE93698_5	-0.0165849519520336	-0.0521894127671364	NA	NA
GSE93698_6	0.00581691525384266	0.00544324109388642	NA	NA
GSE93698_7	-0.0241515504920707	-0.0503358389762984	NA	NA
GSE93698_8	0.00936934425519456	0.00915428764370563	NA	NA
GSE93698_9	-0.0359687597373318	-0.0758382290323907	NA	NA
GSE93698_10	-0.0248112327162719	-0.0580136498682823	NA	NA
GSE93698_11	0.000847865653571898	0.00315950200516427	NA	NA
GSE93698_12	-0.0322599896499319	-0.0743257875257687	NA	NA
GSE93698_13	0.0232478513166307	0.0627741043975633	NA	NA
GSE93698_14	-0.0158399352805799	-0.0326898577576667	NA	NA
GSE93698_15	-0.0264875826697051	-0.075900398648139	NA	NA
GSE93720_1	0.0263622076424326	0.0561814056998063	NA	NA
GSE93720_2	0.0290605973597129	0.0551107293205084	NA	NA
GSE93720_3	0.0232847062314275	0.0517723573762832	NA	NA
GSE93720_4	0.0181522583696497	0.0401584834857931	NA	NA
E-MTAB-5564_1	0.00193729823867174	0.0163514940450209	NA	NA
GSE77753_1	-0.0113197314049587	-0.039592638411269	NA	NA
GSE43861_1	-0.00502297901102827	-0.00481828107256537	NA	NA
GSE112809_1	0.000438145046874565	0.00326655595056483	NA	NA
GSE111946_1	-0.00239699614003773	0.0055355534916001	NA	NA
GSE111946_2	0.00214366188605706	0.0140085900994338	NA	NA
E-MTAB-3201_1	-0.0032706672704712	0.00377405099395655	NA	NA
E-MTAB-6700_1	0.00962372332133684	0.0337542080115216	NA	NA
GSE54749_1	0	-0.0200132854497194	NA	NA
GSE57218_B_1	-0.00471040255691637	0.0138388618178109	NA	NA
GSE57218_B_2	0.00282938802047006	0.020839110481095	NA	NA
GSE57740_1	0.0154177959900253	0.0256013726238635	NA	NA
GSE52992_1	-0.0420626347562593	-0.118163359702028	NA	NA
GSE17160_1	0.00904082805068009	0.0259543784937652	NA	NA
GSE17160_2	0.014626717131354	0.0275846142004806	NA	NA
GSE17160_3	-0.0201835912529036	-0.0801467948304068	NA	NA
GSE17160_4	0.0151151822116399	0.0172683683327026	NA	NA
GSE17160_5	-0.00318291197358705	0.0407535477155	NA	NA
GSE17160_6	0.0145076664526271	0.0414687342099556	NA	NA
GSE17160_7	-0.029720855441457	-0.0361811645356085	NA	NA
GSE17160_8	0.00433696137077198	0.0203771387974281	NA	NA
GSE17160_9	-0.00221204720789638	0.00923618699898512	NA	NA
GSE17160_10	-0.00203459548824747	0.00907994471679741	NA	NA
GSE17160_11	0.00606725987047026	0.0164588775692493	NA	NA
GSE17160_12	0.00205489953551939	0.0104754069911677	NA	NA
GSE22971_1	0.00705785318722752	-0.0213234946964961	NA	NA
GSE22971_2	0.00220264317180617	-0.00338105425174104	NA	NA
GSE22971_3	0.015803597309252	0.0352364848732124	NA	NA
GSE22971_4	0.0203467678551478	0.0443701660842718	NA	NA
GSE13590_1	-0.0259630940758878	-0.090072764543817	NA	NA
GSE13590_2	-0.0025	0.0146387273431205	NA	NA
GSE99731_1	-0.00123026741979111	-0.0193558633388147	NA	NA
GSE99731_2	0.000189533644783214	-0.04679861827901	NA	NA
GSE99731_3	-0.0106318104208232	-0.0156023982677586	NA	NA
GSE27492_1	0.000149987323151345	0.0339140398444745	NA	NA
GSE27492_2	0.0381320186658341	0.104492479729942	NA	NA
GSE27492_3	0.0383648746792946	0.0972773276047738	NA	NA
GSE27492_4	0.0420222784177966	0.10112469722151	NA	NA
GSE27492_5	0.0306389334591161	0.080484490491298	NA	NA
GSE27492_6	0.0125776548842865	0.0375843164065382	NA	NA
GSE27492_7	0.0177297459037247	0.0298425219351236	NA	NA
GSE27492_8	0.000741610942550475	0.0180039571681342	NA	NA
E-GEOD-15069_1	-0.00147287154684252	0.0214484429552485	NA	NA
E-GEOD-15069_2	0.00795697500023507	0.00192719508352593	NA	NA
E-GEOD-15069_3	-0.0128445251652194	-0.0848510365679343	NA	NA
E-GEOD-15069_4	0.0042011483308872	0.0154439266289001	NA	NA
E-GEOD-15118_1	-0.00292973687108091	-0.0221494930968979	NA	NA
E-GEOD-15118_2	0.00255102040816327	-0.017939721189767	NA	NA
E-GEOD-15118_3	-0.0302608631735058	-0.0540590968833196	NA	NA
E-GEOD-15118_4	-0.027367821351991	-0.0573899450847121	NA	NA
E-GEOD-16007_1	0.024374473832202	0.0186946660944607	NA	NA
E-GEOD-17473_1	0.00420155703415515	-0.013125357181344	NA	NA
E-GEOD-18647_1	-0.0121585080976944	-0.00279989730168527	NA	NA
E-GEOD-18647_2	-0.00559191932779503	0.0220243437026105	NA	NA
E-GEOD-18647_3	-0.000167773507047464	6.28952878517222e-05	NA	NA
E-GEOD-18647_4	-0.00293672283092181	0.0185279974084757	NA	NA
E-GEOD-18648_1	-0.034855919778049	-0.0880264630501599	NA	NA
E-GEOD-18648_2	-0.0197058902585269	-0.0773110455626078	NA	NA
E-GEOD-2154_1	0.0299389919997424	0.100455613053836	NA	NA
E-GEOD-2154_2	0.0557994595492082	0.126344030798016	NA	NA
E-GEOD-2154_3	0.0478374797729998	0.114180039864871	NA	NA
E-GEOD-2154_4	0.0407964329607083	0.117282743401968	NA	NA
E-GEOD-26475_1	-0.0208905389026266	-0.0970190327417505	NA	NA
E-GEOD-26475_2	-0.0119484380186559	-0.0215176812858488	NA	NA
E-GEOD-26475_3	0.00104179645356985	0.0305267042641348	NA	NA
E-GEOD-33567_1	0.00981871061384131	0.0358044158368787	NA	NA
E-GEOD-33567_2	0.00852681774444149	0.0294100714290203	NA	NA
E-GEOD-37287_1	-0.00820377464047143	-0.0355425733337547	NA	NA
E-GEOD-37287_2	-0.00388581917085057	-0.0254593807085995	NA	NA
E-GEOD-37287_3	0.00126668383702786	0.0152636964910126	NA	NA
E-GEOD-51994_1	-0.00226976689768876	-0.00529419811807675	NA	NA
E-GEOD-51994_2	-0.00836067183262982	-0.0193041556600347	NA	NA
E-GEOD-51994_3	-0.0155490485679604	-0.0241361433761578	NA	NA
E-GEOD-65077_1	0.00145348837209302	0.00927174529535969	NA	NA
E-MEXP-1244_1	0.00305535234909397	0.0105481939134035	NA	NA
E-MTAB-1123_1	0.00888424702297861	0.0506381365933393	NA	NA
E-MTAB-1123_2	0.00110152413803147	0.0448183713007811	NA	NA
E-MTAB-1123_3	0.0039751976169938	0.0119288197329106	NA	NA
E-MTAB-1123_4	-0.00187962353825705	0.0385846432521695	NA	NA
E-MTAB-1391_1	0.0328149104081926	0.0889161254940267	NA	NA
E-MTAB-1391_2	0.0485556627663998	0.196204186335937	NA	NA
E-MTAB-1391_3	0.0470331210402047	0.198757590742848	NA	NA
E-MTAB-2450_1	-0.026596540237321	-0.0349707411024662	NA	NA
E-MTAB-2450_2	-0.0504766259254765	-0.1503490781014	NA	NA
E-MTAB-2450_3	0.000631138571221747	0.0128365538095828	NA	NA
E-MTAB-2450_4	0.0422446900693879	0.123031362253415	NA	NA
E-MTAB-5023_1	0.0174128737247546	0.0501898572047478	NA	NA
E-MTAB-5326_1	-0.00330356104148635	-0.0138962497375175	NA	NA
E-MTAB-5326_2	-0.00590646991040288	-0.0064860747634361	NA	NA
E-MTAB-5326_3	-0.00795273727570208	-0.0525314460552676	NA	NA
GSE102588_1	-0.013020525726839	-0.0739269438717479	NA	NA
GSE104793_1	-0.0116271171873961	0.00608236095377488	NA	NA
GSE104794_1	0.0228532192207431	0.0806433849290191	NA	NA
GSE104795_1	0.0225616798488955	0.0750433789391125	NA	NA
GSE105139_1	0.00257731958762887	0.0116216906123828	NA	NA
GSE105139_2	0.0262648645607914	0.036137818174519	NA	NA
GSE105139_3	0.0134563930234337	0.031466506318109	NA	NA
GSE10555_1	0.0352435788201461	0.138809836677899	NA	NA
GSE10556_1	0.0303282035438769	0.0605399706278247	NA	NA
GSE106631_1	0.00232873746986162	0.0149930513961329	NA	NA
GSE13104_1	0.0365223954521297	0.120788044719672	NA	NA
GSE13104_2	0.0301119183737594	0.0997305324000637	NA	NA
GSE13104_3	0.0250851131855936	0.122896944264138	NA	NA
GSE16749_1	-0.0298684792288257	-0.139255956114927	NA	NA
GSE16749_2	0.00521165215137518	-0.00447745460376532	NA	NA
GSE16749_3	-0.00985824438694439	-0.0368513413286742	NA	NA
GSE17348_1	-0.0199758567228264	-0.0406966383985868	NA	NA
GSE17563_1	-0.0178853519557176	-0.0943418229440437	NA	NA
GSE17563_2	-0.0352627440577667	-0.100074034875564	NA	NA
GSE17569_1	-0.0260277996969896	-0.0708073734492538	NA	NA
GSE17569_2	-0.00557636348912853	0.0143108211971581	NA	NA
GSE17570_1	0.00235213712925854	0.0562016381277012	NA	NA
GSE17570_2	0.00310169844303397	0.0196174374515602	NA	NA
GSE18991_1	0	-0.0330585060341828	NA	NA
GSE18992_1	0	-0.0242556022105308	NA	NA
GSE19299_1	-0.00600059661465592	-0.0584715539594977	NA	NA
GSE20850_1	-0.0123922198456925	-0.0490546867615017	NA	NA
GSE21093_1	-0.0140224134023096	-0.0455867451549795	NA	NA
GSE21523_1	0.0301408511481842	0.0424716469397736	NA	NA
GSE21639_1	-0.00648917615676618	0.00875551891647522	NA	NA
GSE21639_2	-0.0255551418079632	-0.0974527965652094	NA	NA
GSE21639_3	-0.0132965365713099	-0.0659310103143916	NA	NA
GSE21639_4	-0.026529237499566	-0.0768141713991246	NA	NA
GSE21710_1	-0.00135445228712488	0.0192935222798952	NA	NA
GSE21710_2	-0.0041806733332781	0.0083617427253147	NA	NA
GSE21710_3	-0.00743081402032827	-0.00621786035255335	NA	NA
GSE22925_1	0.00719133780428056	-0.00825310359269724	NA	NA
GSE22925_2	0.0221312787564934	0.0466379556701773	NA	NA
GSE26499_1	0.0240728933379106	0.0634335944079105	NA	NA
GSE30160_1	0.00985236876718181	0.0327517229937934	NA	NA
GSE30628_1	-0.01163283452365	-0.0520317594790579	NA	NA
GSE30628_2	-0.00952263630890337	-0.045699576245552	NA	NA
GSE32163_1	0.0110975780023586	0.0469698523580939	NA	NA
GSE33656_1	-0.0169444915195604	-0.0719822115873294	NA	NA
GSE33754_1	0.00353090290977205	-0.00706336623489834	NA	NA
GSE33754_2	0.0106557150976225	-0.00992556029404004	NA	NA
GSE33754_3	0.0017357377935491	-0.008002983316084	NA	NA
GSE34570_1	0.0481949978960296	0.136249655780206	NA	NA
GSE35003_1	-0.000711014949895998	0.000989893139119743	NA	NA
GSE35466_1	0.000821243019827125	0.0111785154687901	NA	NA
GSE35466_2	0.00741969471515742	0.0232931912963273	NA	NA
GSE35466_3	0.00646441469287722	0.0395118290935151	NA	NA
GSE35466_4	0.0117147993479575	0.0541769977503688	NA	NA
GSE35466_5	0.026016954666433	0.0807871967962551	NA	NA
GSE36925_1	-0.00240384615384615	-0.0769400493918983	NA	NA
GSE36925_2	-0.0390338738161933	-0.122469938971588	NA	NA
GSE36925_3	-0.0456585084282719	-0.126830562732128	NA	NA
GSE37219_1	0.0147797276422535	0.0389078834731374	NA	NA
GSE37676_1	0.00641004903361448	-0.0182474984212289	NA	NA
GSE41342_1	-0.0111170054822116	-0.0547405492385316	NA	NA
GSE41342_2	-0.00547676573101747	-0.0136741350208091	NA	NA
GSE41342_3	-0.00281940166031431	0.0206806772087309	NA	NA
GSE41342_4	0.00104514283618761	-0.0211816736957666	NA	NA
GSE41997_1	0.0111981528042563	0.0272674387267781	NA	NA
GSE43242_1	-0.00995739611850882	-0.0396397947438503	NA	NA
GSE43242_2	-0.00650228485067565	-0.0525722991095097	NA	NA
GSE43663_1	0.00153810442287891	0.0325226360988968	NA	NA
GSE43854_1	-4.13134270264223e-05	-0.0406401012607231	NA	NA
GSE45656_1	-0.0331615407554407	-0.139496521172943	NA	NA
GSE45656_2	0.00567086570415141	0.00278492062215812	NA	NA
GSE45656_3	-0.0124096854162959	-0.0575203793570669	NA	NA
GSE45793_1	0.00636729277049657	0.0114354757832239	NA	NA
GSE45793_2	-0.0199308730697546	-0.0632043919184526	NA	NA
GSE45793_3	-0.0180439546268541	-0.0669093698031093	NA	NA
GSE45793_4	-0.00446307558154902	-0.0301550904982433	NA	NA
GSE45793_5	-0.0338645344784296	-0.099882806015868	NA	NA
GSE46390_1	-0.00261177181851119	1.88848324886951e-05	NA	NA
GSE48438_1	0.00258251228774422	-0.00157168980482862	NA	NA
GSE50549_1	-0.00968873101634859	-0.0300010494450659	NA	NA
GSE50549_2	-0.00352525819373312	-0.0163644813543495	NA	NA
GSE51098_1	0.042555240389948	0.0976731980671454	NA	NA
GSE53857_1	0.0165415517673126	0.0579373806508855	NA	NA
GSE53857_2	0.0204589428457298	0.12295885951389	NA	NA
GSE53857_3	0.00139134092592825	-0.0128572103323642	NA	NA
GSE53982_1	0.0123557643411876	0.0788041222063525	NA	NA
GSE53982_2	0.0165892300413669	0.0398317101116695	NA	NA
GSE54779_1	-0.00352839121353507	-0.0206243358604833	NA	NA
GSE55900_1	-0.0014792899408284	0.0127159084996338	NA	NA
GSE57104_1	-0.0187802910562585	-0.0869952117635689	NA	NA
GSE59387_1	0.0238982059082802	0.0884009229332306	NA	NA
GSE60401_1	-0.0083386770324093	-0.0452176643294326	NA	NA
GSE60401_2	-0.00855298989576797	-0.0862332456160884	NA	NA
GSE60651_1	-0.0138314220291783	-0.0356161198391097	NA	NA
GSE60737_1	-0.0153908564212036	-0.0101384769017073	NA	NA
GSE60761_1	0.0027089407191448	0.0211907561968891	NA	NA
GSE60761_2	-0.00294985250737463	-0.0294843875349725	NA	NA
GSE60761_3	0.000639951412036897	0.00434854521777557	NA	NA
GSE60761_4	0.00314784632197769	0.0336420731098036	NA	NA
GSE63017_1	0	-0.00202516160337884	NA	NA
GSE63017_2	-8.18665575112558e-06	-0.0051600442628739	NA	NA
GSE63017_3	0.00226019726212151	-0.00400320896360963	NA	NA
GSE63017_4	0.00487870636628148	0.00501837817165437	NA	NA
GSE63939_1	-0.00521867430280906	-0.0303508459550087	NA	NA
GSE63939_2	-0.0175127746446148	-0.0766063735048755	NA	NA
GSE64141_1	0.028808636046259	0.0952158754935092	NA	NA
GSE64965_1	0.00861466348701693	0.0621874451885795	NA	NA
GSE65745_1	0	-0.0450643795980412	NA	NA
GSE65745_2	-0.00144508670520231	-0.0536259882514694	NA	NA
GSE65745_3	-0.00144508670520231	-0.0516498474908212	NA	NA
GSE66416_1	-0.000986035248010404	0.00902591331572223	NA	NA
GSE66862_1	-0.00747593654465555	-0.0201435152229374	NA	NA
GSE69108_1	0.0202816102480703	0.0853004478938543	NA	NA
GSE71565_1	0.0466138133233733	0.0952309158796836	NA	NA
GSE72261_1	-0.0275787280049786	-0.064058654936075	NA	NA
GSE72261_2	-0.0276964872639313	-0.0873169388915512	NA	NA
GSE72261_3	-0.0294781140131152	-0.101289425525924	NA	NA
GSE7683_1	0.00856896694007198	0.0287492036976362	NA	NA
GSE7683_2	0.0111024397170798	-0.0104997526014856	NA	NA
GSE78980_2	-0.0148743407107318	-0.266667501456202	NA	NA
GSE78980_3	0.174865286443562	0.708045319712626	NA	NA
GSE78980_4	-0.0896900801095473	-0.360252086903023	NA	NA
GSE78980_5	-0.00840590953643352	0.00381157928796698	NA	NA
GSE78980_6	-0.00695534585648352	0.103474018308501	NA	NA
GSE78980_7	-0.313922097303423	-0.781110301370225	NA	NA
GSE78980_8	-0.126570152676066	-0.256198667577938	NA	NA
GSE78980_9	-0.311647265195137	-0.7441555931137	NA	NA
GSE78980_10	-0.219236087917415	-0.479796708444052	NA	NA
GSE81399_1	-0.0012935762470137	-0.0175553316221745	NA	NA
GSE84609_1	-0.0323240521886112	-0.0847098451652891	NA	NA
GSE84907_1	-0.0354816502079148	-0.136069039801572	NA	NA
GSE84907_2	-0.0242715829588384	-0.105611501436572	NA	NA
GSE84907_3	0.004835603444514	0.0363421306027594	NA	NA
GSE90127_1	0.0424706366331544	0.213544556959611	NA	NA
GSE90127_2	-0.0123005136126277	-0.0277614774750554	NA	NA
GSE90127_3	0.046681480716697	0.20549617474582	NA	NA
GSE9247_1	-0.0131299102152935	-0.0283171498045296	NA	NA
GSE9247_2	-0.0170993646883891	-0.0912380005904305	NA	NA
GSE9247_3	-0.0174228557755671	-0.0136658662667401	NA	NA
GSE99306_1	-0.0118143773832777	-0.021912509111628	NA	NA
GSE99306_2	-0.00402328939433474	0.0104626093492616	NA	NA
GSE99306_3	-0.0063231748372848	-0.0452159002356582	NA	NA
GSE99306_4	0.00177202439698743	0.0350906801584908	NA	NA
GSE99306_5	-1.91767477249194e-05	0.0218015841514986	NA	NA
GSE99306_6	0.00229536177370653	0.0268637188980689	NA	NA
GSE99306_7	-0.00214953432437111	-0.0193606224954904	NA	NA
GSE99306_8	-0.0014853351726361	0.00728574423329009	NA	NA
GSE99306_9	-0.00167840733683298	0.0201729317359122	NA	NA
GSE99306_10	-0.00109795481420432	-0.0357990644114125	NA	NA
GSE99306_11	-0.00359279642887748	-0.00639076324985739	NA	NA
GSE99306_12	-8.81406260969369e-05	0.0363083049009804	NA	NA
GSE99306_13	-0.0224574363228634	-0.0649197435041893	NA	NA
GSE99414_1	0.00140306704147482	-0.0307492794177896	NA	NA
GSE110581_1	-0.00794043386184604	-0.0426556119771597	NA	NA
GSE110581_2	0.00436046511627907	0.00796795615920655	NA	NA
GSE47799_1	0.0151910352884358	0.0654629769342227	NA	NA
GSE47799_2	0.00785969745254087	0.0339809125806389	NA	NA
GSE47799_3	0.0083245734303924	0.0143180583057038	NA	NA
GSE111628_1	0.0147455353590469	0.0863629089095246	NA	NA
GSE111628_2	-0.00714285714285714	-0.0501107925550751	NA	NA
GSE111628_3	0.0114288475805356	0.0113578579217431	NA	NA
GSE5657_1	-0.000806839861944312	0.00625800402694317	NA	NA
GSE5657_2	-0.000210801934939866	0.0126469469206887	NA	NA
GSE13782_1	0.0429403195135499	0.12144563471075	NA	NA
GSE41039_1	0.00925101349106134	0.0560749373205408	NA	NA
GSE84198_1	-0.0010244000871784	0.0208742170138491	NA	NA
GSE84198_2	0.00236476150577196	0.0216260193715098	NA	NA
GSE84198_3	0.0147654898136729	0.052578488476539	NA	NA
GSE114469_1	-0.012365304460576	-0.0734489190563448	NA	NA
GSE108036_1	0.00833941906758699	0.012540015705341	NA	NA
GSE60451_1	0.000874606616942962	0.0193164935206577	NA	NA
GSE47902_1	0.00139664804469274	0.0188029541471249	NA	NA
GSE44325_1	-0.0074365503529141	-0.0293445246879249	NA	NA
GSE4481_1	-0.0043731778425656	0.0110548244713103	NA	NA
GSE4481_2	-0.0207487944996885	-0.0864126838758977	NA	NA
GSE4481_3	0	-0.0554783343923437	NA	NA
GSE102292_1	-0.0145563327748403	-0.0236296397568754	NA	NA
GSE102292_2	0.0245653993668984	0.073113108687811	NA	NA
GSE102292_3	0.0327522897462206	0.106323755110007	NA	NA
GSE102292_4	0.0272391170478124	0.126852777733806	NA	NA
GSE41898_1	-0.0123151972310181	-0.0213198984431741	NA	NA
GSE87605_1	0.00834467873440248	-0.0203638575776004	NA	NA
GSE87605_2	-0.0047248736205107	-0.0185188656998087	NA	NA
GSE87605_3	0.00260285791761889	-0.0272243581513217	NA	NA
E-GEOD-54216_1	0.0133150639376323	0.098072740650673	NA	NA
E-GEOD-54216_2	0.0172678323404631	0.103129204840373	NA	NA
E-GEOD-54216_3	0.00415417263475934	0.040122673690091	NA	NA
E-GEOD-6119_1	-0.0144312877711796	-0.0579082312295908	NA	NA
E-GEOD-6119_2	-0.0143485618725723	-0.0549263344353188	NA	NA
E-GEOD-6119_3	-0.0098188546963453	-0.0503685768134756	NA	NA
E-GEOD-8077_1	0.0107123413528231	0.00819176374092693	NA	NA
E-GEOD-8077_2	0.00147683494646488	0.0196918580529113	NA	NA
E-GEOD-8077_3	-0.00766569624286666	0.00551147024213553	NA	NA
GSE103416_1	0.0399976729595253	0.0630192454531832	NA	NA
GSE103416_2	0.00686259265176354	0.000871007818919702	NA	NA
GSE103416_3	-0.0142907423761193	-0.0612584838904469	NA	NA
GSE19950_1	-0.00748995851574178	-0.0151935432144221	NA	NA
GSE30322_1	0.00877893874260106	0.0384210542823514	NA	NA
GSE30322_2	0.014353067531274	0.0250667106012551	NA	NA
GSE30322_3	0.00387090082123947	0.0149248267692089	NA	NA
GSE42295_1	0.000985310155318568	0.0327705074089973	NA	NA
GSE42295_2	-0.0240989377079012	-0.041630240589696	NA	NA
GSE42295_3	-0.0274484497570123	-0.0537357118897578	NA	NA
GSE66554_1	-0.0266180555597379	-0.0723636748523347	NA	NA
GSE66554_2	-0.0222126534262782	-0.0444781839041443	NA	NA
GSE66554_3	-0.0301828104431112	-0.0709505305493139	NA	NA
GSE66554_4	-0.0179437671042118	-0.062432549176895	NA	NA
GSE74898_1	-0.0377231084558988	-0.111742381666003	NA	NA
GSE74898_2	-0.0475100867745451	-0.130971272501344	NA	NA
GSE74898_3	-0.036143694229711	-0.110386716293862	NA	NA
GSE79176_1	-0.00100635963379691	0.00507213940061073	NA	NA
GSE79176_2	0.00280112044817927	0.0140029071281416	NA	NA
GSE79176_3	-0.00146627565982405	0.0104257290652702	NA	NA
GSE85785_1	0.0624944659909671	0.166364467448641	NA	NA
GSE16981_1	-0.00811973902824589	-0.0453283869337984	NA	NA
GSE16981_2	0.000299753572413894	0.0180507687580395	NA	NA
GSE16981_3	-0.00477973100138008	-0.0526417804848787	NA	NA
GSE16981_4	-0.00477973100138008	-0.0526417804848787	NA	NA
GSE16981_5	-0.00804221089782692	-0.0175806905749116	NA	NA
GSE16981_6	-0.00735503264225949	-0.0122539019763763	NA	NA
GSE16981_7	-0.00589475665038145	-0.0123388434380632	NA	NA
GSE29859_1	-0.0125256913018325	-0.0655018632517876	NA	NA
GSE29859_2	-0.00232252098449282	-0.0113608593250608	NA	NA
GSE23492_1	-0.00738674370210016	-0.0121618536383306	NA	NA
GSE23492_2	-0.0168796250271014	-0.0503195077629333	NA	NA
GSE23492_3	0.0111556216879208	0.0558443480762862	NA	NA
GSE23492_4	0.00768280241502843	0.0521069047204871	NA	NA
GSE23492_5	-0.0144741854997193	-0.0765137806157608	NA	NA
GSE44991_1	-0.00165251181574341	0.0277463805166636	NA	NA
GSE44991_2	0.0114060525271723	0.0604982307170874	NA	NA
GSE39796_1	-0.00928120273084124	-0.0206622314855018	NA	NA
GSE39796_2	-0.0112108316217569	-0.0321197695300848	NA	NA
GSE39796_3	0.000493482050412018	0.00779886292366001	NA	NA
GSE18394_1	0.0137050343634202	0.059843702199467	NA	NA
GSE18394_2	0.0108545842933316	0.0662130692615875	NA	NA
GSE18394_3	-0.00259365177651405	0.0168607694789421	NA	NA
GSE29233_1	-0.00405261786642315	0.00213561839785401	NA	NA
E-MEXP-2291_1	-0.0060166194835961	-0.0308723887243221	NA	NA
E-MEXP-2291_2	0.00459192343966319	0.0592513065412351	NA	NA
E-MEXP-2291_3	-0.017305448308369	-0.0815832690294743	NA	NA
GSE18738_1	0.00319660797595459	-0.01294269073594	NA	NA
GSE107363_1	0.00240440884521504	0.0038436671051331	NA	NA
GSE85761_1	0.00588032293327415	0.0521878876103913	NA	NA
GSE89179_1	0.00748436073269005	0.058455166179866	NA	NA
GSE89179_2	0.00315915902650222	-0.00686774884948437	NA	NA
GSE89179_3	0.00905389943356765	0.0226568345933273	NA	NA
GSE89179_4	0.00845361516581169	0.00999920753198214	NA	NA
GSE89179_5	-0.0142115439081451	-0.0458685779546622	NA	NA
GSE89179_6	-0.00124966438629395	-0.00944764121868905	NA	NA
GSE89179_7	-0.00303683722428049	-0.00352916863598039	NA	NA
E-GEOD-57723_1	-0.00822939628570067	-0.0144395662219864	NA	NA
E-GEOD-57723_2	0.0112866419706128	0.0340334543544818	NA	NA
E-GEOD-57723_3	-0.00161230117070371	-0.00495460070185745	NA	NA
E-GEOD-83930_1	0.00225169552731288	-0.0477450030616425	NA	NA
GSE100268_1	-0.0320016529930782	-0.0806117571929114	NA	NA
E-GEOD-55769_1	-0.0047956301694944	-0.0394247163089634	NA	NA
E-GEOD-55769_2	0.00286532951289398	-0.0281918165629479	NA	NA
E-GEOD-55769_3	-0.00872301073539464	-0.0242398645125149	NA	NA
E-GEOD-69110_1	0.012313569550562	0.0672581358774983	NA	NA
E-MTAB-4304_1	-0.00998775710703462	-0.000240732220735162	NA	NA
E-MTAB-4879_1	-0.00561205020262068	-0.0246353301791181	NA	NA
E-MTAB-4879_2	0.00272225256046281	0.0321396000880912	NA	NA
E-MTAB-4879_3	-0.00291171876933309	-0.0369775201537643	NA	NA
E-MTAB-4879_4	0.00191298708457133	0.0211257364235431	NA	NA
Cytokine_Explant_1	0.00574323881563807	0.0250854858632585	NA	NA
Cytokine_Explant_2	-0.00245362788658395	-0.0152751803510014	NA	NA
Cytokine_Explant_3	0.00459688494013026	-0.00625037364623447	NA	NA
Cytokine_Explant_4	0.00133344467093209	-0.0153041338778216	NA	NA
Cytokine_Explant_5	-0.0140368649564099	-0.0476971783932138	NA	NA
FN1_Explant_1	0.0260736400116931	0.0521036157810225	NA	NA
E-MTAB-6266_1	-0.0104484128126486	-0.0328871787733907	NA	NA
E-MTAB-6266_B_1	-0.0293821418549007	-0.0852432352164768	NA	NA
E-MTAB-6266_B_2	0.00725144041608863	0.0220773611305008	NA	NA
E-MTAB-6266_B_3	0.0301315781555464	0.124572919018945	NA	NA
GSE74220_1	0.00431805049097251	0.0204247225127913	NA	NA
GSE114007_1	0.014146642122911	0.0406802520798316	NA	NA
GSE109503_1	-0.00632924808193362	-0.0183652911124976	NA	NA
GSE109503_2	-0.0125801052821946	-0.0106426382352733	NA	NA
GSE109503_3	-0.00921532846883005	-0.0140848680870955	NA	NA
GSE109503_4	0.00223993373763439	-0.00688129954717534	NA	NA
GSE109503_5	0.0159022020957118	0.0335843506288057	NA	NA
GSE109503_6	-0.00106379008227881	0.00688087688600837	NA	NA
GSE109108_1	-0.011855068918348	-0.0364265295094478	NA	NA
GSE109108_2	-0.00664395350031264	0.0056239686037369	NA	NA
GSE109108_3	0.00448107456047654	-0.00670672134344627	NA	NA
GSE109108_4	-0.0014572796763916	-0.0292216629149879	NA	NA
GSE70667_1	-0.000423303199885206	-0.025443015251127	NA	NA
GSE87608_1	-0.00127551020408163	0.024773674605231	NA	NA
GSE87608_2	0.0104343704124511	-0.0254246727295501	NA	NA
GSE87608_3	-0.000684719745807902	-0.00330865115844153	NA	NA
GSE87608_4	-0.00563908458228576	0.0387454441776302	NA	NA
GSE90890_1	-0.0204803515146567	-0.056815948339465	NA	NA
GSE97118_1	0.0481273317688955	0.204253516562535	NA	NA
GSE97118_2	-0.0137925378223412	-0.0168458038892671	NA	NA
GSE97118_3	0.0554816700925034	0.217904532476993	NA	NA
GSE97118_4	-0.0150093795109891	-0.0187638144120806	NA	NA
GSE97118_5	0.017828617990209	0.00840549358722182	NA	NA
GSE97118_6	0.00995095830059596	0.000118731774563882	NA	NA
GSE97118_7	-0.0027230657830413	0.000708950208095209	NA	NA
GSE107592_1	-0.0150390795360022	-0.119861343218274	NA	NA
GSE92641_1	-0.0335745805069949	-0.0619502358818267	NA	NA
GSE107849_1	-0.00877347763442666	-0.0514767766205804	NA	NA
E-ERAD-89_1	-0.00136612021857923	0.0216776266930226	NA	NA
E-ERAD-89_2	-0.00224215246636771	-0.00868620531428813	NA	NA
E-ERAD-89_3	0.00490780717028839	-0.0132741746739016	NA	NA
E-ERAD-89_4	0	0.00730920051723901	NA	NA
E-GEOD-45893_1	0	0.011747740184583	NA	NA
E-GEOD-53105_1	-0.0183695938598642	-0.0954674695276807	NA	NA
E-GEOD-53105_2	-0.004208754039304	-0.0584299617224821	NA	NA
E-GEOD-54461_1	-0.0251766249792842	-0.0610167410748574	NA	NA
E-GEOD-54461_2	-0.0292870501500665	-0.0778786795252317	NA	NA
E-GEOD-54461_3	-0.027471245676531	-0.0829530438069518	NA	NA
E-GEOD-54461_4	-0.0272508582795041	-0.110434125750458	NA	NA
E-GEOD-54461_5	-0.0353596077036269	-0.172305809181526	NA	NA
E-GEOD-54461_6	-0.0365384905155948	-0.225019365052681	NA	NA
E-GEOD-54461_7	-0.0381195133477194	-0.257239930335669	NA	NA
E-GEOD-54461_8	-0.0367611832737608	-0.26040392867819	NA	NA
E-GEOD-73372_1	-0.0332022236907539	-0.0444058174148842	NA	NA
E-GEOD-73372_2	-0.0118134801938632	0.0314778447197609	NA	NA
E-GEOD-73372_3	0.0500950305192759	0.0862313657776537	NA	NA
E-GEOD-75549_1	0.0204973441687707	0.0678256311988376	NA	NA
E-GEOD-76988_1	0.0239948860346543	0.0603792165782736	NA	NA
E-MTAB-2923_1	-0.0275404935247799	-0.0791289546151012	NA	NA
E-MTAB-2923_2	0.0209793472187289	0.0803529814269296	NA	NA
E-MTAB-2923_3	0.00919331721351414	0.0326988613353132	NA	NA
E-MTAB-2923_4	0.00487809378070466	0.0354335178425893	NA	NA
E-MTAB-3428_1	0.0219379891415859	0.119386501966704	NA	NA
E-MTAB-3428_2	-0.0149284632736936	-0.0329116796869013	NA	NA
E-MTAB-3428_3	0.0029429521665268	0.015721449897218	NA	NA
E-MTAB-3428_4	0.0252816496870295	0.122906228658906	NA	NA
GSE102856_1	-0.0688407137933894	-0.232871710157839	NA	NA
GSE103492_1	-0.0301900709862442	-0.118859213309049	NA	NA
GSE103492_2	0.0262354303884923	0.0826537841353508	NA	NA
GSE103492_3	-0.00874358003136009	-0.0588240902901969	NA	NA
GSE103492_4	-0.0324004490788834	-0.139179872976883	NA	NA
GSE103492_5	0.0219572640723281	0.0783736455041923	NA	NA
GSE103492_6	-0.00652477338406539	-0.0257719222594584	NA	NA
GSE103492_7	-0.0338677299124634	-0.117912601876941	NA	NA
GSE103492_8	0.00285015345196016	-0.00713329711492729	NA	NA
GSE103492_9	-0.00691420649437414	-0.0662438428836062	NA	NA
GSE103492_10	-0.011513072649915	-0.0786957876966464	NA	NA
GSE106259_1	0.00595343287052031	-0.00613728816194901	NA	NA
GSE110303_1	-0.00625279242670264	-0.0225923252052564	NA	NA
GSE110303_2	0.018526284898746	0.0864411853628947	NA	NA
GSE110303_3	0.00692532543903773	0.0216169951337399	NA	NA
GSE110300_1	0.00236700852302356	-0.0135168229365748	NA	NA
GSE110300_2	-0.000470700505519447	0.00483423049194856	NA	NA
GSE110300_3	0.0222179787162373	0.0901573247457988	NA	NA
GSE110281_1	-0.00990728885242527	-0.0290671896616328	NA	NA
GSE110281_2	-0.0196681330434553	-0.0154958547393647	NA	NA
GSE110281_3	-0.00152719897199479	0.0141020675818347	NA	NA
GSE104459_1	-0.0112138189305613	-0.0538121447034978	NA	NA
GSE104459_2	-0.0129871579419256	-0.0353977946123519	NA	NA
GSE104459_3	0.00186253563050997	0.00786365335541226	NA	NA
GSE110051_1	0.00124035339218065	0.0167349121606804	NA	NA
GSE110051_2	-0.00141996151017787	-0.0222838058454634	NA	NA
GSE110051_3	0.0012136166632227	-0.00160778740066692	NA	NA
GSE112694_1	-0.00377651134230196	-0.0156059236176924	NA	NA
GSE112694_2	-0.00888336165143306	-0.0367902860599645	NA	NA
GSE112694_3	0.0134652734209187	0.0931091015275998	NA	NA
GSE112694_4	0.00114311929386795	0.031209620297683	NA	NA
GSE97232_1	-0.0119047619047619	-0.058728364471426	NA	NA
GSE114079_1	-0.00232558139534884	-0.0401984852627007	NA	NA
GSE114079_2	-0.00280112044817927	-0.0207756083703721	NA	NA
GSE114079_3	0.00222222222222222	-0.0270819707105851	NA	NA
GSE114079_4	-0.00595894261389485	-0.0224227479781235	NA	NA
GSE104828_1	0.0168074782033944	0.05053911622028	NA	NA
GSE114521_1	0.000220103630090843	0.0099503982966467	NA	NA
GSE114521_2	-0.00992030259821234	-0.00543963055646468	NA	NA
GSE112413_1	0.00197209135537217	0.00354287073391001	NA	NA
GSE112413_2	-0.0146651466697703	-0.0654145946244458	NA	NA
GSE101909_1	0.000933990884258566	-0.0177004927024279	NA	NA
GSE101909_2	-0.00233075460538433	0.0135045229264275	NA	NA
GSE114919_1	-0.0033019697084578	-0.0289309566394261	NA	NA
GSE114919_2	0.001781846573838	0.000228800779175202	NA	NA
GSE114919_3	-0.00107849742777237	-0.0305940564133618	NA	NA
GSE114919_4	-0.00679841362750675	-0.0110626536057325	NA	NA
GSE114919_5	0.00229510472244833	0.0369093747419665	NA	NA
E-MTAB-5879_1	0.0264822990892592	0.0929157632513315	NA	NA
E-MTAB-5879_2	0.027159670883183	0.0784332512686747	NA	NA
E-MTAB-5879_3	0.0273354819347049	0.0809566744146457	NA	NA
E-MTAB-5879_4	0.0225319213168719	0.0686897524527927	NA	NA
E-MTAB-5879_5	0.0237920150560967	0.0982316531412609	NA	NA
E-MTAB-5879_6	0.0255429796213074	0.0838369872097157	NA	NA
E-MTAB-5879_7	0.00485112633046956	0.0311080763476559	NA	NA
E-MTAB-5879_8	-0.00211724110870331	-0.0122283728883316	NA	NA
E-MTAB-5879_9	-0.0059315842516993	0.0258697356354257	NA	NA
E-MTAB-5879_10	-0.0128403834240003	-0.0254794713846402	NA	NA
E-MTAB-4294_1	0.0106928688581635	0.0154142634893753	NA	NA
E-MTAB-4294_2	0.00239545044211795	-0.0019245888704077	NA	NA
E-MTAB-4294_3	-0.000558166887647472	-0.0237918336219608	NA	NA
E-MTAB-3186_1	-0.00889016532699138	-0.0446872385661582	NA	NA
E-MTAB-3186_2	8.03677271216004e-05	-0.0116477611382005	NA	NA
E-MTAB-3186_3	-0.0115604218267201	-0.0185321634674077	NA	NA
E-MTAB-3186_4	-0.00357776200730696	-3.16775895331532e-05	NA	NA
GSE114919_Rat_1	-0.00620666258187758	-0.0061743876915768	NA	NA
GSE114919_Rat_2	0.00404021654691668	0.00859200068030078	NA	NA
GSE114919_Rat_3	-0.0081280973533334	-0.0303865402412988	NA	NA
GSE114919_Rat_4	-0.0007899841142463	-0.0147629350366205	NA	NA
GSE114919_Rat_5	0.0129285880064201	0.0223113682113273	NA	NA
