comparisonID	jaccard	cosine	sigjaccard	chrDir
22659600_1	0.0121853162047685	0.0356237266267057	0.0159365096994527	0.0257229167157211
24361742_1	-0.00469354759199817	-0.0222054416828279	-0.0115953278705713	-0.011425248888005
GSE72258_1	0	0.0105137908355232	0	0.013098260866118
GSE72258_2	0	-0.00535894390881821	0	-5.32133426914775e-05
GSE69531_1	0.0114314780991172	0.0896383283872072	NA	NA
GSE69531_2	0.00606265922869977	0.0328765534052705	NA	NA
GSE69531_3	-0.00388790376574874	-0.0328156272789877	NA	NA
GSE69531_4	0.0114314780991172	0.0896383283872072	NA	NA
GSE58203_1	-0.0167355948025811	-0.0457558994583758	-0.0181843842278965	-0.0191206052576677
GSE58203_2	-0.00737802768438735	-0.058848783183604	-0.00859758578907623	-0.0234426190858998
GSE58203_3	-0.00680020651041962	-0.0511843342418191	-0.00840119676110655	-0.0027570376861157
GSE58203_4	-0.0062810931880048	-0.0222548437619117	-0.00755614655902829	-0.0201811567191824
GSE58203_5	-0.00924413463587997	-0.0379589135826217	-0.0124367476442857	-0.0111044550600323
GSE58203_6	-0.0154576000642028	-0.0731347467730609	-0.0145449586980256	-0.0147207866971712
GSE58203_7	-0.0155133709643819	-0.0538683035624555	-0.0133846544190451	-0.0242279162478142
GSE58203_8	-0.0145182640765778	-0.066355960945668	-0.0150101675316542	-0.00504041428717602
GSE59642_1	0.00210951707116419	0.0243008580924114	NA	NA
GSE59642_2	0.00319818765820098	0.0079367147978992	NA	NA
GSE59642_3	-0.00132994141643068	-0.0209654337576443	NA	NA
GSE64922_1	-0.00815395466408005	0.0174858868193074	-0.00737278477526828	0.00247720869417413
GSE60162_1	-0.00521355928366187	-0.00330882837732386	NA	NA
GSE31685_1	0.00778927648147806	0.0365770885998826	0.00178364952830812	0.0103980927106352
E-MEXP-3890_1	-0.00456255478489226	-0.0540471681904812	-0.00470068624357662	-0.0130824008647032
GSE31980_1	-0.00277093549973061	-0.0377258010928917	-0.00370670232552876	-0.00808881410219842
GSE15615_1	-0.0019511385036438	-0.00294018154548951	-0.00144134418808903	0
GSE15083_1	-0.00276009156251534	-0.00305335934092114	NA	0.00597061962147677
GSE108035_1	0.00229206471874191	-0.00699921051873869	0.00333154177857021	-0.00400358665260391
GSE108035_2	-0.000612661032514493	0.0160076376218061	-1.74096489653948e-06	0.0195474782069753
GSE108035_3	0.00106678460534529	-0.016825823578571	0.00119249804048798	0.00334801496353588
GSE21959_1	-0.0102710687908252	-0.0844003364768817	-0.0186461133509542	-0.00676952233834268
GSE21959_2	-0.0114074793769354	-0.0931819502493915	-0.0200536310710874	-0.0157387635700258
GSE24742_1	-0.0156760837299759	-0.0285386984186853	NA	-0.0196641440992204
GSE24742_2	0.00551153093558213	0.0212381697515861	NA	0.00300704838837412
GSE24742_3	0.00104308045488994	-0.0364908624024753	NA	0.00225547598627876
GSE74668_1	0.00391738759595467	0.00539862900553295	NA	NA
E-GEOD-10024_1	0.00216054370324421	-0.000687455871659556	NA	NA
E-GEOD-10024_2	-0.00721246524154934	-0.0290236496425841	NA	NA
E-GEOD-12860_1	-0.00436606062009823	-0.0365024511108915	NA	NA
E-GEOD-12860_2	0.020943749738621	0.112952901259053	NA	NA
E-GEOD-12860_3	0.00379814165228744	0.0171547990682925	NA	NA
E-GEOD-12860_4	0.0110709298700546	0.0301784935967654	NA	NA
E-GEOD-12860_5	0.000251872507193087	0.00889755116775917	NA	NA
E-GEOD-12860_6	0.0235677286033755	0.112721155982421	NA	NA
E-GEOD-12860_7	0.0025143584554928	0.023594096485026	NA	NA
E-GEOD-12860_8	0.00553824373865941	0.0138041439025386	NA	NA
E-GEOD-14359_1	0.0088349184167149	0.0400566841200249	0.00846146714440204	0.0149383862774368
E-GEOD-14359_2	0.000744979697655239	-0.0163347564841325	0.00168678967240359	-0.00155405090959466
E-GEOD-1919_1	-0.0123799077642843	-0.02502118976154	NA	NA
E-GEOD-1919_2	-0.00804053541287411	-0.00619729312654156	NA	NA
E-GEOD-1919_3	-0.00470619898286724	0.00850838856412125	NA	NA
E-GEOD-1919_4	-0.00750152007214529	-0.0536818306810894	NA	NA
E-GEOD-1919_5	-0.0101218765750671	-0.0317107149064291	NA	NA
E-GEOD-1919_6	-0.00540620549125731	-0.0458292953986652	NA	NA
E-GEOD-1919_7	-0.0155791758617888	-0.0531982564900232	NA	NA
E-GEOD-1919_8	-0.00664754764093535	-0.035420226496243	NA	NA
E-GEOD-1919_9	-0.00528803430085865	-0.0146373418813389	NA	NA
E-GEOD-19664_1	-0.00371796183070159	-0.0173395852202935	NA	NA
E-GEOD-19664_2	0.00206081042789966	0.0508936208007851	NA	NA
E-GEOD-19664_3	0.0186141474555013	0.0604175872819552	NA	NA
E-GEOD-19664_4	-0.00607296660453244	-0.0525464716628063	NA	NA
E-GEOD-19664_5	0.00446480939051747	0.0588466018630945	NA	NA
E-GEOD-19664_6	0.0141861194895809	0.0562050778666726	NA	NA
E-GEOD-43923_1	-0.00568256832436998	-0.0124062174817091	0.00025762941183026	0.00191240330141201
E-GEOD-51812_1	0.00164220865146069	0.0590689148227405	0.00187007278200656	0.0152472435718095
E-GEOD-51812_2	0.00193792045361745	0.0602710458713771	0.00235755342570918	0.0181731827988447
E-GEOD-68760_1	-0.00959135534094519	-0.042889681982103	-0.00993400401551577	-0.0147970526925379
E-GEOD-82107_1	-0.000553503804842335	0.0246753039514576	0.0037037037037037	0.0106329115001029
E-GEOD-9451_1	0.0127138482831121	0.0834886067194774	0.0152510352625702	0.0117718832755637
E-GEOD-9451_2	0.0515327468903542	0.236025103770736	0.0532742728855771	0.0811370765640981
E-GEOD-9451_3	0.0122931458476693	0.0319477203026956	0.0116033860325709	0.012063799864652
E-GEOD-9451_4	0.0191623865593132	0.172839759825843	0.0257115728217337	0.0445639399417373
E-MEXP-2019_1	-0.0019324551980023	0.00525424713099771	0	-0.0010027129942615
E-MEXP-2019_2	-0.00810384856923481	-0.0350496773180479	-0.00626437360198387	-0.00171673070206078
E-MEXP-2019_3	-0.000333744099857385	0.0146125229530238	NA	0.00407389711244385
E-MEXP-2019_4	-0.00890500365219268	-0.0555540267671588	-0.00872093023255814	-0.00962904164402155
E-MEXP-2276_1	-0.0146054371718089	-0.0562010907769057	NA	-0.00788904726291676
E-MEXP-2488_1	0.0138491325858293	0.0986542675751732	0.0184280194434417	0.0310170326083698
E-MEXP-3129_1	-0.0194756603511008	-0.0676980459783004	-0.0192488732185733	-0.0259185061183224
E-MEXP-3474_1	0.00140782515326709	0.005810973705261	NA	0.0126386671638073
E-MTAB-3010_1	0.000114727181123393	-0.00809670532978487	NA	NA
E-MTAB-3010_2	0.000889856099951554	0.0189806571911906	NA	NA
E-MTAB-3010_3	0.0230912995287796	0.0516452905613367	NA	NA
E-MTAB-3010_4	0.00170801131305188	0.0377212834947542	NA	NA
E-MTAB-4152_1	0.00962507801815019	0.0415476631939976	0.0103145202728597	0.0183664265246824
E-MTAB-4152_2	-0.0140306624799132	-0.089866100414481	-0.0151957455450905	-0.0353852414163836
E-MTAB-4152_3	-0.00843350894195288	-0.021826638875725	-0.00876687188144649	-0.00230473307031473
GSE100609_1	0.00781497867327591	0.0140073931188781	NA	0.00221359936774795
GSE100786_1	0.0224019088016967	0.0387861874532487	0	-0.000331020066425327
GSE100786_2	0.0136115866509885	0.0539555585443437	NA	0.00871615654570313
GSE103697_1	0	0.00136764768975803	NA	NA
GSE103697_2	0	0.0128364034043664	NA	NA
GSE103697_3	0	-6.55743198553304e-05	NA	NA
GSE104113_1	0.0134022503856165	0.0412156588309706	NA	NA
GSE104113_2	-0.00299778453616321	-0.01182847826616	NA	NA
GSE104113_3	0.0134022503856165	0.0412156588309706	NA	NA
GSE10575_1	-0.0101256993337061	0.0470672811916871	-0.000432900432900433	0.0173977867084314
GSE10575_2	0.00341911004917253	0.020462595899075	0.00362704060757851	-0.00325622890775794
GSE10575_3	-0.00426497757663708	-0.0664977297915209	-0.00589226618157419	0.00189837924860766
GSE13604_1	0.0261096100593354	0.0230488434088694	0.0335632263997336	0.0141823032732685
GSE13837_1	-1.4347686975392e-05	0.00672530570181535	0.00314465408805031	0.00542798530275886
GSE13837_2	-0.0045418125160653	-0.0233570281839878	-0.00790586178635305	-0.00210924893229906
GSE13837_3	0.00616770076742619	-0.0149408044012748	0.0142980518123295	-0.00335690626248288
GSE13837_4	0.0123185916715991	0.0147932895295475	0.0106153535457637	0.00476811212263866
GSE13837_5	0.00185020750523975	0.00517345534682149	0.00675675675675676	-0.0105442676112641
GSE13837_6	-0.00712194996772798	-0.0364914405114526	-0.00170771791692514	-0.0152095766159923
GSE13837_7	-0.00370656588666914	-0.037510242054872	-0.0148978195032897	-0.0113386926013797
GSE13837_8	-0.000354427410757059	-0.0225645307815824	0.00121394210408034	-0.00807109548541853
GSE13837_9	0.0061175759686838	0.0134326559791371	-0.00648646400019181	-0.00906305972164447
GSE13837_10	0.00441563461781762	0.0183915141762717	-0.0059327331827128	-0.0105183500284481
GSE13837_11	0.00807810567291654	0.0277642045996523	0.00257371437647178	0.000369526659712273
GSE13837_12	0.0108882601712452	0.0498720749276626	0.0156067447537361	0.00684773483811016
GSE13837_13	-0.0114515616531242	-0.0126654559211706	0.00302127659574468	-0.0151015665239608
GSE13837_14	-0.00422982110836375	-0.0475193271477354	-0.00540689025172973	-0.0198515110020889
GSE13837_15	-0.000882831841349373	-0.051261571668905	0.000427381458814446	-0.0219208011394011
GSE13837_16	-0.000436938990964426	-0.0283842951872969	-0.00184676737624158	-0.0104143045700324
GSE13837_17	-0.00494116565545137	-0.0105085803415797	0.0199332418100083	-0.0105026190420138
GSE13837_18	-0.00851340515940013	-0.0486102369170399	-0.00741578250718554	-0.0205264833805626
GSE13837_19	-0.0049831302065355	-0.0380999034230611	-0.00129204889850019	-0.00783767425263707
GSE13837_20	0.00942753801863883	-0.00313425603541502	0.0111452721446552	0.000561784057461635
GSE13837_21	-0.00229534825128293	0.014855515618667	-0.00154746093029983	-0.0147261279504849
GSE13837_22	-0.00132581930138726	0.0135885638369366	-0.00174404334301739	-0.0137246799054821
GSE13837_23	-0.00262775694575792	8.80561431367498e-05	-0.00133171873489865	-0.00792918058398296
GSE13837_24	-0.00664419949007311	-0.0126804560848828	-0.00365791810643058	-0.0165686238209403
GSE16464_1	0.00923845092362269	0.014286250477716	NA	NA
GSE16464_2	0.00479432103429695	0.0551969750346255	NA	NA
GSE19060_1	0.00637741130712528	0.00184848790399616	0	-0.00366488557822302
GSE27372_1	-0.0406281278642107	-0.0466513174032347	-0.0477438896386265	-0.00813512003380752
GSE27390_1	0.00724314773802565	0.0155209439134219	0.00230950868478305	0.00549565500551032
GSE29106_1	0.000456548469715086	0.00505374358415117	NA	NA
GSE29107_1	0.00244263181586921	0.0324304633036337	NA	NA
GSE29107_2	-0.00555801009757889	-0.0257397259440553	NA	NA
GSE29745_1	-0.00463938699064887	-0.0338425968158366	NA	NA
GSE29745_2	-0.00319615444791502	-0.0407255725873343	NA	NA
GSE29745_3	5.05665839656069e-05	0.041709252055296	NA	NA
GSE35546_1	-0.00776093138777502	-0.0222648980530553	NA	NA
GSE35546_2	-0.00437662115326819	-0.0208404873378946	NA	NA
GSE35546_3	-0.00240954292751709	-0.00833062903843258	NA	NA
GSE35546_4	-0.00586360443328479	-0.0359472635185031	NA	NA
GSE35546_5	-0.0123635862995087	-0.0388352658608843	NA	NA
GSE35546_6	-0.00717181847420195	-0.0194681093101384	NA	NA
GSE35955_1	0.00274274694902022	0.0297856360716179	0.0060558424749564	-0.00236282122282206
GSE35956_1	-0.00141975040600919	-0.0441399895271036	-0.000779761202786999	0.0116148993391142
GSE35957_1	-0.00591328635288155	0.00335862081415038	-0.000292688482696348	-0.00481632840544996
GSE35958_1	-0.00601833544959499	-0.0444729862867243	-0.00504390837868538	-0.00685144045894983
GSE39340_1	-0.0043410345200627	0.00738018813928279	0.00446428571428571	-0.00193068930313828
GSE39340_2	0.00845289183323077	0.0150824039739977	0	-0.0104959916052483
GSE39340_3	-0.00911278998847057	-0.0091685694040122	NA	0.00294709292251868
GSE39795_1	-0.00284764096774853	0.00945568572237134	NA	3.98862743394377e-05
GSE39795_2	-0.00113909015890434	-0.00310016358678453	0.00329987717986204	0.00391259317981306
GSE39795_3	-0.000324663731269352	-0.012704490228722	0.00443175245806825	-0.00205663056104688
GSE41038_1	0.000148024298282788	0.00678408163672426	NA	0.0013759780158967
GSE41038_2	0.000970524207318203	0.0110316625905902	NA	-0.00231089021657122
GSE41038_3	-0.00405602133469285	0.00192269047141522	NA	0.00302490722736834
GSE41992_1	0.00140478832226137	0.00158493118980451	NA	NA
GSE42235_1	-0.0198005090305814	-0.0411468430114806	-0.0166943348466732	-0.020950369671909
GSE42235_2	-0.017911210484235	-0.0410406886407627	-0.0219788604005169	-0.0108635553007104
GSE42235_3	-0.0143779175128182	-0.0372833422523377	-0.0109943095007392	-0.010050845344963
GSE42235_4	-0.0162408094586794	-0.0403447246450392	-0.0232830384129301	-0.0133960224282998
GSE45233_1	0.0037244627580762	-0.000769227110419624	NA	-0.00246525132913756
GSE45233_2	0.00348184202452094	0.0073863292376335	0	0.00537889724791871
GSE45233_3	-0.0144973333503862	0.00319400440984044	NA	-0.00448206379752486
GSE45233_4	-0.0124811729050576	-0.00470644395370154	-0.0176462114664362	-0.0145479390199694
GSE46053_1	0.0140496618690732	0.0391090251363638	0.0162889862217028	0.0114814555312005
GSE46053_2	0.00928345760512064	-0.00571375070618121	0.00523076992559384	0.000907934536495882
GSE46750_1	-0.000480315137615172	0.00378165487313183	0.00814107670229177	0.00174055682446338
GSE51588_1	-0.00525776632303312	-0.0261901134121267	-0.00510536068861742	-0.0046445888588198
GSE51588_2	-0.000373563955956364	-0.00429968228343578	4.69308089462179e-06	-0.00238245322011039
GSE51588_3	-0.0075189144793996	-0.0327671585657859	-0.00815506867756446	-0.0018174087932407
GSE52817_1	0.0217380085871592	0.0963082159445135	NA	NA
GSE52817_2	-0.0108085231756392	-0.0345513089055063	NA	NA
GSE52817_3	0.0107338171974499	0.0991395699171035	NA	NA
GSE52817_4	0.0182037614402365	0.0888383017655781	NA	NA
GSE55235_1	-0.00118158729729564	0.0192477806513995	0.0029089242899644	0.0115019085539708
GSE55235_2	-0.0110976460285316	-0.0418640484680276	-0.01161110844588	-0.0058660257109866
GSE55235_3	-0.0125782220909154	-0.0628563675216541	-0.0128628065370828	-0.0259529781304425
GSE55457_1	-0.00641042414343142	-0.022272180480003	0.00401165101349503	0.00400563123425072
GSE55457_2	-0.00589953403260332	-0.0200606708674494	-0.00491325263086283	0.00438981250228062
GSE55584_1	0.0107593435379012	0.0116795408761361	0.0112992700729927	-0.00934246509233445
GSE57218_1	-0.00618254205514346	-0.0370901818143556	-0.0162114455592716	-0.00176237798258447
GSE60762_1	-0.00299630906183103	-0.00979315614271477	NA	0.00228117355891157
GSE62914_1	-0.0018799859154237	0.00289642709741261	NA	-0.0106480900445791
GSE62914_2	-0.00112383372659933	-0.00722205674332364	NA	-0.0041519166322849
GSE62914_3	-0.00171441641503937	-0.0298787181245665	0	-0.00881132025113489
GSE62914_4	0.00335846717656561	0.00761236174707576	-0.00390625	-0.00252788866568961
GSE64394_1	0.00931553177430356	0.0361243769113351	NA	0.00063462439025325
GSE66635_1	0	0.0114564633187748	NA	0.00590971070842399
GSE68038_1	0.0152172029128694	0.0508283689407044	0.0126726837729594	0.0208192505449068
GSE68428_1	-0.00873924899120983	-0.0430175467335216	-0.00601630926815492	-0.0149129106474249
GSE68428_2	-0.0121410055912191	-0.0345865642337605	-0.0069295372901754	-0.0178307210031348
GSE68428_3	-0.0069782942590091	-0.0412180299551588	-0.00818346980813872	-0.00690843922607085
GSE69459_1	-0.0064282124662574	-0.0185327250483618	NA	NA
GSE69459_2	0.000659030414967305	0.010730738782738	NA	NA
GSE69459_3	0.0221400440584412	0.0495515126297919	NA	NA
GSE69459_4	0.0010689991854504	0.0135690797577257	NA	NA
GSE69992_1	0.00983049501781614	0.0679569252049929	0.0098681642443001	0.0154519689749616
GSE70719_1	0.000622472960577784	0.00722732068463715	0.000627798566850821	-0.00153934919613002
GSE7116_1	0.00217569432465068	-0.000889959252146042	-0.000274565178411332	-0.000356962767627369
GSE7116_2	-0.010622535586697	-0.0228045311746944	0	-0.000235787885218457
GSE7116_3	-0.000117955033061021	-0.0178875851875057	0.00111434108527132	0.00284646653961773
GSE72575_1	0.0185834817194022	0.0849645691279367	0.0154081427666333	0.0227936466881493
GSE72575_2	0.0453045653849035	0.133244514506834	0.0463667600951515	0.0412462470299974
GSE72575_3	0.0319442634184149	0.12548983675352	0.031261383357868	0.0308817572553817
GSE72575_4	-0.00308236067729739	0.0187414082819624	-0.00364963503649635	-0.00265864266342877
GSE75181_1	-0.00134189225053079	-0.0033400490583509	0.000395252277382584	0.00253374378403978
GSE75181_2	-0.00748916623113789	-0.0177734974747429	-0.00972726861884786	-0.0215304039953476
GSE75181_3	-0.0017300911616697	0.00144009268042518	-0.000299205948506142	-0.0188455578648636
GSE7669_1	0.00744216691451312	-0.0105892183112279	0.0119088528882343	-0.014811519895932
GSE77916_1	-0.00320056899004267	0.0283646186435457	-0.00892857142857143	0.00145381471196327
GSE80614_1	0.0148692851343987	0.0475150975538728	0.0205883677974501	0.0223270151124432
GSE80614_2	0.0196096763568364	0.07401812747689	0.0258488398682302	0.0491362877355254
GSE80614_3	0.00934596204211961	0.049247666724257	0.0138888888888889	0.0272711216034095
GSE80614_4	0.0480553528976593	0.15517978094519	0.0558547634294006	0.0927769707366064
GSE80614_5	0.0475799442782761	0.157657034187942	0.0498410111530137	0.0903914323435163
GSE80614_6	0.0405131209552086	0.106412054077448	0.0400811520860476	0.0599360824650903
GSE80614_7	0.0231055843994882	0.0662752377247411	0.0208558558350263	0.0568094931939742
GSE80614_8	0.0132334787997969	0.0594145826193286	0.0164902526335453	0.0414463990990803
GSE80614_9	0.00844419549082762	0.0223572050523906	0.0152629233511586	0.0241709462309048
GSE80614_10	0.0380571188720136	0.0986824998952517	0.0366438956034332	0.058605008278804
GSE80614_11	0.00332383665716999	-0.00702341608809601	NA	0.0104215968814601
GSE80614_12	0.0705075433020885	0.209829326429851	0.0754022610106883	0.0866937858245727
GSE80614_13	0.0798822650547217	0.229117899993051	0.100220758209074	0.122659833447583
GSE80614_14	0.0669039875800882	0.191602470121642	0.0840770357609174	0.106220261206116
GSE80614_15	0.0577019526235221	0.133109119485079	0.0672987220655456	0.109634030432853
GSE80614_16	0.0346441087071711	0.0989916804684756	0.0353231424132743	0.0861639281181809
GSE85254_1	-0.00993469263230749	-0.00293320971623389	-0.00660053639168843	-0.00350419499375475
GSE86578_1	0.000180607502999166	-0.0198104463122142	-0.00192149915075731	-0.0309420971161456
GSE86578_2	-0.0119083282650327	-0.031483495867262	-0.0110918586489652	-0.0294742883153652
GSE86578_3	-0.0194009161795712	-0.0262267327793185	-0.0242125799310456	-0.0304218684660325
GSE9329_1	0.0141097092564123	-0.0058827168742975	NA	NA
GSE93698_1	0.00215037007988178	0.0044912953723673	0.00108145398953434	-0.00148171922006498
GSE93698_2	0.00209779665684108	0.00601655655951267	0.00431669706094517	0.00506217969762455
GSE93698_3	0.00324030957430125	0.0238968119591159	0.00489277960332513	-0.00151433218762886
GSE93698_4	0.00165393682685624	0.00500874159571251	0.00415086011434977	-0.0080421788018087
GSE93698_5	0.00212282813432752	0.0149036408407178	0.0032389878060903	-0.00465928349846013
GSE93698_6	0.0047827732472864	0.00192655883864246	0.00617283950617284	0.00293089707698776
GSE93698_7	0.00320805179450694	0.0320966867874319	9.65790335215305e-05	0.00678741689545485
GSE93698_8	-0.00380004624347169	-0.000204464643451581	0.00735294117647059	-0.00473457318762188
GSE93698_9	0.00387189470625176	0.0214658559558201	0.00422243963024311	-0.00194496066193143
GSE93698_10	0.00923599829005218	0.0330875146383906	0.00192805318354879	0.0035244879122084
GSE93698_11	-0.00269885862374624	-0.00201357478182935	0.000545096434458503	0.00271000663111912
GSE93698_12	0.00652597180390941	0.018854019629338	0.00571103260249238	-0.00241768653974576
GSE93698_13	-0.00980823710621315	-0.0359702299965428	-0.00692543651867738	-0.0073048316196909
GSE93698_14	-0.00526929887344143	-0.0136537831243049	-0.00850512402122983	-0.00854332772469728
GSE93698_15	0.00408551237540978	0.0200526568490444	0.00733270024192548	0.00549951474348255
GSE93720_1	0.00457663010698045	0.0190817306123042	NA	NA
GSE93720_2	0.00073261658006407	0.0074615714342021	NA	NA
GSE93720_3	0.000496364005219383	0.00177959769636199	NA	NA
GSE93720_4	-0.00371886881758014	-0.0109145212278759	NA	NA
E-MTAB-5564_1	0.0014090571542268	0.00747280459918169	0.00156350536546899	-0.0022409309235425
GSE77753_1	-0.0016934680662661	0.016003261463993	NA	0.011428255897676
GSE43861_1	-0.0016865825070303	0.000656592099935939	NA	NA
GSE112809_1	0.00320512820512821	-0.00529270853638291	NA	NA
GSE111946_1	-0.00546789995996353	-0.0115022628507656	NA	NA
GSE111946_2	0.00209205020920502	-0.0229356517991136	NA	NA
E-MTAB-3201_1	0.00242138133986287	-0.0216879309527306	0.00253181144393051	-0.00306716421409893
E-MTAB-6700_1	-0.000537750874332755	-0.0126700066750919	-0.00139154465944457	0
GSE54749_1	0	0.0117706250984138	NA	0.00154642197572934
GSE57218_B_1	-0.000688883839712396	-0.021167902611844	-0.00544706047098392	0.0256578649094357
GSE57218_B_2	-0.00229309783057584	-0.0148682567382637	-2.03315265289526e-05	0.0173064507076121
GSE57740_1	0.00920618006822929	0.00622732005425188	NA	NA
GSE52992_1	-0.0072250477896798	-0.0128947758742594	-0.0119320332585937	-0.0245426072511747
GSE17160_1	-0.0062475895957159	-0.000762636765730365	NA	NA
GSE17160_2	-0.000787351977828168	0.0188700069977882	NA	NA
GSE17160_3	-0.0189049332179224	-0.0305055394358103	NA	NA
GSE17160_4	-0.00291588536283418	-0.00272771520249419	NA	NA
GSE17160_5	-0.0091940728141445	-0.0207004552764824	NA	NA
GSE17160_6	-0.00774915836982915	-0.0148475395374361	NA	NA
GSE17160_7	-0.0106031497903568	-0.0296009787707717	NA	NA
GSE17160_8	-0.0184028100848796	-0.0176542452742477	NA	NA
GSE17160_9	0.00998359368557502	0.0369143342710737	NA	NA
GSE17160_10	0.00801139041679336	0.0337251081881448	NA	NA
GSE17160_11	0.009603960505119	0.0416067616642384	NA	NA
GSE17160_12	0.00619166852530854	0.0343615636372928	NA	NA
GSE22971_1	-0.00272944932162809	0.000610728174318612	NA	0.00707656585938324
GSE22971_2	-0.00320512820512821	-0.000194317814711668	NA	0.0041273637879382
GSE22971_3	-0.00388890512769633	-0.00690976550520684	-0.00892220302510989	-0.00533828136551094
GSE22971_4	-0.00308202612749291	-0.00768997495987807	-0.00638230790015857	-0.00518246582311463
GSE13590_1	-0.00145958224068938	-0.0189110586719393	-0.00166086009850338	0.00394221271545065
GSE13590_2	0	0.00357352454167725	0	0
GSE99731_1	0.00207534633994034	-0.00879801046539934	NA	-0.00450874636471543
GSE99731_2	-0.00505884041331802	0.00249996817387059	NA	0.00437675653837711
GSE99731_3	0.00331069765189711	0.00610861754164527	0.00512042143224061	-0.00309171896438029
GSE27492_1	0.000103416894183834	0.017765193329837	0	0.0130315707702563
GSE27492_2	-0.00205007914259016	-0.00221277830775906	0.000479714912280702	0.002111348900797
GSE27492_3	0.000159700976346317	-0.0120466978672161	-0.00123874628666961	-0.000168434274947541
GSE27492_4	0.00465760535300108	-0.0169640762336801	0.00773348813209494	-0.00350234808736552
GSE27492_5	-0.00345396899952318	-0.0165387561853671	-0.00177094657853612	-0.00655106128228995
GSE27492_6	0.0104448851050554	0.025267684241675	0.0179789201321127	0.00193361204677994
GSE27492_7	0.0120145838892177	0.0142800894357875	0.00717844475643228	0.0145297296488929
GSE27492_8	0.0169006770860412	0.0197046382174513	0.0213155689293158	0.0111026458190649
E-GEOD-15069_1	0.0142065331562454	0.0176972631586539	0.0152924067312801	0.019079430720778
E-GEOD-15069_2	0.00865548218648847	0.0198661519779921	0.00931045698487559	0.0180568118662367
E-GEOD-15069_3	-0.00422714732453439	-0.0217785200291043	-0.00405909506821673	0.000112388581136753
E-GEOD-15069_4	0.0261736356702032	0.0445276053645532	0.0310323666252196	0.0117715250450351
E-GEOD-15118_1	0.00540203478831638	0.0111874350303085	NA	NA
E-GEOD-15118_2	-0.00340136054421769	0.00320856192318717	NA	NA
E-GEOD-15118_3	-0.0126195678266081	-0.0418337843280438	NA	NA
E-GEOD-15118_4	-0.00934222152634658	-0.0341343215574052	NA	NA
E-GEOD-16007_1	-0.0034712145164579	-0.0167630443633604	NA	NA
E-GEOD-17473_1	-0.0100309874604123	-0.0178239876199971	NA	-0.000539167924521728
E-GEOD-18647_1	0.00456522462175218	0.0275664160578467	NA	-0.0052703919983621
E-GEOD-18647_2	4.64818526693701e-05	-0.0133214309997457	NA	0.00351277652141152
E-GEOD-18647_3	-0.00193120516398851	-0.0219258153866537	NA	-0.00276537056517806
E-GEOD-18647_4	-0.00566921223503293	-0.0478690415275115	0.00485436893203883	-0.00290829078157597
E-GEOD-18648_1	0.00267511253703929	-0.0438598850287209	0.00310578419651013	-0.00654139193511603
E-GEOD-18648_2	0.00195088530234742	0.0248810883777043	0.00215488628063976	0.00141144141355684
E-GEOD-2154_1	0.00244534163698281	-0.00058378620106286	0.00760971055088702	-0.00945713598774823
E-GEOD-2154_2	0.00469026355638623	0.00455942730053165	0.0091345579085223	0.00548255151645128
E-GEOD-2154_3	0.00417326267463637	0.00258700773487462	0.00359293424333004	0.0063437806372405
E-GEOD-2154_4	-0.00341350296919626	-0.00469425878895545	-0.00364188671063827	0.00361522373669709
E-GEOD-26475_1	-0.00343720341019719	-0.00146528051603776	-0.0109817233324764	-0.0107212787542278
E-GEOD-26475_2	0.00201977299016773	-0.00496162415897016	-0.0117647058823529	0.0045737131658749
E-GEOD-26475_3	0.000491166223431668	-0.019091984607244	0.00349059265206918	-0.006688285483685
E-GEOD-33567_1	0.00558131299681268	0.0375066068652196	NA	NA
E-GEOD-33567_2	-0.0060488779518622	-0.0026132417375832	NA	NA
E-GEOD-37287_1	0.000751440907720481	0.0022507469953345	NA	NA
E-GEOD-37287_2	-0.000722746680463536	-0.0141122542635855	NA	NA
E-GEOD-37287_3	-0.00127162860468083	-0.0139380518981677	NA	NA
E-GEOD-51994_1	-0.00544599881926888	-0.0449006945438708	-0.0187638697228669	-0.0155932313687342
E-GEOD-51994_2	-0.00358545604392499	-0.0328273387124183	-0.0130081194430988	-0.0148505495203608
E-GEOD-51994_3	0.000722534567423883	-0.00481555714795099	-0.00242404432682986	-0.0117525340000873
E-GEOD-65077_1	0.00335570469798658	-0.0331692487187863	NA	NA
E-MEXP-1244_1	0.0148900839542803	0.0285954445278457	NA	NA
E-MTAB-1123_1	-0.0137800373342689	-0.0205395146456432	-0.0130895947220489	-0.00727970567314212
E-MTAB-1123_2	-0.00524920255183413	-0.0141931463544441	0.000974363700697109	-0.00709805976748062
E-MTAB-1123_3	-0.0103223981900452	-0.0072933932500805	-0.0065990648182429	0.00333732629609115
E-MTAB-1123_4	-0.003125	-0.0284218554056682	0	-0.0134464550561154
E-MTAB-1391_1	-0.00291438463541395	-0.000704246202916382	-0.00412319067842196	-0.00514737005059197
E-MTAB-1391_2	0.00679834428092291	0.0177293396549251	0.00662902702866095	0.00975774406911582
E-MTAB-1391_3	0.00851434918836291	0.0223781353159191	0.00836772356820704	0.0160160542409522
E-MTAB-2450_1	0.00411547835112408	0.0108575439211328	0.00507693566584275	0.00121016060468042
E-MTAB-2450_2	-0.0122028246816461	-0.0238752664303545	-0.0164248094455445	-0.00181789788369882
E-MTAB-2450_3	-0.00976067953656041	-0.0404375682303655	-0.00882703568248915	0.00384222754928505
E-MTAB-2450_4	0.00715758301724757	-0.018212115889622	0.010651810124224	0.00679444162026927
E-MTAB-5023_1	-0.00121961899952543	0.00270636298465252	NA	-0.00755739045975855
E-MTAB-5326_1	0.00961042194115443	-0.00340207803143797	NA	NA
E-MTAB-5326_2	-0.0018830785744502	-0.0240462120513832	NA	NA
E-MTAB-5326_3	-0.000886986760223957	0.0199624645011125	NA	NA
GSE102588_1	0.000276864928325252	-0.000137259125641839	0.0151296025656639	-0.00645715900851965
GSE104793_1	-0.00299981479196376	-0.041215048349481	-0.00363311618390793	-0.0158528108283581
GSE104794_1	-0.00831453925443695	-0.0459148848693103	-0.00991807173480405	-0.0129961451949772
GSE104795_1	-0.00501703967415309	-0.0269286884733664	-0.00536190635758585	-0.0135554500841245
GSE105139_1	0	0.00485268097537276	NA	-0.000223355911858012
GSE105139_2	-0.00520021895658765	-0.0157729776022242	NA	-0.00231488428385466
GSE105139_3	-0.00972762645914397	-0.0193060153505714	0	0.003780647758558
GSE10555_1	0.0094720577785905	0.0249728537932983	NA	NA
GSE10556_1	-0.00181013699721295	0.0389143441530849	-0.00227379669786126	0.0109929770296209
GSE106631_1	-0.00804610763077791	-0.00895190420098759	-0.0102642569817349	-0.00395640281127867
GSE13104_1	8.57362718152625e-05	-0.00591686739635535	NA	NA
GSE13104_2	-0.000493519059849877	-0.00894486882927112	NA	NA
GSE13104_3	-0.0056498658466453	-0.029184800288231	NA	NA
GSE16749_1	0.000663726797612354	-0.00988858633602072	NA	NA
GSE16749_2	0.00619869032499534	-0.000604985893662514	NA	NA
GSE16749_3	-0.00181645317400346	0.00600465035469595	NA	NA
GSE17348_1	0.0104525127791483	0.0147797759893713	NA	NA
GSE17563_1	-0.000860584309909583	-0.00571309300338846	NA	NA
GSE17563_2	-0.00111808466914333	-0.00104471607546185	NA	NA
GSE17569_1	0.00505582406208417	0.0107610735457734	NA	NA
GSE17569_2	0.00192436519932728	-0.000341229135797882	NA	NA
GSE17570_1	0.00242401702003874	0.013181589560888	NA	NA
GSE17570_2	0.00320465129771406	-0.000855722994406387	NA	NA
GSE18991_1	0	0.0005700242323237	NA	0.00269191029034951
GSE18992_1	-0.00344827586206897	0.0122461511489466	NA	0.00130727994304741
GSE19299_1	-0.00919433114192972	-0.0624351300472526	-0.00914198525902157	-0.00800396807673889
GSE20850_1	0.00103288945613124	0.00447669379482756	NA	NA
GSE21093_1	-0.000991408699814699	-0.00771292459320065	NA	NA
GSE21523_1	-0.00363406470757112	0.00818638765858154	NA	NA
GSE21639_1	-0.00282485875706215	-0.00881097676371398	NA	NA
GSE21639_2	0.00409722640586222	0.0182816287129411	NA	NA
GSE21639_3	0.00116749688667497	0.00108584755195324	NA	NA
GSE21639_4	0.00088519792690555	0.0178378525225307	NA	NA
GSE21710_1	-0.00111871311372463	-0.000980274116347311	NA	NA
GSE21710_2	-0.00131597443913375	0.00328640218389071	NA	NA
GSE21710_3	-0.00230297374856974	-0.0063413476205055	NA	NA
GSE22925_1	-0.00239857880123199	-0.010346649871349	-0.00184788465854581	-0.00185123143596278
GSE22925_2	-0.00789367844114882	-0.0334561261173734	-0.00214287453639584	-0.0132868565993514
GSE26499_1	-0.000858806764630891	0.0181546575222719	NA	NA
GSE30160_1	0.00784788995875789	0.00521897409397102	0.00851535557767929	0.0136338670826932
GSE30628_1	-0.00279447913135999	0.000923782013719483	-0.00507451234868086	-0.0138436052949149
GSE30628_2	-0.000794652022556905	0.00276734430898463	-0.00445777360903899	-0.00119440186387958
GSE32163_1	0.00770375077681891	0.0355119610664535	NA	0.0130319185216416
GSE33656_1	0.0031995263117934	0.0103823756354541	NA	NA
GSE33754_1	-0.00393756888345508	0.0141184082237334	0.000128073770491803	-0.00288751664004933
GSE33754_2	0.00463371579876434	-0.0039838149928271	0.00698874620270643	-6.92454719087437e-06
GSE33754_3	0.000160901152790029	-0.0288295059138523	-0.00354032184753135	-0.00985267596658085
GSE34570_1	0.00783716819070625	0.0130087414343375	NA	NA
GSE35003_1	0.0121114574481168	0.0177963025765547	NA	NA
GSE35466_1	-0.00607577725077936	-0.0178374842620607	NA	NA
GSE35466_2	-0.00524822216895388	0.00973785296836262	NA	NA
GSE35466_3	-0.0135542038217672	-0.00826570462081683	NA	NA
GSE35466_4	-0.00746795431549628	0.0115956781933039	NA	NA
GSE35466_5	-0.00109351101640698	0.00562682911068341	NA	NA
GSE36925_1	0	0.0112304739480984	NA	NA
GSE36925_2	-0.0102050432819314	-0.0116275139882529	NA	NA
GSE36925_3	-0.00652287813702272	-0.0082160931785977	NA	NA
GSE37219_1	-0.000215228915793292	0.00162688378387518	NA	NA
GSE37676_1	-0.00522311821928672	0.0187964298633839	-0.00277755131697114	7.46212217260398e-05
GSE41342_1	0.000109506968151599	-0.0141564868742193	0.00576693538682719	0.00808003839107652
GSE41342_2	-0.00079862187494496	-0.00790413032310382	NA	-0.00937075916000698
GSE41342_3	0.00618393234672304	-0.0187012417143898	NA	-0.00700524902287088
GSE41342_4	0.00663841040410078	0.00691310113965372	-0.00539638932496075	-0.000996883561329496
GSE41997_1	0.0107700933109589	-0.00512769873941767	0.0144230769230769	0.0130907065604154
GSE43242_1	0.00556229231761147	0.00427548773434272	0.00756090406118036	0.00827732372344421
GSE43242_2	0.00515381958202526	0.0252372512315085	0.00458656745140804	0.00550751475134342
GSE43663_1	-0.00309481842766081	0.015189295042758	-0.0138888888888889	-0.00279955349427667
GSE43854_1	-0.00435893851188005	0.00214987930609445	NA	NA
GSE45656_1	-0.000585087744841009	0.00429059706371344	NA	NA
GSE45656_2	-0.00033946393259341	-0.0374266525553029	NA	NA
GSE45656_3	-0.00307582788338401	-0.0358641668976435	NA	NA
GSE45793_1	-0.000942169017669985	-0.0112335320437894	0.00175819112759273	0.014613542766779
GSE45793_2	-0.00593961159469764	-0.0274257513713577	-0.00874819926696959	-0.00119833463546504
GSE45793_3	-0.0011230076760748	-0.0193627522811573	-0.00130824049843357	-0.00902810180504791
GSE45793_4	-0.00699772944078505	-0.0384141413079121	-0.00603682795489436	-0.0077295837602816
GSE45793_5	-0.0020336787983652	-0.0211026101967408	-0.00734187951118463	-0.00989249360452372
GSE46390_1	0.00644027448235245	0.0140977190266813	NA	NA
GSE48438_1	-0.00836391351408438	-0.0130618280542983	NA	-0.00494227668576791
GSE50549_1	-0.000976194074267556	-0.0440866074316504	-0.00233080217992544	0.00353771410335187
GSE50549_2	-0.00206411414374313	-0.0272399361610393	-0.00218973732785115	-9.20407818073461e-05
GSE51098_1	0.00300899275281426	-0.00978041788729914	0.00268940829642188	-0.00875536986106347
GSE53857_1	0.000215412798285143	0.00255441794547608	0	0.00799635626244528
GSE53857_2	0.0032590051457976	-0.00387049345717544	-0.00862068965517241	0.000484326167047119
GSE53857_3	0.00294117647058824	0.00758449310730982	0	0.00679021257872013
GSE53982_1	0.0191284756823088	0.0555692976120374	0.0206345795595239	0.017720314797198
GSE53982_2	-0.00258190776310524	0.0037723539103897	-8.11688311688312e-05	0.00289972614205948
GSE54779_1	-0.00846970198084242	-0.0297417380892926	-0.0085777296411017	-0.0302158168901834
GSE55900_1	0	-0.00363227728273156	0	-0.016713688213358
GSE57104_1	0.000867270583916004	0.0121115439078307	NA	-0.00306099811711626
GSE59387_1	0.00289041275959501	0.0122695443508321	NA	NA
GSE60401_1	0.00143572509657241	-0.00309522205829379	NA	NA
GSE60401_2	0.00325304749789978	0.00501273157974192	NA	NA
GSE60651_1	-0.00298623902445583	-0.0353704593168844	NA	NA
GSE60737_1	-0.00303305303039976	0.0039394212737529	NA	NA
GSE60761_1	-0.00282485875706215	-0.00331067185063067	0	0.00282074391992778
GSE60761_2	-0.00344827586206897	-0.0202793311923766	NA	-0.00641684003566448
GSE60761_3	-0.00703547013097959	-0.0200214493149653	0.00537634408602151	-0.00860600765616931
GSE60761_4	-0.00693383053519147	-0.0100618610664199	0.00505050505050505	-0.00587648851827285
GSE63017_1	0	-0.0100914438526639	NA	0.00476024916783185
GSE63017_2	0	-0.0072351815205203	NA	-0.0087238251982049
GSE63017_3	-0.00201906391019336	0.0154784108188283	-0.00574712643678161	-0.00637144985764853
GSE63017_4	0.00830263965623082	0.0176737975695173	NA	8.18765361820617e-05
GSE63939_1	0.000238764664919218	0.00228575891990845	-0.00153094687235707	0.00655691677755273
GSE63939_2	0.00142640230018436	0.0287476800458615	0.00163710041737839	0.00141610343136997
GSE64141_1	0.00770618103472486	0.0199428409978821	NA	NA
GSE64965_1	0.00240000369447387	0.00985697116580698	0.00169349685211153	0.000188061371083757
GSE65745_1	0	0.0075140813066424	NA	0.00407178832704463
GSE65745_2	-0.00335570469798658	0.00296190434251701	-0.0135135135135135	0.00420373718273308
GSE65745_3	0	0.00752524818919516	0	0.00180299385647803
GSE66416_1	0.00673445772679656	-0.00525955618819142	NA	NA
GSE66862_1	0.00405018909920871	-0.0186059859766662	0.00401656972247846	1.59778144648362e-05
GSE69108_1	-0.00115280715768933	-0.0211336386605153	-0.000822270557509099	0.000161377341818526
GSE71565_1	-0.00974105931175117	-0.0568148494058845	NA	NA
GSE72261_1	-0.0120152532076781	-0.0183131364323492	-0.0144230769230769	-0.0119374776054607
GSE72261_2	-0.0105356603026867	-0.00799926623027613	-0.0170148644944758	-0.014888877797638
GSE72261_3	-0.0109497610933823	-0.0109766994541409	-0.0158565660454889	-0.0122880498002152
GSE7683_1	0.0319328048424032	0.0785829988841404	0.0266379750505859	0.0434416979030382
GSE7683_2	0.0243319136115044	0.0919658025496926	0.0159383503828891	0.0311115515520303
GSE78980_1	0.00348835488301601	-0.00659814235236492	NA	NA
GSE78980_2	0.00638794567062818	0.0067614024834524	NA	NA
GSE78980_3	0.00519483512000649	0.0168199552757061	NA	NA
GSE78980_4	-0.00759407714027093	-0.0198842608369775	NA	NA
GSE78980_5	-0.000100806451612903	-0.00353910492585677	NA	NA
GSE78980_6	0	0.00987482376296518	NA	NA
GSE78980_7	0.00120862403553462	-0.00889800494558724	NA	NA
GSE78980_8	-0.00232339701970418	-0.00931775592972518	NA	NA
GSE78980_9	-0.000184934711517926	-0.0112851469043276	NA	NA
GSE78980_10	-0.00352325260090583	-0.0121271036816306	NA	NA
GSE81399_1	0.00116414814094499	-0.00589266980083625	NA	0.0062849708099071
GSE84609_1	-0.00727346860354465	-0.0291832420906893	-0.00711740536595188	-0.00876260608259316
GSE84907_1	-0.00391265287051722	-0.0105434794186334	-0.00498694635204144	-0.00461781155117037
GSE84907_2	-0.000195420538752416	-0.00784585630676269	-0.00170364602219943	0.00706481051143806
GSE84907_3	0.0111138501905889	0.00333464207058528	0.0107113606292939	0.0141387595585427
GSE90127_1	0.00782971323791739	0.0321375714793284	NA	NA
GSE90127_2	0.00185297339033966	0.0157179698204571	NA	NA
GSE90127_3	0.00275441358534087	0.0201018334590997	NA	NA
GSE9247_1	-0.00054989946833536	-0.0373046675861644	-0.00256522585669782	0.00810793898279081
GSE9247_2	-0.000829941561579148	-0.00434677924901104	-0.00120494788832652	0.00246309302329159
GSE9247_3	0.00316611555530044	-0.0132653853627066	0.00217162952137377	0.00213273073310987
GSE99306_1	-0.0035440964223297	-0.0269740100496716	-0.00745472999694531	-0.00926629719081527
GSE99306_2	0.000265796566177147	-0.0218178915540799	-0.00157180209776678	-0.00187985549775384
GSE99306_3	-0.00617293236734531	-0.00413246801930396	-0.00502441573085329	-0.0104519858063613
GSE99306_4	0.000161002601177731	-0.0244165957268018	-0.000487070498134411	-0.002875177933875
GSE99306_5	-0.00175541219225758	-0.0266785081342564	-0.00172074157501413	0.000871330370584752
GSE99306_6	-0.00162468616452352	-0.0175862674955569	0.0011481875511142	-0.00423301647210565
GSE99306_7	-0.0165556790774087	-0.0107273574498281	-0.00471698113207547	-0.00968929703712421
GSE99306_8	-0.00130087760286107	-0.031929260283288	-0.00329001354403257	-0.00639574885449536
GSE99306_9	0.000517189546436384	-0.0302756319419097	-0.00145192110731038	-0.00638148289451566
GSE99306_10	-0.00993795087541033	0.00684206143621467	-0.00484699724979425	0.00114075467562283
GSE99306_11	-0.00323131704024824	-0.0298533074394279	-0.00216890704376204	-0.0119003914223176
GSE99306_12	6.41527263922329e-05	-0.0217080120021976	-0.000825988067558717	-0.00638426528760429
GSE99306_13	-0.0110822304453634	-0.00967650774933679	-0.0135875976514026	-0.0153489308167603
GSE99414_1	0.000291406958811339	-0.0101998978865025	0.000457231886068971	0.000132226006115034
GSE110581_1	-0.00606064115219631	0.0127011687614637	-0.00576665901986818	-0.000700166440539845
GSE110581_2	0	-0.0217295680062188	0	0.000553519791745368
GSE47799_1	-0.0101313994699919	-0.0159622129352102	-0.0177587844254511	-0.0202890356953894
GSE47799_2	-0.00150920589267496	-0.000917668630558791	-0.00202841120312586	0.00266545065568686
GSE47799_3	-0.00995358992201591	-0.0100959088199161	-0.00943254172147952	-0.0150179199575231
GSE111628_1	0.00299246943954609	0.0282465295742825	NA	NA
GSE111628_2	-0.000194144598897258	0.0264005698565939	NA	NA
GSE111628_3	0.00744871149868634	0.0350292190582154	NA	NA
GSE5657_1	-0.0112950983101171	-0.0277304944907254	-0.0157982059798561	-0.00777917797189454
GSE5657_2	0.00289942616240297	-0.0170675777805082	0.0110906862745098	-0.00904337575077799
GSE13782_1	-0.00288972181368033	0.007143571947081	0.00216341819843426	-0.00303428088692081
GSE41039_1	-0.00564971751412429	-0.00764625830451991	-0.00943396226415094	0.000298176305538037
GSE84198_1	-0.00318044683626875	-0.00316542162558666	-0.00570444516198472	0.000275949253354987
GSE84198_2	-0.0119078027581859	-0.00702883880706316	-0.0180296543814884	-0.007328359929516
GSE84198_3	-0.00025555970655431	0.0121466128365649	7.68653066701326e-05	-0.0109785687394754
GSE114469_1	0.00726745622761545	0.0181693994838738	NA	NA
GSE108036_1	-0.0108695652173913	-0.000776483479190337	-0.00574712643678161	0.00679137532557728
GSE60451_1	0.00815791815083098	-0.0170721598042081	0.00415218661171327	-0.00703233988709409
GSE47902_1	0	-0.00512725759954957	NA	NA
GSE44325_1	-0.00111284540864525	-0.00302341084177161	NA	NA
GSE4481_1	0	-0.0143836573737893	NA	-0.00687059571889977
GSE4481_2	-0.0067376151233566	-0.0119279381287942	0.00191054773924629	-0.00624313629057556
GSE4481_3	0	0.00244572817286687	NA	0.00239663403395002
GSE102292_1	-0.00265014095369833	-0.0581054373918504	NA	NA
GSE102292_2	-0.00825914794265539	-0.00962615175742578	NA	NA
GSE102292_3	0.00473101883742618	0.0272263780305219	NA	NA
GSE102292_4	0.00862209630935078	0.0339595391232182	NA	NA
GSE41898_1	0.00426657827118763	0.00709099194175461	0.00625373707067911	0.00294825487211188
GSE87605_1	-0.00665337467988715	-0.0255253868672457	-0.00552979083737946	0.00213281277031992
GSE87605_2	0.00786165638346751	0.0245280040703796	0.00825507362264953	0.00945371846656929
GSE87605_3	0.00585638786106768	0.00314045481015738	0.00643812675063962	-0.00395012847672572
E-GEOD-54216_1	-0.000688322487857239	-0.0366451859402373	-0.000265619013079576	-0.00110127334433007
E-GEOD-54216_2	0.00163765453594526	-0.0305794862198933	0.00204388090069765	-0.00729943855584982
E-GEOD-54216_3	0.00451072397945582	0.00122326554421289	0.0064084808284686	0.00114529561307558
E-GEOD-6119_1	-0.00937626910454018	-0.0424207136541857	-0.00809689205531614	-0.0333216395512212
E-GEOD-6119_2	-0.00685390700964205	-0.039218702161356	-0.0060317036374505	-0.0332428882304605
E-GEOD-6119_3	-0.00771492456545383	-0.0357708853415674	-0.00943327029830553	-0.0348648362819007
E-GEOD-8077_1	0.0134680193372924	0.0371183147372791	0.0239723458261826	0.0158158552633246
E-GEOD-8077_2	-0.0054297115700116	0.00341763461019422	-0.00525158768930142	-0.000173705454874525
E-GEOD-8077_3	-0.00679958990666403	-0.0297186899589536	-0.00884359162472976	-0.0120478172430633
GSE103416_1	-0.000427676927961093	0.0119977503893609	0.000529929718303136	-0.012205921044019
GSE103416_2	-0.000886528154130903	-0.00770547314861559	0.000144226145393778	-0.00152193417756752
GSE103416_3	-0.00288446393619726	-0.02023584413064	-0.00284346404476538	-0.00301441010906858
GSE19950_1	-0.00313381167771118	0.0303111717518072	-0.00298475010843314	0.000294361716841086
GSE30322_1	0.00337051482922334	0.0115338680409669	0.00436063639851968	0.000239201096625402
GSE30322_2	0.00392963490286213	0.0069717890897111	0.00442568574636888	0.00756865770089335
GSE30322_3	0.00104272894005315	0.0156565029756314	0.00220302727283324	0.00830194726710095
GSE42295_1	-0.00297619047619048	-0.0152170678943833	NA	-0.00942142966138913
GSE42295_2	-0.00433601731406384	-0.0248937783606891	-0.00932930000957233	-0.0225900039445313
GSE42295_3	0.000560770337981681	-0.0185257822795485	0.00324314714428985	-0.0168509800556126
GSE66554_1	0.000875355093555107	0.00189232863647067	0.000242497032322929	0.00834738690769943
GSE66554_2	0.00275512958432908	-0.0142972250899715	0.00299942364365026	0.00285177464966596
GSE66554_3	-0.000315263601045484	-0.0106537062341078	0	-0.00862927803832694
GSE66554_4	0.00168614390311621	-0.00530818079587708	-0.000766070346613205	-0.00359839140616902
GSE74898_1	0.00175927609920161	0.0276480704793551	5.83487899378492e-05	0.00455786338469842
GSE74898_2	0.00423026933566601	0.024310829809833	0.00525844473386211	0.00402560034189673
GSE74898_3	0.00339194143409108	0.0171546901292745	0.00367220287993645	-0.00479158819322754
GSE79176_1	0.00649378030782205	0.0016037556682596	NA	NA
GSE79176_2	-0.00616955751183939	-0.0144641969974975	NA	NA
GSE79176_3	-0.006442124451073	-0.0168851458270531	NA	NA
GSE85785_1	0.00403357034754451	0.00532455892474228	0.00307895948434622	0.00198951389964098
GSE16981_1	0.00200147135532344	0.000725001586836009	0.002948247082058	0.00673021314999533
GSE16981_2	0.000119916816869294	-0.0141145003868373	0.00202743644070739	0.00398681639270578
GSE16981_3	0.00421645365996201	0.00900977589115144	0.0037565685172927	0.00180053847476556
GSE16981_4	0.00421645365996201	0.00900977589115144	0.0037565685172927	0.00180053847476556
GSE16981_5	-0.00835600875113433	-0.0141130366485488	-0.00313392260494502	-0.00792047501719075
GSE16981_6	0.00257602758334704	-0.0105158329333311	-0.00536623784329652	0.00594114931019722
GSE16981_7	0.0103235618562316	0.0126012165861726	0.00454545454545455	0.0123627506645286
GSE29859_1	-0.000194184852355422	0.000205553980750564	-0.00392378315359953	0.00406175327254935
GSE29859_2	0.00473068745570517	0.00954479751264597	0.00243124750896772	0.00972381533877314
GSE23492_1	-0.0053209841504542	-0.0312770950462405	NA	NA
GSE23492_2	0.00472959710579918	0.0234227901649381	NA	NA
GSE23492_3	0.00107524995998445	0.00368084343877605	NA	NA
GSE23492_4	0.000486015204525934	0.021609692372174	NA	NA
GSE23492_5	0.00030177994758138	-0.00331861050430907	NA	NA
GSE44991_1	0.00452953876951443	-0.0188533467780852	0.0018916987084689	-0.00652571747997481
GSE44991_2	0.00279541255682495	0.00999169870395439	NA	-0.00121653562219324
GSE39796_1	0.00120185978124104	-0.00617579161440422	NA	NA
GSE39796_2	0.00240351552635923	0.00599533668888823	NA	NA
GSE39796_3	0.0023845707179418	-0.016141373928662	NA	NA
GSE18394_1	0.00211429442847882	0.00910158426988514	0.00147291953667304	0.00223779620467558
GSE18394_2	-0.0043033476512697	-0.0292169181954024	-0.00580677268412502	0.00580394936016313
GSE18394_3	0.00306721273660495	0.0305632019779704	0.00226196742012484	0.00388885132088209
GSE29233_1	-0.0239003958056134	-0.0390397371705627	NA	NA
E-MEXP-2291_1	-0.00787682631746473	-0.0234255733886432	NA	NA
E-MEXP-2291_2	9.00305140511849e-06	-0.0142432099793361	NA	NA
E-MEXP-2291_3	0.00295462427731493	-0.00873135244515305	NA	NA
GSE18738_1	0.001095048689624	-0.00427356643024558	-0.000911429783525741	-0.0209425297941252
GSE107363_1	-0.00580499058367596	-0.0094296148421507	NA	NA
GSE85761_1	0.00424578487280779	0.0467311746504468	NA	NA
GSE89179_1	0.0136938153231275	0.140807249509563	NA	NA
GSE89179_2	-0.00578174289089751	-0.0100481217395322	NA	NA
GSE89179_3	0.0253303559981506	0.167780999558367	NA	NA
GSE89179_4	0.0361663985781164	0.189895611423527	NA	NA
GSE89179_5	-0.011658088509438	-0.0366081661828948	NA	NA
GSE89179_6	0.0010003379448176	0.0262324543529957	NA	NA
GSE89179_7	-0.0153441014594061	-0.043264052087082	NA	NA
E-GEOD-57723_1	-0.00147170480204567	-0.00409274085893211	NA	NA
E-GEOD-57723_2	-0.00141995547880788	-0.0216101962369445	NA	NA
E-GEOD-57723_3	0.000995586668041231	-0.0235197636431079	NA	NA
E-GEOD-83930_1	-0.00156033984804338	-0.00439855242410087	NA	NA
GSE100268_1	-0.0117352150268863	-0.0327993628682555	NA	NA
E-GEOD-55769_1	0.00485742677739772	-0.0161780502727477	0.00925602121296838	-0.00794214314530729
E-GEOD-55769_2	0.00970855047288168	-0.0239656065899706	0.014442373853211	0.0225475233775507
E-GEOD-55769_3	0.00128259380684329	0.00220157230250504	0.00439029157148152	0.00579655771129711
E-GEOD-69110_1	0.0203256516339205	0.0269751967170818	0.0198348431410729	0.0188770317432787
E-MTAB-4304_1	-0.00600744308450035	-0.0145083484390761	-0.00507346402519447	0.000604867580920009
E-MTAB-4879_1	-0.00162812421311193	-0.00815178985675757	0.00402007364872086	-0.0124037591562434
E-MTAB-4879_2	-0.00277356227437199	-0.0166682521182966	0.000757969166854221	-0.0285027298962745
E-MTAB-4879_3	0.000309333552998872	0.0217714086398503	-0.0103954143592733	-0.00967771930712332
E-MTAB-4879_4	0.00519182242778279	0.0312224396955489	-0.00625	0.0213220347776698
Cytokine_Explant_1	-0.000341153451287516	-0.0195389802255336	-0.00436070015797549	0.00133919142643841
Cytokine_Explant_2	-0.00755209020866954	-0.0263439100954394	-0.00884265966322915	-0.0076238011659249
Cytokine_Explant_3	-0.00861792019329514	-0.0250079854588299	-0.0102100806496946	-0.00650838975323761
Cytokine_Explant_4	-0.00587931700349529	-0.00520964409683068	8.96309615620698e-06	0.00945016767147128
Cytokine_Explant_5	-0.0011125109685169	-0.0163664677590509	-0.00721839878895983	0.00132041716257982
FN1_Explant_1	-0.0169478036724583	-0.0453961231320004	-0.0154030513921464	-0.0117469055247679
E-MTAB-6266_1	0.000301148344505214	-0.0191623215191956	-0.00140847243656584	-0.0167319368894237
E-MTAB-6266_B_1	0.00200761859774591	-2.15372196874767e-05	0.00170929614620138	-0.0142230629343379
E-MTAB-6266_B_2	-0.00279613410632693	-0.0341779412548818	-0.000782128874142708	-0.0156095977676417
E-MTAB-6266_B_3	-0.00859910116403962	-0.0385888314542449	-0.0062767094017094	0.00388357514511907
GSE74220_1	-0.00706003154732646	-0.0404061997588735	-0.0144974885790199	-0.0260532499025726
GSE114007_1	0.00352404045072051	0.0129022296298827	0.0031411335403932	0.0156865402971204
GSE109503_1	0.0100730009185538	0.0293627744461414	0.0140072360612832	0.0108185565501311
GSE109503_2	0.00155416764773358	-0.00755562507420745	-0.00370090443999203	0.0134297319893364
GSE109503_3	0.0133194686754404	0.0450021642617775	0.022535411068167	0.0179519556597542
GSE109503_4	0.00926274068384577	0.0547137081158256	0.0119412214291732	0.00708211976850136
GSE109503_5	0.00330108660806116	0.0207697811043197	0.00908626724249962	-0.00365044772934774
GSE109503_6	0.0034948322160174	0.0327751936938926	0.00211673763110718	0.0310809281104315
GSE109108_1	-0.00149595582310151	-0.00507209386588284	0.00279329608938547	-0.0115471586983069
GSE109108_2	0.0121442607544646	0.0309631551443858	0.00343611658525487	0.00258208299170506
GSE109108_3	0	-0.0155535256537094	NA	-0.00780004281702075
GSE109108_4	0.00495964212778372	-0.00254417437412672	0	-0.00011930199327353
GSE70667_1	0.00649350649350649	0.0203887851011572	0.00595238095238095	0.0191512306289047
GSE87608_1	0.00847851335656214	0.0194384355335341	NA	-0.00370905054432344
GSE87608_2	0.00371710800884771	0.0339087270573696	0.00324675324675325	0.00609721662353241
GSE87608_3	0.00295907301893177	0.0306849251031553	0.0031128485149334	0.00545768724029594
GSE87608_4	0.00511701695725269	0.00676098106989079	0.006875	-0.00849593462176986
GSE90890_1	0.000782937617951862	0.0483945248939658	-0.0054945054945055	0.000618464443615064
GSE97118_1	-0.000530418125164018	-0.0192891565566676	NA	NA
GSE97118_2	-0.0083883677527081	-0.0265695659096261	NA	NA
GSE97118_3	2.90178354740937e-05	-0.0189065093022972	NA	NA
GSE97118_4	-0.00434371917067666	-0.00916896738600424	NA	NA
GSE97118_5	0.000818158692057266	0.00607598874179666	NA	NA
GSE97118_6	0.00506254527468825	0.0232258592460514	NA	NA
GSE97118_7	0.00643312877047119	0.00426096014729438	NA	NA
GSE107592_1	0.00299780325104036	0.031431455007616	0.00119674972745818	0.00237240212889563
GSE92641_1	-0.00088106003146703	-0.000111566660121919	-0.00121460789962239	0.00405437381732505
GSE107849_1	0.0035878282974463	0.0334041808837648	0.00227209594549554	-0.00570786780053858
E-ERAD-89_1	0.00830398348311878	0.0138337528271635	NA	NA
E-ERAD-89_2	0	-0.013004249455799	NA	NA
E-ERAD-89_3	0.00267379679144385	0.0043066848981464	NA	NA
E-ERAD-89_4	0	0.00978447416334826	NA	NA
E-GEOD-45893_1	0	-0.0275330788395077	NA	NA
E-GEOD-53105_1	-0.00402926052178676	0.00419615653964851	0.00443787355912458	-0.0121061751476283
E-GEOD-53105_2	0.00519918326544179	-0.00187272192169349	0.0064156269646393	0.00453062019935283
E-GEOD-54461_1	0.000786802424581254	0.00597898241404044	-0.00213929072913621	0.00511068192561593
E-GEOD-54461_2	0.000345861527318908	7.88050554720035e-05	-0.00392706726272357	-0.0060198613626033
E-GEOD-54461_3	-0.00426824569862891	-0.00260140062225757	-0.00531986930623415	-0.0039750976551287
E-GEOD-54461_4	-0.00149162040490489	-0.00455340508413748	-0.00090529717416552	-0.00373800042085032
E-GEOD-54461_5	-0.00426569116149709	-0.018487747907127	-0.00453335350176451	-0.00420941531189978
E-GEOD-54461_6	-0.00371634679482945	-0.0212360733860351	-0.00467001530600669	-0.0168971875416946
E-GEOD-54461_7	-0.00482732378127705	-0.0287266294222736	-0.00548152288830148	-0.0124642949048685
E-GEOD-54461_8	-0.00537323590945531	-0.03007172007093	-0.00565434041579155	-0.0151844401263799
E-GEOD-73372_1	0.00129384918769948	-0.035738309854988	NA	NA
E-GEOD-73372_2	-0.00391097012174173	-0.0445012373497794	NA	NA
E-GEOD-73372_3	0.00134581269595918	0.00221557401298049	NA	NA
E-GEOD-75549_1	-0.00970990734002201	-0.0232903480342085	NA	NA
E-GEOD-76988_1	-0.000688947869883693	-0.0115167873446697	NA	NA
E-MTAB-2923_1	0.00284128811220359	-0.00533719050620037	NA	NA
E-MTAB-2923_2	-0.00311478943247187	0.00735992781248455	NA	NA
E-MTAB-2923_3	-0.00153858896537412	0.00600679601777866	NA	NA
E-MTAB-2923_4	-0.00136122657489006	-0.00676265843202927	NA	NA
E-MTAB-3428_1	-0.00146737613560493	-0.00289453409366034	NA	NA
E-MTAB-3428_2	0.00198096416100657	-0.0147702834466837	NA	NA
E-MTAB-3428_3	0.00282486929760745	0.00310321051488115	NA	NA
E-MTAB-3428_4	-0.000844515751354543	-0.00403631364802801	NA	NA
GSE102856_1	-0.00957485632903773	-0.0487877863472993	NA	NA
GSE103492_1	-0.00547161794061005	-0.0215194125195395	-0.00641265149782109	-0.00438917597339455
GSE103492_2	-0.00360695387407886	0.00069310565157278	-0.00354044988817741	-0.00504262390952881
GSE103492_3	-0.00855968384063421	-0.0218663204518331	-0.0107637200926751	-0.00521327140168457
GSE103492_4	-0.00887973174259776	-0.0261504413956006	-0.00669569313561448	-0.00768585022669547
GSE103492_5	-0.00577798378175096	0.000778495566195858	-0.00229415461973602	0.00473753670178315
GSE103492_6	0.00048935318674485	-0.00489394608069637	0.00128920979187079	-0.0092164048641034
GSE103492_7	-0.0044722236722414	-0.00655843285114621	-0.00886806480634306	-0.0212748047167347
GSE103492_8	0.00157830493444791	0.00339428616543253	0.00567659563052901	0.0026163637822772
GSE103492_9	-0.00386250046302423	-0.00609653136088572	-0.00279723776136366	0.00438799867452868
GSE103492_10	-0.00037495935061858	-0.0127167166928893	0	-0.00474714751961468
GSE106259_1	-0.00514119234944359	-0.000137063077928054	0.00162575794278207	-0.0059476355119913
GSE110303_1	-0.00332676210420881	-0.017738337291746	NA	NA
GSE110303_2	0.00126643133742525	0.00597318119031083	NA	NA
GSE110303_3	-0.00709361825729931	-0.0124128552324812	NA	NA
GSE110300_1	0.00362707698467424	0.00628519030320335	NA	NA
GSE110300_2	0.000114351057747284	-0.00785415782961695	NA	NA
GSE110300_3	-0.00226630107764091	-0.000685532894821026	NA	NA
GSE110281_1	0.00692225060521922	-0.0195206842677698	NA	NA
GSE110281_2	-0.00321697419300077	-0.0239561217063015	NA	NA
GSE110281_3	-0.00788637443573295	-0.00649893385175237	NA	NA
GSE104459_1	-0.00782295063353655	0.0108300587569484	-0.000267226569956099	-0.00530672420129512
GSE104459_2	0.0060586239772954	0.0182150776206731	0.00649323494962967	-0.00555937795477598
GSE104459_3	-0.000596302129511002	-0.0129525054751176	-0.00763358778625954	3.40144118131909e-05
GSE110051_1	0.000764864011180984	-0.0172869458013677	0.00181910054798805	0.00747712086835435
GSE110051_2	-0.000860499419462026	0.0063985978760924	0.00386529778977329	0.000407616432172409
GSE110051_3	0.000228556886747515	-0.00931482417944461	0.0023568799842504	0.00702074983932332
GSE112694_1	-0.00120594078513918	-0.0165395558452914	-0.00200699217137447	-0.0111728767176367
GSE112694_2	-0.000272021287520041	-0.0135121961915169	-0.00049762912435438	-0.0113031824600303
GSE112694_3	0.0159377696544406	0.0823889639035629	0.0174872638207517	0.0151130255385381
GSE112694_4	0.00622331559012092	0.0591933809303758	0.00712912150707204	0.0106623039379914
GSE97232_1	8.80715845839502e-05	-0.0355829744649973	0.000417710944026733	0.000257917717303626
GSE114079_1	0	-0.0115162749214358	NA	NA
GSE114079_2	0.000100806451612903	-0.019454322896647	NA	NA
GSE114079_3	-0.00555555555555556	-0.00520366789788989	NA	NA
GSE114079_4	-0.00290534165444645	0.00513434162792822	NA	NA
GSE104828_1	-0.00518067020652259	-0.017425214550077	NA	NA
GSE114521_1	-0.00509913024171012	-0.00613107218584779	-0.00684931506849315	-0.00396246318932196
GSE114521_2	-0.00561909052113454	0.0008437163458051	-0.00819489435050076	0.000848437724184609
GSE112413_1	-0.00156797170259176	-0.00346137531849211	-0.00280135804851078	-0.00727057266521266
GSE112413_2	-0.00646011335976057	-0.0169291904121714	-0.0110258278439317	-0.00562823033537688
GSE101909_1	-0.00119574508653045	-0.00222611402804027	-0.00256287116787603	-0.007105578370003
GSE101909_2	0.00230846327832443	-0.012698856071465	0.00628925223975701	0.00494199446843192
GSE114919_1	0.00381242146419085	0.0453446719011899	0.00431357162033804	0.00125738144844224
GSE114919_2	-0.00060966880294605	0.013520473438095	-0.00461758731521626	-0.00115351213072197
GSE114919_3	0.000789686895147686	0.0279690573637277	0.00118772545964765	-0.00900870029984845
GSE114919_4	0.00182710850428408	0.025501837235771	0.00375934305880203	-0.000268829579458793
GSE114919_5	0.00295824674050373	0.00206354254731675	-0.00296505887427735	0.0117899770273796
E-MTAB-5879_1	-0.00535440950882735	-0.034757232802544	-0.0140032046902965	0.00425844265307435
E-MTAB-5879_2	-0.00987511692488228	-0.0264080262409098	-0.0183312323860662	0.00620027312278146
E-MTAB-5879_3	-0.00540451739801686	-0.0481606817331942	-0.00831121983766276	0.014819318998598
E-MTAB-5879_4	-0.00865556529286481	-0.0310522352202637	-0.008175102526426	-0.00621578131758585
E-MTAB-5879_5	-0.0051243627211774	-0.0442177295714872	-0.00896434835672726	-0.00681628489288695
E-MTAB-5879_6	-0.00674113145205245	-0.0389589549464469	-0.0102426508627488	-0.0100227779491819
E-MTAB-5879_7	-0.00367788155206011	-0.0307850774728291	-0.00454545454545455	0.00503918906320604
E-MTAB-5879_8	0.00693338772941415	-0.009936491974435	0	-0.00088243484528314
E-MTAB-5879_9	-0.000174394958097687	-0.0246312514829391	0	-0.00306440085956262
E-MTAB-5879_10	-0.00336387593384382	-0.018261730856222	0.000337126000842815	-0.0107637534706756
E-MTAB-4294_1	-0.0025584685411491	-0.0212285915693537	-0.00349524155666457	0.00140170394900058
E-MTAB-4294_2	0.00287832559060816	0.00111186835853467	0.00542372606534821	-0.00772426194153895
E-MTAB-4294_3	0.00758680433426255	0.0302943859020713	0.0124358640557191	-0.00543409317512895
E-MTAB-3186_1	-0.00143079553547849	-0.00448987987944444	-0.00260386111927977	-0.0120582244657248
E-MTAB-3186_2	-0.00510305399157741	-0.0124504303782535	-0.00608822490039024	-0.0250010232891971
E-MTAB-3186_3	0.000673093940760049	0.00919143158659238	-0.000386091066306827	-0.0189773987155981
E-MTAB-3186_4	-0.00341423148581552	0.00119549455129399	-0.00399071895107581	-0.00160966968857595
GSE114919_Rat_1	0.000529320015768356	0.0387222672982304	0.00266989893113857	0.018749609225936
GSE114919_Rat_2	-0.0003774882965684	-0.00212637003218742	0.00159502216563634	0.00279153576779509
GSE114919_Rat_3	0.00197357470899906	0.0358481613223775	0.00287650728093914	0.00216595063685325
GSE114919_Rat_4	0.00139206195250287	0.0347755205177231	0.0014765371961871	-0.00270675260270108
GSE114919_Rat_5	0.00244769055005061	0.0124132192512813	0.00528430787453696	-0.00425411617218214
