comparisonID	jaccard	cosine	sigjaccard	chrDir
22659600_1	0.00342582561177465	-0.0095381449989042	0.00518720069245576	0.016068765937563
24361742_1	0.00346871648100997	0.0216677869817425	0.010478384902348	-0.0229093738338966
GSE72258_1	0	0.0248844563778419	0	0.0218437970658783
GSE72258_2	0	0.0281863968570984	0	0.0378091312618897
GSE69531_1	-0.00167643370601629	0.015321978513469	NA	NA
GSE69531_2	0.0046950451301711	0.0257760795210382	NA	NA
GSE69531_3	0.000878044391215341	0.0154015602650032	NA	NA
GSE69531_4	-0.00167643370601629	0.015321978513469	NA	NA
GSE58203_1	0.000487578926838782	0.00927188384551193	0	0.00317859161261827
GSE58203_2	-0.00385106171367133	0.0104871374994563	-0.00639160123344134	-0.00423728813559322
GSE58203_3	0.00593250053353906	0.0174786617015353	0.00509887338707756	-0.000800199443928476
GSE58203_4	0.00126276430670926	-0.00224833156856594	-0.00156814985210939	0.00510752688172043
GSE58203_5	-0.00281385281385281	0.0222155865938027	0.00423728813559322	1.91807062620061e-05
GSE58203_6	-0.00144678645693513	0.0119931229319624	-0.00237057737859237	-0.00968046241130756
GSE58203_7	0.00140102738441964	-0.00283159841852635	-0.000958717317248033	0.00204693480676627
GSE58203_8	-0.00231692760677223	-0.0212404669686523	-0.00698812938850216	0.0031476927463402
GSE59642_1	0.00369384799510998	0.0284490418478191	NA	NA
GSE59642_2	-0.00232837464951425	-0.00700580877377019	NA	NA
GSE59642_3	-0.00813692650401279	-0.0432082370027975	NA	NA
GSE64922_1	0.00698788755857869	0.0220394944662133	0.00544779000882216	-0.0106375117391532
GSE60162_1	-0.000935060889273049	0.00643916279039745	NA	NA
GSE31685_1	-0.00307025084858561	0.0352277719032653	-0.000268599181195948	0.00993978124615952
E-MEXP-3890_1	0.00712458576211926	0.0178319656771474	0.00624766226976327	-0.00346932132625438
GSE31980_1	0.00702972587756787	0.0312682494548624	0.0134962227516268	0.00127381862992638
GSE15615_1	0.00778278625501817	0.0301887485293829	0.00658481504715877	0
GSE15083_1	0.00496964355660008	0.00469326579705912	NA	-0.00579370953908334
GSE108035_1	-0.0063405680002755	-0.00783998973560428	-0.00668683047240914	-0.0247007354553682
GSE108035_2	-0.0141677897788009	-0.041143982844122	-0.012693916741697	-0.0304516845612736
GSE108035_3	-0.0129063464807867	-0.0445269139640529	-0.0101284732201668	-0.0324158760073785
GSE21959_1	0.00188204150968192	0.0225987809956082	0.00671371352279229	-0.000202622514255941
GSE21959_2	0.00066327954172983	0.0156340983304656	0.0036060317951666	0.000806210809196775
GSE24742_1	0.000267802731395836	0.0277965187699067	NA	-0.00723212904520135
GSE24742_2	-0.00546448087431694	0.00115387808790208	NA	-0.00492994318866847
GSE24742_3	-0.0134274780415456	-0.0138673553754971	NA	-0.00856400028512252
GSE74668_1	0.00229245027902746	0.0142305843641057	NA	NA
E-GEOD-10024_1	0.00081804550242231	0.0305430186207279	NA	NA
E-GEOD-10024_2	-0.00266011244808669	0.0105134989240658	NA	NA
E-GEOD-12860_1	-0.00126839130535315	-0.017606181030855	NA	NA
E-GEOD-12860_2	-0.00531782326153271	-0.0250384670490939	NA	NA
E-GEOD-12860_3	-0.00970989242751286	-0.0260600305544246	NA	NA
E-GEOD-12860_4	-0.00626469076647079	-0.0120698661003964	NA	NA
E-GEOD-12860_5	-0.00778935498619366	-0.0270090801482067	NA	NA
E-GEOD-12860_6	-0.00487884646321205	-0.0230833252282759	NA	NA
E-GEOD-12860_7	-0.0102116185428226	-0.0140850785730493	NA	NA
E-GEOD-12860_8	-0.00651140007011897	-0.0161421798973927	NA	NA
E-GEOD-14359_1	-0.0144115875053213	-0.0376196867873814	-0.00308911083922085	0.000196824257483634
E-GEOD-14359_2	0.00969000543443841	0.049188253078983	0.0171942465653668	0.014650679106235
E-GEOD-1919_1	0.00289772770539282	0.00207710458281034	NA	NA
E-GEOD-1919_2	0.000192373376945953	-0.00414260191570341	NA	NA
E-GEOD-1919_3	-0.00690543393806368	-0.00673315029100228	NA	NA
E-GEOD-1919_4	-0.00207238571976482	-0.0144622259131881	NA	NA
E-GEOD-1919_5	-0.00404600107769755	-0.0147561696061792	NA	NA
E-GEOD-1919_6	-0.00794341283434867	-0.0193636944501105	NA	NA
E-GEOD-1919_7	-0.00320253296984493	-0.0136579454310956	NA	NA
E-GEOD-1919_8	-0.00350291096937774	-0.00735159447743804	NA	NA
E-GEOD-1919_9	-0.00518373594202022	-0.00687319739226297	NA	NA
E-GEOD-19664_1	-0.00380524895540675	-0.0197077897436901	NA	NA
E-GEOD-19664_2	0.00306079790554475	0.00410983825133718	NA	NA
E-GEOD-19664_3	-0.00214143024470841	0.00730175427752503	NA	NA
E-GEOD-19664_4	-0.000717954328262715	0.00483558039029402	NA	NA
E-GEOD-19664_5	0.00253451882769277	0.00397968123888364	NA	NA
E-GEOD-19664_6	-0.00416699334948224	-0.00898639264867536	NA	NA
E-GEOD-43923_1	0.00162356385780335	-0.0104747595726388	0.0052905701754386	0.0203811008508427
E-GEOD-51812_1	-0.0033169379824994	-0.0363527390558742	-0.00317347434544206	-0.0114914275931225
E-GEOD-51812_2	-0.00578030686211345	-0.0392102249683834	-0.00532029110416937	0.00773001357888761
E-GEOD-68760_1	0.00810350142048301	0.0251621397822355	0.00600568220820465	0.00650748592174738
E-GEOD-82107_1	-0.004375312939576	-0.00893401553857748	-0.00775193798449612	0.00572639197049007
E-GEOD-9451_1	0.00805907259712004	0.0294601223589121	0.0203017759527528	-0.00515658643228981
E-GEOD-9451_2	0.00514304841756801	0.0256331419242236	0.0128268414917989	0.00215141041753945
E-GEOD-9451_3	-0.00654400798585288	-0.0160251452526583	-0.0125456477923199	-0.0176578141148182
E-GEOD-9451_4	-0.00487236586125084	-0.0136495146693191	-0.0130812236710845	-0.0108280421920352
E-MEXP-2019_1	-0.000158840549380275	0.0185389620337797	NA	-0.00572238727448264
E-MEXP-2019_2	-0.0013422728255685	-0.021550504372801	0.00315022696873927	-0.00752487966682006
E-MEXP-2019_3	-0.00105482322385396	0.0162445886388316	NA	-0.00323922340586224
E-MEXP-2019_4	0.00320083973004437	0.00900440100729268	0.000298828591919675	0.00351966873706004
E-MEXP-2276_1	0.000193715511338462	0.00222200957844362	NA	0.0117105803301357
E-MEXP-2488_1	-7.61581199956521e-05	-0.00411929649305299	-0.0046256199458033	0.0115995349018028
E-MEXP-3129_1	-0.0102186535052831	-0.00488189597212335	-0.0102083333333333	-0.00457070707070707
E-MEXP-3474_1	0.00183893663926588	-0.00473596960940442	NA	-0.00552529154526626
E-MTAB-3010_1	-0.0059746121067413	-0.0402785721924004	NA	NA
E-MTAB-3010_2	-0.00607821008305023	-0.036797290186301	NA	NA
E-MTAB-3010_3	-0.0012152868730181	0.0140576442602517	NA	NA
E-MTAB-3010_4	0.00715726673053388	0.0395013796588996	NA	NA
E-MTAB-4152_1	0.00217609288394351	-0.0121059132438862	0.0109750539248323	0.00153115593704897
E-MTAB-4152_2	0.00601399397505955	0.01734736348677	0.00120167189132706	-0.012850182354531
E-MTAB-4152_3	0.00678030912177254	-3.32421522834967e-05	0.0105946593921415	0.00318892699405813
GSE100609_1	-0.00729578197047487	0.0140071563015853	NA	-0.0183370697911487
GSE100786_1	0.00260416666666667	0.0253924685139297	NA	-0.000598449952114133
GSE100786_2	-0.00240732748758196	0.0121013658402347	NA	-0.00525160012653675
GSE103697_1	0	0.00760375871294558	NA	NA
GSE103697_2	0	0.00626405949265511	NA	NA
GSE103697_3	0	-0.012708121554447	NA	NA
GSE104113_1	0.00256882739368169	0.00403786111588743	NA	NA
GSE104113_2	0.00571289138524446	0.0249648485693016	NA	NA
GSE104113_3	0.00256882739368169	0.00403786111588743	NA	NA
GSE10575_1	-0.00222838090828224	-0.00397427822304478	0	-0.00989001405383921
GSE10575_2	0.00214627074680794	-2.3467523418333e-05	0.00961538461538462	0.0229365079365079
GSE10575_3	-0.00671086351544328	-0.030895116857113	-0.00613916050002684	-0.0114863514169164
GSE13604_1	-0.00500286706775404	0.00551350832300824	0.00359712230215827	0.0015642111070885
GSE13837_1	-0.0149544072948328	-0.00102651834338989	0	-0.00816816218370622
GSE13837_2	-0.00690875442347851	0.00239156569503621	-0.00458715596330275	0.0017683552146742
GSE13837_3	-0.00021330101326373	0.00744779621420454	-0.000944244604316547	-0.00378218030736859
GSE13837_4	0.00236528596260652	0.01891713965585	-0.00182912900644598	-0.0106890120411808
GSE13837_5	-0.00436681222707424	-0.0118423182337121	0	3.00798925060922e-05
GSE13837_6	-0.00452176128181249	0.0055511476596447	0.00805860805860806	-0.00816194304680105
GSE13837_7	0.000726897482780008	0.0193405807564531	0.0105978758469145	0.0102375514293716
GSE13837_8	0.00583583378097055	0.0214721786220675	0.00197315352323319	4.72586666607879e-05
GSE13837_9	0.00215000338275231	-0.0045896934749981	-0.00702596103720273	0.0108773922664178
GSE13837_10	0.000814422331216825	-0.00968910674365467	0.000164566233852708	-0.00469130082242558
GSE13837_11	-0.00288864639195272	-0.0164363825154803	-0.00503371188964888	-0.0054266862342912
GSE13837_12	0.000736870164075615	-0.0126335725587575	-0.00239223651545926	0.00792132155617357
GSE13837_13	0.00269748870452532	0.0169832763613302	0	0.0123876524683088
GSE13837_14	-0.0054227557973544	0.0206265285719878	0.0138305322128852	0.0024345581712711
GSE13837_15	0.00397692821281476	0.0228399073134885	0.00143898056960341	-0.00157104186777622
GSE13837_16	0.00220826550646329	0.0212292821259873	0.00451473058963296	0.00205818118642781
GSE13837_17	0.0025175644028103	0.0191205335876471	0	0.0219443885457141
GSE13837_18	-0.00293159896651228	0.0197704850111913	0.00320855614973262	0.00137031941355928
GSE13837_19	0.00886382535542082	0.0204939176311393	0.00928620676513285	0.00711963289014451
GSE13837_20	0.00451229306516892	0.0109138408420554	0.00427526012582475	0.00264602720218972
GSE13837_21	-0.000654195628507882	-0.00587046299747086	-0.000141576823376929	0.00806170000659035
GSE13837_22	0.000713399060638865	-0.00342238535625887	0.00745198785221653	0.00562867192331478
GSE13837_23	1.5827824441754e-06	-0.00199410235592018	-0.00237682618599996	0.00279329608938547
GSE13837_24	0.00190274153228883	0.00866131112018366	-0.000752921480057911	0.00250028958647052
GSE16464_1	-0.0100662526568755	-0.038673992603287	NA	NA
GSE16464_2	0.012397490723553	0.0546580760950877	NA	NA
GSE19060_1	-0.00349562205060905	0.0232012412002641	0	0.00329314885405114
GSE27372_1	0.00176245651104432	-0.00702922029116655	0.000235109717868338	-0.00560429611235817
GSE27390_1	0.00354302560184913	0.00880671974721053	0.00101267353792216	-0.00218935970998987
GSE29106_1	-0.00385503454078086	-0.0267457338587325	NA	NA
GSE29107_1	0.00241254183810005	0.00335749296064517	NA	NA
GSE29107_2	0.00658389339673181	0.0434414716649661	NA	NA
GSE29745_1	-0.00313957721506586	-0.0189510660424852	NA	NA
GSE29745_2	0.00563722373076584	0.025786499210356	NA	NA
GSE29745_3	-0.00730115699863884	-0.0279378203986344	NA	NA
GSE35546_1	-0.00126698418647203	0.0214491467197559	NA	NA
GSE35546_2	0.00254390036658144	0.0193875977824317	NA	NA
GSE35546_3	0.00451581021288752	0.0243386407908715	NA	NA
GSE35546_4	0.00530491288998178	0.0132485244893457	NA	NA
GSE35546_5	0.0108473047210246	0.0183316172064681	NA	NA
GSE35546_6	0.00974245372241743	0.0225996759131326	NA	NA
GSE35955_1	0.00127739764815935	0.00436058874327312	-0.001010199801817	-0.00552173556145047
GSE35956_1	9.53473604653598e-05	0.00998450348624305	0.00474062773295438	-0.0028490550534012
GSE35957_1	0.00650233593068806	0.0442681255158335	0.00234028667036696	-2.63649419544949e-05
GSE35958_1	0.000840770580661357	0.00304344492676012	0.00208151364757739	0.00111034817170887
GSE39340_1	0.00462312436022271	0.0198509170881374	-0.00704225352112676	8.44691089202064e-05
GSE39340_2	-0.00121566111239223	0.0254156208242567	0	0.00693968862712871
GSE39340_3	0.00124418623208377	-0.00798512187244295	NA	-0.000277236725306459
GSE39795_1	0.00376337039852362	-0.0044568265497368	NA	0.0114774383250985
GSE39795_2	0.00012279409528225	0.00888305993352946	-0.000695301430595549	0.0249694354869168
GSE39795_3	0.002868451095096	0.0158601065596882	-0.0153108929406265	0.0219347130749271
GSE41038_1	-0.00548129771867878	0.00794631824809083	NA	-0.0134572307521521
GSE41038_2	0.00312691369169928	0.0104903966494949	NA	0.0111594670105308
GSE41038_3	0.00781662574754697	0.0166964435173771	NA	0.00691334280025428
GSE41992_1	0.00581649258515721	-0.0162159040975815	NA	NA
GSE42235_1	0.00344199196478565	0.00264711245745672	-0.00932868010016317	0.027007505907371
GSE42235_2	0.00969168886006869	0.0175201314995489	-0.00367507731021101	0.0140763791260577
GSE42235_3	0.00651785052763048	0.0141829515189148	-0.00900517337126489	0.0100769574779002
GSE42235_4	0.00186376670550065	0.00217583273094567	-0.0233313833832037	0.0196196100076959
GSE45233_1	0.00294736827813644	-0.0104307027985124	NA	-0.0113111188959354
GSE45233_2	0.00362598170476361	0.0335824674348394	0	0.00563597161113761
GSE45233_3	0.000182371044690992	-0.00317243798645531	NA	-0.00712645760099694
GSE45233_4	-0.00698942485157634	-0.0405427199190804	0	-0.0127363650570402
GSE46053_1	0.00223616680476202	-0.00423697500677731	0.0288408966648442	0.00488841209243771
GSE46053_2	-0.0121192901161765	-0.0117427634333221	0.0114642707393928	0.00674612285938924
GSE46750_1	0.00852857620225971	0.0163745233486747	0.00581395348837209	0.00625883670414247
GSE51588_1	0.0200864547369942	0.0690859077270534	0.0265858680500646	0.0569810212695374
GSE51588_2	0.0203191988292402	0.0904517154276931	0.0275659992908108	0.0169210211147733
GSE51588_3	-0.00100013491591407	-0.0201938335411541	-0.00860175444608162	0.00558386212477344
GSE52817_1	-0.00760774808487329	-0.0295412643397533	NA	NA
GSE52817_2	0.00528832996025775	0.0210535662962647	NA	NA
GSE52817_3	0.011893509729851	0.0406653511522248	NA	NA
GSE52817_4	-0.0126195599808033	-0.0360144268197226	NA	NA
GSE55235_1	-0.00854274175741865	-0.0270023169829939	-0.00605756378425793	-0.0114287013372366
GSE55235_2	-0.00647379747533581	-0.0389926008204798	-0.0103585642502223	0.0141402714932127
GSE55235_3	-0.00762973173935153	-0.0240963653278626	-0.00465820323593415	0.0305803160184604
GSE55457_1	0.00667396261305572	0.00244125219613713	0.00471698113207547	0.000738760517887961
GSE55457_2	-0.00386933602663733	-0.0117409582991245	-0.0054335392358728	0.00413246085969356
GSE55584_1	-0.00917337299665183	-0.0262447441194463	0	-0.0171099730888299
GSE57218_1	0.00326361074024625	0.0225588399863794	-0.00666666666666667	-0.0178811702124054
GSE60762_1	0.00532859333819741	0.016934630711459	NA	-0.00697733638910109
GSE62914_1	-0.00256015115097509	0.0163726161405691	NA	-0.0158672185933678
GSE62914_2	0.0108398442992249	0.0496266557755242	NA	0.00291361211860744
GSE62914_3	0.00758343090272366	0.0482353875941227	0	-0.00516695604407011
GSE62914_4	-0.00661178720522957	-0.0315572347517881	NA	-0.000125418060200668
GSE64394_1	-0.000765120987949579	-0.0172588692263285	NA	8.4227793765366e-05
GSE66635_1	0.00574280104712042	-0.00730240851360025	NA	0.0106913919413919
GSE68038_1	0.00317370851039506	0.0042806007881559	0.0151515151515152	0.00395991291945049
GSE68428_1	0.00553563735350768	0.0107013696225845	0.0175	0.00265995687807268
GSE68428_2	0.0104831981936932	0.0250021967711434	0.0175	-0.0010695905718789
GSE68428_3	0.00196610675756871	0.0100842813308148	0.00933207975797655	-0.00714285714285714
GSE69459_1	0.010558292147891	0.0067261481389073	NA	NA
GSE69459_2	0.0038492674862166	0.00713905807801383	NA	NA
GSE69459_3	-0.00321613051459484	0.0197844753227182	NA	NA
GSE69459_4	0.00410434312311399	0.0161627734343378	NA	NA
GSE69992_1	0.00135946854680264	0.0130861828415473	0.00444426125291475	-0.00479444999017988
GSE70719_1	-0.000122835786978178	-0.0189626225462032	0.00530972272188245	-0.00402604305075737
GSE7116_1	0.000982750447694103	0.0347217324520856	0.00372142865100997	-0.00558987403100775
GSE7116_2	0.00518873399533318	0.0528697861059828	0	-0.00235144453488917
GSE7116_3	0.00397652914730581	0.00897590335657306	0.00826446280991736	0.000839463353690114
GSE72575_1	-0.00466355216785509	-0.027967517405589	-0.00475119686638619	-0.0173606271777004
GSE72575_2	-0.00878602994243848	0.00395088181561789	0.00403225806451613	-0.0059932091836379
GSE72575_3	-0.00540296712529915	-0.00666603875871743	-0.00509163674018214	-0.0099699771507519
GSE72575_4	0	0.0141648149991257	0	-0.00555019305019305
GSE75181_1	-0.0155829533590731	-0.000836009124706703	-0.00845199074798464	-0.0250093031050398
GSE75181_2	0.0061270794071252	0.0302743449622443	0.00387700099754389	-0.0128788259536614
GSE75181_3	-0.0145935608815752	-0.00183652682205142	-0.00557088725311127	-0.0286926623017376
GSE75230_1	-0.0131938437752202	-0.0183131364323492	-0.0144230769230769	-0.0130462998222899
GSE7669_1	-0.00240478651867939	-0.00333457200641535	-0.00218221494817239	-0.00671450966394194
GSE77916_1	0	-0.0119546690637522	0	0.00602467707730866
GSE80614_1	0.000250956772695903	0.00511913772543732	0.00657894736842105	0.000118106187917634
GSE80614_2	-0.0101633373350092	0.0131805988851114	0.00467289719626168	-0.0164068393261252
GSE80614_3	0.00282485875706215	0.0211755530312141	0.00806451612903226	0.010473811157359
GSE80614_4	-0.00402315932108861	0.0103703726531912	0.0089795008912656	0.00469783422261329
GSE80614_5	-0.00273844588688821	0.0134669705440479	0.01044999456776	-0.00329784514816511
GSE80614_6	0.00180678152017401	-0.00666861901163623	0.00164050960122316	-0.013904638967878
GSE80614_7	0.00110593187574099	-0.00882403388592931	-0.00220269692616592	-0.00514790816229532
GSE80614_8	-0.00233219725372737	-0.0284296302162421	-0.0110368744710903	0.00940442322021269
GSE80614_9	0.00246305418719212	0.00621770619594304	0.00649350649350649	0.00223530939704626
GSE80614_10	-0.00397012578616352	0.0136154544273092	0.00602409638554217	0.00228911668706651
GSE80614_11	0.0029585798816568	0.0386737264406057	NA	3.25284579719455e-05
GSE80614_12	-0.00392179023508137	0.0272066948509626	0.00352112676056338	-0.00783710908845582
GSE80614_13	-0.00653725025131943	0.01411267889081	0.00373134328358209	-0.00961219027561005
GSE80614_14	0.0030833730199899	0.0145474091572929	0.00899522467318238	-0.00131660529065091
GSE80614_15	0.00599447471737055	0.0192214436485503	0.0107662717717066	-0.00822651152791141
GSE80614_16	0.00322986113473026	0.0114248001485859	0.00616905618987185	-0.0129243742524508
GSE85254_1	0.00340454283972046	0.00882561290894684	-0.0029196081690241	-0.00569796432560615
GSE86578_1	0.00539348710990502	0.0456147685436826	0.0119970468807678	0.0254905715432031
GSE86578_2	0.000548747027620267	0.0284334722968511	-0.0043859649122807	0.00842113268071456
GSE86578_3	0.00015478073957181	0.0232390070205604	0.00888725445488734	-0.00288921240627591
GSE9329_1	0.00551443982534658	0.00741250773954099	NA	NA
GSE93698_1	6.75287853289276e-06	0.0126524371391115	0.00540494166094715	-0.012883809538342
GSE93698_2	0.00146063090820433	0.0101674201508406	-0.000691897229386494	-0.0122954555813847
GSE93698_3	0.00333852034388907	0.0218906526642225	0.00636701401385698	-0.0104693676362209
GSE93698_4	-0.000856325914047368	0.0128395020482312	-0.00109612441964533	-0.00241510741510741
GSE93698_5	0.000811025600291799	0.0229425159578295	-0.000232593072515611	0.00751691049237061
GSE93698_6	0.0028893578719787	-0.0106342523452663	-0.000252620942276114	0.00257718472004186
GSE93698_7	0.00449595741337836	0.0136261171205126	0.00499573833231328	0.00856845517479002
GSE93698_8	0.000892726087001779	-0.00378576609393345	0	-0.00606767663331909
GSE93698_9	0.00347318752909235	0.0224369653120419	0.00539596273291925	0.0175348149411033
GSE93698_10	0.000870692114331792	0.022332130816198	-0.000849482370646797	0.00247093340125962
GSE93698_11	0.00362890353423536	0.00664627319269228	-0.00114667940754897	0.00434173669467787
GSE93698_12	0.00641225650957599	0.0276728951798146	0.00780300651355762	0.00636202484440435
GSE93698_13	-0.00305566977036843	-0.0179352180336437	-0.00460858585858586	0.00586674637351728
GSE93698_14	0.00129119409655625	0.0112959556446469	0.00373134328358209	-0.0108582560023812
GSE93698_15	0.00497175369474494	0.0231012884386667	0.00536869609235834	0.0118727181259868
GSE93720_1	0.00174984538710944	0.0138955680608613	NA	NA
GSE93720_2	0.000461929033432154	0.0152025096196343	NA	NA
GSE93720_3	0.00479254163659027	0.00635505474190139	NA	NA
GSE93720_4	0.00741411506727621	0.0123974843266098	NA	NA
E-MTAB-5564_1	0.00314005940934455	0.0317918487448205	0.00847107389774471	0.0279261939570168
GSE77753_1	-0.00871739881549525	-0.0224844339823147	NA	-0.00514980973892824
GSE43861_1	0.019191248490081	0.08130273469182	NA	NA
GSE112809_1	-0.00263157894736842	-0.0163766068184837	NA	NA
GSE111946_1	-0.014902610153621	-0.0514091645525138	NA	NA
GSE111946_2	0.00263157894736842	-0.00828260959101497	NA	NA
E-MTAB-3201_1	0.0100284099681932	0.0210291083858004	0.0061499188836406	0.0204017989732275
E-MTAB-6700_1	0.00365431873301216	0.0102849989787256	-0.00155690751701512	0
GSE54749_1	0	-0.0100491151558258	NA	-0.0100088652482269
GSE57218_B_1	0.00932249676516677	0.0153336575934572	0.0130897896916204	0.00835857940143131
GSE57218_B_2	0.000196208182278124	0.0118516483627622	-0.00175832193342453	-0.00753993794546781
GSE57740_1	-0.00297619047619048	-0.010977149535353	NA	NA
GSE52992_1	0.0148353068839094	0.0196935447014433	0.00440958324010309	0.0251816193795232
GSE17160_1	-0.00303529647597791	-0.00872362450155616	NA	NA
GSE17160_2	-0.00671384040994323	-0.0288982669408243	NA	NA
GSE17160_3	0.00437920506069914	-0.0027889652320097	NA	NA
GSE17160_4	-0.00692535187401375	-0.0123193242369158	NA	NA
GSE17160_5	-0.00581520480909105	-0.0169520084073194	NA	NA
GSE17160_6	-0.00222743344729844	-0.00433333032893386	NA	NA
GSE17160_7	0.00420804662923145	-0.00627511053661897	NA	NA
GSE17160_8	-0.010992936051515	-0.0160365977587457	NA	NA
GSE17160_9	0.00477039945491811	0.0273322596653128	NA	NA
GSE17160_10	0.00739083461284058	0.0363352758456351	NA	NA
GSE17160_11	0.00486257040744395	0.0285983720915275	NA	NA
GSE17160_12	0.00588266581265191	0.0257874918427886	NA	NA
GSE22971_1	0.0165094339622642	0.0753586424663132	NA	0.0482882882882883
GSE22971_2	0.000440917107583774	0.00654948190465022	NA	0.0221916041275797
GSE22971_3	0.00718368255182086	0.00186326999487391	0.0037132082976743	-0.00264043449749189
GSE22971_4	0.000636325234335761	-0.0232919686822709	-0.00393400767728776	-0.0150094108789761
GSE13590_1	-0.0108040361121341	-0.00980860828106747	4.33680868994202e-19	-0.00789020007770008
GSE13590_2	0	-0.0278368837667042	0	0.00319491260944198
GSE99731_1	-0.00752987732171635	-0.0114123442649695	NA	-0.016511014790652
GSE99731_2	-0.00469483568075117	-0.0107340667584793	NA	0.000181554103122731
GSE99731_3	-0.00817912501194618	-0.036798722458509	-0.00623977653967568	-0.00276827692349345
GSE27492_1	-0.000323406548982617	0.0192297969668822	NA	-0.00468107112229641
GSE27492_2	-0.0067710933058351	-0.0256037389042106	-0.00825362902754908	-0.00649237785431815
GSE27492_3	-0.0141046032853925	-0.0385697975152968	-0.00900951778560887	-0.00852898785427777
GSE27492_4	-0.0116973662314532	-0.0272898981064847	-0.00431393312286606	0.00170688567371443
GSE27492_5	-0.0111618697304891	-0.0292040372679439	-0.00661986458101083	-0.0303853529528153
GSE27492_6	-0.00154435152366564	-0.00111165359046404	0.00241370173418855	0.0296376042416267
GSE27492_7	-0.000770308123249299	-0.00817667437412339	-0.0123540954277222	0.030097594991297
GSE27492_8	0.00329091348154358	-0.00358513831985619	0.00589999291549679	0.0174686503373672
E-GEOD-15069_1	0.00201489357399717	0.026879640184602	-0.00453810208483106	0.0085052373992382
E-GEOD-15069_2	-0.0147797368383635	-0.0249585320218458	-0.0225225225225225	0.00877149470899471
E-GEOD-15069_3	-7.14147549305405e-05	0.00771670674824679	0.00477293093207008	-0.0161608525879055
E-GEOD-15069_4	0.000314105511656635	0.0222210813571338	0.000115067303517152	0.00481399242865463
E-GEOD-15118_1	-0.0036101083032491	-0.0560195533713925	NA	NA
E-GEOD-15118_2	-0.00320512820512821	0.00345190144682567	NA	NA
E-GEOD-15118_3	0.00959795681767207	0.0522628801111076	NA	NA
E-GEOD-15118_4	0.00476523614459627	0.0120000129625542	NA	NA
E-GEOD-16007_1	-0.0108713781512126	-0.0316953145705431	NA	NA
E-GEOD-17473_1	0.00539049014331497	-0.0113097237917211	NA	-0.00114038354123999
E-GEOD-18647_1	-0.00421979415465167	0.00147676364409442	NA	-0.01376794596598
E-GEOD-18647_2	-0.00683200452123024	0.000588534814313659	NA	-0.00590636981828582
E-GEOD-18647_3	-0.00228788973390705	0.00511912943848449	NA	0.00967078069511556
E-GEOD-18647_4	-0.000908619808656861	0.00340080838426646	-0.00704225352112676	0.00553975940488002
E-GEOD-18648_1	0.00511646761561987	0.0344949873767257	0.0054869596487417	0.0172828242432729
E-GEOD-18648_2	0.00770838974048792	0.0253472164265018	0.003502288349983	0.00835694928500853
E-GEOD-2154_1	-0.00954060408753843	-0.0249091295218559	-0.00641025641025641	-0.00260501544997726
E-GEOD-2154_2	-0.00416007216283482	0.02412466349615	-0.000109405132769618	0.0127226612145547
E-GEOD-2154_3	-0.00227386650586063	0.0237025023346683	6.61025912215762e-05	0.0106865398710428
E-GEOD-2154_4	0.00245385155478405	0.0170820872149058	0.00709653455115842	0.000537875757147655
E-GEOD-26475_1	-0.00834020893420995	-0.0283053463273486	-0.0179475406748134	-0.0216050114461734
E-GEOD-26475_2	-0.0118966125624	-0.0147587691972208	0.000684181718664478	-0.00968968849104037
E-GEOD-26475_3	-0.00991752557484038	0.00986893525326793	0.00229832382063353	-0.0154456853600157
E-GEOD-33567_1	0.00633026687106314	0.0429800219100062	NA	NA
E-GEOD-33567_2	-7.93040180777343e-06	0.00169098281146792	NA	NA
E-GEOD-37287_1	-0.00267400911090976	0.00632227595443389	NA	NA
E-GEOD-37287_2	0.00124346090812563	-0.000285165004800048	NA	NA
E-GEOD-37287_3	0.000618522858183228	-3.12090052248119e-06	NA	NA
E-GEOD-51994_1	-3.22963462475508e-06	0.00264304729461508	0.000434290372248891	0.0109454319963654
E-GEOD-51994_2	0.00067679606016976	0.00596255886794111	-0.004383294723852	0.0216682042766058
E-GEOD-51994_3	0.00417133884769268	0.00643793842787185	-0.00660387398893146	0.010864159219946
E-GEOD-65077_1	0.00226244343891403	0.00632411569502098	NA	NA
E-MEXP-1244_1	-0.00397050373491668	0.0217001473416765	NA	NA
E-MTAB-1123_1	-0.00526295901127289	-0.00476346297306338	-0.0160864345738295	-0.036764096185738
E-MTAB-1123_2	-0.00460431659437001	-0.0114592241114922	-0.00704779189352692	-0.0166206231930614
E-MTAB-1123_3	0.000973866693148435	-0.00681772288892453	0.000771604938271605	0.00625626289908354
E-MTAB-1123_4	-0.00560756471475245	0.00285599614480792	NA	-0.000700189882001899
E-MTAB-1391_1	0.00860019463992127	0.0184726708340688	0.00736839196061411	0.0104075804776739
E-MTAB-1391_2	0.00630948606827447	0.0239924201065254	0.0032961532961533	0.00556864424930392
E-MTAB-1391_3	0.00326241534035399	0.0204624864160397	-0.00482379178333462	0.00550880021413291
E-MTAB-2450_1	0.0107056015256422	0.0304116153641845	0.0168152644104393	0.0139752484944993
E-MTAB-2450_2	0.0108007053308603	0.0300715598645048	0.00781111308361442	0.00479344254719322
E-MTAB-2450_3	-0.0120073071610056	-0.0433677606507003	-0.00899012020008461	-0.0194233621651611
E-MTAB-2450_4	-0.00698037825264084	-0.0523426297520635	0.00388154060399686	-0.00215513252893403
E-MTAB-5023_1	-0.00623288799260451	-0.031684233505815	NA	-0.00199495625488189
E-MTAB-5326_1	-0.00244206230634625	-0.0105672080984839	NA	NA
E-MTAB-5326_2	-0.0012055770352506	0.00744110899352644	NA	NA
E-MTAB-5326_3	0.000539043632231614	0.01054830696587	NA	NA
GSE102588_1	0.024225358933686	0.0612602768670873	0.0124458874458874	0.0293405382155511
GSE104793_1	0.0070759342009342	0.0253547837577913	0.00109182980641862	0.0143243299657677
GSE104794_1	-0.0162016341273105	-0.0294744894093709	-0.0208910113872516	0.020186403870139
GSE104795_1	-0.0169366991948815	-0.0378613108135043	-0.0205866272373722	0.0132930630726902
GSE105139_1	0.00324675324675325	-0.0197186751832408	NA	0.000689859071646794
GSE105139_2	0.0167466581307835	0.0229392583780353	NA	0.0107978497842301
GSE105139_3	0.010646133817534	0.035185410110215	0	0.0145627889910492
GSE10555_1	0.00178911343899044	0.00814008109083903	NA	NA
GSE10556_1	-0.00588949982899523	-0.0129107316178659	-0.00348682262448941	0.00203541414087423
GSE106631_1	-0.00194838969566502	-0.00262232479847083	-0.00959582508690989	-0.00425102071270472
GSE13104_1	-0.00576763899683633	-0.034562608203754	NA	NA
GSE13104_2	-0.00227864102958863	-0.0367966173323876	NA	NA
GSE13104_3	-0.00194748386803569	-0.0285898294373455	NA	NA
GSE16749_1	0.00252715326785861	0.0249639931408685	NA	NA
GSE16749_2	-0.00508718489642694	-0.0286378641988912	NA	NA
GSE16749_3	0.00623385320014144	0.00256085741139136	NA	NA
GSE17348_1	0.0124228040501891	-0.00104145589248274	NA	NA
GSE17563_1	0.00679737558341371	-0.0246903865657557	NA	NA
GSE17563_2	0.0123266893885866	0.0535903926277709	NA	NA
GSE17569_1	0.0140393681688017	0.0744601780941196	NA	NA
GSE17569_2	0.00348413639740182	0.00875091309731731	NA	NA
GSE17570_1	-0.00551207582353127	-0.0323483954917603	NA	NA
GSE17570_2	0.0075768119207871	0.0428392075960413	NA	NA
GSE18991_1	0	0.0373885893607163	NA	-0.00318459420504102
GSE18992_1	0	0.00111508589207658	NA	0.00338353872923618
GSE19299_1	0.00603967282401921	0.0140804928216569	0.00968501784021397	-0.0144762144163581
GSE20850_1	-0.00426796393766281	-0.0213977105617589	NA	NA
GSE21093_1	0.00252539529994391	0.0276782061697681	NA	NA
GSE21523_1	0.0102418345731645	0.0346787374371913	NA	NA
GSE21639_1	0.00276243093922652	0.00186186639190975	NA	NA
GSE21639_2	-0.00308020553543319	-0.0178552810414693	NA	NA
GSE21639_3	0.00407146587265802	0.0276527650321951	NA	NA
GSE21639_4	0.00250271707433647	0.00052041175645438	NA	NA
GSE21710_1	0.00282794327893217	0.0164297300027749	NA	NA
GSE21710_2	0.00366256459808496	0.0129099063417395	NA	NA
GSE21710_3	0.00404755484456638	0.0135028965065514	NA	NA
GSE22925_1	0.00150076217676987	0.00347940756856155	-0.00859594066115805	-0.0254828678052058
GSE22925_2	0.00584701853121662	-0.0067555336784721	0.0103553062178588	0.00958113344840424
GSE26499_1	0.00893576641537149	0.040568226900819	NA	NA
GSE30160_1	-0.00479793636268093	0.0251320551694231	-0.00986443730056638	-0.00288805864829931
GSE30628_1	0.00534488550977983	0.00796972581627784	-0.00368698470277492	-0.00417459755981157
GSE30628_2	0.0214496344334074	0.0684391326526728	0.0267283900487297	-0.0208313014117625
GSE32163_1	-0.00310837755358252	0.0286549901476292	NA	-0.00302076692328603
GSE33656_1	0.0207728585336864	0.0876188292012367	NA	NA
GSE33754_1	-0.00212817515242566	0.0205141728827297	0.005946088794926	0.00938844514381324
GSE33754_2	0.00713659828689389	0.0296226546706787	0.0123188405797101	0.0120391877877785
GSE33754_3	0.0103799419594851	0.0253696520205032	0.013238184100142	0.0146708949955807
GSE34570_1	-0.0059908276461099	0.00315473565717063	NA	NA
GSE35003_1	0.013685210495746	0.0677233386004934	NA	NA
GSE35466_1	-0.00366085214864227	0.0378137256127	NA	NA
GSE35466_2	0.00390583596298449	-0.00195567000226764	NA	NA
GSE35466_3	0.0089891497212215	0.015730136999919	NA	NA
GSE35466_4	-0.00161087146700892	0.011009438896931	NA	NA
GSE35466_5	-0.0088792714375721	-0.0247136773168734	NA	NA
GSE36925_1	-0.00290697674418605	0.0354260471830835	NA	NA
GSE36925_2	-0.00128600666294838	0.0275993745614645	NA	NA
GSE36925_3	0.00421939147148335	0.0340411193530772	NA	NA
GSE37219_1	-0.0149075121716993	-0.0463316657484966	NA	NA
GSE37676_1	-0.00826176121138581	-0.00717487228918465	-0.00209127836407022	-0.00713459056342064
GSE41342_1	0.0032696842327613	0.0385968784241074	0.0048534265191225	0.0029566141784599
GSE41342_2	0.00593502504326697	0.0253206579093731	NA	0.0144214804030183
GSE41342_3	0.00534705983003479	-0.0113906595873242	NA	0.0122907803920778
GSE41342_4	0.015346399891112	0.0216196079600236	0	0.016913075977554
GSE41997_1	0.00864609484299721	0.0110142358096124	0	-3.18130459882431e-05
GSE43242_1	0.0259555076211086	0.0753608549948005	-0.00017921146953405	0.031136571663037
GSE43242_2	0.0287620106070952	0.0652906072267861	0.00657894736842105	0.0238480674119741
GSE43663_1	0.00287070673975189	-0.0498739502928964	0	0.000466790059934094
GSE43854_1	-0.0095879657044726	-0.0529899762579581	NA	NA
GSE45656_1	0.00275158616952646	-0.000703885869220656	NA	NA
GSE45656_2	0.00826353187888444	0.0418628845837968	NA	NA
GSE45656_3	0.0137906253981361	0.0566890040614747	NA	NA
GSE45793_1	0.00495327961860766	-0.0131781841725716	-0.00846518987341772	0.0141063771335746
GSE45793_2	0.0040078094243933	0.0122025416138533	0.00226130528542007	0.0244091239189278
GSE45793_3	0.0146346855233886	0.0457024747435721	0.0115800322821248	0.0216567991382966
GSE45793_4	0.00333210687322942	0.0229528058158105	0.00526297465729629	0.00297339457272072
GSE45793_5	0.0145891033769077	0.0525769312551494	0.0145831230120825	0.0186336877253613
GSE46390_1	-0.00789785964132824	-0.0404800116968765	NA	NA
GSE48438_1	0.00277073566787243	0.00813940811456629	NA	0.00498161015075671
GSE50549_1	-0.00194017683973068	0.0174625774808884	0.00170890488880079	-0.00887250774521123
GSE50549_2	-0.00400708429914151	0.00126453192025571	-1.51498160318505e-05	-0.0138074233034903
GSE51098_1	-0.0035387892956407	-0.0342259565349119	-0.00581322272498743	0.00775977371992487
GSE53857_1	-0.00474824687573764	-0.0307394247967716	0	0.0151768023769728
GSE53857_2	-0.00566086431186661	-0.0750827381683317	0	-0.00446670143535849
GSE53857_3	-0.00302302672352177	-0.0191931983584578	0	0.00530001155001155
GSE53982_1	-0.00546686742632701	-0.00475545107680907	-0.00745285155304448	-0.00252963711997895
GSE53982_2	-0.00255221113837619	0.0151512739122548	-0.00625	-0.00207755666802074
GSE54779_1	0.00184152069724577	-0.0107477959674291	-0.000883169432904826	0.000588729380393258
GSE55900_1	0.00320512820512821	0.0807740836927638	0	0.0227508294888875
GSE57104_1	-0.00769178556716474	-0.0108965934831415	NA	-0.0112381054460927
GSE59387_1	-0.013397025199908	-0.0138766305501883	NA	NA
GSE60401_1	-0.00543586431598427	-0.0205492204846054	NA	NA
GSE60401_2	-0.00106960341690219	-0.0320727348385866	NA	NA
GSE60651_1	0.0149188367938368	0.0233046515156744	NA	NA
GSE60737_1	0.00944509072898119	0.0208442585654999	NA	NA
GSE60761_1	0.00547982224357435	0.0112224762659485	0.00735294117647059	-0.00281946485637504
GSE60761_2	0	0.0191262275792603	NA	-2.09358435221095e-05
GSE60761_3	-0.00412496264014291	0.00693278515612344	-0.00694444444444444	0.0148643888693202
GSE60761_4	-0.00595561286819601	0.00382592635038077	0	-0.00292718492445742
GSE63017_1	0	0.0224122634308259	NA	0.0164162817844998
GSE63017_2	-0.00261780104712042	0.00958573200393169	NA	0.00624903955668876
GSE63017_3	0.00689247574794163	-0.011420391220615	0	0.0173262887126436
GSE63017_4	-0.00250739393849686	0.00770817600564125	NA	7.79880361972025e-05
GSE63939_1	0.00792047431574705	0.0405708873883822	0.0139482377735022	0.0207317950049503
GSE63939_2	0.00440165251850066	0.0453814680000957	0.00326803451052737	0.0295797754585705
GSE64141_1	0.00354719021050251	0.0265098228545878	NA	NA
GSE64965_1	-0.00339510360150333	-0.00533254743990633	-0.00548350591827601	-0.0112941769709726
GSE65745_1	0	-0.0385011120822842	NA	-0.0356085343210196
GSE65745_2	-0.000398247710075667	-0.048875125870548	-0.00909090909090909	-0.0162247514055338
GSE65745_3	0.00268817204301075	-0.0706094609077588	0	-0.0474048520923521
GSE66416_1	0.00160588558340497	0.016495558676932	NA	NA
GSE66862_1	-0.00301726680037692	-0.00655036411746982	0.00143859018162201	0.011495964006881
GSE69108_1	-0.000555228134117393	0.00137769524262139	-0.00278982883318607	0.00271353594212981
GSE71565_1	-0.00140783031159878	-0.0103019573292889	NA	NA
GSE72261_2	0.0563897838209185	0.314958304233281	0.0261413802997061	-0.00628345452709185
GSE72261_3	0.110275446322308	0.446550080440328	0.0648027356850552	0.0757388998759666
GSE7683_1	-0.00678431104727473	0.0145059229914873	0.00531914893617021	-0.0180465666929755
GSE7683_2	-0.00674332588666008	-0.00580367553769126	0.00985716411248326	-0.0114353822915049
GSE78980_1	-0.0268897398829156	-0.064058654936075	NA	NA
GSE78980_2	0.00264550264550265	-0.0865453432832915	NA	NA
GSE78980_3	-0.0343711843711844	-0.155634627204044	NA	NA
GSE78980_4	-0.00284307606962069	-0.00949952052395248	NA	NA
GSE78980_5	0.00579842265943012	0.0351020553221261	NA	NA
GSE78980_6	-0.00261780104712042	-0.059051413251061	NA	NA
GSE78980_7	0.0155242602068853	0.0595180549937159	NA	NA
GSE78980_8	0.0153840691344822	0.0447784168900915	NA	NA
GSE78980_9	0.0142092491543632	0.0864494850963901	NA	NA
GSE78980_10	0.020801656027895	0.0839563764587379	NA	NA
GSE81399_1	-0.0135435256842501	-0.0188446792350547	NA	0.00193536146087673
GSE84609_1	0.00477053752096437	0.0102242115741722	0.0146507941878522	0.017405041383221
GSE84907_1	0.0139807072403393	0.0279343052072662	0.0145389648352319	0.00871673116586709
GSE84907_2	0.0122264871304131	0.0197726735850827	0.0224909204635076	0.0118843566770575
GSE84907_3	0.00147542149511609	-0.0103934157905261	0.0157132477866126	0.00512986979472761
GSE90127_1	0.00402686417813396	-0.000723851667025935	NA	NA
GSE90127_2	-8.85175233816186e-05	-0.0068001875826623	NA	NA
GSE90127_3	0.00144951889538897	0.00305430141340585	NA	NA
GSE9247_1	-0.00568004237073497	0.0144277892555159	-0.00976285041819022	-0.00736149055022343
GSE9247_2	0.00285756105488424	0.0301838214026697	0.00452758235110058	0.00817359496398798
GSE9247_3	-0.00493421052631579	-0.00525501451715885	-0.00943396226415094	-0.00172201105810461
GSE99306_1	0.00465801753668308	0.0120609276344335	-0.00469144893487385	0.00784930177886377
GSE99306_2	-0.00125109563058741	-0.0162419832870133	-0.00541750503018109	0.0101758128555461
GSE99306_3	0.00934906595576375	0.0404557122000502	0.00637171251772488	-0.0131818476966904
GSE99306_4	0.000856883197747143	-0.00775742477254356	-0.00685751559317024	0.0183194716522895
GSE99306_5	-0.00374511808635102	-0.0267709151705906	-0.00554531269364685	0.0157781322782353
GSE99306_6	-0.00419793252021876	-0.0364632293806217	-0.001332114003862	0.00772773363251867
GSE99306_7	0.0043995874347848	0.031600734019924	-0.00657894736842105	-0.0137498259167263
GSE99306_8	-0.000651862451218981	-0.00959787116726537	-0.0083368559860751	0.0107619066767718
GSE99306_9	0.000180727177557443	-0.00956955270935582	-0.00388404130293894	0.0188233021319109
GSE99306_10	0.00909269667107332	0.00326665047720177	0.0150793650793651	-0.0214922364750854
GSE99306_11	0.00562224855503526	0.00605482519183033	-0.00544244018992717	0.00504439049419164
GSE99306_12	-0.0015048137795803	-0.0212517368345381	-0.00208995026068197	0.00796219560715803
GSE99306_13	0.00795161915012731	0.0413308702138824	0.00187579231250052	-0.0122688640263076
GSE99414_1	-0.00494518363654824	0.0340859601599065	0.00620966815243095	-0.0150040307227339
GSE110581_1	-0.00720016889136004	-0.0202515630144801	-0.00893246187363834	-0.0112727598327034
GSE110581_2	0	-0.0234640626321876	NA	-0.000290935446398988
GSE47799_1	-0.0134041892456581	-0.0286013277827339	-0.0185647685647686	0.0266641418298443
GSE47799_2	-0.00866174638665642	-0.0244286578606792	-4.12150321282539e-05	-0.0057804011588494
GSE47799_3	-0.00302119935659684	0.0023335886034119	-0.00581928784127281	0.0127200294332781
GSE111628_1	0	-0.0317692536426946	NA	NA
GSE111628_2	0	-0.0149702565024347	NA	NA
GSE111628_3	-0.0112781954887218	-0.0286234822072323	NA	NA
GSE5657_1	0.00644204684259864	-0.0039199219873047	0	0.00559620705247588
GSE5657_2	0.00486817406937815	0.013525293278579	0.0072463768115942	-0.00969336391528801
GSE13782_1	-0.0178561496670132	-0.0446146129393166	-0.0226142017186793	-0.0167812026037889
GSE41039_1	0.00162420350884086	0.0807550035715541	0.0083710407239819	0.0435941249216423
GSE84198_1	0	0.00672774645647263	0	0.00317832612949992
GSE84198_2	-0.0020909808866247	0.00292552861341677	0	0.00527590801975454
GSE84198_3	-0.0145292123031246	-0.0784038763213662	-0.0127532919496221	-0.00150969482613676
GSE114469_1	0.00584695253066929	0.0296062384329536	NA	NA
GSE108036_1	0.00231481481481481	0.00919759853423988	0	0.00910960916838084
GSE60451_1	-0.000807711274987889	-0.0161358875515961	0.00732235531652005	0.0116995073891626
GSE47902_1	-0.00251256281407035	0.0315167667156399	NA	NA
GSE44325_1	-0.000193477925998467	0.00283753193980085	NA	NA
GSE4481_1	-0.00552104899930987	0.00160104983645712	NA	-0.00828158078292686
GSE4481_2	0.00273960341826123	0.0446828206347187	0.00017474879860201	-0.0142732873368589
GSE4481_3	-0.00272237165148066	-0.00786378134872716	NA	-0.0151639401353976
GSE102292_1	0.00234304493057149	-0.0147740872871631	NA	NA
GSE102292_2	-0.00424223394133203	-0.0277691346925527	NA	NA
GSE102292_3	-0.0011201792171047	0.00618427573088936	NA	NA
GSE102292_4	-0.00203636203605491	0.00515867444422584	NA	NA
GSE41898_1	0.00559300586383052	0.0657587023415578	0.0145039697242538	0.0380051188426064
GSE87605_1	0.000204581405993765	-0.00598062628974383	-0.0020075708738219	0.0308038600055407
GSE87605_2	-0.0204559656880236	-0.0611555509463421	-0.0158203098487912	0.0086880937526326
GSE87605_3	-0.0167710545629738	-0.0514865963339123	-0.0173330988653659	0.0200698818457965
E-GEOD-54216_1	-0.00692106104177144	-0.0357337921875578	-0.00494027149487337	0.0348813949327582
E-GEOD-54216_2	-0.00544703475934248	-0.018024349929189	-0.00344317793603332	0.0430112150222688
E-GEOD-54216_3	0.00641681555242088	0.025234403538107	-0.00354517640267188	0.0117606318739571
E-GEOD-6119_1	-0.000175043815007032	0.00360626914200522	0.00135604229761117	-0.024992701911015
E-GEOD-6119_2	-0.00236944522658808	-0.00608952245789501	-0.00677352174128885	-0.0236828359871419
E-GEOD-6119_3	-0.000804727592361783	-0.00564914415847727	-0.00167059448698829	-0.0284317752382998
E-GEOD-8077_1	0.00385584328408038	-0.0214718564373175	-0.0181905282506578	-0.00308204970001222
E-GEOD-8077_2	-7.92997401339139e-05	-0.00962101046323995	-0.00735294117647059	-0.00811055277300163
E-GEOD-8077_3	-0.00848909068680223	0.0123193597523871	0.0158244766539472	0.0137265547518719
GSE103416_1	-0.0204453459867675	-0.0748613009209862	-0.0227491312337047	-0.0220280062671367
GSE103416_2	-0.00239104307906539	-0.0191536079451191	-0.0112794254609961	0.01842096677368
GSE103416_3	0.00461040139461271	0.00816254344538463	-0.00227869229008056	0.0223032216545191
GSE19950_1	-0.00653100072516316	-0.0269929797054878	-0.00545774647887324	-0.0234799307584118
GSE30322_1	0.0186587853539404	0.0467770327070262	0.0252525252525253	0.0187799695638441
GSE30322_2	0.0189862519443166	0.0399917640228512	0.0216475322038955	0.0156822348152059
GSE30322_3	-0.00277162877930334	0.00477120583341724	0.00184043627927861	0.016456548146689
GSE42295_1	-0.00819568979078182	-0.0289341953088029	NA	-0.0197590475598612
GSE42295_2	0.00626614444207771	0.0377059247437839	0.0239741302408564	0.000934873679611405
GSE42295_3	0.00893201188606607	0.0408856426346031	0.01875	0.0115868452105386
GSE66554_1	0.0108996919727337	0.0681333236273121	0.0133553790528106	0.0287954897402727
GSE66554_2	0.0107606970728618	0.0266934528104449	0.0172436470773925	0.0123071783981913
GSE66554_3	-0.00358327242251029	-0.0174658384055117	0	-0.00229352754536792
GSE66554_4	-0.00252322254074969	0.0122437662226241	-0.00351625445842071	-0.0110492680923594
GSE74898_1	0.0186758301199376	0.0776364479491226	0.0235461973429474	0.00135332255532048
GSE74898_2	0.0185764018221521	0.0730317724286169	0.0214336931389909	-0.00602327869965048
GSE74898_3	0.0230111063984975	0.0710365145915128	0.0307263862321279	0.00333617562990897
GSE79176_1	-0.00260416666666667	-0.00174174871342991	NA	NA
GSE79176_2	0	0.0248309483980667	NA	NA
GSE79176_3	0	0.0280830461272387	NA	NA
GSE85785_1	-0.0203244072580636	-0.102537377170224	-0.00543478260869565	-0.0115439411536973
GSE16981_1	0.0110463292012861	0.0586056599524177	0.0118718469495094	0.00403207560883398
GSE16981_2	0.0054237073369166	0.00877159376833738	0.0168004848136879	0.00540570443671196
GSE16981_3	0.00929304428915494	0.0490919537331119	0.00663202430359819	0.00174784164372336
GSE16981_4	0.00929304428915494	0.0490919537331119	0.00663202430359819	0.00174784164372336
GSE16981_5	-0.00338917308872505	0.00531631015860104	0.00467289719626168	0.00914110002592356
GSE16981_6	0.008980167119702	0.0165044925624099	0.00704225352112676	0.0255109726480013
GSE16981_7	0.00413609186030711	0.0315502940341271	-0.0072463768115942	0.0254384731389919
GSE29859_1	0.00364091313724197	0.0441074962396053	0.00641025641025641	0.00214315204106956
GSE29859_2	0.000659325488310065	0.0457626680335152	0.00427350427350427	0.0176510289854754
GSE23492_1	-0.00832260684127732	-0.00365241327983013	NA	NA
GSE23492_2	-0.00154335210070521	-0.0144619354342635	NA	NA
GSE23492_3	-0.00539330393349399	-0.00486467743253602	NA	NA
GSE23492_4	-0.00525940304497993	-0.0249153317117469	NA	NA
GSE23492_5	-0.00148192970398498	-0.0156921131248923	NA	NA
GSE44991_1	0.00210744175385989	0.0283990505615486	-0.00714285714285714	0.00148999937464942
GSE44991_2	-0.00484780265388985	-0.0433274921577696	NA	-0.0220019320686199
GSE39796_1	-0.00486571523533255	-0.00920929364964422	NA	NA
GSE39796_2	-0.00976168658898214	-0.0126153403832125	NA	NA
GSE39796_3	-0.00232490775961822	0.00146165807508858	NA	NA
GSE18394_1	0.00706168237229783	0.0416938622808722	0.0105627374050184	0.00536606994879828
GSE18394_2	-0.00321123855216717	-0.0176181520183806	-0.00602047258022065	-0.00986429054380373
GSE18394_3	0.00958305643865789	0.0571796275737012	0.0159272686218778	0.009628969432891
GSE29233_1	0.00700124492014291	0.0340986326784175	NA	NA
E-MEXP-2291_1	-0.00517014389599137	-0.0223121401467004	NA	NA
E-MEXP-2291_2	-0.00335617696826269	-0.00935015552987781	NA	NA
E-MEXP-2291_3	-0.00359888132835981	-0.0121030330094103	NA	NA
GSE18738_1	0.000930045664280265	-0.0160197517100256	1.0607631657545e-05	-0.00326681044514306
GSE107363_1	-0.00753203373029104	0.0160831059214557	NA	NA
GSE85761_1	-0.00524916832547796	-0.0108814232582201	NA	NA
GSE89179_1	0.00672385059502393	0.0345464261669408	NA	NA
GSE89179_2	-0.000271287237800386	-0.00861319916134299	NA	NA
GSE89179_3	-0.00286106888678149	0.0113569272402467	NA	NA
GSE89179_4	-0.00214500525876479	-0.00048252358841521	NA	NA
GSE89179_5	0.000216953666617174	0.0108063080835402	NA	NA
GSE89179_6	-0.000671157821561203	0.0185821762744483	NA	NA
GSE89179_7	0.000934938363549115	0.0108450298243244	NA	NA
E-GEOD-57723_1	0.00212598131634404	-0.00574219815718216	NA	NA
E-GEOD-57723_2	0.010941445768376	0.0236762977030943	NA	NA
E-GEOD-57723_3	0.00480756268717656	0.00812534641825069	NA	NA
E-GEOD-83930_1	0.00102381883706747	0.0149296008023487	NA	NA
GSE100268_1	0.000963524373123083	0.00517316444734836	NA	NA
E-GEOD-55769_1	0.00182074597962448	-0.0132485439146173	-0.00403225806451613	-0.00881069183652209
E-GEOD-55769_2	0	-0.0135711326987172	0	-6.84571025660399e-05
E-GEOD-55769_3	0.00168096965407414	-0.0288347699717716	-0.0032464846980976	-0.00986864585735934
E-GEOD-69110_1	-0.00398434977046875	0.0136952497721399	6.80272108843534e-05	0.000411920624686582
E-MTAB-4304_1	0.00354247715116523	-0.0152523173044979	0.000286995234730426	0.0118701521572932
E-MTAB-4879_1	0.000755437609313927	0.0065316790728425	-0.0119047619047619	0.00327051829410934
E-MTAB-4879_2	-0.00160529942920243	-0.0143990451303602	-4.33680868994202e-19	0.0145262212501298
E-MTAB-4879_3	-0.00405412716085238	-0.0054311104263542	0	0.00415005410742836
E-MTAB-4879_4	0.000876702240284692	0.0110930681615322	0	0.00241031938702228
Cytokine_Explant_1	0.00192525977160853	0.000937706748993428	0.00681678921568627	0.000160534258010659
Cytokine_Explant_2	0.00294953416642393	0.0111214470891128	-0.00165680430634514	-0.0050990675990676
Cytokine_Explant_3	0.00248270332904332	0.0156740253650065	-1.29330447172851e-06	-0.0116420900623589
Cytokine_Explant_4	0.00133046866761159	-0.00541852249652802	-0.00641025641025641	-0.00354114971050455
Cytokine_Explant_5	0.00233113569225849	0.0118484296091771	9.91965633863542e-05	0.00333075819445977
FN1_Explant_1	-0.00399724802201582	-0.0650263858797874	9.80392156862747e-05	0.000288378352398345
E-MTAB-6266_1	0.0107924493544612	0.0452309291191311	0.0138595941129865	0.00790578030680656
E-MTAB-6266_B_1	0.0102898086112944	0.0522181107488269	0.0117503679037273	-0.00546931125723508
E-MTAB-6266_B_2	0.0113513889355908	0.0320327191414324	0.0182599617072743	0.00221381100447675
E-MTAB-6266_B_3	-0.0018504324207221	-0.024840818202792	-0.00403983351826353	0.0116484133792406
GSE74220_1	0.0064282924999942	0.0245889479510742	0.00558956867545039	-0.00231188155031786
GSE114007_1	-0.00161216278985155	-0.0155465396948396	-0.000327848759672697	0.0184732311887689
GSE109503_1	0.00949485923467218	0.0366248495050869	0.0265674628510052	0.00946777580290309
GSE109503_2	0.00491637028453356	0.0278853222758341	0.0117425501273956	0.000497557679738593
GSE109503_3	0.00410938899852557	0.0219934615595327	-0.00308641975308642	-0.00135573780220611
GSE109503_4	0.00105113257983178	0.00273258012077963	0.000589970559881813	0.020484112308418
GSE109503_5	-0.00844921903828888	-0.0355310081318898	-0.00649166744125054	-0.0260178418042119
GSE109503_6	-0.00146123864583789	-0.00303678622510411	0.000660800536956194	0.00284397922461446
GSE109108_1	0.00440305977277808	0.0194621893913832	0	0.00498281200651969
GSE109108_2	0.00505980803662243	0.0403393498896743	0.00271950271950272	0.0032022728112561
GSE109108_3	-0.00494462981768944	-0.00364823990761903	NA	0.00243671583211129
GSE109108_4	-0.00241545893719807	-0.0343116299365884	0	-0.0249383641136748
GSE70667_1	0	0.0203235902778018	0	-9.00157559712601e-05
GSE87608_1	-0.00728155339805825	0.0330468995307565	NA	-0.00572170937904356
GSE87608_2	0.000721503460224311	0.0203641597684662	0	0.0236296790130008
GSE87608_3	-0.00166526631964885	0.00365797893018427	0.0131160230497979	0.00111452270250142
GSE87608_4	0.00319535535112763	0.00260514488019108	0	-0.0183014294436772
GSE90890_1	-0.00906437764260811	-0.0480016553695502	-0.0155879563774301	-0.00968126961560125
GSE97118_1	-0.00660961005761994	-0.0415430159086922	NA	NA
GSE97118_2	0.00604900215675686	0.0338850289729392	NA	NA
GSE97118_3	-0.0099669543215441	-0.0447434577626389	NA	NA
GSE97118_4	0.012857041408379	0.0340372758305681	NA	NA
GSE97118_5	0.00420294293265896	0.00738923229518112	NA	NA
GSE97118_6	0.0112030608627639	0.0160357246340857	NA	NA
GSE97118_7	0.00208819653136106	0.0122089419855516	NA	NA
GSE107592_1	0.00109986107048648	0.0244896779736367	-0.000349548956210425	0.0155779095144767
GSE92641_1	0.0109937907781004	0.0199587764985814	0.0149945554057514	0.0201311197293079
GSE107849_1	0.00187474486651433	-0.00602800826319709	0.000914203139658135	0.000431985993869308
E-ERAD-89_1	0.000118161408483989	-0.0142557130474794	NA	NA
E-ERAD-89_2	-0.00235544592308675	-0.0069630654295746	NA	NA
E-ERAD-89_3	0	0.00623409101595552	NA	NA
E-ERAD-89_4	0	0.0324085010286649	NA	NA
E-GEOD-45893_1	0	0.0236071701136756	NA	NA
E-GEOD-53105_1	0.0044367666967509	-0.0181820283929943	0.00704225352112676	0.00927470624540171
E-GEOD-53105_2	0.0225281982014642	0.0688861689593393	-4.34346891874313e-05	0.0197656640875297
E-GEOD-54461_1	-0.00950222362714436	-0.0174907827042204	-0.0148980934698513	-0.0132141607747827
E-GEOD-54461_2	-0.00315413219041935	0.00179901244463335	-0.00763562813787584	0.00233035498671818
E-GEOD-54461_3	-0.00668752841093577	-0.0126992368540156	-0.00686534248318209	-0.00827491205941164
E-GEOD-54461_4	-0.00632492851058603	-0.0114988815459171	-0.00208418745065884	-0.0071777384861497
E-GEOD-54461_5	-0.00834514778421368	-0.01219474394699	-0.00814406151055755	-0.0133516093004366
E-GEOD-54461_6	-0.00955453400365548	-0.0113585030123187	-0.0102716338151039	-0.0053189748289745
E-GEOD-54461_7	-0.00473443779464232	0.00462928535092334	-0.00251660266365103	-0.00313880759265424
E-GEOD-54461_8	-0.0048316392181818	0.000330271187998775	-0.00272534989088642	-0.00183903407809917
E-GEOD-73372_1	0.000526326481744581	0.0547966846127236	NA	NA
E-GEOD-73372_2	-0.00633537323490342	0.0237169509158035	NA	NA
E-GEOD-73372_3	-0.00319909073021739	-0.0462232322498916	NA	NA
E-GEOD-75549_1	-0.00903955306571072	-0.0325131320508254	NA	NA
E-GEOD-76988_1	-0.00351219922164475	-0.00349197912421941	NA	NA
E-MTAB-2923_1	0.00851326283906738	0.0676535326757978	NA	NA
E-MTAB-2923_2	-0.0101016221274986	-0.06168384565582	NA	NA
E-MTAB-2923_3	-0.00352572458010379	-0.0142103590307373	NA	NA
E-MTAB-2923_4	-0.00746205810110609	-0.042911161853265	NA	NA
E-MTAB-3428_1	-0.0191968926230974	-0.136512208566727	NA	NA
E-MTAB-3428_2	0.00278938623338959	0.0471634513887835	NA	NA
E-MTAB-3428_3	-0.0154932176295635	-0.0726681197582787	NA	NA
E-MTAB-3428_4	-0.01845487502541	-0.135762597373129	NA	NA
GSE102856_1	0.00381417211663042	0.0504175080244823	NA	NA
GSE103492_1	0.00142532131855068	0.0151620632391403	0.00602240896358543	0.00516654940473649
GSE103492_2	0.00456258775453791	0.00787738995233677	0.0112781954887218	0.000542466916751827
GSE103492_3	0.00736362666730531	0.00395231566202056	0.00516890676172044	-0.00487867647793647
GSE103492_4	0.00236488285067958	-0.00209144503585499	0.00578249587414367	-0.0107004850270748
GSE103492_5	0.00110083242107161	0.0105440983578562	0.00617283950617284	0.0142296864411936
GSE103492_6	-0.000810656662433567	0.0328654032098888	0.00513908533710514	0.00502459382975056
GSE103492_7	0.00290344168971311	0.0263385289569078	0.00549450549450549	0.00464262736820065
GSE103492_8	0.000863797654936376	0.0459152913090683	0.00574712643678161	0.0145233998948358
GSE103492_9	0.00157588234505075	0.0508000705444711	0.00609756097560976	0.0125735990551688
GSE103492_10	0.00242198507670648	0.00569169052783523	0	-0.0109437804470998
GSE106259_1	0.000795445230032725	-0.0112037700334996	0.0136667397020158	0.00256081508124936
GSE110303_1	-0.00152778811675096	-0.0179672528444903	NA	NA
GSE110303_2	-0.0142822244431237	-0.0776111802878607	NA	NA
GSE110303_3	-0.015790846966275	-0.0371603450380225	NA	NA
GSE110300_1	-0.00556778551591913	-0.0227311478697961	NA	NA
GSE110300_2	0.00216943846751539	0.0654650570056648	NA	NA
GSE110300_3	-0.0231074684141083	-0.0453240722306908	NA	NA
GSE110281_1	0.0146604000043	0.0352385319005431	NA	NA
GSE110281_2	0.00473316477047724	0.0100699902336541	NA	NA
GSE110281_3	-0.00883425391747642	-0.0273685853095244	NA	NA
GSE104459_1	0.00209222312491589	0.000801587747582534	-0.000191570881226053	0.00783592729253646
GSE104459_2	-0.00680924767258959	-0.0224671996121784	-0.0085603938545115	-2.04586565574379e-05
GSE104459_3	0.000884776161072283	-0.0073801358406152	0	0.0112305850218485
GSE110051_1	0.00346961028275482	0.00545714960683153	0.000893040199725236	0.0375027387561185
GSE110051_2	-0.0089360220850829	-0.0418631096927193	-0.0145906620886531	0.0114199161645561
GSE110051_3	-0.00178925035253091	-0.0233710126841304	-0.00882593855911429	0.00124174465859326
GSE112694_1	0.00321247128419757	0.00683818307689439	0.00724058920209122	-0.00556246699005793
GSE112694_2	0.00312841846568545	0.0133719019558675	0.00769535525491581	-0.0148315081606933
GSE112694_3	0.00595690428994852	0.0164758715648315	0.00954259696939661	0.00386923895015341
GSE112694_4	0.00231570836948897	0.0218598063970753	0.00774027721733609	0.00715665848409211
GSE97232_1	0.00285714285714286	0.0394872738023012	0	0.0147054518145136
GSE114079_1	-0.00495049504950495	-0.0328449906047856	NA	NA
GSE114079_2	-0.00571428571428571	0.00615432175714884	NA	NA
GSE114079_3	-0.00797872340425532	0.00250065591193939	NA	NA
GSE114079_4	-0.00989470802379613	-0.0692059669123598	NA	NA
GSE104828_1	-0.0044263537114435	-0.00908468109404784	NA	NA
GSE114521_1	-0.00459649982700957	-0.0257381312896635	0.00581395348837209	-0.00512670355548014
GSE114521_2	-0.0194687093302985	-0.0498420238568851	-0.0145762008507107	-0.025386003775828
GSE112413_1	0.00262413794472633	0.0279415401038145	-0.00354912228128007	-0.000508868594157269
GSE112413_2	0.00255394065481219	-0.013235594111486	0.00738457393899204	-0.0259339618330539
GSE101909_1	0.000552907892698917	-0.0146179002443464	0.00721377824365246	-0.0113722772426084
GSE101909_2	0.00118351287894205	-0.00610416035447437	0.00198296119555317	0.00305009318167213
GSE114919_1	0.00411378665582559	0.0254521046239575	0.0015710604055047	-0.0450979368769903
GSE114919_2	-0.00474040414426283	-0.0200139173693517	-0.0180817185728936	-0.00401926150389265
GSE114919_3	-0.00226765199942819	0.004106208827649	-0.0051801489926308	-0.00803649854826046
GSE114919_4	-0.000575937268855273	-0.00620439860037069	-0.0057094769199719	-0.00475205535144203
GSE114919_5	-0.00138190798525679	-0.0350123510509103	0.0102459804308452	0.00840057822962938
E-MTAB-5879_1	-0.00512593874310521	-0.0459577462268918	-0.00645161290322581	-0.0230469498881185
E-MTAB-5879_2	-0.0012443696432775	-0.0454102121041727	-0.013682620328894	0.00411295063397118
E-MTAB-5879_3	0.00553495507063236	0.00355395349339465	0.0121138967805928	-0.00831579540199903
E-MTAB-5879_4	0.00507830437216825	-0.00615855913963702	-0.00663733916023093	9.07048996220986e-05
E-MTAB-5879_5	0.000621654246432589	-0.0122561481029932	-0.00220239225365483	0.00612157218029104
E-MTAB-5879_6	0.00140319823337275	-0.0154102304500428	-0.0105990496779785	0.0219449583255416
E-MTAB-5879_7	0.00152953666041485	0.044690713908164	0	0.019717858666632
E-MTAB-5879_8	0.00786080476346359	0.0666842183306916	NA	0.0213275375373706
E-MTAB-5879_9	0.00624667425828463	0.0599156282998608	0	0.0151852957788536
E-MTAB-5879_10	0.0109767043497968	0.0803809015761792	0.00819672131147541	0.0319111387771606
E-MTAB-4294_1	-0.00946522380870976	-0.0365468494070535	-0.0182379527742451	0.0332791402573954
E-MTAB-4294_2	-0.00586917277966313	-0.0509953530281905	-0.0138459600682766	-0.00112897806921001
E-MTAB-4294_3	-0.00481197820448215	-0.0328425795948456	-0.00442278860569715	0.00821281339465845
E-MTAB-3186_1	-0.00687419713690343	-0.0440263712929295	-0.0147588357798958	0.00464376960406456
E-MTAB-3186_2	-0.00399761445387197	-0.0298284891137774	-0.00930742960107274	-0.00527420456195636
E-MTAB-3186_3	-0.00201631186324653	-0.0149308237173095	-0.00190643857174677	0.0145915706949163
E-MTAB-3186_4	0.000583535124405232	-0.00079170436441956	-0.00575702913443209	0.00262496161984616
GSE114919_Rat_1	-0.00345167753917421	0.00454547476010558	-0.00607274856271562	-0.0298989898989899
GSE114919_Rat_2	-0.00300767234399339	-0.0451998989967497	0.00316216098168688	-0.00288225660983055
GSE114919_Rat_3	-0.00308689636370474	-0.00449974533548583	-0.00436147974477538	0.00031321764692159
GSE114919_Rat_4	-0.00284734982118278	-0.00207918799811934	-0.00329076837043911	0.00706990429898735
GSE114919_Rat_5	-0.00694251188159899	-0.0486899720202396	-0.00615469535009832	0.00775829945753986
