comparisonID	jaccard	cosine	sigjaccard	chrDir
22659600_1	0.019640288651616	0.0257669988906042	NA	NA
24361742_1	0.0367781908901594	0.132566279684944	NA	NA
GSE72258_1	0	-0.0176165778955138	NA	NA
GSE72258_2	-0.000673854447439353	-0.0336092500506551	NA	NA
GSE69531_1	-0.00431363303445476	-0.0188624895255676	NA	NA
GSE69531_2	0.00519724760579361	0.0175165219600724	NA	NA
GSE69531_3	0.0143169169507503	0.027135239414168	NA	NA
GSE69531_4	-0.00431363303445476	-0.0188624895255676	NA	NA
GSE58203_1	-0.00683430370304269	-0.0338111874169327	NA	NA
GSE58203_2	-0.00400359520267153	-0.0162841284541667	NA	NA
GSE58203_3	-0.005083211571925	-0.00772629104431355	NA	NA
GSE58203_4	-0.017474813239554	-0.0136623887419818	NA	NA
GSE58203_5	-0.0109546560125447	-0.0465751974583706	NA	NA
GSE58203_6	0.00431290336507318	-0.00490232112932482	NA	NA
GSE58203_7	-0.0029187709333483	0.0209668174503796	NA	NA
GSE58203_8	-0.00126986491845443	0.0346923917569896	NA	NA
GSE59642_1	0.0162891194299433	0.0311269726080412	NA	NA
GSE59642_2	-0.00902220591369973	0.00801311812120375	NA	NA
GSE59642_3	-0.0297572872303573	-0.029320303501108	NA	NA
GSE64922_1	0.0105557866025983	0.00202838074149836	NA	NA
GSE60162_1	-0.00146549125071738	0.0127290354329182	NA	NA
GSE31685_1	0.033054152080067	0.076790225485925	NA	NA
E-MEXP-3890_1	0.0104300436056887	-0.0136093378898802	NA	NA
GSE31980_1	0.00961097104111106	0.033875986489247	NA	NA
GSE15615_1	-0.0224137215285743	-0.0721475854369159	NA	NA
GSE15083_1	0.0065466827095206	0.0574591435994683	NA	NA
GSE108035_1	-0.00380284737640539	-0.00544452363814408	NA	NA
GSE108035_2	-0.0210062131001118	-0.0247922718553977	NA	NA
GSE108035_3	-0.0287383655941157	-0.0491064918837754	NA	NA
GSE21959_1	-0.00560510874451165	-0.0378734148860836	NA	NA
GSE21959_2	-0.00234069643836117	-0.0215037779061158	NA	NA
GSE24742_1	0.012166603570848	0.0115606684159127	NA	NA
GSE24742_2	0.0019664064287695	0.0136774863906859	NA	NA
GSE24742_3	-0.0028716076412705	0.0144485255170627	NA	NA
GSE74668_1	-0.00887479202172235	-0.0153963216975655	NA	NA
E-GEOD-10024_1	0.00445754380001359	0.0266038970199741	NA	NA
E-GEOD-10024_2	0.00145025939010196	-0.00761191993099201	NA	NA
E-GEOD-12860_1	-0.00635719260715448	-0.0437963922920431	NA	NA
E-GEOD-12860_2	-0.0115210972701515	-0.0437343702661984	NA	NA
E-GEOD-12860_3	-0.00563173996506958	-0.0461015325017192	NA	NA
E-GEOD-12860_4	-0.00845851295410669	-0.0450970186558594	NA	NA
E-GEOD-12860_5	-0.0178839661900974	-0.0559283208951476	NA	NA
E-GEOD-12860_6	-0.00822213261011127	-0.0367343627237764	NA	NA
E-GEOD-12860_7	-0.0107022823144951	-0.046896583114483	NA	NA
E-GEOD-12860_8	-0.00614718940458959	-0.0320492416959054	NA	NA
E-GEOD-14359_1	-0.0564950803020283	-0.130894418310578	NA	NA
E-GEOD-14359_2	0.0106451777023726	-0.0193589307777473	NA	NA
E-GEOD-1919_1	-0.0115261816025287	-0.0460600791211856	NA	NA
E-GEOD-1919_2	-0.0221478126215813	-0.0559632296075505	NA	NA
E-GEOD-1919_3	-0.00595057313073886	-0.0419972582401091	NA	NA
E-GEOD-1919_4	-0.0436923138969142	-0.0942064601099528	NA	NA
E-GEOD-1919_5	-0.0444532145839389	-0.0948392116583926	NA	NA
E-GEOD-1919_6	-0.025981425272704	-0.07871489693841	NA	NA
E-GEOD-1919_7	-0.0118649668255314	-0.0553914235453122	NA	NA
E-GEOD-1919_8	-0.014486355252289	-0.0700603798250427	NA	NA
E-GEOD-1919_9	0.00321918128486535	0.0440928700516551	NA	NA
E-GEOD-19664_1	0.00304080178505436	-9.39122216579437e-05	NA	NA
E-GEOD-19664_2	-0.0194478278741508	-0.0467700059225009	NA	NA
E-GEOD-19664_3	-0.00296846155263731	-0.00716297822253326	NA	NA
E-GEOD-19664_4	0.00173364137492216	0.00815967544159916	NA	NA
E-GEOD-19664_5	-0.0244519258244355	-0.0360000932916379	NA	NA
E-GEOD-19664_6	-0.0119938740597773	-0.0345203232743304	NA	NA
E-GEOD-43923_1	-0.0583382810949866	-0.144948277013494	NA	NA
E-GEOD-51812_1	-0.0146713686341961	-0.0419961378480975	NA	NA
E-GEOD-51812_2	-0.021504488163117	-0.0564195478280924	NA	NA
E-GEOD-68760_1	-0.00734833827750839	-0.0196365642186092	NA	NA
E-GEOD-82107_1	0.000540717142230694	-0.0225214132604752	NA	NA
E-GEOD-9451_1	0.00159314670664168	-0.0168817544959905	NA	NA
E-GEOD-9451_2	0.00376575192029159	-0.019209876808035	NA	NA
E-GEOD-9451_3	-0.0107498556624466	-0.0170994682982547	NA	NA
E-GEOD-9451_4	-0.00565579227986198	-0.0311820039913853	NA	NA
E-MEXP-2019_1	0.031110663205059	0.0874650580862491	NA	NA
E-MEXP-2019_2	0.0336820333580141	0.0825746212956062	NA	NA
E-MEXP-2019_3	0.0218320304136718	0.120578234661138	NA	NA
E-MEXP-2019_4	0.00188448434520738	-0.0297213854177136	NA	NA
E-MEXP-2276_1	0.00136366770579465	-0.00397524710460555	NA	NA
E-MEXP-2488_1	0.0018774154138866	0.0078915871131369	NA	NA
E-MEXP-3129_1	0.00737745784767995	0.0145809139404117	NA	NA
E-MEXP-3474_1	-0.00629727438706313	-0.0133489861913516	NA	NA
E-MTAB-3010_1	-0.0211858060364007	-0.0373226379047868	NA	NA
E-MTAB-3010_2	-0.0240559741052536	-0.0481447426331122	NA	NA
E-MTAB-3010_3	0.000877934345064215	-0.00384700243241469	NA	NA
E-MTAB-3010_4	0.0211584143232903	0.0489563947384003	NA	NA
E-MTAB-4152_1	-0.00103248644849929	0.0060193290754764	NA	NA
E-MTAB-4152_2	0.00518636182191372	0.018188327165519	NA	NA
E-MTAB-4152_3	0.00559738433554422	0.0194138387911167	NA	NA
GSE100609_1	0.00324214477274538	0.0177818920335391	NA	NA
GSE100786_1	-0.00253065186005741	-0.0101041901878478	NA	NA
GSE100786_2	-0.0032942916137047	-0.00422174604517775	NA	NA
GSE103697_1	0	-0.0171342104806978	NA	NA
GSE103697_2	0	-0.00988695208199114	NA	NA
GSE103697_3	0	-0.0128900626265351	NA	NA
GSE104113_1	-0.000204154747353844	0.0287247345896286	NA	NA
GSE104113_2	0.0293555316187715	0.0579324211462148	NA	NA
GSE104113_3	-0.000204154747353844	0.0287247345896286	NA	NA
GSE10575_1	0.0120145584599262	0.0393175855211186	NA	NA
GSE10575_2	-0.039164986627063	-0.0819393537509072	NA	NA
GSE10575_3	-0.0144325629619875	0.0108023845099225	NA	NA
GSE13604_1	0.0197842532248324	0.0327077958379279	NA	NA
GSE13837_1	0.00733066015230249	0.00390651307676089	NA	NA
GSE13837_2	0.0106812787211266	0.0236321082115795	NA	NA
GSE13837_3	0.00247373510998904	-0.00111603801766784	NA	NA
GSE13837_4	-0.0146543486858946	-0.013105583561795	NA	NA
GSE13837_5	0.00398986755029582	-0.00758799329096149	NA	NA
GSE13837_6	0.0104112075155516	0.0118150832431856	NA	NA
GSE13837_7	0.00424053712409677	0.0116259201033492	NA	NA
GSE13837_8	-0.00510008284645785	-0.00288010297748123	NA	NA
GSE13837_9	-0.0132459102122463	-0.0115757951990834	NA	NA
GSE13837_10	-0.00210467744387449	-0.00852183904217284	NA	NA
GSE13837_11	-0.011119575142594	-0.0246733963402519	NA	NA
GSE13837_12	-0.017445881550348	-0.0253812242688208	NA	NA
GSE13837_13	-0.0103735213555573	-0.0492083787802748	NA	NA
GSE13837_14	-0.000276191450148238	-0.0237721356647782	NA	NA
GSE13837_15	-0.0067375420137924	-0.0191284845102379	NA	NA
GSE13837_16	-0.00303451617990688	-0.000317427388915431	NA	NA
GSE13837_17	-0.00743403578620035	-0.0377415662496496	NA	NA
GSE13837_18	-0.00469603040170703	-0.0215890139270315	NA	NA
GSE13837_19	-0.00475012960232944	-0.0147993577764726	NA	NA
GSE13837_20	-0.00230981381316793	-0.00752192499097893	NA	NA
GSE13837_21	-0.0102701414778905	-0.0267832336925604	NA	NA
GSE13837_22	-0.000776884570486691	-0.0195009054158388	NA	NA
GSE13837_23	-0.010745968587532	-0.0215857139448456	NA	NA
GSE13837_24	-0.0069396031826208	-0.008472947664906	NA	NA
GSE16464_1	-0.0279928158512894	-0.0345809326415316	NA	NA
GSE16464_2	0.0256722792731933	0.0621468480346486	NA	NA
GSE19060_1	0.00248367037032403	-0.00561315789292982	NA	NA
GSE27372_1	0.00452751508824772	0.019149329768983	NA	NA
GSE27390_1	0.00243385453144899	-0.028376167249479	NA	NA
GSE29106_1	-0.00539702798369629	-0.00338252244584334	NA	NA
GSE29107_1	-0.0191308232348333	-0.0389278489734233	NA	NA
GSE29107_2	0.0144139618067106	0.0469713529060602	NA	NA
GSE29745_1	0.00362916247011464	0.0379509538118936	NA	NA
GSE29745_2	0.00744295883118673	0.0340540686215292	NA	NA
GSE29745_3	-0.00446377616877919	0.0182528853152359	NA	NA
GSE35546_1	-0.00122575170192282	-0.00210270968780733	NA	NA
GSE35546_2	0.00492352115675784	-0.0171948398353906	NA	NA
GSE35546_3	0.00220007565440274	-0.008648845920856	NA	NA
GSE35546_4	0.00502188973311927	-0.0195751695051624	NA	NA
GSE35546_5	0.000297011585714931	0.001085502962895	NA	NA
GSE35546_6	0.0083979274998512	-0.00523241187022646	NA	NA
GSE35955_1	0.0200366133153301	0.0352050550424207	NA	NA
GSE35956_1	0.0278707482229705	0.0324613867484002	NA	NA
GSE35957_1	0.0353486263159837	0.0768072345331743	NA	NA
GSE35958_1	0.00355591552983316	-0.00703637625003121	NA	NA
GSE39340_1	0.0125089717879263	0.0520229140795588	NA	NA
GSE39340_2	0.0153162866784753	0.039370988679497	NA	NA
GSE39340_3	0.00130639649305978	0.00904754562528165	NA	NA
GSE39795_1	-0.00147103647177005	-0.00614596989607739	NA	NA
GSE39795_2	-0.0210664920598574	-0.012486812900236	NA	NA
GSE39795_3	-0.00417387915486294	-0.0110317041810477	NA	NA
GSE41038_1	0.0149692102995119	0.0538900658793981	NA	NA
GSE41038_2	-0.0134559301716963	-0.0276448987328447	NA	NA
GSE41038_3	-0.002900750983368	-0.0206336346368539	NA	NA
GSE41992_1	0.0135046384560169	0.0296895670526366	NA	NA
GSE42235_1	-0.00721596959485315	0.000734100507667402	NA	NA
GSE42235_2	0.00558280092837711	0.0279085407536385	NA	NA
GSE42235_3	0.00653152954896151	0.0347195328732065	NA	NA
GSE42235_4	2.410402283997e-05	0.0374626098154337	NA	NA
GSE45233_1	-0.042182485443392	-0.0841492401429465	NA	NA
GSE45233_2	-0.00865360169064376	-0.0318099896437889	NA	NA
GSE45233_3	0.0056410759274926	0.0114922579794176	NA	NA
GSE45233_4	-0.0266672931182812	-0.0484543013932454	NA	NA
GSE46053_1	-0.00773359848095608	-0.0814603689141075	NA	NA
GSE46053_2	-0.00954295460639408	-0.0585591168017457	NA	NA
GSE46750_1	-0.0102370552726637	-0.106321228933054	NA	NA
GSE51588_1	0.0292658684972859	0.0487856940962135	NA	NA
GSE51588_2	0.0342394556724526	0.0470116441278874	NA	NA
GSE51588_3	-0.00516794099649184	0.0127575995722245	NA	NA
GSE52817_1	-0.0111691745711182	-0.0131658018255672	NA	NA
GSE52817_2	-0.00630333718922496	-0.00561553986909296	NA	NA
GSE52817_3	0.0226151882775142	0.0204909117591613	NA	NA
GSE52817_4	0.00539679963109355	-0.00347786079310983	NA	NA
GSE55235_1	-0.0285735628410151	-0.0826375759052959	NA	NA
GSE55235_2	-0.053841066245778	-0.107246554223761	NA	NA
GSE55235_3	-0.0270122671517923	-0.0598583784013882	NA	NA
GSE55457_1	-0.00216959715635645	-0.0250165910537629	NA	NA
GSE55457_2	-0.00687902144269547	-0.0667505491377658	NA	NA
GSE55584_1	-0.00465164817091795	-0.0541132811692585	NA	NA
GSE57218_1	-0.00026976780144799	0.048285408344899	NA	NA
GSE60762_1	0.00549677051517003	0.00396193106649925	NA	NA
GSE62914_1	-0.0064009622843478	-0.0157039388978723	NA	NA
GSE62914_2	0.0178889394601571	0.030261567027896	NA	NA
GSE62914_3	0.0146041353302403	0.0366141263428743	NA	NA
GSE62914_4	-0.0218585302594742	-0.0551679377027278	NA	NA
GSE64394_1	-0.0273302755126269	-0.0530761651677463	NA	NA
GSE66635_1	0.00211271846131805	0.0275218133415358	NA	NA
GSE68038_1	0.0194180448240028	0.026996533984275	NA	NA
GSE68428_1	-0.0212784862472802	-0.0535988933270654	NA	NA
GSE68428_2	-0.0155207114337634	-0.048856601488808	NA	NA
GSE68428_3	-0.0228290641015249	-0.0606989788030328	NA	NA
GSE69459_1	0.0199377724752989	0.00446947592158881	NA	NA
GSE69459_2	0.0296487176694087	0.0205741597814261	NA	NA
GSE69459_3	0.0161510689594381	0.0563402118803713	NA	NA
GSE69459_4	0.0278496829368142	0.0348565713550485	NA	NA
GSE69992_1	0.0263652383804913	0.0543177735597005	NA	NA
GSE70719_1	-0.00246937712022379	-0.0203467759645115	NA	NA
GSE7116_1	0.0102155507719679	0.025724564122422	NA	NA
GSE7116_2	-0.0034406216336425	-0.0261868498609348	NA	NA
GSE7116_3	-0.00745218262260111	-0.0471528627670686	NA	NA
GSE72575_1	-0.00748342826481822	0.0141111275605889	NA	NA
GSE72575_2	0.015068774493072	0.0396571695934054	NA	NA
GSE72575_3	0.00157935895411828	0.0466895810459819	NA	NA
GSE72575_4	-0.00268817204301075	-0.0476711136020639	NA	NA
GSE75181_1	0.0120576408133517	0.0406819570316711	NA	NA
GSE75181_2	-0.0156508829522963	-0.0288671932765752	NA	NA
GSE75181_3	0.00272738813103786	0.0254744660101862	NA	NA
GSE75230_1	0.00120723919342566	-0.00889800494558724	NA	NA
GSE7669_1	-0.00103967725565622	-0.0325450975684958	NA	NA
GSE77916_1	0.000105868689282734	-0.0175634274638057	NA	NA
GSE80614_1	-0.000708883151918212	-0.028374089798905	NA	NA
GSE80614_2	0.00539839680917317	-0.00739642776432188	NA	NA
GSE80614_3	-0.00531914893617021	-0.0392018306862223	NA	NA
GSE80614_4	0.00124901908968277	-0.00266598274865663	NA	NA
GSE80614_5	-0.00183199751113144	-0.0246404600961974	NA	NA
GSE80614_6	-0.0058625934395398	-0.00680136937600158	NA	NA
GSE80614_7	-0.00919412334088348	-0.00773640115970833	NA	NA
GSE80614_8	-0.0108385489440383	-0.0164989858195832	NA	NA
GSE80614_9	-0.00267586416009703	-0.0324458691475874	NA	NA
GSE80614_10	0.000363335439295982	0.000142053638128159	NA	NA
GSE80614_11	-0.00468540829986613	-0.0392034547621892	NA	NA
GSE80614_12	0.00847771386921565	0.00934886710745938	NA	NA
GSE80614_13	-0.00146995019754839	0.000278615959685618	NA	NA
GSE80614_14	0.00755981607045437	0.00829235570813483	NA	NA
GSE80614_15	0.00360275158784764	-0.000192252648017104	NA	NA
GSE80614_16	-0.0054235810766487	0.000482688497560895	NA	NA
GSE85254_1	-0.00770622466959978	-0.00313760696910728	NA	NA
GSE86578_1	-0.012783258279124	-0.0673919805218382	NA	NA
GSE86578_2	-0.0146214849588959	-0.0651869469591933	NA	NA
GSE86578_3	-0.0182278367600676	-0.0396006543318683	NA	NA
GSE9329_1	-0.00609368543020642	-0.0140000939777888	NA	NA
GSE93698_1	0.0191582389384804	0.0513111306214451	NA	NA
GSE93698_2	0.0171004277965255	0.0564058276060382	NA	NA
GSE93698_3	0.0457028617125915	0.0986172892338976	NA	NA
GSE93698_4	0.0240071454378325	0.0529740995851083	NA	NA
GSE93698_5	0.0429068637777135	0.109965544140813	NA	NA
GSE93698_6	-0.00281053010976909	-0.00719309958802588	NA	NA
GSE93698_7	0.0427226461260762	0.0718953931063943	NA	NA
GSE93698_8	-0.00510787763626928	-0.0130684603462305	NA	NA
GSE93698_9	0.0570357943486744	0.124794036741609	NA	NA
GSE93698_10	0.0438630473134255	0.0824409741752728	NA	NA
GSE93698_11	0.00442483136310521	-0.00505834241398743	NA	NA
GSE93698_12	0.0655438681806502	0.121194324155326	NA	NA
GSE93698_13	-0.0391058087724115	-0.0896562897749335	NA	NA
GSE93698_14	0.0238363455440218	0.0678237597647005	NA	NA
GSE93698_15	0.058422786463663	0.123700217085496	NA	NA
GSE93720_1	-0.0291440491820322	-0.0609482690769213	NA	NA
GSE93720_2	-0.0303427321304654	-0.0680247010384494	NA	NA
GSE93720_3	-0.0288171560294422	-0.0613273620092091	NA	NA
GSE93720_4	-0.021000313102489	-0.0478848967795608	NA	NA
E-MTAB-5564_1	0.00659863439244946	0.00321636028433448	NA	NA
GSE77753_1	-0.00203324583383994	0.0219562188205726	NA	NA
GSE43861_1	0.00571641019054419	0.0179682091004514	NA	NA
GSE112809_1	0.000208096391897015	-0.0120615989409879	NA	NA
GSE111946_1	-0.0223940839252598	-0.0308559488817455	NA	NA
GSE111946_2	-0.00287206508268292	-0.0151974730093503	NA	NA
E-MTAB-3201_1	-0.0075853489820908	-0.025841344836613	NA	NA
E-MTAB-6700_1	-0.0223557164345248	-0.0556398608248852	NA	NA
GSE54749_1	0	0.0208635566392417	NA	NA
GSE57218_B_1	0.00119127605931768	-0.0164997631946464	NA	NA
GSE57218_B_2	-0.00154618152603934	-0.0335902605467214	NA	NA
GSE57740_1	-0.000869976100428902	-0.0435305030800541	NA	NA
GSE52992_1	0.0092147228769405	0.0762788836252093	NA	NA
GSE17160_1	-0.0221136241778167	-0.0530308818777868	NA	NA
GSE17160_2	-0.00848597063671784	-0.0478270101998044	NA	NA
GSE17160_3	-0.00583704251870059	0.0385416220056157	NA	NA
GSE17160_4	-0.0203554895114023	-0.0455513863685054	NA	NA
GSE17160_5	-0.00777323039585304	-0.0756358755758879	NA	NA
GSE17160_6	-0.0132992427381983	-0.0860150176733399	NA	NA
GSE17160_7	-0.00211752594932496	-0.0122110338196397	NA	NA
GSE17160_8	-0.0283730284057958	-0.0627357529803532	NA	NA
GSE17160_9	0.0211730246157161	0.038560792310255	NA	NA
GSE17160_10	0.0202598221760771	0.0342278324013498	NA	NA
GSE17160_11	0.0108784710937894	0.0269689819505011	NA	NA
GSE17160_12	0.016450931474558	0.0271263477593176	NA	NA
GSE22971_1	0.00029876260111848	0.027213080488667	NA	NA
GSE22971_2	0.00220614082936349	0.00101870630549441	NA	NA
GSE22971_3	-0.040130242805079	-0.0865605360926959	NA	NA
GSE22971_4	-0.0464627213554755	-0.102298530112979	NA	NA
GSE13590_1	0.0318964039304139	0.0923978754707233	NA	NA
GSE13590_2	-0.00145207421200074	-0.016755507935349	NA	NA
GSE99731_1	0.00123399868727724	0.00775964934515699	NA	NA
GSE99731_2	0.00624394794394873	0.114229753944131	NA	NA
GSE99731_3	0.0310728652242228	0.0691205063235562	NA	NA
GSE27492_1	-0.00564168433193087	-0.0492483200484386	NA	NA
GSE27492_2	-0.0366652016055106	-0.175142568111092	NA	NA
GSE27492_3	-0.0588562119294107	-0.165975272339597	NA	NA
GSE27492_4	-0.0607209183070719	-0.169065596328393	NA	NA
GSE27492_5	-0.0448331135374281	-0.153995345305123	NA	NA
GSE27492_6	-0.00382172612252874	-0.0106006119202847	NA	NA
GSE27492_7	-0.00844319452914745	-0.0268021797143084	NA	NA
GSE27492_8	-0.000363860982404925	0.000164122950197215	NA	NA
E-GEOD-15069_1	-0.00060948564273507	-0.0200901968136688	NA	NA
E-GEOD-15069_2	-0.0100066238908456	-0.0109964799667022	NA	NA
E-GEOD-15069_3	0.0266024667306282	0.0700610580445734	NA	NA
E-GEOD-15069_4	0.0050012884942897	0.0126667536387576	NA	NA
E-GEOD-15118_1	0.00167673395267887	0.00734353153301412	NA	NA
E-GEOD-15118_2	0.00157232704402516	0.0431297028493716	NA	NA
E-GEOD-15118_3	0.0108311258125304	0.0350585119583236	NA	NA
E-GEOD-15118_4	0.0171251228642185	0.0179184011584909	NA	NA
E-GEOD-16007_1	-0.0175856171505682	-0.026503547146324	NA	NA
E-GEOD-17473_1	-0.0171268338314512	0.00828847414493635	NA	NA
E-GEOD-18647_1	0.00132355921997126	0.0109728662658699	NA	NA
E-GEOD-18647_2	0.0027015795502716	-0.0182445148142856	NA	NA
E-GEOD-18647_3	0.00405065619904189	0.00492251056010823	NA	NA
E-GEOD-18647_4	0.00242694574025931	-0.0178501198365741	NA	NA
E-GEOD-18648_1	0.0199781517392904	0.0778995559467617	NA	NA
E-GEOD-18648_2	0.0190856343315984	0.0649168364799584	NA	NA
E-GEOD-2154_1	-0.0204069911938435	-0.179329832904869	NA	NA
E-GEOD-2154_2	-0.0399611667377587	-0.202328816529239	NA	NA
E-GEOD-2154_3	-0.022531586881027	-0.133324975757133	NA	NA
E-GEOD-2154_4	-0.0250083057156655	-0.0851349405730305	NA	NA
E-GEOD-26475_1	-0.00214945996615134	0.0433357169766	NA	NA
E-GEOD-26475_2	-0.000964330183280387	-0.0214538291677467	NA	NA
E-GEOD-26475_3	-0.0148472933077837	-0.0866488452884368	NA	NA
E-GEOD-33567_1	-0.00326657836878593	-0.0155919409037765	NA	NA
E-GEOD-33567_2	-0.0137291330234601	-0.0262253912195841	NA	NA
E-GEOD-37287_1	0.00922925868411761	0.0360781327125515	NA	NA
E-GEOD-37287_2	0.00395165277518105	0.0311216186812196	NA	NA
E-GEOD-37287_3	-0.00518678296107786	-0.0212983252513389	NA	NA
E-GEOD-51994_1	0.00519731609111343	0.0183971087529299	NA	NA
E-GEOD-51994_2	0.0164149417320005	0.0401208707802565	NA	NA
E-GEOD-51994_3	0.0126369373761699	0.0427013869340531	NA	NA
E-GEOD-65077_1	-1.70008749994267e-05	-0.0176689265274313	NA	NA
E-MEXP-1244_1	-0.0064161593045605	-0.0226517531467796	NA	NA
E-MTAB-1123_1	-0.0282871623420765	-0.0976484127608708	NA	NA
E-MTAB-1123_2	-0.0164516128094175	-0.0726317646909359	NA	NA
E-MTAB-1123_3	-0.00457952296673395	0.000811045820703839	NA	NA
E-MTAB-1123_4	-0.00108016474807376	-0.0654052835849734	NA	NA
E-MTAB-1391_1	-0.0374861311135425	-0.169064678742014	NA	NA
E-MTAB-1391_2	-0.0590911867792484	-0.215866927014961	NA	NA
E-MTAB-1391_3	-0.0470617461930805	-0.182660857226396	NA	NA
E-MTAB-2450_1	0.0108374059021168	0.00969114678460748	NA	NA
E-MTAB-2450_2	0.0383078471928796	0.105229490281523	NA	NA
E-MTAB-2450_3	-0.0213736037866228	-0.0587227061423076	NA	NA
E-MTAB-2450_4	-0.0465484674521751	-0.168187085491117	NA	NA
E-MTAB-5023_1	-0.0332674528893852	-0.0907732392868127	NA	NA
E-MTAB-5326_1	0.000223571314152736	-0.00510935419501108	NA	NA
E-MTAB-5326_2	0.00751584961121219	-0.00665764955171825	NA	NA
E-MTAB-5326_3	0.0186455414952504	0.0318152051174223	NA	NA
GSE102588_1	0.0169110102953278	0.0811302281611583	NA	NA
GSE104793_1	-0.00238713854933566	-0.0328648227508543	NA	NA
GSE104794_1	-0.0464620066919535	-0.11288495084243	NA	NA
GSE104795_1	-0.0439722410527442	-0.119255189944442	NA	NA
GSE105139_1	0	-0.0220431631746373	NA	NA
GSE105139_2	-0.0289557064077741	-0.0822426531876008	NA	NA
GSE105139_3	-0.0221668342276769	-0.074084894606093	NA	NA
GSE10555_1	-0.0546456702636445	-0.106806261497145	NA	NA
GSE10556_1	-0.0177971003004965	-0.0617802217800841	NA	NA
GSE106631_1	-0.0275301554901988	-0.0611479112066674	NA	NA
GSE13104_1	-0.0494463857459498	-0.167547262791772	NA	NA
GSE13104_2	-0.033951275332944	-0.136091552993257	NA	NA
GSE13104_3	-0.0453375833846203	-0.181387813251847	NA	NA
GSE16749_1	0.0654059577190986	0.147943716091598	NA	NA
GSE16749_2	0.00258635703378245	0.0150311045346042	NA	NA
GSE16749_3	0.0107538436377802	0.0448837196645246	NA	NA
GSE17348_1	0.0432994846976269	0.0828895307379196	NA	NA
GSE17563_1	0.0442838431072493	0.152615394597954	NA	NA
GSE17563_2	0.0550985660579883	0.107561505526485	NA	NA
GSE17569_1	0.0378569485392348	0.09847965021709	NA	NA
GSE17569_2	0.0119710130749962	-0.0116744183858331	NA	NA
GSE17570_1	-0.00756715341711595	-0.0501149711160161	NA	NA
GSE17570_2	0.0166741244305908	0.0205091766440983	NA	NA
GSE18991_1	0	0.0331247563727791	NA	NA
GSE18992_1	0	0.0235893823934217	NA	NA
GSE19299_1	0.0276598169385996	0.0683295417703825	NA	NA
GSE20850_1	0.0332207342911752	0.0899231565030546	NA	NA
GSE21093_1	0.0186336177982901	-0.00661786476345539	NA	NA
GSE21523_1	-0.0387985156114523	-0.0714830497998972	NA	NA
GSE21639_1	-0.00313161612289332	-0.0229752964757143	NA	NA
GSE21639_2	0.0369536913007811	0.140337457606252	NA	NA
GSE21639_3	0.0148461046614628	0.0783762482088373	NA	NA
GSE21639_4	0.0400821335911555	0.107056533694792	NA	NA
GSE21710_1	0.021020616143031	-0.0307210612836214	NA	NA
GSE21710_2	0.0285573377863188	-0.0171220126965613	NA	NA
GSE21710_3	0.0269607922745637	-0.00800719532720426	NA	NA
GSE22925_1	-0.0049884457475833	-0.0142368077945304	NA	NA
GSE22925_2	-0.0287427475661553	-0.0805367138559321	NA	NA
GSE26499_1	-0.0381053959811819	-0.0635135973544243	NA	NA
GSE30160_1	-0.0362403443140513	-0.0923927732510212	NA	NA
GSE30628_1	0.0268243970100863	0.085330236316083	NA	NA
GSE30628_2	0.0231713229666685	0.0628235747721418	NA	NA
GSE32163_1	-0.00341746030137536	-0.0251018380277621	NA	NA
GSE33656_1	0.058445160671123	0.126205864073443	NA	NA
GSE33754_1	-0.00052910873087534	0.00601468896231807	NA	NA
GSE33754_2	-0.000164990380590306	-0.0165451249499232	NA	NA
GSE33754_3	0.00488167960043944	-0.0105707501391803	NA	NA
GSE34570_1	-0.0479258884657327	-0.131118988729492	NA	NA
GSE35003_1	-0.00055037081937301	-0.0130062566088205	NA	NA
GSE35466_1	-0.0146195922739228	-0.0286783461388624	NA	NA
GSE35466_2	-0.017693810050837	-0.0219358583649094	NA	NA
GSE35466_3	-0.0216799605250204	-0.0515478461763973	NA	NA
GSE35466_4	-0.0233166766927949	-0.083858801602773	NA	NA
GSE35466_5	-0.0324154918685576	-0.100372057275645	NA	NA
GSE36925_1	0.00153846153846154	0.0816982287831921	NA	NA
GSE36925_2	0.0423471288813584	0.106476043062615	NA	NA
GSE36925_3	0.054871790255571	0.118829167194467	NA	NA
GSE37219_1	-0.0289132411154072	-0.0435881314225066	NA	NA
GSE37676_1	-0.00200131348937564	0.0247384284826211	NA	NA
GSE41342_1	0.00418595331049612	0.0655950426282772	NA	NA
GSE41342_2	-0.00631447398443634	0.00807782665923665	NA	NA
GSE41342_3	-0.00340857144732358	-0.0569436175150248	NA	NA
GSE41342_4	0.000248087326739012	0.0559056690401026	NA	NA
GSE41997_1	-0.00557367939560297	-0.0196122541668962	NA	NA
GSE43242_1	0.00689447394344437	0.0431570657368791	NA	NA
GSE43242_2	0.00649593317793391	0.0671794818632387	NA	NA
GSE43663_1	-0.00266569040425502	-0.0374175012917618	NA	NA
GSE43854_1	-0.00661613841433105	-0.0153290047390615	NA	NA
GSE45656_1	0.0841871588936573	0.211089408885493	NA	NA
GSE45656_2	0.00652458643873714	0.00541286268945982	NA	NA
GSE45656_3	0.0351648684330199	0.0845400903550959	NA	NA
GSE45793_1	-0.0010074289670907	-0.0082528059392566	NA	NA
GSE45793_2	0.0277423524215678	0.0522528741242939	NA	NA
GSE45793_3	0.0309774985183077	0.0855233596898223	NA	NA
GSE45793_4	0.0146328760992127	0.0198591450182978	NA	NA
GSE45793_5	0.0571879506266611	0.126555108767185	NA	NA
GSE46390_1	-0.00638504968978656	-0.0141173676081758	NA	NA
GSE48438_1	-0.00536212718375708	-0.0206734550524302	NA	NA
GSE50549_1	0.0140085416039525	0.0295142582737252	NA	NA
GSE50549_2	0.0172760389932425	0.0349496564591658	NA	NA
GSE51098_1	-0.0654076753127585	-0.180680887676158	NA	NA
GSE53857_1	-0.0157547022308244	-0.0756012692209202	NA	NA
GSE53857_2	-0.00967367819535076	-0.168403878751473	NA	NA
GSE53857_3	-0.00178299113290109	0.0057197115111942	NA	NA
GSE53982_1	-0.0106377560950681	-0.048814916399855	NA	NA
GSE53982_2	-0.012767763806889	-0.0468980302874871	NA	NA
GSE54779_1	0.00460439176909898	-0.000464374376208127	NA	NA
GSE55900_1	1.83109939207496e-06	-0.000429572992962431	NA	NA
GSE57104_1	0.0262800659543283	0.129042691412574	NA	NA
GSE59387_1	-0.0264456559221032	-0.110677311683324	NA	NA
GSE60401_1	0.0236734676236045	0.0458886289346868	NA	NA
GSE60401_2	0.0318660708552767	0.102144791619009	NA	NA
GSE60651_1	0.0342859868377288	0.0900925580724286	NA	NA
GSE60737_1	0.0210047182643534	-0.0231673198811836	NA	NA
GSE60761_1	-0.000544307048389743	-0.0103327200692227	NA	NA
GSE60761_2	0.0013531799729364	0.0356905002186004	NA	NA
GSE60761_3	-0.00119820135864246	-0.0275070432372742	NA	NA
GSE60761_4	-0.00706271006149151	-0.0511045833547024	NA	NA
GSE63017_1	0	0.00191479465503416	NA	NA
GSE63017_2	-0.000669934569559682	-0.00521419725173711	NA	NA
GSE63017_3	0.000966982748671058	-0.00674313702336265	NA	NA
GSE63017_4	-0.000364998633633188	-0.0214795697118003	NA	NA
GSE63939_1	0.0521191615829085	0.0724087317618841	NA	NA
GSE63939_2	0.0497773972687382	0.098419751904814	NA	NA
GSE64141_1	-0.0231785947637265	-0.0612141300517769	NA	NA
GSE64965_1	-0.026462140234156	-0.087405906817704	NA	NA
GSE65745_1	0.00135685210312076	0.0451671492344498	NA	NA
GSE65745_2	0.00336927223719677	0.0762084577732805	NA	NA
GSE65745_3	0.00269179004037685	0.0699555772753984	NA	NA
GSE66416_1	0.00541492273532837	-0.00939962450048044	NA	NA
GSE66862_1	0.0050283479617959	0.00131199621671865	NA	NA
GSE69108_1	-0.0440315712057189	-0.0882500119455693	NA	NA
GSE71565_1	-0.0278628187237604	-0.0777592193877213	NA	NA
GSE72261_1	0.0157342327083729	0.0595180549937159	NA	NA
GSE72261_2	0.0479012473077988	0.139863704792212	NA	NA
GSE72261_3	0.0489154158532098	0.138025388727427	NA	NA
GSE7683_1	-0.00200987048715104	-0.0132891502680666	NA	NA
GSE7683_2	0.000859057579706593	0.0433959100509904	NA	NA
GSE78980_1	-0.313922097303423	-0.781110301370225	NA	NA
GSE78980_2	0.00677799398597153	0.26433766290406	NA	NA
GSE78980_3	-0.0693269355186868	-0.539575502918859	NA	NA
GSE78980_4	0.0548540685285541	0.349271308381878	NA	NA
GSE78980_5	-0.00575897260777483	-0.0847560647319799	NA	NA
GSE78980_6	-0.00359986539638893	-0.149975407618225	NA	NA
GSE78980_8	0.290334978828264	0.747392713259011	NA	NA
GSE78980_9	0.672314900251845	0.949011164740258	NA	NA
GSE78980_10	0.406075027846669	0.850381271205543	NA	NA
GSE81399_1	0.0125772068817222	0.0223760164008869	NA	NA
GSE84609_1	0.0423642778523335	0.101209734919806	NA	NA
GSE84907_1	0.0591684441924031	0.128483484097737	NA	NA
GSE84907_2	0.039963843308723	0.0965193291008181	NA	NA
GSE84907_3	-0.00068336521705204	-0.0392392832444422	NA	NA
GSE90127_1	-0.0742613894553531	-0.231047751447507	NA	NA
GSE90127_2	0.00520336427095817	0.0145440088168166	NA	NA
GSE90127_3	-0.0767226367814566	-0.213910675531317	NA	NA
GSE9247_1	0.011409863574457	0.0175910573087229	NA	NA
GSE9247_2	0.0472525079994083	0.121057751151348	NA	NA
GSE9247_3	0.00886032693459387	0.0404648199750623	NA	NA
GSE99306_1	0.0285106333944126	0.0650224366140981	NA	NA
GSE99306_2	0.00444798767636451	0.0116355287859147	NA	NA
GSE99306_3	0.0214391187824993	0.0707866114566297	NA	NA
GSE99306_4	-0.00587462336928964	-0.00998096334008507	NA	NA
GSE99306_5	-0.00345929021796903	-0.0161287855074491	NA	NA
GSE99306_6	-0.00401911392227717	-0.0206762751737788	NA	NA
GSE99306_7	-0.00180831186405944	0.0161298970835973	NA	NA
GSE99306_8	0.00724376306333663	0.0149676554520384	NA	NA
GSE99306_9	-0.00014591657244727	-0.00238971492649726	NA	NA
GSE99306_10	-0.00917540254664475	0.0395938572129091	NA	NA
GSE99306_11	0.00462774588548375	0.0355752128611908	NA	NA
GSE99306_12	-0.0101116678568575	-0.023253221112178	NA	NA
GSE99306_13	0.0296258479433722	0.0869114885727417	NA	NA
GSE99414_1	0.00161215824236493	-0.0186879256178201	NA	NA
GSE110581_1	0.0141036226150266	0.0361612108220086	NA	NA
GSE110581_2	-0.000463334001202164	-0.0251431160581509	NA	NA
GSE47799_1	-0.0189994118135995	-0.104698655870581	NA	NA
GSE47799_2	-0.00908477378480056	-0.032140849657234	NA	NA
GSE47799_3	-0.00905979748055407	-0.0428055062645377	NA	NA
GSE111628_1	-0.00564913675641201	-0.0451824369779699	NA	NA
GSE111628_2	0.00467914438502674	0.0887475022065017	NA	NA
GSE111628_3	0.00439097793791352	0.0398189705929847	NA	NA
GSE5657_1	-0.0022043282033518	-0.018514432688428	NA	NA
GSE5657_2	-0.000800214199267636	-0.0221224652752777	NA	NA
GSE13782_1	-0.0729309190405182	-0.223428594186979	NA	NA
GSE41039_1	-0.0087725965266216	-0.115499349947705	NA	NA
GSE84198_1	0.0029393413381817	-0.019452853449697	NA	NA
GSE84198_2	-0.00181132713964992	-0.0116982958624629	NA	NA
GSE84198_3	-0.0271434716641396	-0.0459651191754724	NA	NA
GSE114469_1	0.0580441011549603	0.0930733587421047	NA	NA
GSE108036_1	-8.11696569112791e-05	-0.0108114105632941	NA	NA
GSE60451_1	-0.00401655580512267	-0.0476837001584932	NA	NA
GSE47902_1	-0.000559968955401539	0.00871766667541672	NA	NA
GSE44325_1	0.00972123242249809	0.0286569928570397	NA	NA
GSE4481_1	0.000506273251943897	0.0145647377661783	NA	NA
GSE4481_2	0.0202219892811998	0.0832921726965848	NA	NA
GSE4481_3	0.00078125	0.0486803271066042	NA	NA
GSE102292_1	0.0162475907581897	0.0221356099125057	NA	NA
GSE102292_2	-0.0070556985424287	-0.0354371644999439	NA	NA
GSE102292_3	-0.0458424579674755	-0.101522231769411	NA	NA
GSE102292_4	-0.0338213046939173	-0.0966372850609782	NA	NA
GSE41898_1	0.0334689581055663	0.0578831706784168	NA	NA
GSE87605_1	-0.007219393264272	-0.0262107444830392	NA	NA
GSE87605_2	-0.00140344219195641	-0.00984604728567884	NA	NA
GSE87605_3	-0.008616033310798	-0.0241208172148679	NA	NA
E-GEOD-54216_1	-0.0345065979185444	-0.136393226147542	NA	NA
E-GEOD-54216_2	-0.0298450125121745	-0.129821165000713	NA	NA
E-GEOD-54216_3	0.00232192617984444	-0.0280697255335262	NA	NA
E-GEOD-6119_1	0.00179213885906273	-0.00345556697820382	NA	NA
E-GEOD-6119_2	0.00419052528112399	-0.00339944025603378	NA	NA
E-GEOD-6119_3	-0.00144337898764124	-0.00684855771866954	NA	NA
E-GEOD-8077_1	0.0038617029107021	0.00263435982282861	NA	NA
E-GEOD-8077_2	-0.00121468803020097	-0.030873805099027	NA	NA
E-GEOD-8077_3	-0.00611422088224828	-0.0219417017494478	NA	NA
GSE103416_1	-0.0837684269480826	-0.146284770846406	NA	NA
GSE103416_2	-0.0276279429732026	-0.0630271240506174	NA	NA
GSE103416_3	-0.000865872431094161	0.0227810205364295	NA	NA
GSE19950_1	0.00180424182669008	0.00611564571245404	NA	NA
GSE30322_1	-0.0131297015602701	-0.0222847984864459	NA	NA
GSE30322_2	-0.00656179604502518	-0.00357078937463211	NA	NA
GSE30322_3	-0.00055139730918004	-0.00972611884994132	NA	NA
GSE42295_1	1.24613253865682e-05	-0.0415184440400992	NA	NA
GSE42295_2	0.0199159440326223	0.0590734401900394	NA	NA
GSE42295_3	0.0147206193595035	0.0698293369251225	NA	NA
GSE66554_1	0.0656303717375817	0.132691514989285	NA	NA
GSE66554_2	0.0466511245195613	0.0876301677874819	NA	NA
GSE66554_3	0.0288696903682607	0.0906013709695286	NA	NA
GSE66554_4	0.0181103254846362	0.0649161727014502	NA	NA
GSE74898_1	0.0666350381796891	0.168655244247806	NA	NA
GSE74898_2	0.0763254405551179	0.178327251106355	NA	NA
GSE74898_3	0.0708073528694016	0.145569524198778	NA	NA
GSE79176_1	0.000104048195948507	-0.000301913045420216	NA	NA
GSE79176_2	-0.00134121895540154	0.00291152001382562	NA	NA
GSE79176_3	0.000674763832658569	0.00338014856443713	NA	NA
GSE85785_1	-0.0530427663563175	-0.227683062078073	NA	NA
GSE16981_1	0.0328814192515772	0.0496738673890727	NA	NA
GSE16981_2	0.00497868009210457	-0.00894939232800019	NA	NA
GSE16981_3	0.0218918062001823	0.0512892908390958	NA	NA
GSE16981_4	0.0218918062001823	0.0512892908390958	NA	NA
GSE16981_5	0.00926126355761274	0.0239149542186408	NA	NA
GSE16981_6	-6.53418162733931e-05	-0.0176231171400209	NA	NA
GSE16981_7	0.00515043367865743	0.0108838247216256	NA	NA
GSE29859_1	-0.00341402534796158	0.0475474346858662	NA	NA
GSE29859_2	-0.000267656269312697	0.00624454659464174	NA	NA
GSE23492_1	0.0204822093379476	0.0253873182579346	NA	NA
GSE23492_2	0.0203190014163384	0.0535363130223714	NA	NA
GSE23492_3	-0.0139069335426869	-0.0403642511003734	NA	NA
GSE23492_4	-0.0186554826229543	-0.044959687327437	NA	NA
GSE23492_5	0.0257375729200249	0.0563199870651987	NA	NA
GSE44991_1	0.0013890325278484	-0.0186679392415748	NA	NA
GSE44991_2	-0.00490760193932954	-0.044922478343298	NA	NA
GSE39796_1	0.00158727828629986	0.0316686307709742	NA	NA
GSE39796_2	0.00374418123814527	0.0505172843029916	NA	NA
GSE39796_3	-0.00356150194268058	-0.0134786249216481	NA	NA
GSE18394_1	-0.0207892340727231	-0.0355540394389604	NA	NA
GSE18394_2	-0.0354076893835921	-0.0838327001067878	NA	NA
GSE18394_3	0.0130965369111526	0.0216927231735614	NA	NA
GSE29233_1	-0.0059484183076629	-0.00203323931451769	NA	NA
E-MEXP-2291_1	0.00555686395437411	0.0146074117755192	NA	NA
E-MEXP-2291_2	-0.0237882909338336	-0.0866184580716344	NA	NA
E-MEXP-2291_3	0.0373029951725354	0.0912186049053346	NA	NA
GSE18738_1	0.0107568968826304	0.00960945445229759	NA	NA
GSE107363_1	0.00231680559310031	0.011840997160728	NA	NA
GSE85761_1	-0.00974534853261114	-0.0456825473866456	NA	NA
GSE89179_1	-0.00890146203124387	-0.0505677626403462	NA	NA
GSE89179_2	0.00279478121574737	0.00557494077602956	NA	NA
GSE89179_3	-0.0151877013155746	-0.0258286485196365	NA	NA
GSE89179_4	-0.00351396896957983	-0.00806004429344492	NA	NA
GSE89179_5	0.0220242133617623	0.0408103788926753	NA	NA
GSE89179_6	-0.00101125581748528	0.000442048747439656	NA	NA
GSE89179_7	-0.000129381818024792	-0.00378489031103249	NA	NA
E-GEOD-57723_1	0.00428340962077934	0.0132188215881982	NA	NA
E-GEOD-57723_2	-0.0179234705368908	-0.0342488997684632	NA	NA
E-GEOD-57723_3	0.00191187245214224	-0.0057454738491707	NA	NA
E-GEOD-83930_1	0.00180012778164644	0.0523575871860444	NA	NA
GSE100268_1	0.0228167083703973	0.0733997626791223	NA	NA
E-GEOD-55769_1	0.00423967980522143	0.0239437548761959	NA	NA
E-GEOD-55769_2	-0.00325642961293058	0.00574518481830932	NA	NA
E-GEOD-55769_3	0.00472098781280459	0.00474574036104257	NA	NA
E-GEOD-69110_1	-0.0148319725736527	-0.0648269888690648	NA	NA
E-MTAB-4304_1	0.0128933954515641	0.00276360317477736	NA	NA
E-MTAB-4879_1	0.000943914100595602	0.00627115077404024	NA	NA
E-MTAB-4879_2	-0.0167231889952517	-0.0345260986782184	NA	NA
E-MTAB-4879_3	0.0102901336088814	0.0405320945195243	NA	NA
E-MTAB-4879_4	0.000496656612423416	-0.00984551418944889	NA	NA
Cytokine_Explant_1	-0.00755088626782289	-0.0316493146880827	NA	NA
Cytokine_Explant_2	-0.00335434150900663	0.00948383996940671	NA	NA
Cytokine_Explant_3	-0.00958144488420879	0.00499970349260349	NA	NA
Cytokine_Explant_4	-0.00376704541881148	0.0078356921074904	NA	NA
Cytokine_Explant_5	0.021135544664475	0.0437435392863599	NA	NA
FN1_Explant_1	-0.0227547091400738	-0.096562898156037	NA	NA
E-MTAB-6266_1	0.0285616360479442	0.0607608243382959	NA	NA
E-MTAB-6266_B_1	0.0563188059067306	0.132933582901896	NA	NA
E-MTAB-6266_B_2	-0.00304006423231636	-0.0159756614015163	NA	NA
E-MTAB-6266_B_3	-0.0469507234686044	-0.173418493825558	NA	NA
GSE74220_1	-0.0119762129072665	-0.0426866474251182	NA	NA
GSE114007_1	-0.0187238914940845	-0.0520241044939509	NA	NA
GSE109503_1	0.0283866522388369	0.0411604781902092	NA	NA
GSE109503_2	0.0203065476271287	0.0310280803611525	NA	NA
GSE109503_3	0.0137279272746389	0.0250013076510563	NA	NA
GSE109503_4	-0.00526362194204199	0.00249740000210169	NA	NA
GSE109503_5	-0.0212742719968122	-0.0351367243434814	NA	NA
GSE109503_6	0.0135033938460724	0.0159947679808183	NA	NA
GSE109108_1	0.0110295680018825	0.0470378179325939	NA	NA
GSE109108_2	0.00745053577609242	-0.010394403608858	NA	NA
GSE109108_3	-0.00429273843359855	0.00587568294262849	NA	NA
GSE109108_4	-0.000860818879950492	0.0161143448171109	NA	NA
GSE70667_1	0.00201612903225806	0.00688655189405538	NA	NA
GSE87608_1	0.00458683783001219	0.00476178294568038	NA	NA
GSE87608_2	-0.00893318067019207	0.0309004185045076	NA	NA
GSE87608_3	-3.72751112366412e-05	0.0129658065259408	NA	NA
GSE87608_4	0.0033380640711744	-0.0167016433520076	NA	NA
GSE90890_1	0.0175812863248251	0.076672512937739	NA	NA
GSE97118_1	-0.0935851366783976	-0.271723390405297	NA	NA
GSE97118_2	0.0110777538228131	0.0138908481895521	NA	NA
GSE97118_3	-0.0927127605822906	-0.277159822422212	NA	NA
GSE97118_4	0.0192185694402763	0.00908485391529247	NA	NA
GSE97118_5	-0.00144669317756954	0.0259164385299274	NA	NA
GSE97118_6	0.0178115520787534	0.0199195237197909	NA	NA
GSE97118_7	0.00508377412966092	0.0131539754921165	NA	NA
GSE107592_1	0.0381001209695585	0.105608230165113	NA	NA
GSE92641_1	0.0220604841971061	0.0294922963993976	NA	NA
GSE107849_1	0.0134500607308774	0.0388914451996105	NA	NA
E-ERAD-89_1	0.000652739280703555	-0.00954075501387589	NA	NA
E-ERAD-89_2	0.000755256404484265	0.0151084890717859	NA	NA
E-ERAD-89_3	-0.0014040044606546	0.0203203469108497	NA	NA
E-ERAD-89_4	0	-0.00521836633250162	NA	NA
E-GEOD-45893_1	0	-0.00127529176828303	NA	NA
E-GEOD-53105_1	0.00966752600820488	0.0981575188367284	NA	NA
E-GEOD-53105_2	0.011366760984578	0.0515173385678225	NA	NA
E-GEOD-54461_1	0.0336452243734776	0.104551935959348	NA	NA
E-GEOD-54461_2	0.0380159467771676	0.120327683165591	NA	NA
E-GEOD-54461_3	0.0246119258218881	0.11703344903046	NA	NA
E-GEOD-54461_4	0.0211275813977795	0.139986972527655	NA	NA
E-GEOD-54461_5	0.0350464645238856	0.175079052251785	NA	NA
E-GEOD-54461_6	0.0438979502986906	0.199682096260735	NA	NA
E-GEOD-54461_7	0.050774059177999	0.229429504544776	NA	NA
E-GEOD-54461_8	0.0546104030569536	0.233384310986571	NA	NA
E-GEOD-73372_1	0.0657087211340077	0.130037527445574	NA	NA
E-GEOD-73372_2	0.00763296349272759	-0.0127991602300991	NA	NA
E-GEOD-73372_3	-0.0715957536839672	-0.176151630766143	NA	NA
E-GEOD-75549_1	-0.0316373202480899	-0.130897549539357	NA	NA
E-GEOD-76988_1	-0.0461944365123504	-0.141351387583412	NA	NA
E-MTAB-2923_1	0.0602271941837693	0.125370248034663	NA	NA
E-MTAB-2923_2	-0.0520383924348627	-0.117293509884447	NA	NA
E-MTAB-2923_3	-0.0195165603505748	-0.0321834790191042	NA	NA
E-MTAB-2923_4	-0.0243148683657629	-0.0548969832125982	NA	NA
E-MTAB-3428_1	-0.0687998943750016	-0.193122212010455	NA	NA
E-MTAB-3428_2	0.00293932354994098	0.0430905284048909	NA	NA
E-MTAB-3428_3	-0.00272307855028993	-0.0250756104522748	NA	NA
E-MTAB-3428_4	-0.0723432986055514	-0.195351925651081	NA	NA
GSE102856_1	0.0384073875959223	0.179437156958324	NA	NA
GSE103492_1	0.0304737756432864	0.0909690697938389	NA	NA
GSE103492_2	-0.0283683256792538	-0.0918310637178147	NA	NA
GSE103492_3	0.00475587825007122	0.0220565565845687	NA	NA
GSE103492_4	0.036254589457015	0.104020507880445	NA	NA
GSE103492_5	-0.0247192722722346	-0.083477302572622	NA	NA
GSE103492_6	-0.00212454677875218	0.00285744403676162	NA	NA
GSE103492_7	0.0231559497563341	0.0970254304556264	NA	NA
GSE103492_8	-0.00778658484219613	-0.0150119966516587	NA	NA
GSE103492_9	0.00191235788405295	0.0326603861010641	NA	NA
GSE103492_10	0.00760698399657227	0.0638395941693247	NA	NA
GSE106259_1	0.00405674789569268	0.0156281031114133	NA	NA
GSE110303_1	0.00522095489519168	0.041493670589227	NA	NA
GSE110303_2	-0.0200002759577285	-0.120741425831063	NA	NA
GSE110303_3	-0.00541208137229389	-0.0124869309972373	NA	NA
GSE110300_1	0.00144230009710992	0.0325151501908157	NA	NA
GSE110300_2	-0.000304213202250575	0.0299906008843082	NA	NA
GSE110300_3	-0.0182230138272884	-0.0866439473893031	NA	NA
GSE110281_1	0.0164314401898691	0.0546610214420322	NA	NA
GSE110281_2	0.014301995328898	0.0287632582336953	NA	NA
GSE110281_3	-0.00290498866603487	-0.0269631026130666	NA	NA
GSE104459_1	0.00524421322270248	0.0508696264984653	NA	NA
GSE104459_2	0.0126387310551509	0.0465042361629451	NA	NA
GSE104459_3	-0.00421925612260858	-0.0131125100366793	NA	NA
GSE110051_1	0.00870023274227858	-0.0288949459218741	NA	NA
GSE110051_2	0.0108349679035507	0.0150674442348456	NA	NA
GSE110051_3	0.00887804798430442	-0.0126822934579369	NA	NA
GSE112694_1	0.0215196105992263	0.0771212279424458	NA	NA
GSE112694_2	0.0356469047449984	0.102268850069195	NA	NA
GSE112694_3	0.00420750705106487	-0.0478004171759439	NA	NA
GSE112694_4	0.0181703954716298	0.0139520350288464	NA	NA
GSE97232_1	0.00184435693624055	0.0253969553857635	NA	NA
GSE114079_1	0.00152908744827877	0.0208602515155054	NA	NA
GSE114079_2	-0.00020338628089055	0.00435614177527633	NA	NA
GSE114079_3	-0.00246297690763052	0.0320027339701641	NA	NA
GSE114079_4	-0.00177702219305239	0.00752114701335667	NA	NA
GSE104828_1	-0.0227719744200096	-0.0285167690259301	NA	NA
GSE114521_1	0.00185321113343543	-0.0185775545913651	NA	NA
GSE114521_2	0.00268957734733822	-0.0282545318291463	NA	NA
GSE112413_1	-0.00212285128008123	-0.0111312457776218	NA	NA
GSE112413_2	0.0323064975968076	0.0772894432476681	NA	NA
GSE101909_1	0.000992786130897259	0.0278002489755148	NA	NA
GSE101909_2	-0.000582783418725771	-0.0186355823647916	NA	NA
GSE114919_1	0.0223475058981297	0.0688287791534141	NA	NA
GSE114919_2	0.000166057040967678	0.0124890903621639	NA	NA
GSE114919_3	0.0145005799030109	0.0739365483370933	NA	NA
GSE114919_4	0.0147087314422295	0.0489672870964273	NA	NA
GSE114919_5	-0.00994962266786916	-0.0437672416879832	NA	NA
E-MTAB-5879_1	-0.048797693909018	-0.13637461605007	NA	NA
E-MTAB-5879_2	-0.0450644163477947	-0.105540305438247	NA	NA
E-MTAB-5879_3	-0.0480725334847345	-0.105747441836072	NA	NA
E-MTAB-5879_4	-0.0379238482694398	-0.0947692343808201	NA	NA
E-MTAB-5879_5	-0.0423218446687795	-0.133004631843165	NA	NA
E-MTAB-5879_6	-0.0470724773278403	-0.114366609468277	NA	NA
E-MTAB-5879_7	-0.00238275944806231	-0.0448023293084061	NA	NA
E-MTAB-5879_8	0.000413134902859545	0.0123051287036636	NA	NA
E-MTAB-5879_9	-0.00470510450695835	-0.01560994427351	NA	NA
E-MTAB-5879_10	0.0168306027337713	0.0577234394042074	NA	NA
E-MTAB-4294_1	-0.0342369957859504	-0.0627664556422352	NA	NA
E-MTAB-4294_2	-0.0153882260453237	-0.0376807547705773	NA	NA
E-MTAB-4294_3	0.00582953129310905	0.0237575013592205	NA	NA
E-MTAB-3186_1	0.00115156917966624	0.0222586858178019	NA	NA
E-MTAB-3186_2	-0.0156138008250302	-0.0133616191659787	NA	NA
E-MTAB-3186_3	-0.00171876110840009	0.0101993506345551	NA	NA
E-MTAB-3186_4	-0.0173718827734902	-0.00963948723622285	NA	NA
GSE114919_Rat_1	0.00639261359859206	0.0501856358958503	NA	NA
GSE114919_Rat_2	-0.0044792840047794	-0.035229649986461	NA	NA
GSE114919_Rat_3	0.0121302316188755	0.0701946363486992	NA	NA
GSE114919_Rat_4	-0.000507833045034753	0.0569739791534559	NA	NA
GSE114919_Rat_5	-0.0156328793489001	-0.0296257332431829	NA	NA
