comparisonID	jaccard	cosine	sigjaccard	chrDir
22659600_1	-0.138453017450502	-0.370918457806906	-0.149983976352662	-0.0495271936744778
24361742_1	0.0134442942641122	0.0456523411273061	0.0126540939111554	-0.00597420131014993
GSE72258_1	0.00109649122807018	0.028947024387556	0.00110619469026549	-0.00533269251097871
GSE72258_2	-0.000784929356357928	-0.0521018122719782	-0.00318471337579618	-0.00643015853951477
GSE69531_1	-0.00820396200256392	-0.0263344303938386	NA	NA
GSE69531_2	-0.0043985633891215	-0.0139534605392564	NA	NA
GSE69531_3	0.0171522535505146	0.0512314882475315	NA	NA
GSE69531_4	-0.00820396200256392	-0.0263344303938386	NA	NA
GSE58203_1	0.0674234713380621	0.215550115436797	0.0671010742782828	0.0648282479771992
GSE58203_2	0.0524584604299126	0.191561730253775	0.0582257536575899	0.0630644904992197
GSE58203_3	0.0463347183622998	0.168570661307105	0.0478695801555952	0.0180727887733833
GSE58203_4	0.0636150856496221	0.174208338230134	0.0674843289560965	0.013389563363373
GSE58203_5	0.0520739787752094	0.200511808805967	0.0452976002978849	0.0296261890795556
GSE58203_6	0.0407445605716831	0.168476605015779	0.0405971159753855	0.000648481229160527
GSE58203_7	0.0263812343599213	0.1197053804959	0.0291780845453206	0.000174371433007785
GSE58203_8	0.0152883426076644	0.0478348759578946	0.0158175314228833	-0.0226523410966262
GSE59642_1	-0.0160666727467769	-0.0294362003250105	NA	NA
GSE59642_2	-0.0225405037145699	-0.0591399866413222	NA	NA
GSE59642_3	-0.00980698478464107	-0.0313221640523054	NA	NA
GSE64922_1	0.0675996042705391	0.245803576935944	0.065622641096545	0.00675682024519234
GSE60162_1	-0.000868834335015218	-0.00210426563608172	NA	NA
GSE31685_1	0.0289571731963152	0.10000269552402	0.0292303851454123	0.0214975191087313
E-MEXP-3890_1	0.0114940835844684	0.0406303131559219	0.0135135894070523	0.00209724960459368
GSE31980_1	0.0614358376396534	0.209465200235056	0.0689343351265804	0.021953601953602
GSE15615_1	0.0465354476656702	0.169608214740065	0.0572332829847704	0
GSE15083_1	0.00335306711176709	0.0252089124584419	NA	0.0170850908500973
GSE108035_1	0.0162253656956868	0.0713756231998476	0.0176560738442351	0.0197468977391617
GSE108035_2	0.0341962783389615	0.137977254318719	0.0364057019800497	0.0378731474665425
GSE108035_3	0.0349502583756095	0.136053792967039	0.0380730701512206	0.0386935747750428
GSE21959_1	-0.0107129134063442	-0.0295217484387031	-0.00958038276800921	0.00252080462426549
GSE21959_2	-0.00814538857811275	-0.0250411506076364	-0.00486664324992044	0.00153868729752316
GSE24742_1	0.00332295126421353	0.0163247552558115	NA	0.00128213929156195
GSE24742_2	-0.00203056128100459	-0.0436190592029587	NA	-0.0208657599714145
GSE24742_3	-0.00994961244102482	-0.0247258128696584	NA	0.00630514996062455
GSE74668_1	0.0461463569564653	0.175231416355183	NA	NA
E-GEOD-10024_1	0.067293852165334	0.173495132410468	NA	NA
E-GEOD-10024_2	0.092922321648229	0.238929127992189	NA	NA
E-GEOD-12860_1	0.0569348666436045	0.155556380985843	NA	NA
E-GEOD-12860_2	-0.0090447148873004	-0.030686815562348	NA	NA
E-GEOD-12860_3	-0.00926428162578901	-0.024111294611674	NA	NA
E-GEOD-12860_4	0.0113856741685343	0.0359645268508094	NA	NA
E-GEOD-12860_5	0.017915385960025	0.0864015800790306	NA	NA
E-GEOD-12860_6	-0.0192226217775832	-0.0464008724993433	NA	NA
E-GEOD-12860_7	0.00937498410612482	0.033683920263312	NA	NA
E-GEOD-12860_8	0.0172695239078418	0.0796127742221149	NA	NA
E-GEOD-14359_1	0.0341192228225842	0.0832482151681583	0.0368360227692076	0.00442008412407762
E-GEOD-14359_2	0.000223262497858305	0.0205186072148481	0.000749104823326286	0.00746932936573526
E-GEOD-1919_1	0.0250053037853808	0.0696621175820471	NA	NA
E-GEOD-1919_2	0.00793093384520096	0.0117336304403503	NA	NA
E-GEOD-1919_3	-0.0168646509171171	-0.0308325318006432	NA	NA
E-GEOD-1919_4	0.000560975402383729	-0.0141639083888199	NA	NA
E-GEOD-1919_5	-0.00285053569905767	-0.031137523130277	NA	NA
E-GEOD-1919_6	-0.0243757933178138	-0.0727798327207184	NA	NA
E-GEOD-1919_7	-0.0374513837211239	-0.14408096674567	NA	NA
E-GEOD-1919_8	-0.0388227458244505	-0.118475400406557	NA	NA
E-GEOD-1919_9	-0.00301170362320182	0.000670737181566834	NA	NA
E-GEOD-19664_1	0.0912553304237742	0.296975539326897	NA	NA
E-GEOD-19664_2	-0.0436745455020713	-0.138164747885581	NA	NA
E-GEOD-19664_3	-0.0505067123359573	-0.132758810371388	NA	NA
E-GEOD-19664_4	0.0855422117332366	0.279816865819646	NA	NA
E-GEOD-19664_5	-0.00715636736056266	-0.047266554187162	NA	NA
E-GEOD-19664_6	-0.0682870874863619	-0.176951019193164	NA	NA
E-GEOD-43923_1	0.000398483545370358	0.0100411640907352	0.0020092069731962	-0.0146345897789635
E-GEOD-51812_1	-0.0270723222622804	-0.149104632864166	-0.0309492075333607	-0.0139723176929034
E-GEOD-51812_2	-0.0260143788997169	-0.144178404112957	-0.0293277122306474	-0.0229831932773109
E-GEOD-68760_1	0.121660096039848	0.361632994280608	0.129222912173423	0.0502896792554464
E-GEOD-82107_1	0.00297859163299605	-0.00500272373239525	0.00471945268760139	0.00415550059613038
E-GEOD-9451_1	-0.0199396266788559	-0.042649152445266	-0.0145127914954089	-0.0116704590203186
E-GEOD-9451_2	-0.00891599316186342	-0.0244581143040536	-0.00966700584857977	-0.00653264746770088
E-GEOD-9451_3	-0.000318498383314322	-0.0113833233568553	0.000896596142686432	-0.00839355285803676
E-GEOD-9451_4	-0.00036144860541688	-0.0075307790348345	-0.00435665455950104	-0.0013846745620165
E-MEXP-2019_1	0.00762252809113871	0.0369359178582545	0	-0.00422620764726028
E-MEXP-2019_2	-0.0145666258613145	-0.0268440137746695	-0.00901223739896546	-0.00836882045175539
E-MEXP-2019_3	0.00113318873704412	0.00653430800990863	NA	-0.0209319616745192
E-MEXP-2019_4	-0.00752081700702379	-0.022343062981235	-0.00502138406738066	-0.00456130080428017
E-MEXP-2276_1	0.0299461301419209	0.105921530988664	NA	0.0123760010378678
E-MEXP-2488_1	-0.042091003980022	-0.154334227431699	-0.0413990069626521	-0.0413324397914205
E-MEXP-3129_1	0.0395331015331962	0.262030484925253	0.0462856395068413	0.0643404080100878
E-MEXP-3474_1	-0.0659432340596986	-0.187598104291686	NA	-0.014382545061929
E-MTAB-3010_1	0.00845359307463112	0.0306650307018765	NA	NA
E-MTAB-3010_2	0.0157922310306629	0.0603264014854557	NA	NA
E-MTAB-3010_3	-0.00300840050606065	-0.0156105954948252	NA	NA
E-MTAB-3010_4	0.0195161074370675	0.0625155073771849	NA	NA
E-MTAB-4152_1	-0.00595678563129689	-0.0343505818554462	-0.00651161958648585	0.0103356399676463
E-MTAB-4152_2	0.0137020687141753	0.0885682931458067	0.0148578590842058	0.0120347097488499
E-MTAB-4152_3	0.00497329561127168	0.0283681820734321	0.00540042346282259	0.0143582920944182
GSE100609_1	-0.000975755729835463	0.0166833131531507	NA	0.00462951651637244
GSE100786_1	0.00308241674278799	0.0243492300809822	0	-0.00303239817558736
GSE100786_2	0.00288111239394922	0.0165550835041795	NA	-0.00372584887599498
GSE103697_1	0	-0.0305439288178329	NA	NA
GSE103697_2	0	0.00227911302445876	NA	NA
GSE103697_3	0	-0.00268364132954395	NA	NA
GSE104113_1	0.0257352829335118	0.0900954090254172	NA	NA
GSE104113_2	0.0266968043354845	0.0745036778487493	NA	NA
GSE104113_3	0.0257352829335118	0.0900954090254172	NA	NA
GSE10575_1	0.00735081155535701	0.0341905498438418	-0.00174577195853792	-0.0124074187877409
GSE10575_2	-0.00535844490573825	-0.00497461557281331	-0.00700931145545008	-0.0175899622280472
GSE10575_3	0.0295201321572373	0.0996171345350609	0.033404055063427	0.0386283801630228
GSE13604_1	0.00274239885687505	0.0187931000173307	-0.00122203098791348	-0.00337032004383822
GSE13837_1	0.00643827789585677	-0.00971076267828167	0.00611246943765281	0.011577474892396
GSE13837_2	0.00505199578819441	0.0467886708488898	0.0106744733046916	0.00504363515194039
GSE13837_3	0.0134093149686552	0.0643665151199842	0.00611578750810547	-0.00335487375489007
GSE13837_4	0.0323103052203866	0.108939775209185	0.0291407338938939	0.0049384244896932
GSE13837_5	0.00937200130163795	-0.00621484633009969	0.00534505797663692	0.00910446594048024
GSE13837_6	0.014507541548558	0.0810656159468371	0.020697781828561	0.00543939252054135
GSE13837_7	0.0143350530462333	0.108953580765304	0.0154887344554718	0.00296355050742205
GSE13837_8	0.0478531558051864	0.162012068874642	0.0489725640870408	-0.000302813517075156
GSE13837_9	0.00381163975128209	-0.00587705354068772	-0.00401366355602491	0.00673033117192601
GSE13837_10	-0.00880711891414865	-0.020913553943144	-0.0107998050051054	-0.0022184030688086
GSE13837_11	-0.00999759537825276	-0.0339225724957008	-0.0122003732040615	0.00416020687880536
GSE13837_12	-0.0256800979061792	-0.0685103888318175	-0.0206071745143636	0.00982118031881982
GSE13837_13	0.0643457441056085	0.198196870705131	0.0607791234302667	0.074581579927433
GSE13837_14	0.0500030372912996	0.169635746114057	0.056102635223385	0.0387689343001946
GSE13837_15	0.0430234739656941	0.16986378803016	0.0490667382627967	0.0163127874960194
GSE13837_16	0.0552367756620564	0.16235834940657	0.0554032493241346	-0.00591652682732968
GSE13837_17	0.0578435878352985	0.198533494260953	0.0531436385324838	0.0627945852392023
GSE13837_18	0.0555094775919602	0.208855828996241	0.0559029627036106	0.036230386616156
GSE13837_19	0.0412778234063025	0.175432629513407	0.0433484903310409	0.0188903638773967
GSE13837_20	0.0390046242977297	0.148534309816924	0.0485335851938996	-0.00506516617476609
GSE13837_21	0.00689056436400304	0.00964090381982854	-0.00275495561365127	0.0141461067456517
GSE13837_22	-0.00559402125979835	-0.022481453033334	-0.0116435305454493	0.0129915710838582
GSE13837_23	-0.00161469045859988	-0.000380350993510333	-0.00609869518064782	0.0061898368077279
GSE13837_24	0.0114511495686404	0.0484954522280064	0.00735178214203033	0.00604534291830007
GSE16464_1	-0.0403979758004532	-0.101139050087693	NA	NA
GSE16464_2	0.0142964374579051	0.0606399662247176	NA	NA
GSE19060_1	-0.0123516013111783	-0.0357484287171012	0	-0.0119693411451432
GSE27372_1	0.0242936808146648	0.114570598856522	0.0302541722892166	0.0408362501912904
GSE27390_1	0.0170617193139626	0.0696833551175695	0.0243235465946995	0.00203939907653468
GSE29106_1	-0.0266706226462363	-0.114514209182182	NA	NA
GSE29107_1	-0.0399617502572337	-0.128962323519372	NA	NA
GSE29107_2	0.0402598200998703	0.145620284822384	NA	NA
GSE29745_1	0.0244172629406978	0.0877977315796936	NA	NA
GSE29745_2	0.0114465695683674	0.036549526931121	NA	NA
GSE29745_3	0.0306395552998102	0.118761308356014	NA	NA
GSE35546_1	0.0252592021312655	0.0822561238185224	NA	NA
GSE35546_2	0.0219466024803184	0.0850859209287162	NA	NA
GSE35546_3	0.0279648200606398	0.0985983284606603	NA	NA
GSE35546_4	0.0535624615849684	0.17063021160274	NA	NA
GSE35546_5	0.05996674627791	0.179021034647789	NA	NA
GSE35546_6	0.0514533606800132	0.16853669392221	NA	NA
GSE35955_1	0.0127460344355956	0.0162673009370297	0.0142013311114103	0.0177353283443877
GSE35956_1	0.00947988640592159	0.0566503041230305	0.00201070966649386	0.0062794566240841
GSE35957_1	0.00804161670969827	0.0633809135064586	0.0100086865201255	0.00782376237144525
GSE35958_1	-0.00328418361541615	0.00890116389789881	-0.00795936513075253	-0.00875973443995733
GSE39340_1	0.00235494590254798	-0.00919134579091112	0.0011499125629374	0.0268420703585891
GSE39340_2	-0.0131300787607389	-0.0683488704944977	-0.00131233595800525	0.000719711791308687
GSE39340_3	0.00624187722753331	0.0659679797650148	0.000792393026941363	0.0332980030864492
GSE39795_1	0.00526081760005997	-0.00511801171600436	NA	0.00266932798910045
GSE39795_2	-0.000792849012017756	-0.0146995031776824	-0.0127456310049648	-0.00815785705285084
GSE39795_3	-0.00645713285638955	-0.0149077214159876	-0.000841731562070545	-0.0147553002785927
GSE41038_1	0.00670082468557419	0.0169389495503055	NA	0.00296543526746857
GSE41038_2	-0.000813215921613609	-0.00690851913019637	NA	-0.0170903182594991
GSE41038_3	0.000462334411900317	-0.00769355044158569	NA	-0.0054571202308126
GSE41992_1	-0.0115688221398569	-0.0330370800378527	NA	NA
GSE42235_1	-0.00748506497944985	-0.0300750015704297	-0.00768043908799368	0.0142936681239462
GSE42235_2	0.00510964712874304	0.0192034330409291	0.0076746918850322	0.035845148966395
GSE42235_3	0.00433304994290439	0.00585556691718207	0.00775013922703735	0.0467286246722326
GSE42235_4	0.00669013569199997	0.00385881614696503	0.00183236839776633	0.0345066817998755
GSE45233_1	0.000786504341282855	0.00461518078201453	NA	-0.00954963617204932
GSE45233_2	-0.00631927762395734	-0.0192322218344996	-0.0011037527593819	0.00248555879635727
GSE45233_3	-0.00537506064428078	-0.0182698702722702	NA	-0.011556435075622
GSE45233_4	-0.0103495437622944	0.00790967151160756	0	-0.0198596153126294
GSE46053_1	0.0168652881312464	0.0460759374549482	0.0134977965929939	-0.0018836036777099
GSE46053_2	0.0359415869147035	0.0870895778220633	0.032725840235733	0.00641297931378722
GSE46750_1	0.0402268415583372	0.142286288227086	0.0241384814271014	0.0392533823730936
GSE51588_1	-0.0393521040633314	-0.123230280826697	-0.0439394466473428	-0.0446041781991038
GSE51588_2	-0.0265903394975879	-0.094288085078615	-0.0320128853109646	-0.0176866581667126
GSE51588_3	-0.0187236119513688	-0.0572345048456718	-0.0197979185216174	-0.0108751592006872
GSE52817_1	0.0430408994546926	0.127959279706978	NA	NA
GSE52817_2	0.0249291935123804	0.0632467245553962	NA	NA
GSE52817_3	0.0142122895221827	0.0408907577293153	NA	NA
GSE52817_4	0.00499592771308946	0.0265346496860536	NA	NA
GSE55235_1	0.0389802992139011	0.109382230757866	0.0379513574788086	0.00442222019902917
GSE55235_2	-0.0409906610498651	-0.128440808787027	-0.0506872347188395	-0.0559861678591702
GSE55235_3	-0.0764041428227925	-0.231434626739854	-0.0914114239483796	-0.0653831356252237
GSE55457_1	0.0222824481177693	0.0920571544536332	0.0224505278929635	0.0141740742887259
GSE55457_2	0.00215348734136495	-0.035860292562843	0.00269584843193471	-0.0415480553867442
GSE55584_1	0.0218602802530095	0.0893302610785197	0.00645500606436738	0.0407114586353717
GSE57218_1	0.00804486227349829	0.0358505367036161	0.00975396493812616	-0.00148520461020461
GSE60762_1	0.00707163453209785	0.0769339526332527	NA	-0.0123161626418909
GSE62914_1	0.00607161057534556	0.0121641252903254	NA	0.00211649431058168
GSE62914_2	0.0177171181087234	0.0496627132552637	NA	0.01804291228203
GSE62914_3	-0.00198883280898779	0.0373521399711969	0.00162074554294976	0.0189987217430549
GSE62914_4	-0.0115364938047785	-0.0792121128782484	-0.00124688279301746	-0.0386831725051044
GSE64394_1	0.0319478240576754	0.0958531841690546	NA	0.0056775138292491
GSE66635_1	-0.00023819259266358	-0.00315790962446392	NA	-0.000915990505228721
GSE68038_1	0.00531337526293771	0.00994099386264473	-0.00602171189051804	-0.00697879966549356
GSE68428_1	0.0670579197726641	0.203534894175909	0.0706302333802384	0.0352131201914374
GSE68428_2	0.0628904934857978	0.210597768601196	0.0695916870429857	0.0281901672951801
GSE68428_3	0.0552392924022235	0.155368768794745	0.0625637476654171	0.0342198762595237
GSE69459_1	0.0109712294488086	0.0226248856633756	NA	NA
GSE69459_2	0.0275089739825027	0.069916103717801	NA	NA
GSE69459_3	0.0210880545188059	0.0714234080720848	NA	NA
GSE69459_4	0.0222529219437348	0.0570883637824861	NA	NA
GSE69992_1	0.0165358881801361	0.0531786607725197	0.0179338989948413	0.013612762261827
GSE70719_1	0.00484360892476002	0.0232573458920592	0.00517381980354881	-0.000221773199940861
GSE7116_1	-0.0249758010644037	-0.0671618784502289	-0.0231715555301651	-0.0121994966972102
GSE7116_2	0.00884091511876642	0.0274576705528566	0.0174578977932636	-0.00483737148692242
GSE7116_3	0.0311781963465535	0.0894282872540179	0.0315608412694611	0.0172044351564975
GSE72575_1	0.0437227793702159	0.17961894918069	0.0538550167219251	0.0514726078672374
GSE72575_2	0.0281469321456592	0.0825619545839245	0.0319015742119144	0.0299283526409888
GSE72575_3	0.0431035587269088	0.158322010272647	0.050650965063986	0.035538864956101
GSE72575_4	0.00524840281086783	0.0808957238604695	0.00123762376237624	0.0108218640173527
GSE75181_1	0.736086196167697	0.953299995636711	0.735503363535594	0.59854433451937
GSE75181_2	0.250091471122365	0.534341586662714	0.248904075297596	0.112860979526743
GSE75230_1	-0.00180652948660134	0.00144009268042518	-0.000299205948506142	-0.018806357269934
GSE7669_1	-0.0115692278088268	-0.0595202545829915	-0.0166266198028719	-0.0357817920152528
GSE77916_1	0.00325379609544469	0.0535172159763968	0	-0.00522477929953576
GSE80614_1	0.020201876338147	0.142158712984547	0.0243615943866404	0.0247258152544311
GSE80614_2	0.0214087540966278	0.0900409421678134	0.027479711928048	0.0219634898261147
GSE80614_3	0.0156429917303465	0.0439939652230811	0.0142007750703403	0.00690574443915095
GSE80614_4	0.0137563208960312	0.0601556009337473	0.0154166649587172	-0.00711912455287547
GSE80614_5	-0.00293857155421496	-0.00899090820428453	-0.00169732151050341	-0.0179440955130539
GSE80614_6	-0.00809840434897081	-0.0269590586394447	-0.00657344370234588	-0.0153029431364364
GSE80614_7	-0.00989658669469285	-0.0430415030276357	-0.00787941514452882	-0.0238066872618366
GSE80614_8	-0.0114220834736222	-0.0524765073485773	-0.00824392845768564	-0.00876252963435864
GSE80614_9	0.0247418879056047	0.125975907268359	0.0227849708047728	0.0318068663594199
GSE80614_10	0.0245299336942429	0.143275721458683	0.0300757874368438	0.0182910399711188
GSE80614_11	0.0144789397240378	0.0399486434422654	NA	0.00856180833016702
GSE80614_12	-0.00580373041375395	0.0301388135192726	-0.00174264054353542	0.00365776615060348
GSE80614_13	-0.0104602540927979	-0.0211954067600017	-0.00968299862376085	-0.00903360269892911
GSE80614_14	-0.0281172412877747	-0.0924007823461313	-0.0260108641867662	-0.0151982692857298
GSE80614_15	-0.0448491163680761	-0.108229387948403	-0.0458998671526616	-0.017003075254107
GSE80614_16	-0.0459602015365175	-0.120803176399017	-0.0477660559033623	-0.0157767560496101
GSE85254_1	0.0985931647525313	0.264020702608054	0.0696697333119828	0.0191638526356258
GSE86578_1	0.0636404642493885	0.318841089789376	0.0678480658487163	0.0894117222428649
GSE86578_2	0.0795249313528608	0.342993994181519	0.0803024459647516	0.0831640294405705
GSE86578_3	0.158489554181081	0.398938642657041	0.160053612081602	0.094414704165958
GSE9329_1	-0.0137402160700673	-0.0601844228433985	NA	NA
GSE93698_1	0.00622658453005255	0.00350587053346936	0.00853802253851837	0.0181478872174069
GSE93698_2	0.000358145421928821	-0.00275955179850659	0.00293533431836145	0.0189341399314087
GSE93698_3	-0.00971854001912408	-0.0370727333768395	-0.00816755555632522	0.00518116597580687
GSE93698_4	-0.000756635991303725	-0.00841220690954598	-0.000505953807680466	0.0130623606878358
GSE93698_5	-0.00816690285413807	-0.0314945118263452	-0.00716636566407298	0.00598955336007972
GSE93698_6	-0.00899156751016067	-0.0161544216598677	-0.00615727932299487	-0.00980505547868849
GSE93698_7	-0.0308362461398312	-0.0691456847624851	-0.0278854636939078	-0.0119099594299358
GSE93698_8	-0.00812415775103634	-0.0312863823924762	0.000566547923431998	-0.00605574208186013
GSE93698_9	-0.0369397147673787	-0.0693857201472202	-0.0381948984446101	-0.0115247305428228
GSE93698_10	-0.0281999696801042	-0.0625955517002276	-0.0292742180171092	-0.0185134625814025
GSE93698_11	0.00174231061250235	-0.0131212645209216	-0.00268634031534848	-0.0019096843341134
GSE93698_12	-0.0245355986734085	-0.0546910369750406	-0.0179811175335882	-0.00667054548265756
GSE93698_13	0.0149300066742702	0.0546351027825063	0.0150942095010889	0.0124445212894617
GSE93698_14	-0.0118272025152138	-0.000272998342448064	-0.00251048452313052	0.00406539400502988
GSE93698_15	-0.0210188986861599	-0.0456652392024441	-0.0188087577844229	-0.0142766374901689
GSE93720_1	0.0399166991690674	0.133813582268243	NA	NA
GSE93720_2	0.0523921559604531	0.169705048163637	NA	NA
GSE93720_3	0.051269774020426	0.152075280165943	NA	NA
GSE93720_4	0.0607767444383119	0.180547940640101	NA	NA
E-MTAB-5564_1	-0.0264382868538376	-0.0676044194953629	-0.0240651234145747	-0.0133947297085218
GSE77753_1	0.00804209803432386	0.0301799697878423	NA	0.00763000020375546
GSE43861_1	-0.0124431346423614	-0.0411453192050162	NA	NA
GSE112809_1	-0.000773993808049536	-0.00925016801624245	NA	NA
GSE111946_1	0.00173562288283179	-0.0113348420309668	NA	NA
GSE111946_2	0.00136801533565842	0.0271494090732387	NA	NA
E-MTAB-3201_1	0.00271151080483736	0.000549363005609146	-0.000647504113284502	0.0146559373640713
E-MTAB-6700_1	0.0545828408009167	0.175728499772257	0.0591495355451735	0
GSE54749_1	-0.00235478806907378	0.0192549876442121	NA	-0.00529724805829373
GSE57218_B_1	-0.0321043835021486	-0.149755844294709	-0.0357923737595321	-0.0438006409760291
GSE57218_B_2	-0.0310760217717112	-0.164291907403472	-0.0318482110418581	-0.0465684681290126
GSE57740_1	0.00528330981263505	0.0182445371614705	NA	NA
GSE52992_1	0.00743036578822589	0.05342197536523	0.0107937504215462	0.0165256622175982
GSE17160_1	0.0327742018844737	0.151802523793071	NA	NA
GSE17160_2	0.0176413507095244	0.086098611019013	NA	NA
GSE17160_3	0.0158065934120981	0.104901069535727	NA	NA
GSE17160_4	0.0484321969772275	0.131506615535917	NA	NA
GSE17160_5	0.0124562239851974	0.114372998610955	NA	NA
GSE17160_6	0.00852252695168337	0.0804531117489309	NA	NA
GSE17160_7	-0.000395285951445015	0.0442833735400165	NA	NA
GSE17160_8	0.0513523082030789	0.142112071253036	NA	NA
GSE17160_9	-0.0176624222357805	-0.0593041309290434	NA	NA
GSE17160_10	-0.0154342105801093	-0.0434322321960269	NA	NA
GSE17160_11	-0.0217154615686434	-0.0532779349865382	NA	NA
GSE17160_12	-0.00358213453649342	-0.0179337758308225	NA	NA
GSE22971_1	-0.00100401606425703	-0.0415840454790857	NA	-0.00415451561740913
GSE22971_2	0.00107066381156317	0.0438196190584515	NA	0.0140862362493452
GSE22971_3	0.00322890179550188	0.0180256677886752	0.0041259232721494	0.00632058422686934
GSE22971_4	0.0177584398893767	0.0495040227190012	0.0201243224834716	0.0126370685655949
GSE13590_1	0.00374325172810762	0.0186962997668043	0.00363648404692354	0.0323349069471354
GSE13590_2	0.001385498337402	0.0333703750133485	-0.000965250965250965	0.00707804626703305
GSE99731_1	0.000251235901478957	-0.00533187440743993	NA	0.00618038885632227
GSE99731_2	-0.00560063758875525	-0.056892016502501	NA	-0.0105895154587015
GSE99731_3	0.00218734236768821	-0.0162737339207861	0.00169147977897115	-0.0169117025270133
GSE27492_1	0.00110369428551247	0.011184630571303	0.00202429149797571	-0.0141380148543638
GSE27492_2	0.0105331123366873	0.0786445458814343	0.0150539157994157	0.00537360542642178
GSE27492_3	0.0160690417009015	0.0467138615914999	0.025536468082107	-0.00465142229302437
GSE27492_4	0.00290765380438488	0.0230064595320613	0.0115565711459112	-0.0295860988795771
GSE27492_5	0.011748109319142	0.0332319627180346	0.0131792577081078	-0.0241699118924985
GSE27492_6	-0.0393911646639605	-0.118928985822719	-0.0564197762329783	-0.0409348064666033
GSE27492_7	-0.0321569206251097	-0.094962587530598	-0.0485879711686163	-0.0464269109116049
GSE27492_8	-0.0372240681299914	-0.112669228538727	-0.0517834470731899	-0.0589067241597485
E-GEOD-15069_1	0.00805400607767772	-0.0117643168386337	0.00677716935437639	0.0116084731984063
E-GEOD-15069_2	0.0132167284452668	0.0261729390262267	0.0122062205597122	0.0187346167409645
E-GEOD-15069_3	0.0398218652889506	0.123785872038654	0.0429223880545562	0.0351495762447192
E-GEOD-15069_4	-0.0121861763615375	-0.0525658515249847	-0.0121068277974111	-0.00293685059817319
E-GEOD-15118_1	0.00606929363539294	0.0171116714226068	NA	NA
E-GEOD-15118_2	0.00188034658989159	0.00634411479632166	NA	NA
E-GEOD-15118_3	0.0160099104995368	0.0939092185346524	NA	NA
E-GEOD-15118_4	0.0222306405682812	0.0975375221425352	NA	NA
E-GEOD-16007_1	0.000402005465497395	-0.0110450552394962	NA	NA
E-GEOD-17473_1	-0.00103889480920656	-0.0201999800851988	NA	0.0103951942985004
E-GEOD-18647_1	0.00320839128383722	0.0170785411279973	NA	-0.00753211133156411
E-GEOD-18647_2	-0.0034468499101237	0.0174065091639207	NA	-0.00436042912770904
E-GEOD-18647_3	-0.00890781475442709	-0.0235696181120003	NA	-0.0149470018779255
E-GEOD-18647_4	-0.00665096451182734	-0.0184873980200588	-0.00335169414325248	-0.00555231008305539
E-GEOD-18648_1	0.0132262380086568	0.0556347692148352	0.0146093930251418	0.0158850646525209
E-GEOD-18648_2	0.0167264982877392	0.0814830248367725	0.0195027512274132	0.0121249816046549
E-GEOD-2154_1	-0.000815301957765921	0.00461417533758247	0.00186235610517632	0.000294455860478522
E-GEOD-2154_2	0.0135554754482806	0.0730052530975187	0.00599587079569113	0.00841872695819361
E-GEOD-2154_3	-0.00208657938567235	-0.0326912442247094	-0.00170392951672906	-0.0301790567020937
E-GEOD-2154_4	-0.0194410341097508	-0.076957627013017	-0.022060835766939	-0.0285282485066286
E-GEOD-26475_1	0.028269856146095	0.0928210845514909	0.0320886392350412	0.0378289579454951
E-GEOD-26475_2	0.0117172172443347	0.0770284299334378	0.000723965362123257	0.0118202045425441
E-GEOD-26475_3	0.0234193563121105	0.0850469177107651	0.019717991429719	0.0223994770213357
E-GEOD-33567_1	-0.0293097613482958	-0.0556900947537918	NA	NA
E-GEOD-33567_2	-0.0196222115935946	-0.0508265801617481	NA	NA
E-GEOD-37287_1	0.00764155807248677	0.031740319423758	NA	NA
E-GEOD-37287_2	0.000210844453240865	-0.00439159871488419	NA	NA
E-GEOD-37287_3	0.00292376172556579	0.0260602952785903	NA	NA
E-GEOD-51994_1	-0.0154672128439137	-0.0278141347155409	-0.00839941590542987	-0.00832876837660879
E-GEOD-51994_2	-0.0134391149276895	-0.0431370343742306	-0.0182731898014671	-0.0126500296067826
E-GEOD-51994_3	-0.0193649142583756	-0.0378034810879272	-0.0178079941346886	-0.0128164020529477
E-GEOD-65077_1	-0.00256341405537724	-0.0565594984737654	NA	NA
E-MEXP-1244_1	0.00500414677749209	0.00297715862054803	NA	NA
E-MTAB-1123_1	0.034661729384569	0.0969385995126809	0.0343297848905535	0.013482684118658
E-MTAB-1123_2	0.0267860239881743	0.0922380933233634	0.0298641383894079	0.010030540356842
E-MTAB-1123_3	0.00264902983420666	0.021271566858417	0.00380386789834536	-0.0045164378946224
E-MTAB-1123_4	-0.00135163746106141	0.0571830923519062	-0.000841750841750842	-0.00769182595212431
E-MTAB-1391_1	0.0189536663594923	0.0630509617624903	0.0209275372332831	-0.000328643735248981
E-MTAB-1391_2	-0.012572227234079	-0.0178978252609544	-0.0144002040954458	-0.0151040472344066
E-MTAB-1391_3	-0.0212979979745789	-0.0541077739809498	-0.0241125371458248	-0.0273353822342047
E-MTAB-2450_1	-0.0110814446660015	-0.0164600275488473	-0.0104105716805056	0.0119901683573852
E-MTAB-2450_2	0.0127692469473206	0.0728612505249096	0.00865762092032317	0.0106998560969347
E-MTAB-2450_3	-0.000583431217965124	-0.0372362944703795	-0.00282697092174371	-0.00916876573204056
E-MTAB-2450_4	-0.0368393047740978	-0.137746233757409	-0.041364251066087	-0.0161358534537017
E-MTAB-5023_1	-0.00600756262136649	-0.00548607521955249	NA	0.00215898292394967
E-MTAB-5326_1	0.0111931256187587	0.0578025878949141	NA	NA
E-MTAB-5326_2	0.0386668517328776	0.109548276916741	NA	NA
E-MTAB-5326_3	0.0340384658631261	0.112337451019442	NA	NA
GSE102588_1	0.00272582675347999	0.032053247058335	0.00104799454803268	0.00413350138361534
GSE104793_1	0.0161141167915283	0.0593082116774056	0.0175891192936692	0.0112455714790872
GSE104794_1	0.016178078619742	0.0475793839503334	0.0189619963907119	0.00760061892834493
GSE104795_1	0.0170181630680896	0.0671707772807313	0.0181105155999143	0.0127624012678766
GSE105139_1	0.000783699059561128	0.0277545953364072	NA	0.00269989747257164
GSE105139_2	0.00271935767979488	0.0690014107364444	NA	-0.0215317634704189
GSE105139_3	0.00374715480597834	0.0569583362692637	0	-0.0276992404161628
GSE10555_1	-0.0260918399622127	-0.0639561692582916	NA	NA
GSE10556_1	-0.0104160998914442	-0.0519634011144244	-0.0106912802350037	-0.0211836754065898
GSE106631_1	0.0266900290584361	0.0999284537511011	0.0302684857622797	-0.0019047298088851
GSE13104_1	0.014448233153282	0.0558088422680094	NA	NA
GSE13104_2	0.0233324229479654	0.0682338320970007	NA	NA
GSE13104_3	0.0326750183242661	0.0904446341428802	NA	NA
GSE16749_1	0.0138967548530818	0.0437308065365878	NA	NA
GSE16749_2	-0.00725444733651416	-0.0219085253029085	NA	NA
GSE16749_3	0.0131469477735571	0.0398446888287056	NA	NA
GSE17348_1	-0.03358883842291	-0.100346288320806	NA	NA
GSE17563_1	0.00498639065833352	-0.00927176053454921	NA	NA
GSE17563_2	-0.0174088843128236	-0.04433885737625	NA	NA
GSE17569_1	-0.00653458851267149	0.0157751988156119	NA	NA
GSE17569_2	-0.019268860809554	-0.0337629480201192	NA	NA
GSE17570_1	-0.0152526181906321	-0.0402182078220099	NA	NA
GSE17570_2	0.0063560709617359	0.0256393901848531	NA	NA
GSE18991_1	0	-0.00600087934925625	NA	0.00363062289240949
GSE18992_1	0.0010989010989011	0.0314974170699272	NA	0.00827104534983449
GSE19299_1	0.0294048151551922	0.0665786839496166	0.0316544380464146	0.0130631846829831
GSE20850_1	0.0103183678873262	0.0270737821499603	NA	NA
GSE21093_1	0.00535967095693954	0.0145295460993676	NA	NA
GSE21523_1	0.0279285430838027	0.0596634934818	NA	NA
GSE21639_1	0.00103338919763151	-0.0394176204965454	NA	NA
GSE21639_2	0.00699807185069959	0.0410704393728605	NA	NA
GSE21639_3	-0.00119141932173616	-0.00702665787095406	NA	NA
GSE21639_4	-0.0136040759874885	-0.0303787984487834	NA	NA
GSE21710_1	-0.0182264422491772	-0.0621172816320596	NA	NA
GSE21710_2	-0.0172499275770086	-0.0614775678764062	NA	NA
GSE21710_3	-0.0161138972891821	-0.0577981943970763	NA	NA
GSE22925_1	0.037871768377508	0.10353776555116	0.0338119486130308	0.0229167391182106
GSE22925_2	0.0113057469088186	0.0503652880633153	0.0100029098123149	0.00567529475916909
GSE26499_1	-0.0172677218535374	-0.0421767213906313	NA	NA
GSE30160_1	-0.023849686476371	-0.065634341036186	-0.0228715952144394	-0.0219681374536376
GSE30628_1	0.0223826288304557	0.0745496076597004	0.0281726847801475	0.0108158298572313
GSE30628_2	0.0171356723129514	0.0782754740539652	0.0214479982050492	0.0160578712962837
GSE32163_1	0.00567701090593319	0.0397497143927219	NA	-0.00464463278686351
GSE33656_1	-0.037593856716576	-0.0827128688089066	NA	NA
GSE33754_1	-0.00634766880942316	-0.0306892042745247	-0.00841506128725741	-0.0115086508016689
GSE33754_2	-0.00875147026193362	-0.00251846963748861	-0.00903710255603499	-0.00266397758867638
GSE33754_3	-0.0103654839032412	-0.0112793292121167	-0.00866566417498614	-0.0116809116809117
GSE34570_1	-0.025303186661534	-0.0770464942658174	NA	NA
GSE35003_1	-9.64977667325178e-05	0.00684214262218782	NA	NA
GSE35466_1	0.0227751577776854	0.0913797433285635	NA	NA
GSE35466_2	0.00764623999064723	0.00630962853771842	NA	NA
GSE35466_3	0.00948986202911743	0.0684208787804897	NA	NA
GSE35466_4	0.00778524704940939	0.0284533828648156	NA	NA
GSE35466_5	-0.00109259321100156	-0.00619784423742881	NA	NA
GSE36925_1	0	0.0409790391841862	NA	NA
GSE36925_2	0.0314368683865191	0.0823485309621791	NA	NA
GSE36925_3	0.0330276562224257	0.0854722898449847	NA	NA
GSE37219_1	-0.00338901167087247	0.00765317384624678	NA	NA
GSE37676_1	-0.0125106247969795	-0.0265574999634696	-0.0127300205562589	-0.00725483215692093
GSE41342_1	-0.010649391672566	-0.0335540223414945	-0.0133450253137502	-0.00419915482428839
GSE41342_2	-0.000837747741320671	-0.0182542759446873	NA	0.000338643366996412
GSE41342_3	-0.00126111245743148	-0.021489918008142	NA	-0.00580418009109654
GSE41342_4	-0.0136074242903569	-0.095387690660204	-0.00626118067978533	-0.0153887778887779
GSE41997_1	-0.000922264611010817	-0.0163345977541778	-0.0022485900534681	0.00776952798414241
GSE43242_1	0.0104220925546237	0.0090199301642481	0.0117912061727491	0.0183369125126046
GSE43242_2	0.0028982093494296	-0.00415386489882069	0.00181070785790421	0.00534774291029317
GSE43663_1	-0.00395004177304409	-0.0490389728229455	-0.00287361191381676	-0.0162829798601578
GSE43854_1	0.0351413561827727	0.0931186809772026	NA	NA
GSE45656_1	0.0182173062999476	0.0259923631519727	NA	NA
GSE45656_2	-0.00421462870630534	0.00532228469349305	NA	NA
GSE45656_3	-0.00697693388070369	0.00942114097560294	NA	NA
GSE45793_1	-0.00619196180891829	-0.0127589822651579	-0.00483814926039234	-0.00237468690884014
GSE45793_2	0.013805642799151	0.0486473588101785	0.0051651986913394	0.00603626701930794
GSE45793_3	0.00580727572395091	0.0291872126332313	0.00443602841243308	-0.00237126666351161
GSE45793_4	0.0152770861941992	0.0482737861041663	0.0190240128337493	0.00624112239413058
GSE45793_5	0.00980568847335808	0.0405362534449122	0.00622821207595386	-0.00793928116624655
GSE46390_1	-0.0146000396929931	-0.0559039741773612	NA	NA
GSE48438_1	0.0178570896872081	0.0506093353855033	NA	0.0064107825008791
GSE50549_1	0.013605260729504	0.0519598208639446	0.0177297229173398	0.014623746096655
GSE50549_2	0.0230915129880952	0.0694846302726608	0.0262317204078192	0.020549256299394
GSE51098_1	-0.00510306710842913	-0.000422169503253312	0.0110674276401309	0.00450193652720839
GSE53857_1	-0.00398163832273788	-0.0234339280996359	0.00446799382969596	-0.00976994087616833
GSE53857_2	0.000533823832390371	-0.0150612442416833	0.0012464801467359	-0.00618315046474453
GSE53857_3	0.00186255010957931	0.0132606002572424	-0.00160092341664157	0.0166521294657824
GSE53982_1	-0.0215223186500901	-0.0574086877508184	-0.0237705910787056	-0.0225280154440984
GSE53982_2	-0.00278439721453522	0.00591318976549749	-0.00277303150044411	-0.0188062384736978
GSE54779_1	0.023822073653683	0.064923024308463	0.0257597771644976	0.00443700503026932
GSE55900_1	-0.000788643533123028	-0.00256016200330369	-0.00134048257372654	-0.0196947313673036
GSE57104_1	-0.0057944239975663	-0.0300173346533967	NA	-0.00996964618868351
GSE59387_1	0.0155188285504378	0.0437406188282422	NA	NA
GSE60401_1	-0.00168109023622202	0.0364333673160829	NA	NA
GSE60401_2	-0.0139004018120369	-0.062795189666755	NA	NA
GSE60651_1	-0.0296430750390364	-0.101948548584738	NA	NA
GSE60737_1	0.0510244980191613	0.127095569159031	NA	NA
GSE60761_1	0.00158220948702775	0.0122054040057462	0.000503291290953866	-0.00701737407861958
GSE60761_2	7.19804213254e-06	-0.0222002752262507	NA	0.00984502518408817
GSE60761_3	-0.00360463814378032	0.0270420078035005	-0.00181317239059465	-0.00945387251224059
GSE60761_4	-0.00082032942546478	0.0448250472034178	-0.00220898428445598	-0.0173100611646666
GSE63017_1	0	0.00149017741194774	NA	0.000984394494895211
GSE63017_2	0.000775193798449612	0.00348416596002092	NA	0.00511063901708874
GSE63017_3	-0.00587861149045657	-0.00604211540783556	-0.00345933228872615	-0.0139008075353424
GSE63017_4	-0.0027308845599757	-0.00754177858872991	NA	-0.00268752489762395
GSE63939_1	0.0275561327775074	0.0904108881751665	0.030474274548048	0.00199449139680962
GSE63939_2	0.0282729355974438	0.097803345619123	0.0299187810140279	0.0058361018491368
GSE64141_1	-0.0122485459910408	-0.0545775518786456	NA	NA
GSE64965_1	0.00339604580102417	0.0259491985846364	0.00317292685198835	-0.0240553349223399
GSE65745_1	-0.0021978021978022	0.0209116507736912	NA	-0.000205155954972405
GSE65745_2	-0.00465353260869565	0.00409943131910277	-0.00957736877982277	-0.00385180702907949
GSE65745_3	-0.00433839479392625	0.0168688770751218	-0.0100502512562814	0.00725766168287074
GSE66416_1	-0.0118368038582165	-0.0379128491080185	NA	NA
GSE66862_1	-0.0180411358412791	-0.065400504035605	-0.0207817466397046	-0.0201474063741743
GSE69108_1	0.00458268345991168	0.0302964605881607	0.00474047009566462	0.0075256147682444
GSE71565_1	0.0164174638020806	0.0570827455247381	NA	NA
GSE72261_1	-0.0131488093308494	-0.00183652682205142	-0.00557088725311127	-0.0268907804874799
GSE72261_2	0.0195073107869366	0.0757842778267014	0.0314596668046846	0.0265095492398919
GSE72261_3	0.0183181307773799	0.0682300490513718	0.0286245107146184	0.00578637547568174
GSE7683_1	-0.0142153579944448	-0.0423385199682636	-0.0135936349684159	-0.00969607427094353
GSE7683_2	-0.0132389790229556	-0.0563659847292637	-0.0103866790947887	-0.0118303201379184
GSE78980_1	-0.0032450042952224	-0.0429430204887383	NA	NA
GSE78980_2	0.00234009360374415	0.0270119644264187	NA	NA
GSE78980_3	-0.0118673346527543	-0.047944559333897	NA	NA
GSE78980_4	0.0144065736102542	0.107546383328784	NA	NA
GSE78980_5	-0.00181053254255534	-0.0762655128511295	NA	NA
GSE78980_6	-0.00186892293124905	-0.0449686181975095	NA	NA
GSE78980_7	0.00245466397586657	0.0254744660101862	NA	NA
GSE78980_8	-0.0165265952478339	-0.0414491433392398	NA	NA
GSE78980_9	-0.00418413502402964	0.00246381534732849	NA	NA
GSE78980_10	-0.0151622436124138	-0.0328409037314385	NA	NA
GSE81399_1	-0.00650255019903993	-0.0133123854802393	NA	-0.00909446901444905
GSE84609_1	-0.00561323377728691	-0.00183713251267999	-0.00650411786768201	0.0217159591645641
GSE84907_1	0.0445988137060012	0.112336540944824	0.0494617913562863	0.0222455935961735
GSE84907_2	0.0296889556829101	0.0871965264162681	0.0328303865923462	0.0181018058923567
GSE84907_3	-0.00716679954844673	-0.0299954194386052	-0.00828519901092916	-0.00721156892752758
GSE90127_1	-0.00630528143942376	-0.0240539801780881	NA	NA
GSE90127_2	-0.0153492129373606	-0.0718722823880607	NA	NA
GSE90127_3	0.00454935843293559	0.0176563682415263	NA	NA
GSE9247_1	0.000839767330766252	0.00354090275667879	0.00225129425748583	0.00543989013185603
GSE9247_2	0.0285567331973942	0.0824990633399876	0.0308358127407404	0.0130344588711989
GSE9247_3	-0.00457671995572929	-0.0042851748616605	-0.00516850456790038	0.00722956649391376
GSE99306_1	0.0155729096816831	0.0562210754620307	0.0218311524567019	0.0158466864227362
GSE99306_2	-0.00119378015257769	0.0142861060517701	0.00258157655902558	0.0029104580247248
GSE99306_3	0.0155438849247811	0.0549297946051502	0.0159758263372217	-0.00119664157050181
GSE99306_4	-0.00158470712043636	0.0174879992519903	0.00250193328731481	0.000961202302020379
GSE99306_5	0.00978427170480736	0.040416450195849	0.011726468585713	-0.00877197449795496
GSE99306_6	-0.00872699833537262	-0.00812754051525496	-0.00754020233942947	-0.0142912897638312
GSE99306_7	0.0187381414501146	0.0945371414956896	0.0155245228110436	0.0148326905758554
GSE99306_8	0.00686380331194649	0.0325064872397767	0.00621959798928438	0.00101316821519539
GSE99306_9	-0.00314688875968956	0.0174009261399166	-0.00222444361642795	-0.000335460926593929
GSE99306_10	0.00945047256532469	0.0276786430716081	0.00481657393913228	-0.00445085890716626
GSE99306_11	0.0225041708127757	0.0717122464679205	0.0220892014408931	0.015190295294287
GSE99306_12	-0.00969842459470468	-0.0123865690856156	-0.00572574111482735	-0.00788282763926413
GSE99306_13	0.0350502841315275	0.122273192548751	0.0415388190283607	0.0155894936342815
GSE99414_1	0.00555319535114814	0.0718727674465859	0.00771872136162089	0.0180653610812041
GSE110581_1	0.01896249636011	0.0618728085351638	0.023550551133519	0.00739496897628135
GSE110581_2	0.00135820235399737	0.00488382065007807	0	-0.00433769415782294
GSE47799_1	-0.00594037529654357	-0.0136811054049719	-0.00914885804474835	-0.0293757777115532
GSE47799_2	0.00232943037557129	-0.0148826008854346	0.00498497338460589	0.00231617426739378
GSE47799_3	-0.00213253959839573	0.00398238714536943	-0.00440246150923929	-0.0169247087132725
GSE111628_1	-0.000561519345841201	0.017895508934872	NA	NA
GSE111628_2	0.00154083204930663	0.0444593564306371	NA	NA
GSE111628_3	0.00440049154426824	0.0424882924848677	NA	NA
GSE5657_1	0.00242082563021489	-0.0201955774313191	0.00499885939462977	0.00232345257833314
GSE5657_2	0.0036520391359101	0.00495555579237545	0.00331151118385161	0.00800156703558501
GSE13782_1	0.0236447642038302	0.0885289553031857	0.0242178121437633	0.00941164226739749
GSE41039_1	-0.00338587129816958	0.00314362855612559	-0.00214591858220911	0.00207356255711896
GSE84198_1	-0.00610504071745181	-0.0280235108919685	-0.00625	-0.0116268884204382
GSE84198_2	-0.00618490807815538	-0.0355926258415697	-0.00618847973792651	-0.0168478339162378
GSE84198_3	-0.0143560057246854	-0.0613405453877546	-0.0174682438826416	-0.0149779059368987
GSE114469_1	0.0300114077696912	0.0894030755282006	NA	NA
GSE108036_1	-0.00273863710719602	-0.00664228064107863	-0.000910746812386157	0.00692068438813339
GSE60451_1	0.00953894262062563	0.0607710289392636	0.0114751034917753	0.00643802519233415
GSE47902_1	-0.00152905198776758	-0.0425585874858812	NA	NA
GSE44325_1	0.018625470998423	0.0525861334837666	NA	NA
GSE4481_1	-0.00338315799527865	0.018011789062346	NA	0.00179859584701055
GSE4481_2	0.0102895304276096	0.0762896848868451	0.00181865384954682	0.0152598755818271
GSE4481_3	0.00187179723219491	0.0221643693219483	NA	0.00238835070917915
GSE102292_1	-0.00548491668814435	-0.00910296779878438	NA	NA
GSE102292_2	-0.00750178888957108	-0.029243316462395	NA	NA
GSE102292_3	-0.0205912305820834	-0.055962575329473	NA	NA
GSE102292_4	-0.0492240967119656	-0.14497876291843	NA	NA
GSE41898_1	-0.0284496646094025	-0.0536814841690117	-0.0307800475552766	-0.0371152799036035
GSE87605_1	0.0216544419709819	0.046068794563585	0.0224810922462813	0.0087076904352264
GSE87605_2	0.0169567952233636	0.0331473811439461	0.0186580830874436	-0.009755123167067
GSE87605_3	0.0258733773356509	0.0547610877128037	0.030052261036891	0.000982466031684568
E-GEOD-54216_1	-0.0124046466456241	-0.0429195900562328	-0.0136811036665474	-0.0119237058832849
E-GEOD-54216_2	-0.00824200126170179	-0.0523132933749326	-0.009060566388132	-0.0221845753973346
E-GEOD-54216_3	-0.0100045263837335	-0.0321959839675629	-0.0109379860285093	-0.014517802297257
E-GEOD-6119_1	0.0670914260673747	0.183138817798215	0.0755351648830902	0.0482168106238979
E-GEOD-6119_2	0.0731624502766477	0.186981280909058	0.083347984958426	0.043530994224309
E-GEOD-6119_3	0.068572551549799	0.185679246169227	0.0780476320275742	0.0419706284401974
E-GEOD-8077_1	-0.000715804320858372	-0.0212981953637624	-0.00657931692502033	0.0239717850309471
E-GEOD-8077_2	-0.00436012716580854	0.0149914066141037	-0.00692806238048912	0.00694700641416911
E-GEOD-8077_3	0.00616590571021222	0.0278572426681416	0.0059931273955278	-0.0189754823219617
GSE103416_1	0.0170819386478166	0.0559055132548262	0.0195260106321551	0.0165136531658607
GSE103416_2	0.011047301086226	0.0337390976416764	0.012544913196587	-0.00357207394768772
GSE103416_3	0.00815383846921599	0.0300564571949198	0.00915685000551163	0.0087581891387834
GSE19950_1	0.0272105055636808	0.0990082658120545	0.0310994923763516	0.0227765638418087
GSE30322_1	-0.0272468693944241	-0.0718307046809897	-0.0279313259751036	-0.0145416494582505
GSE30322_2	-0.0101884665977786	-0.0403289212505543	-0.0146316399925426	-0.00793253527625126
GSE30322_3	-0.00712734580828441	-0.0212727611676124	-0.00447878887530157	0.00632420426701486
GSE42295_1	-0.00109261996726846	0.0201647654526961	NA	0.00019438544336624
GSE42295_2	0.0166960493918219	0.0685694472237618	0.0217003849437862	0.00240310647796076
GSE42295_3	0.0101183931196163	0.0507703335599551	0.0156371319473675	-0.000897767106163072
GSE66554_1	-0.0305074402104605	-0.0640991832097768	-0.0331934738325495	-0.00777490921102467
GSE66554_2	-0.0395060914961035	-0.091873668883593	-0.0428995031461932	-0.00868448384091238
GSE66554_3	-0.00211245107962992	0.00634469058737961	-0.000915750915750916	0.00939792480095577
GSE66554_4	0.00910922900804632	0.0662067387760021	0.0103935987958497	0.00925301204819277
GSE74898_1	0.00425735036448761	0.00300954142745093	0.00419954908793742	-0.00302087766605263
GSE74898_2	0.0038411836609876	0.0107962431404882	0.00735731971498598	0.00135870031528647
GSE74898_3	-0.00369406122303241	-0.00368809062398876	-0.00582348274049318	-0.000367142600220412
GSE79176_1	0.00212765957446809	0.00952963739564705	NA	NA
GSE79176_2	0.00313949567578897	0.0350603137685462	NA	NA
GSE79176_3	-0.00107991360691145	0.0289369620723204	NA	NA
GSE85785_1	-0.00825573639169601	-0.0168209787130261	-0.0012683977503889	-0.0300961431988851
GSE16981_1	0.0166280993121312	0.0532432446078216	0.0187020646330927	0.00160103637041639
GSE16981_2	0.00423108715269303	-0.00180347823170698	0.000262006489580874	-0.0119703998066767
GSE16981_3	0.0137724366282289	0.0503732824100754	0.0154451472880364	0.0101179733582031
GSE16981_4	0.0137724366282289	0.0503732824100754	0.0154451472880364	0.0101179733582031
GSE16981_5	0.00639167564088725	0.0268092839025588	0.00721796478751589	0.0164171268650627
GSE16981_6	-0.000472608504448849	-0.00879616032994104	0.002130227044326	-0.00587701052062546
GSE16981_7	-0.00317765732915306	0.00923766464706307	0.00201577339352437	-0.0105904112227089
GSE29859_1	0.00346180611571616	0.00312795526280411	0.00220434197951783	-0.00448000565247315
GSE29859_2	-0.0138817449578652	-0.0605824021651736	-0.0185513044410608	-0.0334251654688226
GSE23492_1	-0.000937476852248783	-0.0116392743629298	NA	NA
GSE23492_2	0.00202668645688423	-0.00547822755596014	NA	NA
GSE23492_3	-0.0385007431704507	-0.0982082167855598	NA	NA
GSE23492_4	-0.0296827147514391	-0.114611994794003	NA	NA
GSE23492_5	0.0391632196184028	0.0986067856268645	NA	NA
GSE44991_1	-1.92721433047152e-05	0.0183477214022271	0.00847400040291182	-0.00182261218664488
GSE44991_2	0.00378551744873637	0.0237998120749863	NA	0.0219747246339241
GSE39796_1	-0.00472759952141634	0.00363318534423686	NA	NA
GSE39796_2	-0.0031365551008133	0.0173862833407558	NA	NA
GSE39796_3	-0.0056487383243082	-0.0152749725313437	NA	NA
GSE18394_1	-0.017401832759115	-0.0393406622482078	-0.0218223099290222	-0.00342179244618269
GSE18394_2	-0.0325399840981613	-0.0870871523114999	-0.0411636769670736	0.00062484299248336
GSE18394_3	0.00309560489116881	0.0199593690268399	0.00351855807689546	0.00247546787025968
GSE29233_1	0.0294350832750397	0.106025102906117	NA	NA
E-MEXP-2291_1	0.00312934044104178	0.0286626765648795	NA	NA
E-MEXP-2291_2	0.0119592809935562	0.0415684374086579	NA	NA
E-MEXP-2291_3	-0.00203941566522499	-0.0109990085852798	NA	NA
GSE18738_1	-0.00556094891548961	-0.0188210419642468	-0.00851603354809573	0.0139730025700913
GSE107363_1	-0.0115791385282321	-0.00150693874563711	NA	NA
GSE85761_1	0.0164478273006173	0.0781785105989211	NA	NA
GSE89179_1	-0.00411124090944276	-0.0242160504888501	NA	NA
GSE89179_2	0.0033913836600252	-0.00852003188011714	NA	NA
GSE89179_3	-0.00285689490818567	0.0151221252234567	NA	NA
GSE89179_4	-0.014191165324365	-0.0376609752683556	NA	NA
GSE89179_5	0.0157150482103294	0.0603645716964561	NA	NA
GSE89179_6	0.0015647751631921	0.00566667640208722	NA	NA
GSE89179_7	0.0158422078363658	0.0423829874768909	NA	NA
E-GEOD-57723_1	0.0217938686895817	0.0862206482460303	NA	NA
E-GEOD-57723_2	-0.00794513113222627	-0.0101757974092462	NA	NA
E-GEOD-57723_3	0.0236498244671616	0.0828626410082245	NA	NA
E-GEOD-83930_1	0.0128507918268624	0.0891998895984713	NA	NA
GSE100268_1	0.0559350049497191	0.170344178801981	NA	NA
E-GEOD-55769_1	0.00580969218527247	-0.0269600699996846	0.00679531176707463	0.00834421240329804
E-GEOD-55769_2	0.00516381766381766	-0.0357122924944157	0.00672118819326941	0.00439277993197798
E-GEOD-55769_3	0.0126268577682989	0.00389195228403897	0.0141718152100212	-0.00419309262625568
E-GEOD-69110_1	-0.00119566010033661	0.00873147933531025	-0.00110222103355784	-0.00598425615525479
E-MTAB-4304_1	-0.000795752953517649	0.0275272110454615	0.00157098718794983	0.00975596494041368
E-MTAB-4879_1	0.00305802933057638	-0.0049492648771837	0.00445263097287877	-0.0164211403920509
E-MTAB-4879_2	-0.0091992079561769	-0.0303777584213151	0.000127000371271336	-0.0251700574225982
E-MTAB-4879_3	0.00420313161149627	0.00726657801492672	-0.000800889550718106	0.010492611185003
E-MTAB-4879_4	0.00403367691449576	0.0127438388528632	-0.00231839258114374	-0.00850647068968371
Cytokine_Explant_1	-0.0107058536826097	-0.0175781569011371	-6.16578758554885e-05	-0.0145993331774667
Cytokine_Explant_2	0.0543538439788457	0.196888348223104	0.0796963210929495	0.0430967179519856
Cytokine_Explant_3	0.0501754311259778	0.170277366583006	0.0728610153446007	0.0368889726197456
Cytokine_Explant_4	0.0128500760363818	0.0636903738976744	0.00746020637854374	0.0170452851778666
Cytokine_Explant_5	0.034190044430905	0.119489278680109	0.0469832076319456	0.0273277174492417
FN1_Explant_1	0.0247770467120155	0.174288894139338	0.0199741011198402	0.0159260175774694
E-MTAB-6266_1	-0.0425632151160185	-0.137269945565684	-0.0587332713315131	-0.0282779631614286
E-MTAB-6266_B_1	-0.0379969263505185	-0.120558117578458	-0.0530311005450229	-0.0227170381708125
E-MTAB-6266_B_2	-0.0438398519771103	-0.131272766187653	-0.0525453039780362	-0.0321033799333832
E-MTAB-6266_B_3	-0.0085329445689691	-0.00740589042897523	-0.0095022215960114	-0.0202089126723699
GSE74220_1	0.0529866726385579	0.227919681220604	0.0735659922242275	0.0628201664552047
GSE114007_1	-0.0415319906557484	-0.133736920706226	-0.053779582695846	-0.072339546331369
GSE109503_1	-0.00541004687018009	-0.0193033572865997	-0.00710243359546255	-0.0218043698050071
GSE109503_2	0.021463779234304	0.0797417352959159	0.0321430899531297	0.00638753205984527
GSE109503_3	-0.0231330508765032	-0.0980044854815725	-0.0321350183847282	-0.0295300778806703
GSE109503_4	-0.0364287769480236	-0.117081095718621	-0.0500246223803959	-0.0604303572000201
GSE109503_5	0.0146908471504325	0.0317690969867266	0.00951495711924637	0.0311022071917177
GSE109503_6	0.021432653857771	0.0922522378238848	0.02761647533399	0.00976426113439698
GSE109108_1	0.016186945320158	0.138807538558595	0.00501245519168844	0.0274075367628732
GSE109108_2	0.0207135236533115	0.117553356217291	0.0120923655443956	-0.00171430240933521
GSE109108_3	0.00191938579654511	0.0410229807848471	NA	0.0212822381367728
GSE109108_4	0.00329151732377539	0.0234000414795951	0.00240384615384615	-0.00169921576800572
GSE70667_1	0.00127078862660944	0.0387635553004446	-0.000509453781512605	0.0168902909013718
GSE87608_1	-0.00264832510389106	-0.0211377011969538	NA	0.00506327124270673
GSE87608_2	0.00391549675840067	0.0162225655823637	6.34884355814589e-05	-0.00893334502394727
GSE87608_3	0.0149558679009941	0.0280458776841459	-0.0011275757487103	-0.00565837761870987
GSE87608_4	0.00603128720871999	-0.00229662314617665	-0.00110240823162097	0.0088186749767976
GSE90890_1	-0.0198932403470105	-0.081790707765641	-0.00381396889707514	-0.0270141446302623
GSE97118_1	-0.0270223604385594	-0.098898994474835	NA	NA
GSE97118_2	0.00458759069154049	0.0260566537521413	NA	NA
GSE97118_3	-0.0182974385249162	-0.0830777550145183	NA	NA
GSE97118_4	0.0157447676703049	0.0468111370894802	NA	NA
GSE97118_5	-0.00411123092356317	0.0173361081488486	NA	NA
GSE97118_6	0.00797947230498438	0.052429745143003	NA	NA
GSE97118_7	-0.00368041048576847	-0.0300774227007882	NA	NA
GSE107592_1	0.00789055346083559	0.0245563308259728	0.0154083888335983	0.00726354608456953
GSE92641_1	0.0128886126267306	0.023112332368483	0.00906421539423015	-0.016050502033221
GSE107849_1	0.0217244331780153	0.0539391342109179	0.0253292401756912	0.0150051230329421
E-ERAD-89_1	-0.00252435403528575	-0.0112503920231984	NA	NA
E-ERAD-89_2	0.00204048075136748	0.00202499316526941	NA	NA
E-ERAD-89_3	-0.000725301066281019	0.00388988321509695	NA	NA
E-ERAD-89_4	-0.00077639751552795	0.0180346512974739	NA	NA
E-GEOD-45893_1	0	-0.040564590307722	NA	NA
E-GEOD-53105_1	0.00288672294884669	0.0291399513772027	-0.000821018062397373	0.00550818433752629
E-GEOD-53105_2	-0.0121426616490254	-0.0499660242297911	-0.00567070380287555	-0.0210019065882988
E-GEOD-54461_1	0.00150307834017059	0.00667294814042063	0.00229866630805168	0.00202546296296296
E-GEOD-54461_2	0.00136566155012918	-0.000121425339725091	0.00203413804648132	0.0108225108225108
E-GEOD-54461_3	0.00561398976145818	0.0134983552443507	0.0059952783507601	0.00655547952161889
E-GEOD-54461_4	0.00358764365770151	0.0133122839216328	0.00168760393200992	0.00344526264113893
E-GEOD-54461_5	0.0155113064190609	0.033104016147597	0.0192832277338701	0.00392456128099259
E-GEOD-54461_6	0.0164102066331124	0.0514582961929505	0.0196593737179458	0.0154903857476897
E-GEOD-54461_7	0.019698776563849	0.0709738740479829	0.0241794711260664	0.0241735561261877
E-GEOD-54461_8	0.0198249452459517	0.0742465805400611	0.0238453759224408	0.0329241962112708
E-GEOD-73372_1	-0.00179925421827549	-0.00101269077712183	NA	NA
E-GEOD-73372_2	0.00136125174717951	0.0100209180266345	NA	NA
E-GEOD-73372_3	0.00410501044204417	0.0109164991645733	NA	NA
E-GEOD-75549_1	0.035203910673825	0.145018039227436	NA	NA
E-GEOD-76988_1	0.00363012032456383	-0.0034162143226669	NA	NA
E-MTAB-2923_1	-0.0198112008832317	-0.0895891404817773	NA	NA
E-MTAB-2923_2	0.0229606609364394	0.106182765539729	NA	NA
E-MTAB-2923_3	0.0230457384535147	0.0668171549560135	NA	NA
E-MTAB-2923_4	0.0155733065760668	0.0346158019663141	NA	NA
E-MTAB-3428_1	0.0232127578337396	0.0614202989613043	NA	NA
E-MTAB-3428_2	-0.00510584010901997	-0.036080755343116	NA	NA
E-MTAB-3428_3	0.00393390493391216	0.0070263210571863	NA	NA
E-MTAB-3428_4	0.0234917715403166	0.0673818611330471	NA	NA
GSE102856_1	0.00844114296175748	0.0793561899296011	NA	NA
GSE103492_1	0.0102928395174015	0.0385403286790208	0.0152524592366511	0.0354344756080434
GSE103492_2	0.00149326824870565	0.0150984992776305	0.00128396373402586	0.000535359221337805
GSE103492_3	0.00798579034285248	0.0480983272607852	0.0111261467130826	0.0353621106228587
GSE103492_4	0.0134149158529837	0.0433593710784199	0.0208607582610063	0.0461687987314139
GSE103492_5	-0.000379536412238367	-0.00331341105349543	0.000448295185137291	0.00534659938655499
GSE103492_6	0.00542819333989895	0.040161373912769	0.0137160792717861	0.0273672419584042
GSE103492_7	0.0122491058753053	0.0503687031700018	0.0181776448966003	0.0200308071594016
GSE103492_8	0.00229915169088569	-0.00112711925224573	-0.00462289762168242	-0.0218217589102683
GSE103492_9	0.00577078580904054	0.0171784924660934	1.3118656356532e-05	-0.0100617147368684
GSE103492_10	-0.00121278486263163	0.0244305905440139	0	0.046200927779008
GSE106259_1	-0.0134323082998315	-0.0370811924534653	-0.0143965813979574	0.0203497098904282
GSE110303_1	0.00403832565187964	-0.0188382550174101	NA	NA
GSE110303_2	0.00280106601521293	0.0372832371494311	NA	NA
GSE110303_3	0.00401998944454048	0.0194037949993848	NA	NA
GSE110300_1	-0.000241685548214587	-0.00434093170824716	NA	NA
GSE110300_2	0.00105708245243129	-0.0158320349883423	NA	NA
GSE110300_3	0.00205102720364405	0.000309402465670142	NA	NA
GSE110281_1	0.0175481986749371	0.068670725500841	NA	NA
GSE110281_2	0.0202009531382678	0.0638899418251272	NA	NA
GSE110281_3	0.0037537829848018	-0.00116225648552905	NA	NA
GSE104459_1	0.0121284476633719	0.0208282961011736	0.0074232268640774	0.0113175787317009
GSE104459_2	0.0107604981748681	0.0435209799618773	0.012849041605367	0.009582997168696
GSE104459_3	0.0017149112130896	-0.00514307185034299	-0.0025062656641604	-0.0235373815513827
GSE110051_1	-0.00324178157903236	-0.00962621902049689	-0.00209492411830097	-0.000480047318776482
GSE110051_2	0.00572469463779434	0.0365368467088682	0.0110544992262708	0.0220325212426982
GSE110051_3	0.00219793513146775	0.0165881745483963	0.00589894517400142	0.0159674399053041
GSE112694_1	0.0130018167234846	0.0381352076590038	0.0169267295348043	0.00569751239153604
GSE112694_2	0.0247526817390418	0.0634485080982232	0.0307362755719587	0.00359359392893256
GSE112694_3	-0.012961814028361	-0.0480007402669557	-0.0166614256475182	-0.0336351544830628
GSE112694_4	0.0046654563947538	0.00895615183771494	0.00843910498666416	-0.0124118027292168
GSE97232_1	0.0119789750837318	0.135552324871387	0.0155737704918033	0.0345628233402464
GSE114079_1	0.000274498183009186	-0.000488295448607359	NA	NA
GSE114079_2	0.00183062407490725	0.0224130214103446	NA	NA
GSE114079_3	0.0012320514562667	0.0318162479819984	NA	NA
GSE114079_4	0.00516428000965807	0.0580715691072769	NA	NA
GSE104828_1	0.025599738771787	0.0970910936696571	NA	NA
GSE114521_1	0.00684069988986507	0.0309874743918657	0.00276137952462327	0.0107767820460925
GSE114521_2	0.013611701396312	0.0610402819810784	0.0140178593825554	0.00991097266751528
GSE112413_1	0.00320802714873708	-0.00711401678146203	0.00330906113376	0.0107505775537136
GSE112413_2	0.0268056143585984	0.0592712698934278	0.0324723756190378	0.0124408432687346
GSE101909_1	0.00650553989507478	0.0288052778753034	0.00644196770847427	0.0181796425885092
GSE101909_2	-0.00417285464980093	-0.0259306436714446	-0.00521371421674811	-0.0069349877230992
GSE114919_1	-0.00778892299657988	-0.0276054187396488	-0.00998872193994349	0.0117096964687698
GSE114919_2	0.00445125069605846	0.00811463759608078	0.0114958963239628	0.00916744547556926
GSE114919_3	-0.00817483598745895	-0.0348679058601326	-0.0122799922544767	-0.00198043861701404
GSE114919_4	-0.0106129122018696	-0.0473172760998489	-0.0125694996000378	0.00124179675247907
GSE114919_5	0.00120434994778376	-0.00270243301619108	-0.00100736188564351	0.00948133220989939
E-MTAB-5879_1	0.00315853890180496	-0.00686454984989458	-0.00100412886468786	-0.00252554122433184
E-MTAB-5879_2	0.00217919836792391	-0.009307169205577	0.000699014070748972	0.00917069016076135
E-MTAB-5879_3	0.000742159901638445	0.00328507418783076	0.00399693780238324	-0.0162020343000981
E-MTAB-5879_4	0.00318911646541084	0.000292435343967793	-0.00280556550266262	-0.0144931571519319
E-MTAB-5879_5	-0.00680916873471816	-0.0244838055759104	-0.00788449538984656	-0.00834788312675163
E-MTAB-5879_6	0.00503180456668446	0.0130906829616173	0.00575506747065027	0.00534595575252832
E-MTAB-5879_7	0.0207983096052878	0.039913842886761	0.00153374233128834	0.00219734902277952
E-MTAB-5879_8	0.00700440353132415	0.0164244859031982	0	-0.0025824411149301
E-MTAB-5879_9	-0.00236608389907331	-0.0363876987715499	0	0.00457415572943133
E-MTAB-5879_10	0.00462181305072364	0.0162881465800992	0.00354916950661631	0.0135113327187041
E-MTAB-4294_1	0.00507203182732986	0.00447337220082082	0.00428641479649217	-0.00643784362543887
E-MTAB-4294_2	-0.000331986982375111	0.00477991990662959	0.00352783431712937	0.017577939922297
E-MTAB-4294_3	-0.00231569852861592	0.00167138080429068	0.00165304053311345	0.00460693286725482
E-MTAB-3186_1	0.0112415363056401	0.0227590866005549	0.014406620456628	0.00535886765933324
E-MTAB-3186_2	0.00344379022715687	0.00249640434517655	0.0115770683673125	-0.0119060999096495
E-MTAB-3186_3	0.00105032220868131	-0.0124781309244588	0.00645102998638359	0.0136286118980661
E-MTAB-3186_4	-0.00233086207604501	-0.00293758166201622	-0.000711297383753808	0.0204317337572371
GSE114919_Rat_1	-0.00519126833812875	-0.0170480426238225	-0.0083001294264375	-0.0142147258059558
GSE114919_Rat_2	0.00912617127381441	0.0193508457075622	0.00763483761352419	0.00838812977372851
GSE114919_Rat_3	-0.0116059284620219	-0.0192612411325141	-0.0144303122365894	0.00530390222075947
GSE114919_Rat_4	-0.013666284991111	-0.0496471507280401	-0.017182810854504	0.00190135396319822
GSE114919_Rat_5	-0.00729863044370112	-0.0392739250941845	-0.00723038370830561	0.00102045024108487
