comparisonID	jaccard	cosine	sigjaccard	chrDir
22659600_1	-0.00429011755842645	0.0214843839502235	-0.00493344422210157	0.00799289520426288
24361742_1	-0.000269423527387379	0.0342089310454753	0.000110375143786346	-0.00107234504397625
GSE72258_1	0	0.108174755375361	0	0.00203644468888857
GSE72258_2	-0.000749625187406297	-0.00313509861400617	-0.00847457627118644	-0.00989032510771641
GSE69531_1	-0.00113435359827583	-0.0386062360496662	NA	NA
GSE69531_2	0.000535986545154166	0.00130278500584361	NA	NA
GSE69531_3	0.00246560332878249	0.0519898907567031	NA	NA
GSE69531_4	-0.00113435359827583	-0.0386062360496662	NA	NA
GSE58203_1	-0.00415407677523343	0.0396686037139287	-0.00339025247495753	-0.00209388658266737
GSE58203_2	-0.00286919059251612	0.0590725172028381	-0.00250146127851489	-0.00197224133606118
GSE58203_3	-0.000975539646475154	-0.010782632800815	-0.000628366653255864	0.000123958516761045
GSE58203_4	-0.00937347650460128	-0.0482045977908997	-0.0102824846176942	-0.0041899111396681
GSE58203_5	-0.00149767746493686	0.0779213185154458	0.000444670939532696	0.00264232295482295
GSE58203_6	-0.00848364352259404	-0.000706528514141628	-0.00898508678124058	-0.0050580418152401
GSE58203_7	-0.0158751794985169	-0.0481040753858345	-0.016265815975296	-0.013356567904957
GSE58203_8	-0.0280221963164424	-0.0929898787321547	-0.0283088119904658	-0.012372786355193
GSE59642_1	0.00797847229624884	0.0386776184466507	NA	NA
GSE59642_2	-0.00139385238738642	-0.00332342599001675	NA	NA
GSE59642_3	-0.0132317130573651	-0.0516415577324716	NA	NA
GSE64922_1	0.0172497821673846	0.0355181882584585	0.0193330647496548	0.0141179869122956
GSE60162_1	-0.0262447870422687	-0.351795263801118	NA	NA
GSE31685_1	0.0155969753215435	0.139916695521939	0.0161375490978068	0.0129901867633645
E-MEXP-3890_1	-0.00586748339724612	-0.0163402718725325	-0.00567497622576696	0.000540925540925541
GSE31980_1	-0.013571969850542	-0.071469116890381	-0.0174268470610851	0.00368085113761812
GSE15615_1	0.0308173499557525	0.152192568272197	0.0378622550978961	0
GSE15083_1	-0.00606992890699705	0.0484453769632766	NA	-0.00300914217201521
GSE108035_1	-0.00895858333188475	-0.0583378016957837	-0.0101840943208216	-0.00382435643296049
GSE108035_2	-0.0152510210400988	-0.0769574968621702	-0.0181889231021244	0.00154843037783781
GSE108035_3	-0.0164342707983629	-0.0947354764220853	-0.0192626241435682	-0.0108892234324166
GSE21959_1	0.00628766598984113	0.0471505747802048	0.00630399806047783	0.00382142733032932
GSE21959_2	0.00318976277416288	0.0752990859143515	0.0015296478189905	-0.00418208818786419
GSE24742_1	-0.00149918785183158	-0.10259006158134	NA	-0.00257639820440657
GSE24742_2	-9.27624662447682e-06	0.0335550139190115	NA	0.00487444155623594
GSE24742_3	-0.00534216017787086	-0.112776392220178	NA	-0.00725751172751993
GSE74668_1	0.00117381289865344	-0.0673688941640212	NA	NA
E-GEOD-10024_1	-0.00810976190474277	-0.109243360634896	NA	NA
E-GEOD-10024_2	0.0173806764153229	0.0823924710211104	NA	NA
E-GEOD-12860_1	0.0276153950600932	0.275014333099318	NA	NA
E-GEOD-12860_2	0.0513509285830948	0.258968544405754	NA	NA
E-GEOD-12860_3	0.045873673196682	0.242140125972292	NA	NA
E-GEOD-12860_4	0.0566622173849726	0.303296027575874	NA	NA
E-GEOD-12860_5	0.0596241821862296	0.356399691913994	NA	NA
E-GEOD-12860_6	0.045501189842263	0.221124581259889	NA	NA
E-GEOD-12860_7	0.062128089204982	0.330410112612893	NA	NA
E-GEOD-12860_8	0.0476354197517029	0.281285725132959	NA	NA
E-GEOD-14359_1	-0.0309300879451864	-0.113263561225104	-0.0376347245063742	0.00104475600836426
E-GEOD-14359_2	0.0373951865344494	0.161938990197538	0.0430174158352384	0.0317018212738483
E-GEOD-1919_1	-0.0242284440130542	-0.199732040327884	NA	NA
E-GEOD-1919_2	-0.0683127579393903	-0.325459928286027	NA	NA
E-GEOD-1919_3	-0.0559411327820804	-0.289248017648053	NA	NA
E-GEOD-1919_4	-0.00827730584354554	-0.047760814429125	NA	NA
E-GEOD-1919_5	-0.052465786531773	-0.232543899143753	NA	NA
E-GEOD-1919_6	0.0122179336026452	0.100449681841962	NA	NA
E-GEOD-1919_7	-0.00218873326257437	-0.0215731770697967	NA	NA
E-GEOD-1919_8	-0.00494496111603984	0.00654170419833691	NA	NA
E-GEOD-1919_9	0.0013123662617959	-0.0433197868135677	NA	NA
E-GEOD-19664_1	0.0212475810527754	0.148616706368959	NA	NA
E-GEOD-19664_2	0.00906635833884537	0.072976236268248	NA	NA
E-GEOD-19664_3	0.0228809476597662	0.120263395332397	NA	NA
E-GEOD-19664_4	0.025427981954497	0.169320211397929	NA	NA
E-GEOD-19664_5	0.0146198198841102	0.0763035057627008	NA	NA
E-GEOD-19664_6	0.0289015188075745	0.176564915546536	NA	NA
E-GEOD-43923_1	-0.0139618882472135	-0.110421952428495	-0.00540583889025886	0.00060964748304738
E-GEOD-51812_1	-0.000867914509290431	-0.0215619134182847	-0.0031735950621549	-0.00112322573260073
E-GEOD-51812_2	-0.0023197754574154	-0.0208004261145911	-0.004700575460375	0.00204725371843327
E-GEOD-68760_1	0.013475223309308	0.0651843632536885	0.0113710056177405	0.00446730130840967
E-GEOD-82107_1	-0.00273022170939929	-0.0386214165502467	-0.00102913604222944	-0.00728437440981857
E-GEOD-9451_1	0.0173444401844592	0.0992253751650797	0.0217718338462927	0.0150794836673653
E-GEOD-9451_2	0.026728603076612	0.079669112181421	0.0283326413108201	0.0171167727664643
E-GEOD-9451_3	0.014531047844692	0.0574462485223904	0.0186247237558833	0.0028034248271511
E-GEOD-9451_4	0.00920953522168644	0.0394162927304133	0.0110944103431524	0.00250350557632672
E-MEXP-2019_1	0.0167293269599787	0.0880044236845827	0	0.0113463089841043
E-MEXP-2019_2	-0.0145216802352353	-0.018819766436434	-0.00561698743295088	-0.00761971809889007
E-MEXP-2019_3	0.011663484366457	0.110209229672458	NA	0.0177151044943035
E-MEXP-2019_4	-0.00105084784646306	0.0522523558107697	0.00635824621625839	-0.00952827918170879
E-MEXP-2276_1	-0.000317285792821802	0.00906466128516448	NA	0.0055726319264536
E-MEXP-2488_1	-0.00333984316982583	-0.0832537676369654	-0.00714424788411835	-0.000357195473113239
E-MEXP-3129_1	0.00490956105950437	-0.0102381372471213	0.00595774856290953	0.00189019464318392
E-MEXP-3474_1	-0.0195894295727851	-0.1605643279066	NA	-0.015850144092219
E-MTAB-3010_1	-0.00134499596667594	0.0217511747461621	NA	NA
E-MTAB-3010_2	0.00591574721914258	0.0571318956415958	NA	NA
E-MTAB-3010_3	0.00243141364852666	0.0222202960486285	NA	NA
E-MTAB-3010_4	0.010114442033561	0.0310041378348605	NA	NA
E-MTAB-4152_1	-0.000246704552839934	0.00337774591687701	-0.000743571106465683	-0.00121931848139908
E-MTAB-4152_2	-0.00330456528279182	-0.165028387289651	-0.0035171537576764	-0.00493421052631579
E-MTAB-4152_3	-0.00431050409844289	-0.115872006216978	-0.00542335390169534	-0.00476106816756249
GSE100609_1	-0.000214341851437281	-0.0229696850855736	NA	-0.00225675450563007
GSE100786_1	-0.00212765957446809	-0.117558197025226	0	-0.00350528287978377
GSE100786_2	-0.00632387863654689	0.0208600911626063	NA	0.00612672339864107
GSE103697_1	0	-0.10573037070484	NA	NA
GSE103697_2	0	-0.00743862146051434	NA	NA
GSE103697_3	0	-0.0425890310735352	NA	NA
GSE104113_1	0.00207918125733501	0.020247950237459	NA	NA
GSE104113_2	0.0105201861139515	0.107858888848743	NA	NA
GSE104113_3	0.00207918125733501	0.020247950237459	NA	NA
GSE10575_1	0.00585869683616747	-0.0170618396227476	0	-0.00260016664518839
GSE10575_2	-0.0193575992694127	-0.187747599063474	-0.0125076249720192	-0.00931058670425872
GSE10575_3	-0.0276739206294929	-0.167785415634841	-0.0287133850762535	-0.0082962962962963
GSE13604_1	-0.00925405489694579	-0.0207845878839003	-0.0105968912873345	-0.00295815295815296
GSE13837_1	4.35611648255474e-05	0.0194481256370797	-0.000746268656716418	0.00417967839664414
GSE13837_2	-0.00327604929802504	0.040055920131171	-0.00195052013870365	0.00440936271840929
GSE13837_3	0.000910890436047135	0.0182515844974627	-0.00104821206191069	0.000551692165044043
GSE13837_4	-0.00407417000124118	-0.0332487719250006	-0.00399276134570252	0.00249046093067211
GSE13837_5	0.00220754281897552	0.0614365572610617	-0.000753012048192771	0.00114204575894088
GSE13837_6	-0.000868798630364512	0.0090383028412624	-0.0047435941451803	-0.00120339416525091
GSE13837_7	-0.00507260772815803	-0.00110254611651829	-0.00942721128210946	-0.00490227170490328
GSE13837_8	0.000128819761453994	-0.0094160263506796	0.000575027095758634	0.00495442416249106
GSE13837_9	0.000819892873794091	-0.0273265414320488	0.00127883673573569	-0.00071839258114374
GSE13837_10	0.00286869526817878	0.00413288566559617	0.00608014286633145	-0.0016149161341853
GSE13837_11	-0.00106006021753568	0.000287244556555998	0.00283168915561327	9.10247106804857e-05
GSE13837_12	-0.00593570822521374	-0.0356588715373584	-0.000962421662730622	-0.00152453325827939
GSE13837_13	-0.00165490491116505	-0.0196218999868505	-0.00128971169229765	-0.00700865685704097
GSE13837_14	-0.004767859924533	0.0312896149756212	-0.00291814420803782	-0.00509734252194038
GSE13837_15	-0.00331321965999056	-0.00747932443664714	-0.00432381260504866	-0.00431690571556017
GSE13837_16	-0.00365500948070047	-0.034255870047752	-0.0062561478839866	0.00107499300438392
GSE13837_17	-0.013732881679747	-0.0117000981770653	0.00258603893228475	-0.0016481429866696
GSE13837_18	-0.0041177503435499	-0.00246389137995917	-0.00425246557928663	-0.000970114361704975
GSE13837_19	-0.00451394543396409	-0.0328142335748142	-0.00634562944111615	-0.00111148576923557
GSE13837_20	-0.000960424883102647	-0.0285908568562383	0.0017169053540291	0.0011506010751464
GSE13837_21	0.000437943326516629	-0.0278191120329966	0.00243004176120483	0.0023985498537836
GSE13837_22	-0.00103322643146934	0.0083101028645596	-0.000491601696792921	-8.57232307470593e-05
GSE13837_23	-0.000117527323375393	0.0038952007013523	0.00116631325416477	-1.75535382917901e-05
GSE13837_24	-0.00733003102454054	-0.0331783300112697	-0.00404129732421831	-0.00575880976886828
GSE16464_1	-0.0386016492200365	-0.217781932192327	NA	NA
GSE16464_2	0.0181699845705108	0.0360579556533701	NA	NA
GSE19060_1	-0.00437087110663225	-0.0305250603239332	0	-0.000385118737995749
GSE27372_1	0.00305620707743698	0.0564337766536465	0.00324661939313984	0.00449539371842468
GSE27390_1	0.00561718856747997	0.114353768263851	0.00912766819456471	0.000464860404346032
GSE29106_1	0.0209748932928705	0.120380366660099	NA	NA
GSE29107_1	-0.0143721633394667	-0.081920227244181	NA	NA
GSE29107_2	0.00349924621166657	0.00362642929741098	NA	NA
GSE29745_1	-0.0351552931061567	-0.218175662468401	NA	NA
GSE29745_2	0.00490952379768579	-0.0363722593100425	NA	NA
GSE29745_3	-0.00681923283496657	0.001278779672804	NA	NA
GSE35546_1	0.00307577516166473	0.12598397365976	NA	NA
GSE35546_2	0.0152240817372891	0.17943396884509	NA	NA
GSE35546_3	0.0143694796387575	0.145186233804338	NA	NA
GSE35546_4	0.0362826573988568	0.230129660735332	NA	NA
GSE35546_5	0.0315072355264937	0.198266498620477	NA	NA
GSE35546_6	0.0277422136983055	0.191445397579421	NA	NA
GSE35955_1	-0.00821833903605765	-0.0680471846446857	-0.00939250355246553	-0.000349755517786422
GSE35956_1	0.0249262347717149	0.281132516131343	0.0240444290303738	0.0164576802507837
GSE35957_1	0.0205168958112656	0.12592453547636	0.0235435891689594	0.0282622041326286
GSE35958_1	0.0358522618263841	0.27424387326663	0.0433834374311743	0.00793763931366959
GSE39340_1	0.00170370856612314	0.0456021913341908	0	0.00283254043675387
GSE39340_2	-0.000656764011634062	0.106413898302847	0	0.00683371298405467
GSE39340_3	-0.000650466546420304	-0.071201675135444	NA	0.000753853026580299
GSE39795_1	0.0117965073258588	0.010498654881833	NA	0.00552029782861033
GSE39795_2	0.00399258735293087	-0.03388169386536	-0.00537514069862831	0.00563710608712216
GSE39795_3	-0.000513745422746899	-0.0545943615628727	0	0.0013015375791401
GSE41038_1	-0.00304922527708962	-0.0216804780325261	NA	0.00126633749636944
GSE41038_2	0.00305838600969112	0.0216345083003298	NA	-0.000988142292490119
GSE41038_3	-0.000969273427802228	0.0037263989562988	NA	6.5947242206235e-05
GSE41992_1	-0.00870479296177635	-0.0480864645257495	NA	NA
GSE42235_1	-0.00391709450042027	-0.022829853382901	3.76809334476755e-05	-0.00925459719789842
GSE42235_2	-0.000590180580611659	-0.0624274700265575	0.000719063545150502	0.00299094465721024
GSE42235_3	-0.00524780784098322	-0.0255042469151079	-0.00587125416204218	-0.00547182269150233
GSE42235_4	-0.00787005523374596	-0.0149101784517834	-0.0079336080846172	-0.011468313103097
GSE45233_1	-0.00594027648006228	-0.0832662066388403	NA	-0.00410099850398358
GSE45233_2	0.00419110928665069	-0.044689280009511	NA	2.91706776348413e-06
GSE45233_3	-0.00102487430218117	-0.0143922248019782	NA	-0.00609756097560976
GSE45233_4	-0.0110631471535696	-0.0548274054210382	0	-0.00828065351229079
GSE46053_1	0.00167037412447942	0.0146401189803225	0.00368089291398406	0.00391310666964886
GSE46053_2	-0.00217653581405937	0.00993437726941569	-0.000245922679382756	0.00422973124856965
GSE46750_1	0.00734678824381687	0.0905925457820664	0.00554967121232181	-0.00196650069548633
GSE51588_1	0.00614981926632898	0.0327042420627236	0.00789637918408099	0.00227963525835866
GSE51588_2	0.0157282322785765	0.0705101998151943	0.0190961254466199	0.00495021834061135
GSE51588_3	-0.0103862350115508	-0.0585761859685238	-0.0117131853109268	0.00273224043715847
GSE52817_1	0.0134017649237006	0.0661048152839465	NA	NA
GSE52817_2	-0.0516599976445004	-0.313682632590068	NA	NA
GSE52817_3	-0.024413683289541	-0.128234219555733	NA	NA
GSE52817_4	0.0524885815025758	0.304048246941116	NA	NA
GSE55235_1	0.00221394761461071	-0.00264555521017622	0.00430489875300962	0.000410855954779526
GSE55235_2	0.00698856907796156	0.0482269702173377	0.00971395052522695	0.00150086942461948
GSE55235_3	0.0050884160052572	0.0574376180635847	0.00571804207983672	-0.00709803554127006
GSE55457_1	-0.00115413107610716	-0.0183571422890298	-0.00222210323409724	0.00268583830710798
GSE55457_2	0.0013650240499008	-0.0461867558681074	0.0013586493391353	0.00695009854525533
GSE55584_1	0.00242293478571724	0.0575599133602021	0	0.00511244625730349
GSE57218_1	0	-0.0305694351104246	0	-0.00419201646195511
GSE60762_1	0.0113458101516429	0.138490925649454	NA	0.014456416285127
GSE62914_1	-0.000949480458269172	-0.0168876645063048	NA	-0.00403611934045546
GSE62914_2	-0.0015637066895731	-0.0442407713325495	NA	-0.00512373092486776
GSE62914_3	-0.00997459701890214	-0.066130318913488	0	-0.00399399937063924
GSE62914_4	0.0234268512113466	0.140639207140534	0	0.00231821201965552
GSE64394_1	-0.00667342359847675	-0.0951348173374382	NA	0.00524427130288615
GSE66635_1	0	-0.0337402335134901	NA	-0.0116279069767442
GSE68038_1	0.0142236383050402	0.0225847683502966	0.00151285930408472	0.00940505155833623
GSE68428_1	0.00359132759891148	0.0366504350483878	0.000698420322861265	0.00454169199240896
GSE68428_2	0.00210077502428678	0.0102004036625167	-0.00274712815875166	0.00215480246908621
GSE68428_3	-0.0050667750765165	-0.0119269316652739	-0.0019944692840522	0.00183968995314461
GSE69459_1	-0.00976756155047344	-0.0674523473518681	NA	NA
GSE69459_2	0.00132320114146029	0.0334379026347136	NA	NA
GSE69459_3	0.00366833915346103	-0.0550561668775174	NA	NA
GSE69459_4	-0.00656652330570897	-0.0820489116733804	NA	NA
GSE69992_1	-0.0115878407293373	-0.0855380497113335	-0.0123891286816088	0.00122472765496225
GSE7116_1	0.0162767624020888	0.091456710827154	0.01877854905262	0.00907911802853437
GSE7116_2	-0.000811154743967085	0.0114854692497308	0.00367647058823529	-0.000592175120477007
GSE7116_3	-0.011613788802094	-0.0815424868012997	-0.00767978747287286	-0.00822050433744458
GSE72575_1	0.00932165752684019	0.154687363037403	0.0054678007290401	0.0091228931435117
GSE72575_2	0.00521347364977235	0.117980242655172	0.00573137529906773	0.00445245717601952
GSE72575_3	0.00762958959680271	0.0811593000614427	0.00895661643190947	0.0055524139393511
GSE72575_4	0.04	0.13315849719879	0.0384615384615385	0.0101572061587551
GSE75181_1	0.00212852006381937	0.0135384834847422	0.00246031903561531	0.00271132376395534
GSE75181_2	0.00743553808397406	0.0370704751784985	0.00830815430928718	0.00195820197997898
GSE75181_3	0.00464918187708448	0.0232573458920592	0.00517381980354881	-0.000221773199940861
GSE75230_1	0.000619389515699417	0.00722732068463715	0.000627798566850821	-0.00153934919613002
GSE7669_1	-0.000683060109289617	-0.0493026873480743	-0.00276243093922652	-0.00211619853789919
GSE77916_1	0	0.0477091933299453	0	0.00194152338586815
GSE80614_1	-0.00138504155124654	0.0300558549057826	-0.00169204737732657	0.00652863065020284
GSE80614_2	-0.00852843451259649	0.0291656909883675	-0.000339602925809823	0.00394767620245397
GSE80614_3	-0.000726744186046512	0.0407255396581848	0	0.00977477177950243
GSE80614_4	-0.00523228266898584	-0.0305623253306636	-0.00624115350879164	0.0010260629580605
GSE80614_5	-0.00892998465027281	-0.0418442897084013	-0.0110863255243029	-0.00464170704555419
GSE80614_6	-0.00242388182201251	-0.0122333153839218	-0.00211428286566607	-0.00179461305589762
GSE80614_7	-0.000774712842346267	-0.000419761119424113	0.000556183691079068	0.00768888431466577
GSE80614_8	-0.00611537921745305	-0.0187065257921678	-0.00858255392781743	-0.00314743194658449
GSE80614_9	-0.00140646976090014	-0.0291056191126993	-0.00173310225303293	-0.00666557114393115
GSE80614_10	0.00277514979501735	-0.0109533806963442	-0.00242718446601942	-0.00454990522902238
GSE80614_11	-0.000736377025036819	-0.0574304079430558	NA	-0.00746296193797162
GSE80614_12	-0.00993780875764208	-0.0238138768292408	-0.0125853873075482	-0.00376675855155996
GSE80614_13	-0.00773696254652462	-0.046428335822243	-0.0108104215056087	0.000713512524584166
GSE80614_14	-0.00690882404127883	-0.0361475241181791	-0.00865682742456371	-0.00337543203922514
GSE80614_15	0.00303359566725903	0.0286889844531344	0.00410948358603863	0.00256326921072158
GSE80614_16	0.00739992682172472	0.0566620046323076	0.00886006548284809	-0.000363206054996426
GSE85254_1	0.00391579939284166	-0.00780386306631032	0.00172475958554517	0.0037298740974772
GSE86578_1	-0.00705558579810077	-0.051756209689393	-0.00808939318765235	-0.00595219755672978
GSE86578_2	-0.00065035638025924	0.0254907993573884	-0.000455455275490514	-0.00624582004222335
GSE86578_3	-0.00377477868320779	-0.00324965875474624	-0.0040448999171042	-0.0069731273749094
GSE9329_1	-0.00735226696501512	-0.0576565522306751	NA	NA
GSE93698_1	-0.0156224050222584	-0.120014451805066	-0.0241436682517407	0.00151446365170828
GSE93698_2	-0.0144047314253551	-0.127345987282889	-0.0212237146675055	7.89988389596546e-05
GSE93698_3	-0.0169288807938861	-0.128820722605886	-0.0220038569288479	-0.00367053620784964
GSE93698_4	-0.0170845658748408	-0.139375295227965	-0.0239530194802254	-0.00255121951219512
GSE93698_5	-0.0118786456044297	-0.110333015460404	-0.0181110843601891	-0.00278458980186437
GSE93698_6	0.000391288689058344	0.027682466634671	0.00154375299952008	-0.00380926425067384
GSE93698_7	-0.00505512389579278	0.00399181533921325	-0.00594283239933739	-0.00200895730112684
GSE93698_8	1.46476055362431e-05	-0.0085155790790223	-0.0112531147013906	-0.00272746943505614
GSE93698_9	0.00335798825506952	0.0014651834060803	0.000838030638626459	-0.00105105995646752
GSE93698_10	-0.00269538646982135	-0.0157392698502955	-0.00601251016607999	-0.00229634451216
GSE93698_11	0.00132888259146325	-0.03400415216292	-0.00731320980274955	0.0049777235984733
GSE93698_12	0.00627894500008177	-0.0160652010377502	0.00152373023487623	-0.00203565067955175
GSE93698_13	0.000309878438698313	-0.0105896791972357	3.46831489739935e-07	0.00296999142449581
GSE93698_14	0.00296125076363014	-0.00324326075979201	-0.00113935816908526	-0.000929632619224224
GSE93698_15	0.00545606317519571	0.00646547043471664	0.00559883184332732	-0.00250303701809554
GSE93720_1	-0.000253637608158377	-0.00336120905290512	NA	NA
GSE93720_2	0.00348457187532931	0.00786300757784925	NA	NA
GSE93720_3	-0.00159366705283398	-0.017699668629864	NA	NA
GSE93720_4	-0.000909268922775402	-0.0298834869233682	NA	NA
E-MTAB-5564_1	-0.00397725494390486	-0.0832982602302152	-0.00324140321066047	0.00184773152460947
GSE77753_1	0.00169222729423324	-0.0841882762016131	NA	0.01295466968941
GSE43861_1	0.00294616913409284	0.0134935690390745	NA	NA
GSE112809_1	0	0.0693629383682183	NA	NA
GSE111946_1	-0.0142897758268018	-0.0607276451382988	NA	NA
GSE111946_2	0.00065359477124183	-0.0856028324858872	NA	NA
E-MTAB-3201_1	-0.00895896620987599	-0.040171653214659	-0.00861278486236715	0.00128907042090322
E-MTAB-6700_1	0.0072957515913681	0.0329525753103226	0.0092157618809798	0
GSE54749_1	0	-0.0384194914230724	NA	-0.00236593059936909
GSE57218_B_1	-0.00293689801855811	0.0424455226691334	-0.00412796697626419	0.00421945342385979
GSE57218_B_2	-0.00304271161654429	0.0512425528717011	-0.00489095313479864	0.00180803024468793
GSE57740_1	-0.000727802037845706	0.0261241137312677	NA	NA
GSE52992_1	-0.00188640645237254	-0.13458705204029	-0.00106177875157752	-0.00498702581219527
GSE17160_1	0.0119954014861718	0.0266581471188727	NA	NA
GSE17160_2	0.00726552179656539	0.184061930648191	NA	NA
GSE17160_3	0.00206183625819086	-0.0183522628103139	NA	NA
GSE17160_4	0.00751562701325218	0.0290523878286222	NA	NA
GSE17160_5	0.00135247516845174	0.0605226636587075	NA	NA
GSE17160_6	0.0013986013986014	0.117038094225664	NA	NA
GSE17160_7	-0.00157732818854938	-0.106523771318014	NA	NA
GSE17160_8	0.00753356424742472	0.0586377567277442	NA	NA
GSE17160_9	0.0220547627552525	0.095360981134058	NA	NA
GSE17160_10	0.0179254703157497	0.0641053433532601	NA	NA
GSE17160_11	0.0127273892531716	0.055131145890403	NA	NA
GSE17160_12	0.0301854388900996	0.107059468561599	NA	NA
GSE22971_1	0	0.0965260681720231	NA	-0.000822368421052632
GSE22971_2	0	-0.0637274938352239	NA	-0.0025064498926219
GSE22971_3	-0.0132816431999661	-0.0722491768257193	-0.0140230634006912	-0.00347113749175605
GSE22971_4	-0.023901659925966	-0.134466660478872	-0.0239821507770719	-0.00597997892518441
GSE13590_1	-0.00857639359191237	-0.0214256925267072	-0.00926851636084822	-0.00579477102379935
GSE13590_2	-0.000747384155455904	-0.0443668933663185	-0.000853242320819113	-0.00344529292447202
GSE99731_1	0	-0.0297644295073916	NA	0
GSE99731_2	-0.00696123755334282	0.0111042886009831	NA	-0.0017825311942959
GSE99731_3	0.00790749338219787	0.079512354950144	0.00938605637050322	0.000838926174496644
GSE27492_1	0.0208333333333333	-0.0860915818749684	0.0833333333333333	-0.00287345679012346
GSE27492_2	-0.00300627973997972	-0.0318459873906781	0.00234769846248535	-0.000130879345603272
GSE27492_3	-0.00272597158453785	-0.0536794186442592	-0.00334023842726986	-0.000489084522697969
GSE27492_4	-0.00321804696221453	-0.0338819084929511	-0.00433398019604916	0.00227246930369455
GSE27492_5	0.00532930920117114	0.020174634038387	0.0110974306202429	0.0143639879408294
GSE27492_6	-0.0116582002187645	-0.0303601729594199	-0.0185830395272654	-0.00988733375921947
GSE27492_7	-0.0130317147426573	-0.00398182287228687	-0.0229257996970507	-0.00605583551703286
GSE27492_8	-0.0105505065279555	0.00134371990233451	-0.0126214220289968	-0.00428651904393402
E-GEOD-15069_1	0.00253789435431009	0.0454228255485932	0.00287307179259158	0.00761608991422656
E-GEOD-15069_2	-3.03997568019456e-05	0.0310051750298632	-0.000784929356357928	0.00155796387520525
E-GEOD-15069_3	0.00773632955420816	0.0297103628462485	0.00832612655439119	0.00542129070874177
E-GEOD-15069_4	-0.00414631664631665	0.0485349377999634	0.000750750750750751	0.00249322421914059
E-GEOD-15118_1	0.0175097276264591	0.199859954050973	NA	NA
E-GEOD-15118_2	0	-0.106541935391124	NA	NA
E-GEOD-15118_3	-0.00697837162455164	-0.117342546896271	NA	NA
E-GEOD-15118_4	0.00871219418973635	0.0672100671882705	NA	NA
E-GEOD-16007_1	-0.00346135289825932	-0.0207164059957075	NA	NA
E-GEOD-17473_1	-0.00342883814447795	-0.0691990651233904	NA	-0.00960067925956615
E-GEOD-18647_1	-0.00308647813613292	-0.0217444850259882	NA	-0.000557567444752036
E-GEOD-18647_2	-0.00187757922667206	-0.00608164755905669	NA	-0.00538566263957533
E-GEOD-18647_3	0.000568129997263855	0.00683055719434169	NA	7.10017951397262e-05
E-GEOD-18647_4	0.00192519109825163	0.0171059587185595	0.000837516261774083	-0.00213538897749424
E-GEOD-18648_1	0.00138407507452993	0.0288847391174313	0.00190764501843535	-0.000768049155145929
E-GEOD-18648_2	-0.00463220141825455	-0.0948296917455787	-0.00546877689634853	-2.55247896757331e-05
E-GEOD-2154_1	1.08347484171418e-05	0.0422722763993567	3.04651222453116e-05	0.000667909288598944
E-GEOD-2154_2	0.00389828583044848	0.0221106277014295	0.00841772151898734	0.00479330569200043
E-GEOD-2154_3	0.00415174712927522	0.0832174091078324	0.005965349102604	0.00321732520265
E-GEOD-2154_4	0.00447188608216214	0.0811829255955485	0.00557474035501231	0.00424420726144864
E-GEOD-26475_1	0.00817783081004927	-0.00329848097833416	0.00748157032902618	0.00218766784703284
E-GEOD-26475_2	0.00559139784946237	-0.0831794649476112	0.0416666666666667	0.00680831826401447
E-GEOD-26475_3	0.00816154598695576	-0.149201733601331	0.0170473479670123	0.00233701876380224
E-GEOD-33567_1	0.0282144037415601	0.135410901138226	NA	NA
E-GEOD-33567_2	-0.00656800802342623	-0.0117101875381694	NA	NA
E-GEOD-37287_1	-0.00167368269174408	-0.00959251031782729	NA	NA
E-GEOD-37287_2	-0.0175799525016441	-0.141459025604309	NA	NA
E-GEOD-37287_3	0.00548087826641732	0.0481423978642356	NA	NA
E-GEOD-51994_1	-0.0143850667153394	-0.124612948974018	-0.00828446715876904	-0.00487841071395448
E-GEOD-51994_2	-0.0196018012726162	-0.127890886160603	-0.0145317731524628	-0.0029600561192593
E-GEOD-51994_3	-0.00739589588366261	-0.0695387826288169	-0.00190258751902588	0.00156962193161288
E-GEOD-65077_1	0.00424328147100424	0.130456491422474	NA	NA
E-MEXP-1244_1	0.0186050288509305	0.288217566715426	NA	NA
E-MTAB-1123_1	0.00400664405939537	-0.0604346185151295	0.00174845688355345	0.00212464589235127
E-MTAB-1123_2	0.00555172968593176	-0.015250575544482	0.00698892669636697	0.003382949932341
E-MTAB-1123_3	-0.00164008327024717	0.0499267844299897	-0.00094573844524823	-0.000605887327967689
E-MTAB-1123_4	0	-0.0241496476604579	0	0.000363917380918926
E-MTAB-1391_1	0.0097444847744397	0.131574342228955	0.0110582772336973	0.00941619585687382
E-MTAB-1391_2	0.0379858580609898	0.168983159547162	0.0394902291649627	0.0159716060337178
E-MTAB-1391_3	0.0375931146563067	0.143379087327404	0.0396251107015477	0.0130693057495357
E-MTAB-2450_1	-0.00108296555293389	0.0155256738112183	-0.00124525952340522	-0.00193783022716644
E-MTAB-2450_2	0.00341796962086612	-0.122703660146358	0.0016001666921867	0.000869241243788392
E-MTAB-2450_3	-0.0182316841372706	-0.109084687932354	-0.0203823916828939	-0.0145942810822898
E-MTAB-2450_4	-0.0173858786117411	-0.00821656888900414	-0.0200040087104932	-0.0211911812922679
E-MTAB-5023_1	0.00177150751295687	0.0451653713116279	NA	0.00577132331373601
E-MTAB-5326_1	0.000541481447881702	-0.0315128963051565	NA	NA
E-MTAB-5326_2	-0.00698778800860335	-0.0817553507904039	NA	NA
E-MTAB-5326_3	0.00209615874121888	0.00568673554773764	NA	NA
GSE102588_1	0.000653289130181324	-0.0690818562273844	0.00167224080267559	0.00145687645687646
GSE104793_1	0.0199784464478672	0.0767819178811016	0.0223150295503637	0.00637371855628547
GSE104794_1	-0.00709839341199421	0.00840994555651052	-0.00764375367209201	-9.41312535702428e-05
GSE104795_1	-0.00737312872038827	0.00448717679103224	-0.00780798286675295	-0.00467721017649626
GSE105139_1	0	-0.0205253743279274	NA	-6.01883379076469e-05
GSE105139_2	0.00458318257074877	0.0757510631439581	NA	0.000970873786407767
GSE105139_3	0.00771525714465038	0.091158085124797	0	0.00208190291024534
GSE10555_1	-0.00281022359209567	-0.015980868109107	NA	NA
GSE10556_1	-0.00417454816281796	-0.0199485610542803	-0.00606786203737727	-0.00434469683670962
GSE106631_1	0.0169296695483613	0.143843312639246	0.0207323430892114	0.00570238848227463
GSE13104_1	0.025911183424787	0.142948861263072	NA	NA
GSE13104_2	0.00861927878950445	0.0459667814003977	NA	NA
GSE13104_3	0.00311778954367577	0.0147729840585221	NA	NA
GSE16749_1	0.0249502189411557	0.130260655560946	NA	NA
GSE16749_2	0.00144128464643267	0.11232791096255	NA	NA
GSE16749_3	-0.00954691789170053	-0.102240854722339	NA	NA
GSE17348_1	-0.00651020819517414	-0.0863013763280353	NA	NA
GSE17563_1	-0.0282439523503422	-0.102925940749502	NA	NA
GSE17563_2	0.0126164243607699	0.0300969001236739	NA	NA
GSE17569_1	0.0121220579850672	0.0274955031173913	NA	NA
GSE17569_2	0.0245562179900528	0.0751457193302233	NA	NA
GSE17570_1	0.0174198445926628	0.0322770630212221	NA	NA
GSE17570_2	0.0124605546577816	0.0441162975609652	NA	NA
GSE18991_1	0	-0.168091596593862	NA	-0.00666152575366362
GSE18992_1	0	-0.00460875994162256	NA	0.00264716126785092
GSE19299_1	-0.0162711663745669	-0.0946028269838189	-0.0180882644393461	-0.0084528348806366
GSE20850_1	0.000839051289031536	0.0359321716187095	NA	NA
GSE21093_1	0.013086605432432	0.0395519821911723	NA	NA
GSE21523_1	0.00367445831333672	0.00795065696908326	NA	NA
GSE21639_1	0.0119089384908205	-0.0165553816460413	NA	NA
GSE21639_2	0.00398705134702801	0.113341490999728	NA	NA
GSE21639_3	-0.00524196019941157	-0.106342680339039	NA	NA
GSE21639_4	-0.000693432911065012	0.00141457332688587	NA	NA
GSE21710_1	0.0231545546684244	0.0956662433763422	NA	NA
GSE21710_2	0.0260672038931821	0.115682245106927	NA	NA
GSE21710_3	0.0204589015346425	0.0878570954485501	NA	NA
GSE22925_1	0.000308839150627846	-0.0184094431507381	0.000446244288500135	0.00077639751552795
GSE22925_2	-0.00103102524147816	0.00829997661275284	-0.00364230095337992	-0.00202742387277492
GSE26499_1	-0.0100841860874146	-0.0983058691333551	NA	NA
GSE30160_1	0.0133498159757806	0.0779603055365627	0.0144848032813921	-0.000256435190749318
GSE30628_1	-0.0299957791516095	-0.193962514906985	-0.0319140781964597	-0.00836141210705671
GSE30628_2	-0.00692502188832283	-0.0439453890333209	-0.00859797237143788	-0.00510663275288593
GSE32163_1	0.00749009281131807	0.0264989101932879	NA	0.00350120226837463
GSE33656_1	0.0187075287816146	0.103650165174424	NA	NA
GSE33754_1	0.00129448385262339	-0.00508294335596272	0.00223214285714286	-0.00174503411019667
GSE33754_2	0.00447602847730571	0.0353653776088504	0.00602238543431971	-0.00038411568660679
GSE33754_3	0.00174769697610974	0.0113342063069556	0.00300769669849041	-0.000116209670940122
GSE34570_1	0.000237896222013652	0.049340865702856	NA	NA
GSE35003_1	0.00104489536692462	0.0307487693463791	NA	NA
GSE35466_1	0.00993192626910308	0.198291644239746	NA	NA
GSE35466_2	-0.0102451521412713	-0.114933549714195	NA	NA
GSE35466_3	0.0130517735709683	0.147269604038988	NA	NA
GSE35466_4	0.00108967482929028	-0.021009304799423	NA	NA
GSE35466_5	0.00356207466313401	-0.146355744256902	NA	NA
GSE36925_1	0	-0.0170093098730478	NA	NA
GSE36925_2	-0.00290993195424904	-0.0106251951531942	NA	NA
GSE36925_3	-0.0010917289417349	-0.004520356608363	NA	NA
GSE37219_1	-0.0369950086195833	-0.187639509497412	NA	NA
GSE37676_1	0.000823283442805355	0.0442407596433525	0.000943220049663125	0.000930779985728918
GSE41342_1	-0.00124777298435507	-0.0153067953643369	-0.00391881478896788	-0.00292579695799466
GSE41342_2	0.00332558044640307	-0.0110103892203593	NA	-0.00164688252923547
GSE41342_3	0	0.024370110392627	NA	-0.00161504033021316
GSE41342_4	0	0.0634500502243051	0	0.00101010101010101
GSE41997_1	-0.00412459068055604	-0.0179565852347585	-0.00181159420289855	-0.00189192405701325
GSE43242_1	3.50797186606563e-05	0.0971302952374936	0.000838517397166308	0.000941278586846243
GSE43242_2	0.000643500643500643	0.0659013732510174	0	0.00167614576750624
GSE43663_1	-0.000730994152046784	0.0485457925833172	0	-0.00380967604433077
GSE43854_1	-0.0139038661391446	-0.0389456458149388	NA	NA
GSE45656_1	0.0109003421757348	0.0599113317949306	NA	NA
GSE45656_2	0.0401800306315526	0.174539346274804	NA	NA
GSE45656_3	0.0302268349023658	0.12911438088015	NA	NA
GSE45793_1	-0.0252210417795174	-0.210391105535365	-0.0267843118138043	-0.00250836120401338
GSE45793_2	-0.0174214086102368	-0.171852234933444	-0.0112212349054454	-0.00537125371843426
GSE45793_3	-0.0409772116327072	-0.258107601736905	-0.0526525110273035	-0.00342933225921948
GSE45793_4	-0.0382230377688441	-0.221682855695933	-0.046305769006375	-0.00804565033054937
GSE45793_5	-0.0357767133173596	-0.219751503303787	-0.0445801893031876	-0.0141500655873128
GSE46390_1	0.000765406498969302	0.0568161358298431	NA	NA
GSE48438_1	0.000557320942140029	-0.0237799650971133	NA	-0.00394259116962604
GSE50549_1	-0.00441583929808358	-0.00713776543640304	-0.0056314226992464	-0.00399290725065362
GSE50549_2	0.00235092082145839	-0.00977131527207465	0.00313418169088272	-0.000105590249494675
GSE51098_1	0.001336908920134	0.0418791217415856	0.00321136661797766	-0.00075187969924812
GSE53857_1	-0.000694441776387827	0.0268757654555365	0.00167224080267559	0.00203353619694431
GSE53857_2	0.0168547216629992	0.0406681046814569	0	-0.00135426269095817
GSE53857_3	0.00145985401459854	0.0479288102671361	0	0.0106568059113174
GSE53982_1	0.00636577766471611	0.0485250598546478	0.00729090236026209	0.00283717951624742
GSE53982_2	0	0.0248558540340756	0	0.00624611241611966
GSE54779_1	-0.0222985809429343	-0.0980281765401781	-0.0250739200249839	-0.0100099084564
GSE55900_1	0	0.0274819088939097	0	0.011098018917817
GSE57104_1	-0.0074196806671852	-0.0351410563675487	NA	-0.00901623499337848
GSE59387_1	0.008168580405652	0.0836604663851741	NA	NA
GSE60401_1	0.053118840508449	0.341274682888238	NA	NA
GSE60401_2	-0.0100315470115363	-0.0847996715822127	NA	NA
GSE60651_1	-0.00415134614682097	0.0178884856133339	NA	NA
GSE60737_1	0.0114572034116637	0.0586307750549482	NA	NA
GSE60761_1	0	0.00453868528762385	0	-0.00326900059844405
GSE60761_2	0	-0.0417904475480163	NA	-0.00247675845272031
GSE60761_3	0.000675675675675676	0.060271383212605	0.000813008130081301	0.0051575452590257
GSE60761_4	0.00206327372764787	0.0807707794921934	0.000814332247557003	0.00418760469011725
GSE63017_1	0	0.0599811216148664	NA	0.00366468443335046
GSE63017_2	0	0.0701473094896057	NA	0.00301240907145914
GSE63017_3	-0.00269395125524412	0.0217973906046256	-0.0333333333333333	-5.71895424836604e-05
GSE63017_4	0.0014367816091954	0.0237707943295345	NA	-0.00103710893166039
GSE63939_1	0.00479205252495054	0.00998835218612571	0.00531491698910089	0.00615007384023766
GSE63939_2	0.0186001971929191	0.102526581862255	0.0215642089335616	0.0136467532467532
GSE64141_1	0.0049555695937793	0.0599794598014038	NA	NA
GSE64965_1	0.0505114663203216	0.274821609337263	0.0550245036182105	0.0247325277499773
GSE65745_1	0	0.0121597812215448	NA	-0.000977508768714897
GSE65745_2	0	0.0259076409660875	NA	0.000211984171848502
GSE65745_3	0	0.0452076209561259	0	0.00976351351351351
GSE66416_1	-0.00283632775892838	0.0463253445156705	NA	NA
GSE66862_1	-0.00184778552771319	0.110951266603438	-0.00223613183735883	-0.00259067357512953
GSE69108_1	-0.00374240764864461	-0.0744997771432547	-0.00516528221815721	-0.00157977883096367
GSE71565_1	0.00123050462860459	0.0657697778082679	NA	NA
GSE72261_1	-8.58452396948388e-05	-0.0189626225462032	0.00530972272188245	-0.00362928423785031
GSE72261_2	-0.00339500929064226	-0.0331568233835556	-0.00526701933783533	0.00372817955112219
GSE72261_3	0.00297845522301455	0.0098224601047918	0.00549540404894829	0.00283668301946511
GSE7683_1	-0.00737695204615719	0.113135608388133	-0.0215675477239354	0.00180128213531903
GSE7683_2	-0.00569150869273307	-0.0412319517097233	-0.0134862917818976	0.000420567340018047
GSE78980_1	-0.00231759568446802	-0.00195581751761938	NA	NA
GSE78980_2	-0.0227272727272727	-0.0740078092713883	NA	NA
GSE78980_3	-0.00335524872710191	-0.0156030064434633	NA	NA
GSE78980_4	0.0102352327069442	-0.0510513522430142	NA	NA
GSE78980_5	-0.00072992700729927	0.0326855515909018	NA	NA
GSE78980_6	0	-0.0223919999697232	NA	NA
GSE78980_7	-0.00237564441557226	-0.0203467759645115	NA	NA
GSE78980_8	0.00271494041152173	-0.00911171912181918	NA	NA
GSE78980_9	-0.0006633133946013	0.00175721340945203	NA	NA
GSE78980_10	-0.000796711221947988	-0.00901063106136946	NA	NA
GSE81399_1	-0.00723255861258591	0.034282906181694	NA	0.00131947885224967
GSE84609_1	-0.00487202750178668	-0.0608468522012421	-0.00572253463930331	-0.000119720333301408
GSE84907_1	3.04839347560076e-05	-0.0754148398615762	0.000557318048762583	-0.00119611625696818
GSE84907_2	-0.00302996924669984	-0.0662537757570354	-0.00367838666077306	0.000299860764561513
GSE84907_3	-0.00763402854084994	0.00828249596683153	-0.00840139111406354	-0.00623687028454188
GSE90127_1	0.012139701077169	0.0594032201086476	NA	NA
GSE90127_2	-0.0166446888110908	-0.070460478331656	NA	NA
GSE90127_3	0.0196594866838808	0.0912971790202436	NA	NA
GSE9247_1	0.00507243022311125	0.068396407177484	0.00586592381093105	0.00137688232079014
GSE9247_2	0.00554900829451198	0.0222781095328144	0.00602742138815471	0.018415441418536
GSE9247_3	-0.00310590542220355	-0.00360390071376551	-0.00354613073793662	-0.00505332557688579
GSE99306_1	-0.0345497206585497	-0.198989091345007	-0.0418391028224406	-0.0138124179696222
GSE99306_2	-0.0397170581899167	-0.219365872305043	-0.0531914337350861	-0.00954369608848193
GSE99306_3	0.00141877910569205	0.0562629409602523	0.00137804021282669	0.00142095802319105
GSE99306_4	-0.0379109404416653	-0.200967860318942	-0.0484917177552855	-0.0121413667188315
GSE99306_5	-0.0274657094624051	-0.15613616216834	-0.0333951599154563	-0.0162527622567432
GSE99306_6	-0.0277430693117734	-0.159022051656709	-0.0377301376102367	-0.0140910499982891
GSE99306_7	0.000695787793432774	0.063526102940391	0.0018348623853211	0.00189602158200377
GSE99306_8	-0.038704619638806	-0.214525202077277	-0.0502127979514369	-0.0227563509031834
GSE99306_9	-0.0326357896206325	-0.177977158415359	-0.0417435160813599	-0.0121456569902857
GSE99306_10	-0.00158226642655652	-0.0196885206961861	-0.00130620806011734	-0.00588937441611678
GSE99306_11	-0.0357974777302448	-0.196346011911701	-0.0437491089545565	-0.013153583170404
GSE99306_12	-0.0306951234219036	-0.179177042758502	-0.0402645582628381	-0.00699979586709377
GSE99306_13	-0.00409673468010379	-0.00778048244326986	-0.0031484683873497	0.000149666129403638
GSE99414_1	0.00201538018389515	-0.0537717644366991	0.00229689187567503	0.00246497710759431
GSE110581_1	0.0112015107018265	0.120220491139374	0.0113414502434242	0.0101133656789358
GSE110581_2	0	0.0702329012487124	0	-0.000634665236435148
GSE47799_1	5.57315048275015e-05	-0.0529909391425146	0.000101499485735939	-0.00112968232161112
GSE47799_2	-0.00457451199997369	-0.0789076440837375	-0.00565596768357426	-0.00922170586302399
GSE47799_3	0.00421888371765864	0.034484774702865	0.00527005589174651	0.00429571678633944
GSE111628_1	0.0147058823529412	0.134825625929883	NA	NA
GSE111628_2	-0.0166666666666667	0.275246221208688	NA	NA
GSE111628_3	0.00768245838668374	0.276410295315661	NA	NA
GSE5657_1	0.00137741046831956	0.0475545021966885	0.00171821305841924	0.00354873141286745
GSE5657_2	0.000717360114777618	-0.0264294133767944	0.000862068965517241	0.00711281506491503
GSE13782_1	-0.00313624418629504	-0.116323747762768	-0.00144174526577466	0.000893320367761085
GSE41039_1	2.34489580135749e-05	-0.0642255935853096	0.000113122171945701	-0.0097728871470204
GSE84198_1	0	0.0554634703387131	0	-0.00140818973503798
GSE84198_2	0.00218212688619461	0.0235640804884331	0.000902909647779479	0.000656781547778074
GSE84198_3	-0.0208179988542889	-0.0785452140814342	-0.0229133007004804	-0.00342885375494071
GSE114469_1	0.0139250381080252	0.0685589803952465	NA	NA
GSE108036_1	-0.00148017123308705	0.187210416578702	0	0.000168476586568084
GSE60451_1	-0.00359472839078343	-0.0815712777172267	-0.00583633274228797	-0.00170068027210884
GSE47902_1	-0.00072992700729927	-0.117133826958641	NA	NA
GSE44325_1	0.00744746761216971	-0.0251924722015693	NA	NA
GSE4481_1	-0.00581395348837209	-0.22175128653486	NA	-0.0157787207292158
GSE4481_2	0.00227347615982066	-0.0173620752460222	-0.00780427210351517	-3.2430673668973e-05
GSE4481_3	0	0.00574314408116569	NA	-0.00358663609564363
GSE102292_1	0.0148251033256274	0.140709833331695	NA	NA
GSE102292_2	0.00139694237579951	0.0228066350091389	NA	NA
GSE102292_3	-0.00754107761208228	-0.118530928781918	NA	NA
GSE102292_4	0.00401887360713669	0.0113108257359252	NA	NA
GSE41898_1	0.00217286845662194	0.0201041854052739	0.00235002769175924	-0.00209305961378805
GSE87605_1	-0.0074943334946064	-0.0311063674244474	-0.00948662234094735	-0.00603349299400048
GSE87605_2	0.00204252278975405	0.0311770143818855	0.00232395059961591	0
GSE87605_3	-0.0018877754036376	0.00483099626945795	-0.00360516096961021	-0.00161290322580645
E-GEOD-54216_1	-0.00778339994309644	-0.0120488288474111	-0.00929486323360938	-0.003905147742552
E-GEOD-54216_2	0.00121213137453435	0.0261955031959994	0.0014009388264918	-0.00414608591528214
E-GEOD-54216_3	0.0106388634384155	0.0742923991069236	0.0132212856829234	0.00665987265719404
E-GEOD-6119_1	0.00526768464787562	0.0298181619329702	0.00607689443747736	0.00550885814043709
E-GEOD-6119_2	0.00485702607692428	0.0273627034014883	0.00502460537851854	-0.000463245364669053
E-GEOD-6119_3	0.0051961031565303	0.0174854108638268	0.00470116537026187	0.00303727294173154
E-GEOD-8077_1	-0.00752368402067936	-0.00651059887563828	-0.0122531824004415	-0.00278462774652961
E-GEOD-8077_2	-0.000699015255880402	-0.0768142486968188	-0.00093107257456471	-0.000890902681934759
E-GEOD-8077_3	0.00298217184154398	-0.0433640141138819	0.00599010945743759	-0.0055900715932162
GSE103416_1	-0.010548540812182	-0.0860633524171123	-0.0122955146940303	-0.00367513611615245
GSE103416_2	0.00252273497347389	-0.0587925406720364	0.0031516158083363	-2.70624793051629e-05
GSE103416_3	0.00187080629092052	-0.0443316032745099	0.00222976705137521	0.00164622089116704
GSE19950_1	0.00848347631582537	0.0449871105215973	0.0102091926105425	0.00644876783398184
GSE30322_1	-0.00276074706737073	-0.0887766570834854	-0.00425839329972169	0.0018718243111198
GSE30322_2	-0.00322421602602074	-0.0961869085553586	-0.00643439141180105	0.00247340070607932
GSE30322_3	-0.00128933975591905	-0.117186460036367	-0.00189072387714153	0.00731767234761247
GSE42295_1	-0.00072992700729927	-0.078162632545886	NA	-0.00726530553448418
GSE42295_2	0.00412833945419532	-0.0240798522353974	0.00591501970958677	0.00380862213140914
GSE42295_3	0.0015421655342733	-0.0341915124778621	0.00424206208104513	-0.00040571700951022
GSE66554_1	-0.00198728298767779	-0.0159137948480634	-0.00198605671392743	-0.00418837283244063
GSE66554_2	-0.00420330548217161	0.0389711907126079	-0.00393399021937143	-0.0042121591790466
GSE66554_3	0.00120144195205721	-0.00614168302025743	0	0.0017921146953405
GSE66554_4	0.035118025156749	0.224294222641242	0.0417137497557207	0.00892857142857143
GSE74898_1	5.09024641370326e-05	-0.10184716697795	-0.000173747434985823	-0.000167670802922153
GSE74898_2	0.00160667206657773	-0.0520222128885304	0.00251889860968742	0.00242195846176734
GSE74898_3	-0.0036055293349515	-0.0675026707745378	-0.00427831251740857	0.010660865766927
GSE79176_1	0	-0.00710387825939392	NA	NA
GSE79176_2	0	-0.0982488540879427	NA	NA
GSE79176_3	0	-0.0986079026786795	NA	NA
GSE85785_1	-0.00139747609494747	0.0359815065578903	0.00454545454545455	-0.000160758364620714
GSE16981_1	0.00942726579322169	0.0335074794083236	0.0107293554301127	0.0145115700931397
GSE16981_2	0.0212960388476035	0.115240948012956	0.0245300744251731	0.00598430498479255
GSE16981_3	-0.00632587176820219	-0.0370495673305804	-0.00661015963906024	0.00235478806907378
GSE16981_4	-0.00632587176820219	-0.0370495673305804	-0.00661015963906024	0.00235478806907378
GSE16981_5	-0.000505976517048059	0.0236187497791899	0.000158531993737986	0.000220536344389555
GSE16981_6	-0.00205946870463699	-0.108890648688369	-0.000974206212424122	-0.00773335788151436
GSE16981_7	0.00821321682892428	0.109750078596615	0.000904159132007233	0.0120240821547928
GSE29859_1	0.0058185013971943	0.060285243285643	0.0121588269454123	0.00407083435282603
GSE29859_2	0.000177203226786377	0.0643187863236558	-0.00224541429475016	0.000679205851619645
GSE23492_1	0.00542504351648377	0.0276423096243123	NA	NA
GSE23492_2	-0.0123263115237537	-0.04160406702521	NA	NA
GSE23492_3	-0.00611674710402058	-0.035282435130648	NA	NA
GSE23492_4	-0.0221033121326376	-0.116078404220677	NA	NA
GSE23492_5	0.00647351340217286	0.0814759906626207	NA	NA
GSE44991_1	-0.00211623275003557	-0.0463184728626164	-0.00441982383264101	-0.00457265054485065
GSE44991_2	-0.00992299029008005	0.00320582577269175	NA	0.0141063268150917
GSE39796_1	0.00117866412207226	0.00576386894639789	NA	NA
GSE39796_2	0.00341530311027095	-0.00642533125621326	NA	NA
GSE39796_3	0.000519405500359883	0.0160477072234156	NA	NA
GSE18394_1	0.00679254678625394	0.0357714594122689	0.00662201923413039	-0.0015626705475714
GSE18394_2	-0.000251943680512999	0.0324999385622117	-0.00242701662419919	-0.0275045537340619
GSE18394_3	0.00508577614734228	0.0151233472054825	0.00370663970531882	0.0103037241272264
GSE29233_1	-0.00037923424072614	-0.021195311832117	NA	NA
E-MEXP-2291_1	0.00169398704856505	0.0213105522255551	NA	NA
E-MEXP-2291_2	0.0130241431380311	0.0461863384440481	NA	NA
E-MEXP-2291_3	-0.0132574600193638	-0.021901919153915	NA	NA
GSE18738_1	0.00248927200627248	0.0748574032686576	0.00266424459570862	0.00104566594874676
GSE107363_1	-0.00275810274624377	0.0290434215080063	NA	NA
GSE85761_1	0.0266398759318456	0.159719789225086	NA	NA
GSE89179_1	0.0239531871471867	0.156339268052746	NA	NA
GSE89179_2	-0.00369599382855529	-0.0739398442095269	NA	NA
GSE89179_3	-0.00324320679783184	-0.0124775237763894	NA	NA
GSE89179_4	-0.00291831983362006	-0.0250012101761432	NA	NA
GSE89179_5	0.0127713008050009	0.0697991535336319	NA	NA
GSE89179_6	0.0100509307341546	0.101707781882862	NA	NA
GSE89179_7	0.0100685059028537	0.0702378293341718	NA	NA
E-GEOD-57723_1	-0.00468037229141905	-0.0252376522181508	NA	NA
E-GEOD-57723_2	-0.00479461147398659	0.0125115422957752	NA	NA
E-GEOD-57723_3	0.0027791352103923	0.0496580092800744	NA	NA
E-GEOD-83930_1	-0.00373998606757227	-0.0805492963452939	NA	NA
GSE100268_1	0.00731508832679014	-0.00170673075508179	NA	NA
E-GEOD-55769_1	-0.00107849064656092	0.152139014137726	-0.00111046847888953	0.000482866653756054
E-GEOD-55769_2	0	0.196723900397517	0	-0.00198328077988846
E-GEOD-55769_3	0.000490080494465185	0.186575382997651	0.000480716480140443	0.00273317595728062
E-GEOD-69110_1	-0.00279642058165548	0.0137766943906971	-0.00316856780735108	-0.00474655608538626
E-MTAB-4304_1	-0.0179094302277011	-0.209711395464155	-0.0208133001750023	-0.0114594885438793
E-MTAB-4879_1	0.000964548706004579	-0.025422461118715	0.00216450216450216	-0.00894461426491994
E-MTAB-4879_2	0.00662358026809955	0.0610477452756277	0.00215374857958299	0.000228256675332953
E-MTAB-4879_3	0.00385418004734483	-0.0319005552262151	-0.0015527950310559	-0.0153710725893824
E-MTAB-4879_4	0.00822690931854559	0.0751703001341849	0	0.0137359852777432
Cytokine_Explant_1	-0.0114674422065695	-0.105495931450997	-0.00491266181157743	-0.00301659125188537
Cytokine_Explant_2	-0.0151201063314321	-0.161691251980226	-0.0164754125680581	0.00607004859123036
Cytokine_Explant_3	-0.0115660484325364	-0.141783596892387	-0.0102804841183239	0.00268998336506768
Cytokine_Explant_4	0.00298778332506003	-0.0494070773489949	0.00128971818695139	0.00578621575710661
Cytokine_Explant_5	-0.0105013218676008	-0.105362728669062	-0.0119663861626264	0.00512802157810322
FN1_Explant_1	0.00572686283308759	0.122734810449131	0.013926812104152	0.000516083662265777
E-MTAB-6266_1	-0.000478252025548161	-0.0480618798358807	-0.00126778630039416	-0.00396748437585285
E-MTAB-6266_B_1	0.00189874595453901	-0.047462497329332	0.000766437735511189	-0.00820545579076421
E-MTAB-6266_B_2	-0.00264371094520765	-0.0508493774244233	-0.00365839753555684	-0.00306440783914246
E-MTAB-6266_B_3	-0.00820321034885229	-0.00197635006531179	-0.00841647145928021	0.000127643784786642
GSE74220_1	-0.00144048465126417	-0.00805447929467582	-0.00188126236132879	-0.000547651309846432
GSE114007_1	-0.00270469401813272	0.0117394787008352	-0.0065828838326996	0.00981068501383859
GSE109503_1	0.00181074561866358	0.00892301468502704	0.00587664244690849	0.00748789654133072
GSE109503_2	0.00316927226494251	-0.0174097207921931	-0.00106332196853564	-0.0138715239142832
GSE109503_3	0.00247630792986645	0.027504820063013	0.00364224830799015	-0.000558196662883212
GSE109503_4	-0.000289091178383504	-0.00153306991650917	0.000113085238349389	-0.00168179442885625
GSE109503_5	-0.00164122325833272	0.00585910877084337	-0.00446605525014952	-0.0024108457483822
GSE109503_6	0.00415990887487077	0.0548018760697057	0.00801597027105473	0.00872758847273069
GSE109108_1	0.00421534502510906	-0.0415205079528448	0.00297619047619048	0.00463626284464079
GSE109108_2	0.0183923278181566	0.119620643964372	0.0203648699814267	0.0161350066342326
GSE109108_3	3.52318746684779e-05	-0.0247167723439589	NA	0.0239889487724324
GSE109108_4	0	-0.0280275478981933	0	-0.0144885977581497
GSE70667_1	-0.000742942050520059	-0.238559360623592	-0.000802568218298555	-0.0195547381715534
GSE87608_1	-0.00731016731016731	-0.142106966994804	NA	-0.000831946755407654
GSE87608_2	0.000161017479969093	-0.156993791022755	0	-0.00265518428243294
GSE87608_3	-0.000330551654763153	-0.0895813242074853	0.00397723085992189	-0.00161616548004418
GSE87608_4	-0.00145061325836075	-0.0114183655824926	0	-0.00271550450816671
GSE90890_1	-0.00280643214056011	-0.0227874938423728	0.00277392510402219	-0.0126742712294043
GSE97118_1	-0.00163650437748561	0.0805965530546437	NA	NA
GSE97118_2	0.00177425341643328	0.0117623586827596	NA	NA
GSE97118_3	0.00108664882580504	0.0872368738939853	NA	NA
GSE97118_4	0.00570132042739654	0.0569452005977246	NA	NA
GSE97118_5	0.00542017926299745	0.0210357225969799	NA	NA
GSE97118_6	0.0151478051169388	0.0870148630299856	NA	NA
GSE97118_7	-0.000595238095238095	0.0191177080475093	NA	NA
GSE107592_1	0.0119645248960663	0.0580141004517915	0.0203439261600109	0.0146001208702659
GSE92641_1	0.0136494046521338	0.103106154812529	0.018079405590849	0.0183018411607056
GSE107849_1	-0.00784385826353434	-0.0615649561317784	-0.00915138475280195	-0.00508873270162858
E-ERAD-89_1	-0.000712250712250712	0.0178583407301802	NA	NA
E-ERAD-89_2	-8.18670601743362e-06	-0.0203997936484598	NA	NA
E-ERAD-89_3	-0.000681311709583652	-0.0308252673099476	NA	NA
E-ERAD-89_4	6.52635013868494e-06	-0.0146944096297244	NA	NA
E-GEOD-45893_1	0	0.103752255385186	NA	NA
E-GEOD-53105_1	-0.0012853470437018	0.0779149092987197	0	-0.00247524752475248
E-GEOD-53105_2	0.00684027769485567	0.104307168571809	0.00295375245027192	0.00146618535993785
E-GEOD-54461_1	-0.00522493927293536	-0.0762177864579111	-0.00788129256693279	-0.00106848157657954
E-GEOD-54461_2	-0.00388292609334615	-0.0383965018846399	-0.00549945735205008	0.000723589001447178
E-GEOD-54461_3	-0.00259739726044015	-0.0630705935908545	-0.0033442232464941	0.000393197547312069
E-GEOD-54461_4	-0.0114166581993227	-0.101349463732005	-0.016138145649383	-0.00279778749678415
E-GEOD-54461_5	-0.0189945784072166	-0.13983550624706	-0.0253233419584014	-0.00951240525138517
E-GEOD-54461_6	-0.0183447395627803	-0.12750483877108	-0.0231701597959401	-0.00193050193050193
E-GEOD-54461_7	-0.0248576129395261	-0.151438594868801	-0.0308673965292866	-0.003690036900369
E-GEOD-54461_8	-0.028911449157553	-0.172468758908009	-0.033040468220222	-0.00390625
E-GEOD-73372_1	-0.00210602005505402	-0.0245197636758158	NA	NA
E-GEOD-73372_2	-0.00711583920248456	-0.1246469199579	NA	NA
E-GEOD-73372_3	-0.00324081183456183	-0.0890228085961382	NA	NA
E-GEOD-75549_1	0.00785737762892732	0.0657258312100102	NA	NA
E-GEOD-76988_1	0.00321727405956027	0.0712005848479154	NA	NA
E-MTAB-2923_1	0.00475890263507924	0.0473083525446234	NA	NA
E-MTAB-2923_2	-0.0103279000488649	-0.0614286956703172	NA	NA
E-MTAB-2923_3	-0.00883836669016814	-0.0457808933757258	NA	NA
E-MTAB-2923_4	-0.00228624586009648	-0.0134968641020869	NA	NA
E-MTAB-3428_1	0.00200311983234049	0.0601394750687111	NA	NA
E-MTAB-3428_2	0.00201357424219489	0.0290403018499758	NA	NA
E-MTAB-3428_3	-0.000189989801583708	-0.0303575841008742	NA	NA
E-MTAB-3428_4	0.00278373404026039	0.053326464447485	NA	NA
GSE102856_1	-0.000632086695424858	-0.0989504027918348	NA	NA
GSE103492_1	-0.00249503512096066	-0.0886978511042461	-0.00380848748639826	-0.00968354445772135
GSE103492_2	0.00160235886843773	0.00966877683985626	0.00397831711053677	0.00819528695577353
GSE103492_3	-0.00202053077893406	-0.0881503264834158	-0.00315450866452215	-0.00945821854912764
GSE103492_4	-0.00179357244141512	-0.111278080701437	-0.00513006401624846	-0.0043712038235587
GSE103492_5	0.000851278086343187	0.0506537541847742	2.16491650258879e-05	0.0101810170298916
GSE103492_6	-0.00197796133226597	-0.0481780894224329	-0.00213371266002845	-0.00607372425554244
GSE103492_7	-0.00102320784378288	-0.112821782227995	0	-0.0182364869589539
GSE103492_8	0.000793650793650794	-0.00246497317377925	0	0.00447148493983286
GSE103492_9	-0.000344500518987795	-0.0368876346638163	-0.00223214285714286	-0.00738159697599789
GSE103492_10	-0.00108389190339398	-0.0458582494287555	0	-0.0176732824427481
GSE106259_1	0.00143557290835571	0.0097480221688558	0.00117817905234596	0.000574139430208173
GSE110303_1	-0.000707213578500707	-0.0160988143249515	NA	NA
GSE110303_2	0.000582713198186639	-0.0377448563580764	NA	NA
GSE110303_3	-0.000647268008740413	-0.0565016196904557	NA	NA
GSE110300_1	0.00306837968845593	0.0665067770613835	NA	NA
GSE110300_2	0	-0.0177936492837359	NA	NA
GSE110300_3	0.000939044936062088	-0.0487790908733226	NA	NA
GSE110281_1	-0.00887744311271227	-0.131233351897108	NA	NA
GSE110281_2	-0.00641093790007532	-0.105506781197068	NA	NA
GSE110281_3	3.27232586742087e-05	0.02177435744386	NA	NA
GSE104459_1	-0.00126351467974251	-0.109201121183998	-0.00078003120124805	-0.000730229416767581
GSE104459_2	-0.00688158262579431	-0.226632146896859	-0.00843258537869316	-0.0128094304717438
GSE104459_3	0.00219634919084573	0.0832064495747519	0	0.00961007372217915
GSE110051_1	-0.0109401653530317	-0.0170739993663838	-0.00452952394139325	0.00860229296363342
GSE110051_2	0.00537063667267599	-0.0294466709359085	0.00469726803450395	0.0033167979768505
GSE110051_3	-0.00942660157666545	-0.0328194107451103	0.000429285141741265	0.00234483192748332
GSE112694_1	-0.0216404231834223	-0.12651294078893	-0.0278013257835976	-0.0141710840256004
GSE112694_2	-0.00923603575293319	-0.0537901938105053	-0.0105765021852538	0.00291666666666667
GSE112694_3	0.00909272640766391	0.0596857263003194	0.0123670643574252	0.005260209840596
GSE112694_4	0.0164304673808314	0.131344908946904	0.0224153331065711	0.025
GSE97232_1	-0.000725689404934688	0.0618397539732549	-0.000766871165644172	0.000285420175931125
GSE114079_1	0.000756746588227246	0.210162268965801	NA	NA
GSE114079_2	0	0.0316530231327655	NA	NA
GSE114079_3	0.000711237553342817	0.0258496795272858	NA	NA
GSE114079_4	0.00214754801663257	0.0430838030700494	NA	NA
GSE104828_1	0.00319594066299403	-0.00959452585778099	NA	NA
GSE114521_1	0	0.101167647579987	0	0.00419403906353335
GSE114521_2	-0.000268699214441668	-0.0869075747977707	-0.000137395459976105	-0.000690400274052017
GSE112413_1	0.00130527410756259	0.0724849591938823	0.00158898305084746	-0.00320631663424372
GSE112413_2	0.00178035418255382	0.0826321767102732	0.0018903711691241	-0.00127180415221435
GSE101909_1	8.63035588721021e-05	-0.0650616551356668	-0.00151123921615725	-0.00373931224565574
GSE101909_2	-0.000783144021153364	-0.00909090050573369	-0.00134582370399158	0.000742942050520059
GSE114919_1	-0.00511666920109823	-0.0488031563975725	-0.00530100296940566	0.00395734844601394
GSE114919_2	-0.00359124405336744	-0.0628995951729144	0.00184418272429075	0.00521160335897033
GSE114919_3	-0.00380186776604542	-0.0361707902661079	-0.00361273383965029	0.00363433991482772
GSE114919_4	0.00117855712375742	-0.0136463436286045	0.00263326133670397	-0.00119363334162086
GSE114919_5	0.000271692231372292	-0.0157827892706699	0.00348577977198789	-0.00122102021765398
E-MTAB-5879_1	-0.00399199085284089	0.0626828247991577	-0.00670511236801733	0.00241293856788835
E-MTAB-5879_2	-0.0152701816295798	-0.0817521771914955	-0.0214638033722003	-0.0058966457271542
E-MTAB-5879_3	-0.0106049679457043	-0.0567093221663831	-0.00947587581152936	-0.00011378506002162
E-MTAB-5879_4	-0.0146666069048293	-0.0841235151904363	-0.0143117167863785	0.00467911597079395
E-MTAB-5879_5	-0.00961333665419346	-0.00636430968941106	-0.00735973777937559	-0.014535765133938
E-MTAB-5879_6	-0.0186600479105913	-0.120637574736072	-0.0232888346142275	0.00276210267989755
E-MTAB-5879_7	0.00177886998566713	-0.0953611860744151	0	-0.00783699059561128
E-MTAB-5879_8	0.00293181529684423	-0.00946963486050926	0	-0.000915854390139453
E-MTAB-5879_9	-0.00277248203265763	-0.127913179660579	0	-0.00672268907563025
E-MTAB-5879_10	-0.00630144088289956	-0.190261777023375	0	0.00543485522641333
E-MTAB-4294_1	-0.00285436028456861	0.042686272698588	-0.00428858847301088	-0.00763106320431161
E-MTAB-4294_2	0.00380691450512172	0.124447800955549	0.00869239569624235	-0.00186200962598478
E-MTAB-4294_3	0.00522029241487587	0.142596173729534	0.00548004626951995	0.00992703120362695
E-MTAB-3186_1	-0.0284404133338032	-0.140909641089695	-0.033237915693176	-0.0223446841437259
E-MTAB-3186_2	-0.00128811057903112	0.0452328651343734	0.00365474666544016	-0.00712585034013605
E-MTAB-3186_3	-0.00225959438370536	0.00372763749918441	-0.000794222640758392	-0.0167737154150198
E-MTAB-3186_4	-0.00786030418218466	-0.121258727361652	-0.00793592593204654	-0.00617176760002894
GSE114919_Rat_1	-0.00366680434044729	-0.0616861563318344	-0.00414826512694215	0.00402782185549561
GSE114919_Rat_2	-0.00968607970213161	-0.036879977248167	-0.01300359165138	-0.0195924769023077
GSE114919_Rat_3	-0.00193288666848884	-0.0381673089074205	-0.00275724833159547	0.000696723035503955
GSE114919_Rat_4	-0.00776703082387234	-0.0704651952041448	-0.0100130060976208	-0.000678369744102746
GSE114919_Rat_5	-0.0166889738539264	-0.114458430074596	-0.0230882667689408	0.00226702818475735
