comparisonID	jaccard	cosine	sigjaccard	chrDir
22659600_1	-0.114438634416009	-0.313311788524974	-0.117854160069806	-0.0294047687786717
24361742_1	0.01218585161972	0.0419485321758945	0.00456275180965987	0
GSE72258_1	0.00128205128205128	0.0297290694967904	0.00129533678756477	0
GSE72258_2	0	-0.0598909818394	NA	0
GSE69531_1	-0.00715866356047021	-0.0107246145543066	NA	NA
GSE69531_2	-0.00404834216541836	0.00605975376309498	NA	NA
GSE69531_3	0.0148984890398847	0.0519631105546096	NA	NA
GSE69531_4	-0.00715866356047021	-0.0107246145543066	NA	NA
GSE58203_1	0.031090632632855	0.0998254922970383	0.0253153559735339	0.0174602278626583
GSE58203_2	0.0194976855976392	0.0835404987614248	0.0198971540341483	0.0203115772324611
GSE58203_3	0.0198312794622395	0.069443969641218	0.0189394690690925	-0.0148618872621346
GSE58203_4	0.0335455855452089	0.078997363145588	0.0337659695079631	-0.0168790260300865
GSE58203_5	0.0389717038676616	0.150374389304771	0.026677513485434	-0.0019301429350503
GSE58203_6	0.029485956250962	0.12589179254253	0.0299238638110202	-0.0104033848754887
GSE58203_7	0.0163378327733637	0.0828993371945941	0.0179215781491932	-0.00948956189840477
GSE58203_8	0.0135709223445769	0.035399839943801	0.01387454457029	-0.0149426645809541
GSE59642_1	-0.0153599527407698	-0.0325039098414793	NA	NA
GSE59642_2	-0.0188792053637486	-0.0527210542423285	NA	NA
GSE59642_3	-0.00671525325146386	-0.0201770265003864	NA	NA
GSE64922_1	0.0526318987551125	0.20929232347346	0.0483492032366694	-0.00058681039614231
GSE60162_1	-0.00689593235639163	-0.00870730254270641	NA	NA
GSE31685_1	0.0302608503785304	0.112615950476749	0.0289452530298196	0
E-MEXP-3890_1	0.00432894821950673	0.0252873252753498	0.00615714177459892	-0.00477172495990462
GSE31980_1	0.0537480575626115	0.198098376496553	0.0581466203960938	0
GSE15615_1	0.0251920401702252	0.0841195442326406	0.0284830983786561	0
GSE15083_1	0.000125715461699626	0.000526700972053721	NA	0.000194622459654374
GSE108035_1	0.0172748841807306	0.0756308655373929	0.0177328273232761	0.00651889989154206
GSE108035_2	0.0317929648928017	0.150526659367974	0.0324741280929155	0.0414964698640961
GSE108035_3	0.0315785482562091	0.143403237728369	0.0331019611545883	0.0384205878825681
GSE21959_1	-0.00692971632290993	-0.0314214849436903	-0.00736881840180779	0.0013331857605699
GSE21959_2	-0.00493706968394137	-0.0258802951541894	0.000131867524659606	0.00196954926196561
GSE24742_1	0.00510014897482928	0.0210903949622873	NA	-0.000596280203335086
GSE24742_2	-0.000546165406392878	-0.0470847463011199	NA	-0.0166148038718233
GSE24742_3	-0.00411485674768739	-0.0177246378930705	NA	0.0163451558806846
GSE74668_1	0.0195602306905598	0.0800176681581222	NA	NA
E-GEOD-10024_1	0.0428223833502496	0.0946569001307847	NA	NA
E-GEOD-10024_2	0.0576072012858586	0.140244560102429	NA	NA
E-GEOD-12860_1	0.0386207219554491	0.102327245011624	NA	NA
E-GEOD-12860_2	-0.00121164308715117	0.0024901200413661	NA	NA
E-GEOD-12860_3	-0.00127811853169194	0.000625416412272967	NA	NA
E-GEOD-12860_4	0.0109838340367325	0.0377444895242136	NA	NA
E-GEOD-12860_5	0.00993760619027231	0.0660336927505548	NA	NA
E-GEOD-12860_6	-0.00822221741488178	-0.00715094448342583	NA	NA
E-GEOD-12860_7	0.0118395057489071	0.0444749513235443	NA	NA
E-GEOD-12860_8	0.0113856715938227	0.0537683066661895	NA	NA
E-GEOD-14359_1	0.0309160013308408	0.0847748113827367	0.0329599491984023	0.0114601545061174
E-GEOD-14359_2	-0.00565553878435139	0.00510422478519409	-0.00608467285035764	-0.0042338309062807
E-GEOD-1919_1	0.0173767884778158	0.0433781678701038	NA	NA
E-GEOD-1919_2	0.00793047501028766	0.00647412264979684	NA	NA
E-GEOD-1919_3	-0.0117995147795636	-0.0202763756833269	NA	NA
E-GEOD-1919_4	-0.00593327232131936	-0.0386258957490509	NA	NA
E-GEOD-1919_5	-0.00291433526327611	-0.0409897463039466	NA	NA
E-GEOD-1919_6	-0.025333157370927	-0.0818208954276449	NA	NA
E-GEOD-1919_7	-0.0320010706617439	-0.134820791681628	NA	NA
E-GEOD-1919_8	-0.0343930728636221	-0.112286221755866	NA	NA
E-GEOD-1919_9	-0.00310399484140511	0.0031764262764981	NA	NA
E-GEOD-19664_1	0.0765811743440415	0.27601579065763	NA	NA
E-GEOD-19664_2	-0.0440088103298734	-0.143476870547232	NA	NA
E-GEOD-19664_3	-0.0461206827513637	-0.110985950422461	NA	NA
E-GEOD-19664_4	0.069207454826887	0.270764821913047	NA	NA
E-GEOD-19664_5	-0.00705273713078961	-0.0437416143321371	NA	NA
E-GEOD-19664_6	-0.062463337240934	-0.159729079942106	NA	NA
E-GEOD-43923_1	0.00035789713050109	-0.00554423670189259	-0.00364418465305356	-0.0245078143756336
E-GEOD-51812_1	-0.0175428559751049	-0.108536662075354	-0.0180420165778407	0.00490751482245417
E-GEOD-51812_2	-0.0169744399373817	-0.106012055684513	-0.0169789365722409	-0.00156867327126581
E-GEOD-68760_1	0.0808433239002739	0.254558781752554	0.0817776220312881	-0.00182225412582455
E-GEOD-82107_1	0.00795265085427851	-0.00410295534101163	0	0.00594873359206263
E-GEOD-9451_1	-0.0243169229346727	-0.0400996098638812	-0.0215004700816332	0.00109938258405677
E-GEOD-9451_2	-0.0151765225447982	-0.0347366586129013	-0.0127696257740184	0.000260471123696333
E-GEOD-9451_3	0.00109185006800496	-0.00625194278324768	0.00284362836554909	0.00346563648236585
E-GEOD-9451_4	-0.00187503143492395	0.000569332389703823	-0.00511530995790487	0.00700603276229522
E-MEXP-2019_1	0.00935883094106219	0.0558289731434658	0	0.00328273027286387
E-MEXP-2019_2	-0.00333080272602882	-0.00417771626243984	-0.00291480578400695	-0.00184184811734374
E-MEXP-2019_3	0.00223112057672459	0.042671872864217	NA	0.00187245777523555
E-MEXP-2019_4	-0.00571378188293576	-0.0203027387600991	-0.00344669117647059	0.00513238230591913
E-MEXP-2276_1	0.029808356266366	0.0958578318853467	NA	0.00874758486745304
E-MEXP-2488_1	-0.0328229991561323	-0.142021814277203	-0.0278331248712755	-0.0334389131007099
E-MEXP-3129_1	0.0378604055641624	0.232302104547917	0.0427197459506471	0.0351086138992825
E-MEXP-3474_1	-0.05364361377888	-0.178767706093867	NA	0
E-MTAB-3010_1	0.00375169630262296	0.0254516573621724	NA	NA
E-MTAB-3010_2	0.00961251476120508	0.0530160894827469	NA	NA
E-MTAB-3010_3	0.00123237857996419	-0.00387678178282221	NA	NA
E-MTAB-3010_4	0.0150300909789735	0.0654614368766648	NA	NA
E-MTAB-4152_1	0.00306769624979112	-0.00709275668104717	0.00332565217487103	0.0274324035203451
E-MTAB-4152_2	0.00869377907328199	0.0692171771892756	0.00785604144190003	-0.0037401955684618
E-MTAB-4152_3	0.0100775068388591	0.0427002450539617	0.00972128019484095	0.0192057513659569
GSE100609_1	0.00695721073287212	0.0505528507800516	NA	0.00877961707986523
GSE100786_1	0.00240743681121579	0.0111124836017946	NA	-0.00843010913978596
GSE100786_2	0.00557607864455592	0.0110135417280729	NA	-0.000889073849878937
GSE103697_1	0	-0.0350003007309588	NA	NA
GSE103697_2	0	0.00885045682760211	NA	NA
GSE103697_3	0	-0.00754898072366307	NA	NA
GSE104113_1	0.030688146964981	0.0954941984773982	NA	NA
GSE104113_2	0.0286494408452572	0.0894902845029072	NA	NA
GSE104113_3	0.030688146964981	0.0954941984773982	NA	NA
GSE10575_1	0.0137675454283428	0.0457794556052513	-0.000473473979017929	-0.00391591641444447
GSE10575_2	-0.00290709367855877	0.00208451050600293	-0.00240660802989336	-0.0128786582610565
GSE10575_3	0.0312157275774242	0.110741689254926	0.0342380966201642	0.0374995948280612
GSE13604_1	0.0127370970415614	0.0267020617204383	0.00599770864594026	0.00840388491398277
GSE13837_1	0.00870337665696064	-0.0117038208107152	0.00423728813559322	0.0143053274733571
GSE13837_2	0.00948482663469578	0.0419408929079353	0.00868609772312711	0.0104375422641437
GSE13837_3	0.00330857076104919	0.0278842096252149	0.000638291250685742	-0.00807191560058078
GSE13837_4	0.00541626004573561	0.0448925055081297	0.00149066338158377	-0.0185153855083134
GSE13837_5	0.0144209041823877	0.0115086042173911	0.00470602948133085	0.0188216449210229
GSE13837_6	0.0180543816061484	0.0724084385969545	0.0270626432391138	0.0201686513034732
GSE13837_7	0.00578061488749143	0.0718561653691853	0.0155803779823995	-0.0109974921688575
GSE13837_8	0.0197258966382899	0.0859205133762782	0.0186923771348065	-0.0148424647847823
GSE13837_9	-0.0100237996743098	-0.0299389056562083	-0.0152266244142221	0.00258311365723212
GSE13837_10	-0.0198015484449294	-0.0353333208725539	-0.0185106930777436	0.00183279466225149
GSE13837_11	-0.0219073706421831	-0.0508660514770838	-0.0189415299478922	0.00220665316638786
GSE13837_12	-0.0292796308922798	-0.0673104159667885	-0.0205934743881582	0.00650168779344031
GSE13837_13	0.0306277850353039	0.0868850253323522	0.0316785388832196	0.0235725146246037
GSE13837_14	0.0185132043969479	0.0600630906751013	0.0217542109753012	-0.00369131329932145
GSE13837_15	0.0159207585494786	0.0655996181427639	0.0189018969583705	-0.0244635223994538
GSE13837_16	0.0284258820660022	0.0949990077424268	0.0279749616821007	-0.0213767828861869
GSE13837_17	0.0318656449200481	0.0812769355040759	0.0287306291330015	0.012767221707102
GSE13837_18	0.0229810298013952	0.0895834922563493	0.021118596488081	-0.00826597037176001
GSE13837_19	0.0144968415893651	0.0636840328604542	0.01525581098399	-0.0158159934221367
GSE13837_20	0.010694865854288	0.0699405923587328	0.0136645675308771	-0.0175047393867497
GSE13837_21	-0.00866516818899771	-0.0140347385055163	-0.0116259978014056	0.012196132549229
GSE13837_22	-0.0178751771964343	-0.0423539109232679	-0.0188396533414035	0.0108661690694632
GSE13837_23	-0.016196231349691	-0.0180423288858692	-0.0156579184051621	0.00792839639081725
GSE13837_24	0.00127490961159122	0.0235561187418471	0.00123661604261796	0.000857483788540954
GSE16464_1	-0.0425157583316536	-0.103875292035155	NA	NA
GSE16464_2	0.0180264812400367	0.0793077113571428	NA	NA
GSE19060_1	-0.0166753295433372	-0.0421469436891775	0	-0.0209113335336446
GSE27372_1	0.0245951887787208	0.113869251119749	0.0268821266863595	0.0243372616179712
GSE27390_1	0.0198948477456261	0.0610577089530362	0.0226934084600289	0.00170832991555357
GSE29106_1	-0.0275033965170267	-0.112247147707827	NA	NA
GSE29107_1	-0.0280548447116063	-0.108207715715209	NA	NA
GSE29107_2	0.0312142423561721	0.12154583324905	NA	NA
GSE29745_1	0.0245823103287317	0.105131033082807	NA	NA
GSE29745_2	0.00151383687709444	0.00714704119194502	NA	NA
GSE29745_3	0.0272691165344992	0.122605841989968	NA	NA
GSE35546_1	0.02133180721308	0.07394612904558	NA	NA
GSE35546_2	0.0206179337420177	0.0745549203326861	NA	NA
GSE35546_3	0.0243856127399611	0.0850073765027618	NA	NA
GSE35546_4	0.0433580083134531	0.161192221211125	NA	NA
GSE35546_5	0.0490317374015051	0.167465303215075	NA	NA
GSE35546_6	0.0441734189533602	0.160178596905819	NA	NA
GSE35955_1	0.0187163695196818	0.0375078725074932	0.0141656556153249	0.0147479191511442
GSE35956_1	0.0151248849148418	0.071702150825784	0.00274168760514773	0.00525380208334364
GSE35957_1	0.009543853423531	0.0635878020610765	0.0119226140178104	0.00654738063694529
GSE35958_1	-0.00671351787435205	0.00387144458363572	-0.00904465781817826	-0.00220781716756985
GSE39340_1	0.0102354864013132	0.0241382651430062	NA	0.0183939575966983
GSE39340_2	-0.00539828143766458	-0.0408186506792367	-0.000959692898272553	0.0064077786377733
GSE39340_3	0.00514900550508278	0.0692262221084059	0.000959692898272553	0.0311683683839188
GSE39795_1	0.00328925477110429	-0.00785722377051169	NA	0.00511031786377786
GSE39795_2	-0.0040428721003476	-0.0225309939734953	-0.00835928924444284	-0.0046151957684209
GSE39795_3	-0.00700293602141834	-0.0228388231763528	-0.00099009900990099	-0.0130393330474973
GSE41038_1	0.00449229794527596	0.0240312252062424	NA	0.00316488294993107
GSE41038_2	-0.00134235435423215	-0.00986508263407772	NA	-0.018501984820221
GSE41038_3	0.00368372626198138	-0.0105575701772026	NA	-0.00388523480313996
GSE41992_1	-0.00620146467560217	-0.0112194268265811	NA	NA
GSE42235_1	0.00537927683640974	-0.0109824541471652	-0.000439508201951247	0.0293893659621151
GSE42235_2	0.00631890793915646	0.0111337919935182	0.0119531008655509	0.0232225606037304
GSE42235_3	0.00344876311935244	-0.00439306050501052	0.010277907679729	0.0321039235724029
GSE42235_4	0.00314989411959016	-0.00737836745014171	-0.000939441090074374	0.0305735359053913
GSE45233_1	0.00104498795616333	-0.00522957138309483	NA	-0.00959258146356946
GSE45233_2	-0.00653143714879308	-0.0187001546484641	0	2.32702545782566e-05
GSE45233_3	-0.00492696883980767	-0.0135851695892147	NA	-0.00847683362673826
GSE45233_4	-0.0120146048996997	0.00101134627555431	0	-0.020502652024284
GSE46053_1	0.00193929663922126	0.0101382493553618	0.00340174776293442	-0.0222430830276727
GSE46053_2	0.0200720407283687	0.0412583743658635	0.017490144175156	-0.0216730479497716
GSE46750_1	0.0207707091840663	0.0958903620931812	NA	0
GSE51588_1	-0.0409162628994691	-0.124281887933994	-0.0418064773359263	-0.0115390350757991
GSE52817_1	0.0393559341160168	0.12180671802991	NA	NA
GSE52817_2	0.0216140516925135	0.0416163247773529	NA	NA
GSE52817_3	0.00963790651407557	0.0244958445659202	NA	NA
GSE52817_4	0.00605031388789493	0.0408417100246775	NA	NA
GSE55235_1	0.0304066109261672	0.0800435234629566	0.0290241913077363	0.00111821891936827
GSE55235_2	-0.0410488634520549	-0.130462709579836	-0.0496568816690363	-0.029381332529205
GSE55235_3	-0.0689466026961719	-0.211263037617792	-0.0804957993467588	-0.0410322460336438
GSE55457_1	0.0130700845467312	0.0565749624311035	0.0130099888477757	0.0106159080614807
GSE55457_2	-0.00927664115334757	-0.0609287011180657	-0.00968803945348996	-0.0246908392717048
GSE55584_1	0.0163346710835822	0.0580533798574532	0.00328947368421053	0.0184785634494096
GSE57218_1	0.00308302664408446	-0.0126349501565449	0.00217710701373482	-0.00172803224944327
GSE57218_2	-0.0328039626295676	-0.15040376019897	-0.0366824969382763	-0.0389917769598768
GSE57218_3	-0.0302194562745874	-0.157704768791702	-0.0284174116479281	-0.0406914584987922
GSE60762_1	0.00807973739620436	0.0778102441051151	NA	-0.0118181558726657
GSE62914_1	0.00650536039774762	0.0114201041549166	NA	-0.00134061357447441
GSE62914_2	0.0143771509735912	0.0530226648119961	NA	0.0142551381993078
GSE62914_3	-0.00145176219295971	0.0364581375196122	0.00194931773879142	0.0139334448879662
GSE62914_4	-0.0085461361501527	-0.0686580339645849	-0.00145772594752187	-0.0198312956991719
GSE64394_1	0.0117023758076908	0.0521093073007092	NA	-0.0186478776060374
GSE66635_1	-0.00148083774341946	0.00161587903460487	NA	0.00304981071845691
GSE68038_1	-0.000661269688669567	0.00830824866675125	-0.00350343133327993	-0.0074315964605844
GSE68428_1	0.0333462557343154	0.0988824893899596	0.0296466080311779	-0.011399300690063
GSE68428_2	0.0286240884694516	0.107096372525031	0.0240446333278364	-0.0156397123230353
GSE68428_3	0.0205987363249331	0.0583859134983918	0.0228867443760854	-0.0144732583959155
GSE69459_1	0.0108291675800604	0.0219365709840664	NA	NA
GSE69459_2	0.022820727877348	0.0688357338798351	NA	NA
GSE69459_3	0.0205187551319288	0.0784926181121157	NA	NA
GSE69459_4	0.0204771396856285	0.0605117769894949	NA	NA
GSE69992_1	0.0175202860916974	0.0627369196196746	0.0181324664770548	0.0192654079912381
GSE70719_1	0.00239467570564378	0.0135384834847422	0.00207570518821922	0.00231635680978623
GSE7116_1	-0.0220685985311891	-0.0377967021501656	-0.00400843762166039	-0.00441672962375977
GSE7116_2	0.00832506771421986	-0.0184720525688472	NA	-0.0156773657513967
GSE7116_3	0.00950834438549637	0.0226901850121411	0.00190080057247641	0.00113706347660135
GSE72575_1	0.0338918168986461	0.169860740526502	0.0379212822336962	0.0277189946298264
GSE72575_2	0.035235181898709	0.0842554290733056	0.036062696009385	0.0410286075657938
GSE72575_3	0.0433452885209167	0.164330235071351	0.0471208401504669	0.0400318660781216
GSE72575_4	0.00237976420684923	0.045356150311354	0	-0.00282007546206329
GSE75181_2	0.188036016782225	0.374710940972794	0.186835726591789	0.0600105747743584
GSE75181_3	0.736086196167697	0.953299995636711	0.735503363535594	0.596209644161659
GSE75230_1	-0.00161442879429303	-0.0033400490583509	0.000366597972408591	0.00219063813799846
GSE7669_1	-0.012377131525248	-0.0517434418810044	-0.0135521376751639	-0.0209461781867498
GSE77916_1	0.00125944584382872	0.0458355564315436	0	0
GSE80614_1	0.0169358167643403	0.133014627098791	0.0163761492075781	0.0129894981739428
GSE80614_2	0.0282247922658141	0.0851742467025557	0.0291255060096533	0.0217418052271871
GSE80614_3	0.0159509483172802	0.0408196778196173	0.0121502710654644	0.00389189673584609
GSE80614_4	0.0215761983192585	0.0717796775444334	0.0219210826778449	0.0205556745630203
GSE80614_5	0.000935523310471632	-0.00448546316383968	0.00109838226048267	-0.00127604501149619
GSE80614_6	-0.00559873989736579	-0.0226066829121073	-0.00616145530486917	-0.00277512890413916
GSE80614_7	-0.0106196054349891	-0.0345198979457961	-0.00601297701573351	-0.0136778906053499
GSE80614_8	-0.0138824593798682	-0.045335715663824	-0.0144014562689658	-0.00778565822085442
GSE80614_9	0.0234264438304468	0.112632429511459	0.0201281198585781	0.0116416698321586
GSE80614_10	0.0231543052158401	0.132910306747858	0.0262729814453952	0.00768617017177114
GSE80614_11	0.0155680938991942	0.0322387730445796	NA	-0.00462437273911854
GSE80614_12	0.00415838684342563	0.0356656647173069	0.00790449153562567	0.0162886886631615
GSE80614_13	-0.00551445677062147	-0.0119493121626149	-0.00235327502745981	0.00789652942242745
GSE80614_14	-0.0221873332051781	-0.0811247952543838	-0.0202156276772573	0.00530350629923031
GSE80614_15	-0.0367212861688431	-0.0962588960625588	-0.0386231041680267	0.00894763472867797
GSE80614_16	-0.0379555923879865	-0.106980909945613	-0.0396414418048796	0.00299502654133686
GSE85254_1	0.0553900652875714	0.146891445426218	0.0158650435700216	-0.023974660701173
GSE86578_1	0.0425858388926596	0.22734487178345	0.0464318766660501	0.0330474265181768
GSE86578_2	0.0497976110450966	0.225924106572234	0.0424818090565426	0.0226995504931483
GSE86578_3	0.109328217211289	0.267826663551574	0.106193222663667	0.0358311081898063
GSE9329_1	-0.0125141650374783	-0.0570063652045336	NA	NA
GSE93698_1	0.00309959964957897	0.00406639308764961	0.00665502587083988	0.00964046262321373
GSE93698_2	-0.000224990975841832	-0.00164536626983802	0.00353624208328408	0.0117191011746142
GSE93698_3	-0.00562466190929216	-0.025814441209499	-0.00198098126073337	0.00518836445277305
GSE93698_4	0.000419426104003646	-0.00312480484896057	0.00157357880078318	0.00884541247580894
GSE93698_5	-0.0042667296333464	-0.0185735567806202	-0.00351308399986007	0.00443342098890651
GSE93698_6	-0.00560933745264347	-0.0150535544900606	-0.00144826646155644	-0.00352874566332484
GSE93698_7	-0.0202885293766382	-0.0511503047074708	-0.0160326700337486	-0.000805319417008604
GSE93698_8	0.000572971510107209	-0.019534387180002	-0.000967117988394584	0.00434753079494276
GSE93698_9	-0.0279737159276343	-0.044614216351088	-0.0245800301780744	0.0033349755919864
GSE93698_10	-0.0192263487877498	-0.0440596426806003	-0.0157030880136273	-0.0135274198670429
GSE93698_11	0.00629871135144392	-0.00348036914137843	0.000733055887181853	0.00336713113537999
GSE93698_12	-0.0193345218688249	-0.032226689346197	-0.0108342207386445	-0.00384399667636061
GSE93698_13	0.0126984746904095	0.0430164353106757	0.00708273729222378	0.0111038454682842
GSE93698_14	-0.0138898695364961	0.00841054057102897	-0.00017449879470559	0.00749521779590133
GSE93698_15	-0.0178334080262974	-0.0297113687463306	-0.0125159712838062	-0.00967806499179609
GSE93720_1	0.0145427270855179	0.055286694414084	NA	NA
GSE93720_2	0.0253889340264458	0.078380829230634	NA	NA
GSE93720_3	0.0233286698247003	0.0612663348679591	NA	NA
GSE93720_4	0.0282497842664095	0.08310232623095	NA	NA
E-MTAB-5564_1	-0.0202609881396975	-0.0611393539080564	-0.0173445828506779	-0.0097287396470092
GSE77753_1	0.00930288205284095	0.0327682688503932	NA	0.0115704341249288
GSE43861_1	-0.0187043647613802	-0.0492592397034024	NA	NA
GSE112809_1	-0.000932835820895522	-0.0065483563850351	NA	NA
GSE111946_1	-0.00546748031207785	-0.0191551359779031	NA	NA
GSE111946_2	0.00262605728499634	0.0272617027375385	NA	NA
E-MTAB-3201_1	0.000594869187330248	-0.0156395506105117	-0.00355726822854272	-0.00971844184407104
GSE57740_1	0.0024542962234025	0.00268279273324147	NA	NA
GSE52992_1	0.00696265445514862	0.0578735182974132	0.0102813616880635	0.00607672632735252
GSE17160_1	0.0173317458889801	0.0960283434193425	NA	NA
GSE17160_2	0.00870645388425926	0.0550460847005797	NA	NA
GSE17160_3	0.00840749242195753	0.0683634196459705	NA	NA
GSE17160_4	0.0252832662076557	0.066605753228444	NA	NA
GSE17160_5	0.00641271925275758	0.069210302616413	NA	NA
GSE17160_6	0.0034507471623906	0.0390666705268679	NA	NA
GSE17160_7	-0.00639750294837083	0.01582762174261	NA	NA
GSE17160_8	0.034056756243608	0.0804937168393409	NA	NA
GSE17160_9	-0.0184939373970326	-0.052579010141237	NA	NA
GSE17160_10	-0.020816621557364	-0.0447301247873527	NA	NA
GSE17160_11	-0.023996722245076	-0.0537747370411066	NA	NA
GSE17160_12	-0.0102195295506723	-0.0236074433372993	NA	NA
GSE22971_1	-0.00231481481481481	-0.0443447811393343	NA	-0.00747317301680363
GSE22971_2	0.00124688279301746	0.0414117052995045	NA	0.010933212407137
GSE22971_3	-0.00244338806948858	-0.00527070174952329	-0.00440555217592227	-0.00770594136392247
GSE22971_4	0.00837830719455291	0.0244619530875594	0.00749069024050997	-0.00392936971681236
GSE13590_1	0.00468255535982116	0.0246512769127455	0.00460749820860269	0.0234220942386669
GSE13590_2	0.00253807106598985	0.0418558633407573	0	0.0125315616173571
GSE99731_1	0.00345725280650116	-0.00793964418018341	NA	0.00728591261679497
GSE99731_2	-0.00114769637492646	-0.0357842191646537	NA	0.000473031752936059
GSE99731_3	0.00477320920197925	0.00212158635716522	0.00507884441098746	-0.00138635434274421
GSE27492_1	-0.000890056898974278	-0.000976860828013969	-0.0017921146953405	-0.01108651478182
GSE27492_2	0.00457493853920088	0.04703947427207	0.008690826118638	-0.00794868025384543
GSE27492_3	0.00903627631106628	0.0186125445335769	0.0136202115592039	-0.0136887661279601
GSE27492_4	-0.00395719011779658	-0.00312030677548074	0.000587904566134539	-0.0271615843176845
GSE27492_5	0.00563204669054251	0.00972202222623851	0.00357806628536769	-0.0232003102543362
GSE27492_6	-0.0404220386386108	-0.113344922790692	-0.0587522027106167	-0.0441209438753053
GSE27492_7	-0.0324805726075255	-0.0944898343127448	-0.0491959418655191	-0.0342454921675155
GSE27492_8	-0.0356428622873591	-0.105199639277445	-0.0463302348991685	-0.0407399959539279
E-GEOD-15069_1	0.00995874482039901	-0.00361473918251577	0.00976749717173794	0.00809918317328798
E-GEOD-15069_2	0.0163818851251227	0.0382597577933436	0.0120460318227463	0.027709292655233
E-GEOD-15069_3	0.0403187671860878	0.128436844104012	0.0415968463841897	0.029974833081872
E-GEOD-15069_4	-0.00796495018269568	-0.0323447709645066	-0.0109828073550743	0.013257740764692
E-GEOD-15118_1	0.00496170855355409	0.0194771458027958	NA	NA
E-GEOD-15118_2	0.000954198473282443	0.00612389255523961	NA	NA
E-GEOD-15118_3	0.0142485634795766	0.0803932058885936	NA	NA
E-GEOD-15118_4	0.0167902437927117	0.086228150220689	NA	NA
E-GEOD-16007_1	0.00186266346502735	-0.011501557827094	NA	NA
E-GEOD-17473_1	0.00402980092211542	-0.0152823194443826	NA	0.00588229267308167
E-GEOD-18647_1	0.000884434729862623	0.0136718240556484	NA	-0.00463427122274064
E-GEOD-18647_2	-0.000118045038031906	0.016426681291235	NA	-0.00228801684408067
E-GEOD-18647_3	-0.0111563513937608	-0.0238094527963543	NA	-0.0109289979652756
E-GEOD-18647_4	-0.00409931739503288	-0.0168788253585814	-0.00101214574898785	-0.0035152944195309
E-GEOD-18648_1	0.0114661686394988	0.0442634799733557	0.0126938072808899	0.005177744035106
E-GEOD-18648_2	0.0187318854635344	0.0782038351259819	0.0205891938943581	0.00606118298580716
E-GEOD-2154_1	-0.00170146546832518	0.00196934399505916	0.00113116391158386	-0.00116146992801269
E-GEOD-2154_2	0.0103056781081639	0.0670526632859872	0.00119182698854587	0.00664768955942499
E-GEOD-2154_3	-0.00285324412220484	-0.0332415576222065	-0.00245945713673134	-0.0221820872810363
E-GEOD-2154_4	-0.0223633755203778	-0.0881377556072801	-0.0252550847988566	-0.0321612628567987
E-GEOD-26475_1	0.0288786407709482	0.0761246439414136	0.0288560423392553	0.0204361936669143
E-GEOD-26475_2	0.0119735333261992	0.0681442684421605	0	0.00560114343585737
E-GEOD-26475_3	0.0186774799802393	0.0705262905289439	0.0130363567798858	0.0135483571826621
E-GEOD-33567_1	-0.0275401086767619	-0.0523749447133898	NA	NA
E-GEOD-33567_2	-0.0163838108871165	-0.0439012381328576	NA	NA
E-GEOD-37287_1	0.00827609608977654	0.0320595478495805	NA	NA
E-GEOD-37287_2	0.00119793449363584	-0.00217318210741123	NA	NA
E-GEOD-37287_3	0.00301657157519927	0.0206026197270765	NA	NA
E-GEOD-51994_1	-0.0136523987588889	-0.0277606026685991	-0.007151238084693	-0.0150707133959001
E-GEOD-51994_2	-0.00902163995111479	-0.0408025842485142	-0.0153762767888227	-0.00995807335201994
E-GEOD-51994_3	-0.0134113184903652	-0.0343171529049838	-0.00894244387921863	-0.0122504331983724
E-GEOD-65077_1	-0.00304072838476508	-0.0571611349162746	NA	NA
E-MEXP-1244_1	0.00375783704720275	-0.00839612059958485	NA	NA
E-MTAB-1123_1	0.0300912536984784	0.0836902062930549	0.0290324465170279	0.00983940239838121
E-MTAB-1123_2	0.0238092375243308	0.0793581772426113	0.0238128173545609	0.0107689979444346
E-MTAB-1123_3	0.00398424359768172	0.0165125156943275	0.000449299713218377	-0.00410813181566234
E-MTAB-1123_4	-0.00154173852369227	0.04736846079983	-0.00103305785123967	-0.00249356962347023
E-MTAB-1391_1	0.0105906599285701	0.0553444881873631	0.0113216291047909	-0.00307351149600982
E-MTAB-1391_2	-0.0155685805803454	-0.0268449124486719	-0.0163404245521774	-0.0152282117247241
E-MTAB-1391_3	-0.0230784503104578	-0.061267884766965	-0.0243453339634946	-0.0233561623021933
E-MTAB-2450_1	-0.0119963374361735	-0.013498583021286	-0.00854941070743383	0.0078157877345754
E-MTAB-2450_2	0.00762450661954756	0.0642594308264217	0.00581264524960706	0.00280288017992936
E-MTAB-2450_3	-0.0030967795218475	-0.0458353002615954	-0.00593159810236632	-0.00240143741741263
E-MTAB-2450_4	-0.0351835766796616	-0.138056393370604	-0.0390084995886466	-0.0122651273854827
E-MTAB-5023_1	-0.00705787823161399	-0.00781660728877483	NA	-0.00676857111036864
E-MTAB-5326_1	0.0142543156515122	0.0606785615462022	NA	NA
E-MTAB-5326_2	0.0418749608775115	0.113939581203991	NA	NA
E-MTAB-5326_3	0.030734007959929	0.105843548321845	NA	NA
GSE102588_1	0.00416529618747861	0.0385180578793548	0.00598378921359212	0.00685066376445401
GSE104793_1	0.00270628722478213	0.00750542195981298	0.00226390327117315	-0.0108033575361847
GSE104794_1	0.00659368830690444	0.00160613118985543	0.00734781338496446	-0.0135720480835686
GSE104795_1	0.00745362565297118	0.0159463755110367	0.00786827917454744	-0.0100945388233036
GSE105139_1	0.00094876660341556	0.0203388745617696	NA	0.00908324552160169
GSE105139_2	-0.00480603142223032	0.0435555508760173	NA	-0.0169668289181625
GSE105139_3	-0.00273086946869688	0.0343343434330081	0	-0.0153134648644339
GSE10555_1	-0.0202983192377537	-0.0571131006155461	NA	NA
GSE10556_1	-0.00675120909904759	-0.0395776088858197	-0.00514279922001353	-0.0135653591181569
GSE106631_1	0.00784696456554123	0.0428880825222336	0.00564146537119923	-0.0244344010330419
GSE13104_1	0.0127059529149337	0.0502188380417464	NA	NA
GSE13104_2	0.0220725233474294	0.0638409630942593	NA	NA
GSE13104_3	0.0265506970560731	0.0814735021752511	NA	NA
GSE16749_1	0.0113582438899324	0.045568390346103	NA	NA
GSE16749_2	-0.00499250594257471	-0.0273532329581663	NA	NA
GSE16749_3	0.0139041738867355	0.0451548126183771	NA	NA
GSE17348_1	-0.0190894106083999	-0.0518779120567546	NA	NA
GSE17563_1	0.00823306572146752	-0.00158042072959013	NA	NA
GSE17563_2	-0.011999886244098	-0.0357028727998723	NA	NA
GSE17569_1	0.00154476970340903	0.0243084345034101	NA	NA
GSE17569_2	-0.0157862501942978	-0.0399373035125158	NA	NA
GSE17570_1	-0.0107666460284436	-0.0455627431320602	NA	NA
GSE17570_2	0.0095110761120805	0.0318576396958562	NA	NA
GSE18991_1	0	-0.00878611767108789	NA	-0.00186821213531311
GSE18992_1	0	0.0236703879544985	NA	-0.000430147982127751
GSE19299_1	0.0305714522212466	0.066704017377846	0.0316715475324762	0.0127632504938595
GSE20850_1	0.0108504627520281	0.0242204085307336	NA	NA
GSE21093_1	0.00701845979839621	0.0102584995495316	NA	NA
GSE21523_1	0.0232455802898909	0.052056769132413	NA	NA
GSE21639_1	-2.40225068600373e-06	-0.0451178248160733	NA	NA
GSE21639_2	0.00935463923803448	0.051371893814145	NA	NA
GSE21639_3	0.00018527923953798	0.00118138397674769	NA	NA
GSE21639_4	-0.00670500662544018	-0.0197283177785836	NA	NA
GSE21710_1	-0.0179945010958743	-0.0616014843162851	NA	NA
GSE21710_2	-0.0165711398868227	-0.05946433308171	NA	NA
GSE21710_3	-0.0137083486185585	-0.0558519967449261	NA	NA
GSE22925_1	0.0325822511337245	0.0949810004323841	0.0228497329441402	0.00947946277641054
GSE22925_2	0.0106130391297175	0.0402835416765534	0.00936428115905908	0.000527345296730248
GSE26499_1	-0.013616886947865	-0.0435943162773251	NA	NA
GSE30160_1	-0.0243746379129743	-0.0718873804675495	-0.021157616748038	-0.0225049289304495
GSE30628_1	0.0189679984791896	0.0776387773536841	0.0231950392600545	0.0183354587062304
GSE30628_2	0.0114431901455164	0.0773087855316953	0.0198056569929296	0.0239619239600014
GSE32163_1	0.00108072793416377	0.0430904007035951	NA	0.00231221896468466
GSE33656_1	-0.0319885660102129	-0.076339233333901	NA	NA
GSE33754_1	-0.00542544710677918	-0.0357007271361639	-0.00721089568405643	-0.00808683625964556
GSE33754_2	-0.00968519308901302	-0.00947115340510839	-0.0106002527305002	-0.0127324119896179
GSE33754_3	-0.0125607700874931	-0.0238239433320192	-0.00914859347618358	-0.0196633934270965
GSE34570_1	-0.0251199689568775	-0.0778581427786987	NA	NA
GSE35003_1	-0.00451866756575159	-8.87174893883012e-05	NA	NA
GSE35466_1	0.00358834027384325	0.0449644336544823	NA	NA
GSE35466_2	-7.16601605192436e-05	-0.0198878530864149	NA	NA
GSE35466_3	0.000125203877443704	0.0378110772268877	NA	NA
GSE35466_4	-0.000440968666839329	0.00724686846977557	NA	NA
GSE35466_5	-0.00628912878772513	-0.0254365765324698	NA	NA
GSE36925_1	0	0.0401031985160787	NA	NA
GSE36925_2	0.0332935640256739	0.0825823077417834	NA	NA
GSE36925_3	0.0330580759289935	0.0854342455585112	NA	NA
GSE37219_1	-0.00372849550985214	0.00627181510187766	NA	NA
GSE37676_1	-0.00745309166359602	-0.0295515436559451	-0.00931376840595413	-0.0080489253491812
GSE41342_1	-0.00904996552646777	-0.036982921159588	-0.0113800879413778	-0.00778992210663382
GSE41342_2	-0.00321498656266809	-0.0266373474162233	NA	-0.00495057369430908
GSE41342_3	-0.000633891157551979	-0.0291750844304522	NA	-0.0119572293759152
GSE41342_4	-0.0104333601420366	-0.0837184433015033	-0.000469570590052518	-0.00955201916161181
GSE41997_1	-0.00379265718873568	-0.0170772417113514	-0.002	0.000930575774116427
GSE43242_1	0.0105619417059807	0.00926138079202061	0.00750461783993207	0.00771475233857779
GSE43242_2	0.00273122249950127	-0.00278171850531893	0.0031055900621118	0.00327700473788088
GSE43663_1	-0.00370601248248119	-0.0412109684983375	NA	-0.00103996062321929
GSE43854_1	0.0269575168932623	0.0828367628018061	NA	NA
GSE45656_1	0.017129469637926	0.03371583988518	NA	NA
GSE45656_2	-0.00153004570172262	0.00421592394885723	NA	NA
GSE45656_3	-0.00456617598796015	0.0141874656011045	NA	NA
GSE45793_1	-0.00435637302867717	-0.0144103471589157	-0.00865382468184176	0
GSE45793_2	0.0178676545204544	0.0460633493583931	0.01003775150691	0
GSE45793_3	0.00988466560194187	0.0291102230307684	0.00685317749476645	0
GSE45793_4	0.0178015010374565	0.0411399683451688	0.0219328876937164	0
GSE45793_5	0.0133098584087718	0.040814587318765	0.00927522703867289	0
GSE46390_1	-0.0172972202053729	-0.056081788002873	NA	NA
GSE48438_1	0.0143138384701154	0.0360226032753076	NA	0.00120951729028267
GSE50549_1	0.00730936050190288	0.0550284151706987	0.00870128122836031	0.0103391026260504
GSE50549_2	0.0211211778432067	0.0768433250358282	0.0225684930741783	0.0241594498403761
GSE51098_1	-0.00100670735255445	-0.00674366761745783	0.0106913820549224	0.00438512198648886
GSE53857_1	-0.000665817039187827	-0.0222148281018756	0.00218818380743982	-0.0131518256366127
GSE53857_2	0.000550441204343891	-0.0188714400178807	0.00107991360691145	-0.0114652166302418
GSE53857_3	0.00205956206555617	0.0132852156080128	0	0.0109139658616441
GSE53982_1	-0.0222328079165225	-0.050816356568139	-0.0240939051338706	-0.0124484673759803
GSE53982_2	-0.00436750883522747	-0.00566341900948272	-0.00521835050886214	-0.0127961158160267
GSE54779_1	0.0133429701111201	0.0337833608421496	0.0137371487861869	-0.0156685195023311
GSE55900_1	-0.000954198473282443	-0.0251582948775169	-0.00116009280742459	-0.0290724832280612
GSE57104_1	-0.00170308570631805	-0.0229858497276855	NA	0.00183818608114323
GSE59387_1	0.0165140573471671	0.0370443615441914	NA	NA
GSE60401_1	0.00174588981801331	0.0586125884685142	NA	NA
GSE60401_2	-0.00320575415841432	-0.0351144504525558	NA	NA
GSE60651_1	-0.0141060911580104	-0.0501734226466065	NA	NA
GSE60737_1	0.043078045441152	0.109105257957348	NA	NA
GSE60761_1	0.00148083774341946	0.000733662688571597	0.00157728706624606	-0.00633618400089152
GSE60761_2	-0.00127226463104326	-0.0224008637514473	NA	0.000531504748162198
GSE60761_3	-0.00414775771371374	0.0122834458631755	-0.00253974167908594	-0.0092708072911443
GSE60761_4	-0.00405327974264811	0.0236276938963373	-0.00102880658436214	-0.00750624446697739
GSE63017_1	0	0.00590109195103253	NA	0.0023466719908993
GSE63017_2	0	0.00810286191000884	NA	0.00314096176584551
GSE63017_3	-0.00225764275899948	0.00153052903484374	-6.77604712514906e-06	-0.0100536815968195
GSE63017_4	-0.00241133576400398	-0.00564415188453927	NA	-0.00602969727914061
GSE63939_1	0.0268243492566461	0.100657424384925	0.0267774777083131	0.0131330309901738
GSE63939_2	0.0268201659848236	0.104144678123497	0.0275737025983886	0.0190170398398086
GSE64141_1	-0.00998809102052799	-0.0441944646759403	NA	NA
GSE64965_1	-0.00415582416628017	0.00633744067771741	-0.00461408432621611	-0.0217597012440074
GSE65745_1	-0.0025706940874036	0.0241267742572021	NA	-0.00320972744661798
GSE65745_2	-0.00540178143855953	0.00507076738894193	-0.0076897575017587	-0.00340369393139841
GSE65745_3	-0.00506329113924051	0.0179925908273656	-0.00528169014084507	0.00281711805016667
GSE66416_1	-0.0151771328781083	-0.0348913286241607	NA	NA
GSE66862_1	-0.0165188792369806	-0.0740907150035068	-0.0175716808519118	-0.0180393323996265
GSE69108_1	-0.00476550570054947	0.0110938114480467	-0.00580897016026368	-0.00524294215803823
GSE71565_1	0.0202496769253076	0.0592790369023613	NA	NA
GSE72261_1	-0.0120800404122686	0.000171177422040661	-0.00365890688259109	-0.0149657457452895
GSE72261_2	0.0182325493690031	0.0804468083735535	0.0216855933058966	0.0265470479216417
GSE72261_3	0.0174665410787292	0.0720128776616597	0.0254717453304334	0.0138502322868079
GSE7683_1	-0.00526566930725288	-0.0230927386644876	-0.00645881350930847	0.00899938485145638
GSE7683_2	-0.00779389912035567	-0.0393144018320339	-0.00681436522526487	0.00650723362391873
GSE78980_1	-0.00518791214599998	-0.055088169113735	NA	NA
GSE78980_2	0.00282485875706215	0.0357703745315846	NA	NA
GSE78980_3	-0.00959527768434156	-0.0542406120025118	NA	NA
GSE78980_4	0.0139171917797066	0.108853347632488	NA	NA
GSE78980_5	-0.00213089582309808	-0.081305622254279	NA	NA
GSE78980_6	-0.000965908937855041	-0.0460462170785184	NA	NA
GSE78980_7	0.0104271527139063	0.0404734007709329	NA	NA
GSE78980_8	-0.0144502793730627	-0.0286186443993903	NA	NA
GSE78980_9	0.00315645929611843	0.0149807627374405	NA	NA
GSE78980_10	-0.0102491806876588	-0.0188694661686539	NA	NA
GSE81399_1	-0.00921333887131174	-0.00893388833227359	NA	-0.00599281548303768
GSE84609_1	-0.00131357146810412	0.00139337508781138	-0.00147542178498348	0.00923934450303138
GSE84907_1	0.0415862791513415	0.110737610947588	0.0442620885140575	0.0171105176350365
GSE84907_2	0.0259152543652346	0.087121041220739	0.0273309241014836	0.0185397887854322
GSE84907_3	-0.00794649931082272	-0.0277067497690304	-0.00863084987077819	-0.00696650094020225
GSE90127_1	-0.00993954288154918	-0.0272859721544287	NA	NA
GSE90127_2	-0.0112157048664205	-0.0627842422623776	NA	NA
GSE90127_3	0.00114606451818017	0.00983468919594419	NA	NA
GSE9247_1	-0.000491883574522213	0.00267477796879668	0.000444591648585765	0.00334935594233267
GSE9247_2	0.0329873335615873	0.0937049233970551	0.0342035504726473	0.0170886433470357
GSE9247_3	-0.000549512585350974	0.0082573474142764	-0.000506177667516512	0.0109674230406695
GSE99306_1	0.0135420519301153	0.0537910038799024	0.0180756038085874	0.0101689019314019
GSE99306_2	0.00124882420591125	0.0111439982992813	0.00342820772086785	-0.000334356298600531
GSE99306_3	0.0145141575046374	0.056234873504393	0.0137526240240408	-0.00381847886345946
GSE99306_4	-0.00144073829358331	0.0132263189658246	0.000327405069887248	-0.00577940458646078
GSE99306_5	0.0113048227100565	0.0345589773472537	0.011441541273474	-0.00668902379835913
GSE99306_6	-0.00707023264481452	-0.0134866828433424	-0.00638991321606647	-0.010599905709914
GSE99306_7	0.0191547223884139	0.0956604729471431	0.0143097643097643	0.010572364461714
GSE99306_8	0.00542889275847655	0.0283744046451322	0.00361578017125439	-0.00296963889341922
GSE99306_9	-0.00165834310185299	0.0130834289541456	-0.00168919050705219	-0.00415282313061834
GSE99306_10	0.00764663226265889	0.0296218382365962	0.00474089271035958	-0.000370376051856056
GSE99306_11	0.0209096794240679	0.0672541879957771	0.0201968034069006	0.00985635079054635
GSE99306_12	-0.00710554586829991	-0.0168530920749932	-0.00508324667508572	-0.0114436235438833
GSE99306_13	0.0332693950248829	0.122640365756835	0.0395634598701645	0.0144271763379488
GSE99414_1	0.00653096617930896	0.0764610738451747	0.0098358839634735	0.0212675320961225
GSE110581_1	0.021861095233531	0.0617037114420472	0.0242066807038763	0.0059232349812879
GSE110581_2	0.00156191369606004	0.00429183429363868	0	-0.000974781378337862
GSE47799_1	-0.00681626049883532	-0.0109508077741663	-0.007280110308535	-0.0184117514826128
GSE47799_2	0.00181685836764404	-0.0114364524989117	0.00320191856082376	0.00200111416639439
GSE47799_3	0.000559573855206389	0.00275349160132519	-0.00130965836706281	-0.0133230261623435
GSE111628_1	-0.000586372662129654	0.0217869233311087	NA	NA
GSE111628_2	0.00185528756957328	0.0495426310189467	NA	NA
GSE111628_3	0.00375381902183363	0.0483307454085637	NA	NA
GSE5657_1	0.00171233070700603	-0.0194744494302616	0.00139787699790559	0.000220668924863099
GSE5657_2	0.00430482681523954	0.00370022911647994	0.00358551566003341	0.00981822054575209
GSE13782_1	0.0202926991495457	0.0557570985324911	0.0198828986037798	0.00542830236316826
GSE41039_1	-0.00277311490748487	-0.00150467807563432	0.000608489647562796	0.0107277666591598
GSE84198_1	-0.00649101353657149	-0.0241152679123875	-0.00654205607476636	-0.00898365032646596
GSE84198_2	-0.00441266438888671	-0.0332624617700777	-6.14648481593698e-05	-0.00904595078554018
GSE84198_3	-0.0133590397444518	-0.0599670707805961	-0.0161625494235549	-0.00773051252066637
E-GEOD-54216_1	-0.00635288009474425	-0.0437665231750476	-0.00657608934722478	-0.019779469482772
E-GEOD-54216_2	-0.00284226608021707	-0.0545335571375975	-0.00278527811525976	-0.0183669133147882
E-GEOD-54216_3	-0.00905268136351829	-0.0357935509613353	-0.0097804684080065	-0.00854991765946905
E-GEOD-6119_1	0.0502030864586447	0.12114451266367	0.0547146672649278	0.0137146416515084
E-GEOD-6119_2	0.0554695324790489	0.127927995951912	0.0613370458009075	0.0233757361244993
E-GEOD-6119_3	0.0526089620830217	0.123290297857062	0.0572437922797383	0.00916247337957553
E-GEOD-8077_1	-0.00105318900605646	-0.0122945392217649	-0.00756523404181245	0.0217024220771501
E-GEOD-8077_2	-0.00635086561834147	0.0108777355620543	-0.00595858200807686	0.000464786384326614
E-GEOD-8077_3	0.00327543569017228	0.0175388969818305	0.00162841497168356	-0.0165337790895569
GSE103416_1	0.013043919121101	0.0445976841552287	0.013684287021484	0.00819749663944518
GSE103416_2	0.0106348252468466	0.0230927736682828	0.0108839086677592	-0.00865412661506893
GSE103416_3	0.00765384212615152	0.0297311429076088	0.00886618742127278	0.00803726246862946
GSE19950_1	0.0282288156755291	0.104721836206003	0.0330364380273339	0.0307553484895107
GSE30322_1	-0.0290152127337134	-0.0676825157839918	-0.0263314337346218	-0.0149585670379483
GSE30322_2	-0.0128862497916705	-0.0400904155658225	-0.0135129485806003	-0.00731675597369511
GSE30322_3	-0.0112625300981465	-0.0219381731082099	-0.00790930487153149	-0.000125135503988355
GSE42295_1	-0.00347851925828577	-0.016356200302758	-0.00123456790123457	-0.00497062473723869
GSE42295_2	0.00897288766770153	0.0109006621906724	0.00338702147525677	-0.00148281685890478
GSE42295_3	0.0099817921810247	0.0171596398885728	0.0105886567660443	0.000619320834640048
GSE66554_1	-0.025237002618121	-0.0514005258875175	-0.0252921699275997	-0.00377291075009204
GSE66554_2	-0.0358477866040238	-0.0789010111716745	-0.0346431625020751	-0.00525067682708237
GSE66554_3	0.00013091010867984	0.0154728144769216	-0.00121065375302663	0.00719309688447701
GSE66554_4	0.00534167386195731	0.0605316871051274	0.00530650682953726	0.00832646272815148
GSE74898_1	-0.000785837306023192	0.00964482155278763	-0.00313274354126604	-0.00274904009087154
GSE74898_2	0.00219592725448263	0.0178454131104016	0.00344302736408994	0.00199422653440712
GSE74898_3	0.000482297432619508	0.00513947650026082	-0.00152793311697046	-0.0103234580822362
GSE79176_1	0.00247524752475248	0.0112027288380927	NA	NA
GSE79176_2	0.00242875849597805	0.0381029913626274	NA	NA
GSE79176_3	-0.00126582278481013	0.0304815793208033	NA	NA
GSE85785_1	-0.0101893648894652	-0.0290636311862239	0	-0.0190875119931324
GSE23492_1	0.0114924366062254	0.0123294892558211	NA	NA
GSE23492_2	0.00574040753447454	0.0155833503115057	NA	NA
GSE23492_3	-0.0248151764404876	-0.0706898977315991	NA	NA
GSE23492_4	-0.0218045064806659	-0.0938672190832174	NA	NA
GSE23492_5	0.0302036312272345	0.0822720997080037	NA	NA
GSE44991_1	0.00626348256803619	0.0212737724364567	0.00641025641025641	-0.000223791075414927
GSE44991_2	0.00670223776193592	0.0214612719274058	NA	0.0259012259828481
GSE39796_1	-0.011658411519733	0.00113489558815732	NA	NA
GSE39796_2	-0.00726478215336037	0.0234012239928166	NA	NA
GSE39796_3	-0.00503358327805522	-0.0260804327345008	NA	NA
GSE18394_1	-0.0139393677172832	-0.0403408234073638	-0.0173994902309094	0
GSE18394_2	-0.0337206135942431	-0.0919218285834561	-0.0417331664398272	0
GSE18394_3	0.00474045980938501	0.0223465076187067	0.00519526344482714	0
GSE29233_1	0.0203467821156556	0.0888870549764581	NA	NA
E-MEXP-2291_1	0.00600816949295742	0.0272580411801833	NA	NA
E-MEXP-2291_2	0.00799799865920801	0.0244807126652538	NA	NA
E-MEXP-2291_3	0.00421464870852624	0.00309856874665667	NA	NA
GSE107363_1	-0.00848761529195308	-0.00012270149176431	NA	NA
GSE85761_1	0.0126765339842581	0.0803489131103001	NA	NA
GSE89179_1	-0.00629932933366303	-0.0330579304629786	NA	NA
GSE89179_2	-0.00150056846583619	-0.00656525823123153	NA	NA
GSE89179_3	-0.00248499002650843	0.0130586348422605	NA	NA
GSE89179_4	-0.0170578968714249	-0.0452555025752891	NA	NA
GSE89179_5	0.0103201073647359	0.049112552676882	NA	NA
GSE89179_6	-0.00174018083440921	0.000622877876453737	NA	NA
GSE89179_7	0.0135170675535599	0.0375185451962503	NA	NA
E-GEOD-57723_1	0.00444146801004416	0.0367295987431446	NA	NA
E-GEOD-57723_2	-0.0162852913350523	-0.0322966455364127	NA	NA
E-GEOD-57723_3	0.00774091152969575	0.0370868935840642	NA	NA
E-GEOD-83930_1	0.0124878393814013	0.104623360756594	NA	NA
GSE100268_1	0.0519653390527594	0.172996774721035	NA	NA
E-GEOD-55769_1	0.00192579780446522	-0.0291646299913462	0.00240879271884864	0.0074940172126534
E-GEOD-55769_2	0.00340001472266186	-0.0505266319751799	0.00446263581935102	-0.00532969293050191
E-GEOD-55769_3	0.00706310097252804	0.00345072782625003	0.00781177472848265	0.0026319299245614
E-GEOD-69110_1	-0.00536989211499977	-0.012074676419694	-0.00565262365716964	0.000312601466603342
E-MTAB-4304_1	-0.00241773415532281	0.0115708901321899	-0.00122664220336794	-0.00170212175286749
E-MTAB-4879_1	0.00378129826670174	-0.0173866825365299	0.00528366491588592	-0.0171986802094777
E-MTAB-4879_2	-0.0104064163601305	-0.0353096156361192	-0.00399968521759955	-0.0303087316901342
E-MTAB-4879_3	0.00402255589624794	0.0101001160856979	-8.78376479185989e-06	0.00728301789926175
E-MTAB-4879_4	0.00279610724276729	0.0158206784552564	-0.0018348623853211	0.000615789678250312
Cytokine_Explant_1	-0.011860935082719	-0.0261425763119506	-0.00407367509959656	-0.0126705945748456
Cytokine_Explant_2	0.033431123713204	0.134310900938456	0.0475525841797312	0.00882960889900254
Cytokine_Explant_3	0.029688900003209	0.104066096431623	0.0429783406809174	0.000240760055335975
Cytokine_Explant_4	0.0123827363472382	0.0614503167987303	0.00985309143588097	0.0156533766156819
Cytokine_Explant_5	0.0237727662473986	0.0890182463137886	0.0361365997343023	0.00380161746438288
FN1_Explant_1	0.0107436746111142	0.115179243173605	0.00696494814141873	-0.00545981853084561
E-MTAB-6266_1	-0.0357886960791636	-0.119974228503927	-0.0466460005198358	-0.0185270072996692
E-MTAB-6266_B_1	-0.0314344666830637	-0.0984901246667413	-0.0415982985495695	-0.0144200084237892
E-MTAB-6266_B_2	-0.037661015986762	-0.123022305187351	-0.0430587938382869	-0.0224658453133279
E-MTAB-6266_B_3	-0.0107112530703513	-0.0238770701618329	-0.0110210360169542	-0.0162981116519477
GSE70667_1	0.00158018867924528	0.0245520345700156	-0.000553080920564217	0.00529493881527542
GSE87608_1	0.000208114576534135	-0.0226713053281721	NA	0.0018673949696992
GSE87608_2	0.00889400024448317	0.0178309173830704	0.00012131295275727	-0.0038782383547078
GSE87608_3	0.0147103586317636	0.0334854678584193	-0.00136152564385307	0.00145999347515604
GSE87608_4	0.00618790163411327	0.000411363191289772	-0.00379068150363607	0.00729307608065577
GSE90890_1	-0.0138858982812989	-0.0689606990959705	-0.00603251673655558	-0.0155355622625891
GSE97118_1	-0.0363960651435463	-0.116717709400389	NA	NA
GSE97118_2	0.00281328932997328	0.0245824554680767	NA	NA
GSE97118_3	-0.0240265709187642	-0.102049616755963	NA	NA
GSE97118_4	0.0165843824912152	0.0492094217801416	NA	NA
GSE97118_5	-0.00576783018141087	0.0157755692423638	NA	NA
GSE97118_6	0.00790066022879935	0.0563250527054576	NA	NA
GSE97118_7	-0.0059380948074654	-0.0310790288825767	NA	NA
GSE107592_1	0.00503360677315188	0.0189586591939187	0.010987827918443	0.00894391829253271
GSE92641_1	0.0122902097902098	0.0171878042834864	0.0110357660185076	-0.0148911086241685
GSE107849_1	0	-0.000523287729135546	NA	NA
E-ERAD-89_1	-0.00298478885224976	-0.00691715486222518	NA	NA
E-ERAD-89_2	0.00235849056603774	0.00394503340959369	NA	NA
E-ERAD-89_3	-0.000861411896617974	0.00659799270702688	NA	NA
E-ERAD-89_4	-0.000938086303939962	0.0192520068611854	NA	NA
E-GEOD-45893_1	0	-0.0385824022943128	NA	NA
E-GEOD-53105_1	0.00321305120097877	0.0346984298040078	-0.000992063492063492	-0.000848034956670879
E-GEOD-53105_2	-0.0131551948252039	-0.0491191550553762	-0.00601722326055333	-0.021738617352693
E-GEOD-54461_1	0.00344376131240395	0.0110400460142171	0.00279820067993614	0.00170966420966421
E-GEOD-54461_2	0.00330256860713367	0.00561742963351247	0.00439669194447062	0.00738074186350048
E-GEOD-54461_3	0.00684586674736637	0.0158009549242984	0.006743191396675	0.00649029454565697
E-GEOD-54461_4	0.00410477306574381	0.0143045274111826	0.00299232646359855	0.00267704891327902
E-GEOD-54461_5	0.0104215216024659	0.0303552015698054	0.0115141906436228	0.00132747878199645
E-GEOD-54461_6	0.0127347655871206	0.0495954809472	0.0138455565059697	0.0141789343567172
E-GEOD-54461_7	0.017841550868128	0.070220595923595	0.0200878717478598	0.0227333707699573
E-GEOD-54461_8	0.0193757418935095	0.0753960785169486	0.0214761488253045	0.0244922840167787
E-GEOD-73372_1	-0.00139627337304137	-0.000810153579374345	NA	NA
E-GEOD-73372_2	-0.00351801161374521	-0.0141308562571958	NA	NA
E-GEOD-73372_3	-0.00290563005694749	-0.0125910753076215	NA	NA
E-GEOD-75549_1	0.0188119248929559	0.0749609005715955	NA	NA
E-GEOD-76988_1	0.00354682187412991	-0.0164752618981596	NA	NA
E-MTAB-2923_1	-0.0181114854763531	-0.0823164094104914	NA	NA
E-MTAB-2923_2	0.0195806908287371	0.0986661457706479	NA	NA
E-MTAB-2923_3	0.0205203650822523	0.0636127455631667	NA	NA
E-MTAB-2923_4	0.0140466570668106	0.0298378429915178	NA	NA
E-MTAB-3428_1	0.0186598848264445	0.0498412865950855	NA	NA
E-MTAB-3428_2	-0.00515989401934745	-0.039458847862461	NA	NA
E-MTAB-3428_3	0.00101081119769845	0.00794123376958761	NA	NA
E-MTAB-3428_4	0.0197086754799596	0.0573010289618236	NA	NA
GSE102856_1	0.0091500145143377	0.0785220262484495	NA	NA
GSE103492_1	0.0117907288253598	0.0416689317217403	0.0171339034701285	0.0267587340098254
GSE103492_2	0.00242450090223379	0.00319903060570484	0.00253250239577796	0.00379551460492673
GSE103492_3	0.00910620277725496	0.0472596159459345	0.011926982960204	0.0221325467891131
GSE103492_4	0.0161689580933831	0.0524134693649972	0.0215454893239154	0.0251367897686222
GSE103492_5	-0.00254441506373132	-0.00762156453802342	-0.00174839905628581	0.00719871291162173
GSE103492_6	0.00728302111606317	0.038304198429674	0.0138803993560272	0.0223001441672058
GSE103492_7	0.0125676536691901	0.0528235550185636	0.0228092328369553	0.00995887141931767
GSE103492_8	-0.00178606111104605	-0.00999836898005634	-0.00678715465928865	-0.0106161411573783
GSE103492_9	0.00349890467582402	0.00845974083436034	2.06462585066571e-05	-0.0143372760024643
GSE103492_10	-0.000820146121286786	0.0248260625384728	0	0.031545272780787
GSE106259_1	-0.00810400009128807	-0.0147476033286666	-0.00666138356361635	0.0221660747043934
GSE110303_1	0.00560193826369846	-0.0222337954335736	NA	NA
GSE110303_2	0.00201631899297115	0.0313443202052001	NA	NA
GSE110303_3	0.004657394135842	0.012556920480068	NA	NA
GSE110300_1	0.00151124059091092	-0.00280430281658215	NA	NA
GSE110300_2	0.00122549019607843	-0.0151583306266418	NA	NA
GSE110300_3	0.00210032297445005	-0.00654334428382664	NA	NA
GSE110281_1	0.012719085365362	0.0623615330185209	NA	NA
GSE110281_2	0.0161066015800396	0.059262295199896	NA	NA
GSE110281_3	0.00448040776822087	0.000357093554336915	NA	NA
GSE104459_1	0.0113483901074872	0.0263462861171615	0.00864624505928854	0.0179955314264973
GSE104459_2	0.00806723849624096	0.0464068516770535	0.00914135439046756	0.00951640762499014
GSE104459_3	0.00106354861050096	-0.00565002682483201	0	-0.0225611512673951
GSE110051_1	-0.000562165554491523	-0.00971056689002008	-0.000442558747742996	-0.00289855072463768
GSE110051_2	0.00648346310204395	0.0392824892213541	0.0135108821574025	0.0156815494580544
GSE110051_3	0.00490050987616436	0.0183513791150367	0.00845347186181122	0.00996560890810415
GSE112694_1	0.013133940192194	0.0405777560845108	0.0154253250935963	0.0118576648622953
GSE112694_2	0.0228410733610292	0.0663974748643736	0.0265953170959263	0.0203086427658193
GSE112694_3	-0.0115302804597761	-0.0444256127510938	-0.0154147449021322	-0.0301918584551429
GSE112694_4	0.00488114333207451	0.0125013495567979	0.00708497510371801	0.00147363062523221
E-MTAB-5879_1	0.0016292494551485	-0.0196484248932664	0.00162580942051376	-0.00859566771655873
E-MTAB-5879_2	-0.00193569865714061	-0.0273890085115676	0.000461653035049469	-0.00165138570303557
E-MTAB-5879_3	-0.00116569964743262	-0.0149566314003571	0.00220765706641556	-0.00874196297675144
E-MTAB-5879_4	-0.00311201576306767	-0.0282892466672232	-0.0095353775496292	-0.00587533145204818
E-MTAB-5879_5	-0.0059687889525403	-0.0359139029836051	-0.00787644056935599	0.00116817720459853
E-MTAB-5879_6	-0.000256095070178435	-0.0203327677782108	7.76835376956053e-07	-0.0154188647697247
E-MTAB-5879_7	0.00867001960175917	0.00613172141479218	0	-0.00442467393298079
E-MTAB-5879_8	0.00395743693634861	-0.00355824798307602	0	-0.0026975219546765
E-MTAB-5879_9	-9.50937471530904e-05	-0.0360222821242438	0	0.00466426252856812
E-MTAB-5879_10	-0.00197701873635027	0.00877442828966476	-0.00159744408945687	-0.0126230309795728
E-MTAB-4294_1	0.0035557451596372	-0.00646963281657419	0.00216539546070629	-0.00589382189394039
E-MTAB-4294_2	-0.000849844629647769	-0.0093569498952604	0.00270323520554304	-0.00246390051897808
E-MTAB-4294_3	-0.00385139785968552	-0.00628626186614285	-0.00596766359928385	-0.00919014583756652
E-MTAB-3186_1	0.00459111311189811	0.00452734876448591	0.00612645269285599	0.00569234895293335
E-MTAB-3186_2	0.000212668737634636	-0.00894106263119868	0.00390546229433439	0.00251064299979819
E-MTAB-3186_3	-0.00461651385134351	-0.0188456966306982	-0.00326042792784187	-0.00782251652706661
E-MTAB-3186_4	-0.0040853036675149	-0.00587409574140563	-0.00537221411549011	-0.0119391407667503
