comparisonID	jaccard	cosine	sigjaccard	chrDir
22659600_1	-0.129325096438997	-0.337745049698316	-0.133229072657549	-0.0904676897961559
24361742_1	0.00294515112755088	0.0366358874152979	-0.00147599923308361	0
GSE72258_1	0	0.0145643076143196	0	0
GSE72258_2	0.000912408759124088	0.0298188808210352	NA	0
GSE69531_1	-0.0135400993088243	-0.0351558169889452	NA	NA
GSE69531_2	-0.016619823781372	-0.0769461263914197	NA	NA
GSE69531_3	0.00128525724986116	0.00687857779018663	NA	NA
GSE69531_4	-0.0135400993088243	-0.0351558169889452	NA	NA
GSE58203_1	0.0687697430205754	0.321773191303795	0.0651647652074852	0.0757969540141351
GSE58203_2	0.084836227302748	0.313236581399531	0.0856470585054643	0.0709138802593547
GSE58203_3	0.0981259285070007	0.330933031837582	0.0983048939275602	0.0981799870635214
GSE58203_4	0.14760501124484	0.410186163836869	0.150013609297698	0.124461529887509
GSE58203_5	0.0580405440615358	0.266047232092106	0.0462641341909301	0.049529270862788
GSE58203_6	0.0616713527992487	0.220017179261078	0.0606627506870863	0.024511592569382
GSE58203_7	0.0414335830303397	0.162640147512711	0.0418710408824568	0.0193769642238391
GSE58203_8	0.00473181872966695	0.0147113968454356	0.00401068452664552	-0.00246052079202773
GSE59642_1	-0.008647470579231	-0.00331807729547519	NA	NA
GSE59642_2	-0.0329331297733106	-0.0921496199295786	NA	NA
GSE59642_3	-0.0286916004561082	-0.101427602537604	NA	NA
GSE64922_1	0.118399885044727	0.32818400147085	0.109257426058066	0.0407356265237855
GSE60162_1	0.0151501911207841	0.0350454246675804	NA	NA
GSE31685_1	0.0220050048646865	0.0713589413264059	0.0206251160746213	0
E-MEXP-3890_1	0.0127764518502193	0.0649976272436131	0.0120824008657557	-0.00106118808365999
GSE31980_1	0.066670905981341	0.2484487077147	0.070382837474221	0
GSE15615_1	0.105423274374046	0.419652060757055	0.130693361865682	0
GSE15083_1	-0.00585739365078477	-0.000521052564197798	NA	0.0160566693969974
GSE108035_1	0.00582052509391223	0.0134941924252158	0.00581145034972356	0.00406864486020602
GSE108035_2	-0.000157080793175474	-0.0143939489306831	-0.000213073741155506	0.0176125390996872
GSE108035_3	0.000762070653407873	-0.0107408235819764	0.00126724672208102	0.0225634772447256
GSE21959_1	-0.00601628637007017	-0.0116754125581042	-0.0015706719774041	-0.00511429367523101
GSE21959_2	0.00248397872880645	0.00987702910172812	0.00731895760709886	0.00539272522222856
GSE24742_1	0.0115958578173194	0.0204108928835638	NA	0.00822381712975536
GSE24742_2	0.00101091279405153	-0.0172331993984619	NA	0.00558489453242411
GSE24742_3	-0.00948467987715139	-0.0300394915337923	NA	-0.0132726958806462
GSE74668_1	0.0627820040947857	0.311935374512615	NA	NA
E-GEOD-10024_1	0.139341109707603	0.380467128034944	NA	NA
E-GEOD-10024_2	0.203414574023137	0.476627964736143	NA	NA
E-GEOD-12860_1	0.110849992753027	0.255223984527289	NA	NA
E-GEOD-12860_2	-0.0511510071867406	-0.208380705337153	NA	NA
E-GEOD-12860_3	-0.0425362737990057	-0.166037148535426	NA	NA
E-GEOD-12860_4	-0.00796287414690813	-0.0404072623561031	NA	NA
E-GEOD-12860_5	0.000285091644677885	0.00211746653050819	NA	NA
E-GEOD-12860_6	-0.0569523510115921	-0.229227964671343	NA	NA
E-GEOD-12860_7	-0.0145045680467989	-0.0749325883330107	NA	NA
E-GEOD-12860_8	0.035383013774973	0.0930637663662143	NA	NA
E-GEOD-14359_1	0.0185396193779693	0.0367800869835416	0.0198303141501068	0.0410468773033253
E-GEOD-14359_2	0.0278841230951839	0.0825816062890765	0.031048119103558	0.0081768891593085
E-GEOD-1919_1	0.045911461396536	0.153719962327509	NA	NA
E-GEOD-1919_2	0.0208843802945068	0.0534042895912225	NA	NA
E-GEOD-1919_3	-0.00663700622046073	-0.0324322300342137	NA	NA
E-GEOD-1919_4	0.0343569660243345	0.101226245131067	NA	NA
E-GEOD-1919_5	0.015609056899163	0.0485142399205141	NA	NA
E-GEOD-1919_6	-0.01373527773249	0.00164005419084993	NA	NA
E-GEOD-1919_7	-0.0284561836899983	-0.0747602778066001	NA	NA
E-GEOD-1919_8	-0.0200015394679276	-0.0521189921283886	NA	NA
E-GEOD-1919_9	0.00405417489649703	-0.0163812280792775	NA	NA
E-GEOD-19664_1	0.0711131331123548	0.222038752658905	NA	NA
E-GEOD-19664_2	0.0043495867333686	0.0228408437659065	NA	NA
E-GEOD-19664_3	-0.0642527010271132	-0.201820902155502	NA	NA
E-GEOD-19664_4	0.0704598574142734	0.219919825737405	NA	NA
E-GEOD-19664_5	0.0242886996590616	0.0372372898041021	NA	NA
E-GEOD-19664_6	-0.0869200788749879	-0.255841645743118	NA	NA
E-GEOD-43923_1	0.0162877671043746	0.0621692172089689	0.0103527887971596	0.0147185492555703
E-GEOD-51812_1	-0.0327672027640733	-0.20145783176048	-0.0335607902477955	-0.0403862555850763
E-GEOD-51812_2	-0.030650242458957	-0.189545900117776	-0.0310964398983734	-0.0420917157709256
E-GEOD-68760_1	0.212519532169814	0.592564338516868	0.20825087733153	0.204172433627268
E-GEOD-82107_1	0.00958133615804223	0.0198084913997539	0	0.0162868727566187
E-GEOD-9451_1	-0.0136807445803754	-0.0357532316041773	-0.00975486979850115	-0.0109200615503606
E-GEOD-9451_2	-0.000908333490001332	0.0279926959313518	-0.000612673872118177	0.000987966182233038
E-GEOD-9451_3	-0.00172747355381319	-0.0145179568343761	-0.00383006665199667	0.0184657203495555
E-GEOD-9451_4	-0.00428369841712841	-0.0285948693359881	-0.00592339073874043	0.0105307368655632
E-MEXP-2019_1	0.00304127813890001	0.00470666350640109	0	-0.00630579595441799
E-MEXP-2019_2	-0.0316276844506819	-0.0863481921279259	-0.00761307166686764	-0.0224763129956454
E-MEXP-2019_3	-0.00468857000796553	-0.0591267470157665	NA	-0.0263411551541221
E-MEXP-2019_4	-0.00692638785648406	0.00898706832523632	-0.000339893646181678	-0.0128598225586473
E-MEXP-2276_1	0.025713474884693	0.0981010447959321	NA	0.0195423397810296
E-MEXP-2488_1	-0.0239483294034488	-0.0800284648171777	-0.0216851574260051	-0.0177127321928545
E-MEXP-3129_1	0.0248506753429027	0.152123331125027	0.0271318878356249	0.0488094852608642
E-MEXP-3474_1	-0.0502466497060964	-0.137879516543536	NA	0
E-MTAB-3010_1	-0.00321424013732387	-0.0222256455980608	NA	NA
E-MTAB-3010_2	0.01083595435859	0.0350492738964821	NA	NA
E-MTAB-3010_3	-6.83396846139286e-05	-0.00665169721381012	NA	NA
E-MTAB-3010_4	0.0334139513286909	0.093814091200405	NA	NA
E-MTAB-4152_1	-0.0425834854914211	-0.124720521907534	-0.0447457320796142	-0.0370567192105396
E-MTAB-4152_2	0.0224004589992495	0.0916712061721249	0.0236780041179664	0.0312881008757297
E-MTAB-4152_3	-0.0154844079192476	-0.0633143981937189	-0.0162875767423851	-0.0137059221335715
GSE100609_1	-0.0179181778192952	-0.0666575823010239	NA	-0.0144266524472743
GSE100786_1	0.00345398118306677	0.0607532007436364	NA	0.0138368265767005
GSE100786_2	0.00372435235177953	0.0380020296020828	NA	0.00757511740443014
GSE103697_1	0.00196345629726306	0.00795023299360419	NA	NA
GSE103697_2	0.000922509225092251	0.00890248099138716	NA	NA
GSE103697_3	0.000912408759124088	0.01273533397303	NA	NA
GSE104113_1	0.0420295730530082	0.125663770112793	NA	NA
GSE104113_2	0.00606329013000251	0.0121804703451453	NA	NA
GSE104113_3	0.0420295730530082	0.125663770112793	NA	NA
GSE10575_1	0.00630505498459425	-0.00837341263972818	0.00013343204435109	-0.00679600677052299
GSE10575_2	0.00501277428996958	0.0138137298913258	0.00689052350604112	0.00131311759303381
GSE10575_3	0.000126460648609876	-0.0315670970352403	0.000952412241786126	0.0206971791672117
GSE13604_1	-0.00706629418999846	-5.53501275859237e-05	-0.00871772657894565	0.000996233381103641
GSE13837_1	-0.00577572964669739	-0.00184988328354505	0.00190114068441065	0.000768358123731341
GSE13837_2	-7.7682203018889e-05	0.0354571697012625	0.00564241556838709	-0.0020455456624513
GSE13837_3	0.0512645758286745	0.148009103744968	0.0282593154150846	0.0235127902461712
GSE13837_4	0.0920402721988328	0.243345660387262	0.0776004246954332	0.0538257408226449
GSE13837_5	-0.00324636821490554	-0.0542927256335473	0.00178187403993856	-0.0258045420892487
GSE13837_6	0.0079375288092321	0.0921553609690806	0.00829389590659125	0.00321531882219537
GSE13837_7	0.0415170820089197	0.177207855149621	0.0304137245395959	0.0223133411099425
GSE13837_8	0.113523582972707	0.321254690102999	0.112753520611967	0.0721651858834226
GSE13837_9	0.0232560375450418	0.0630927482761534	0.0111603451974098	0.00849371559496036
GSE13837_10	0.00361768809231337	0.0137295734134123	-0.00503037168387228	-0.000658393996011506
GSE13837_11	0.0156513258243443	0.0263227776429361	0.00400020491457871	0.00111125438489616
GSE13837_12	-0.0160158276165499	-0.0575654138608089	-0.0150008602263074	-0.0149794800345635
GSE13837_13	0.0662625591128805	0.303467769976047	0.0477933658373562	0.0698380482013166
GSE13837_14	0.0833752111658191	0.298441299411313	0.0754068405788109	0.0724692040816727
GSE13837_15	0.0988837798337533	0.331208847695852	0.0959344709684233	0.0996356523897381
GSE13837_16	0.114249276106143	0.310269705400634	0.111887538812593	0.0632763581878626
GSE13837_17	0.0525472210788931	0.317931295873922	0.037855467083748	0.0538925909722382
GSE13837_18	0.0870936523663794	0.351885677589769	0.0753110093096881	0.0887683334491845
GSE13837_19	0.104035936721819	0.361783799673005	0.0954138889578351	0.0835393545497287
GSE13837_20	0.116448697366046	0.343385725119532	0.118882265917666	0.0953015788941542
GSE13837_21	0.0228598147182849	0.0609583897328496	0.0103272944883183	0.0187866669746508
GSE13837_22	0.00819576876963267	0.0282253184558831	-0.00306298428217667	0.00978989383079476
GSE13837_23	0.0175885300345723	0.0365108370974525	0.00960045071870623	0.0103241956419973
GSE13837_24	0.033458219575562	0.0956371054683076	0.0267409454987416	0.0269013872121156
GSE16464_1	-0.0514323157691462	-0.121960593346451	NA	NA
GSE16464_2	0.0252989032689049	0.07099317243758	NA	NA
GSE19060_1	-0.00906067687107783	0.00761343504923298	0	-0.0026765900274238
GSE27372_1	0.016883174505312	0.061484650627621	0.0188196535840825	0.0265222023839456
GSE27390_1	0.0307074486622861	0.105125083531547	0.0202890896718009	0.0107642742695816
GSE29106_1	0.000198627206259929	-0.0227291796102098	NA	NA
GSE29107_1	-0.0259682114526458	-0.0954528154326028	NA	NA
GSE29107_2	0.0393638556247136	0.159905649426498	NA	NA
GSE29745_1	-0.0107366180571572	-0.0772638593136842	NA	NA
GSE29745_2	0.0402710870061213	0.159230720287938	NA	NA
GSE29745_3	0.0040518439979427	-0.00106000351563811	NA	NA
GSE35546_1	0.0232668776299126	0.0976813478846379	NA	NA
GSE35546_2	0.0232195265866925	0.102374537293228	NA	NA
GSE35546_3	0.0233590303482132	0.114708397126617	NA	NA
GSE35546_4	0.0475442133243407	0.145521560320504	NA	NA
GSE35546_5	0.0561047316433394	0.151576213684304	NA	NA
GSE35546_6	0.0544528048299162	0.148935658969998	NA	NA
GSE35955_1	-0.0179593125305993	-0.0745728069034755	-0.00116525310235928	-0.0120924687212584
GSE35956_1	-0.00846320163402318	-0.0164810270789968	0.00480725475057945	-0.00439236175342614
GSE35957_1	-0.00785331177711409	0.00512764308706099	-0.00847486737799048	-0.00775512507436392
GSE35958_1	0.00329725509491323	0.0326482679808699	-0.00255327481051796	-0.0083730065412725
GSE39340_1	-0.0209693322216201	-0.116929106009222	NA	-0.0239793122716833
GSE39340_2	-0.0427425797941676	-0.137150403928524	-0.0010482180293501	-0.0563518531283978
GSE39340_3	0.00156033661534278	0.0332157303209914	0.0010482180293501	0.0251592629043609
GSE39795_1	0.00400009853229651	0.0139140110567582	NA	-0.00190921974402092
GSE39795_2	0.017688370611174	0.0370352061974819	0.00572157438001453	0.00105175765319783
GSE39795_3	0.00987334099577422	0.0366348596484623	0	0.0012392626200392
GSE41038_1	0.00111816586827549	0.0113114107351061	NA	0.000844771370735798
GSE41038_2	-0.000142020811674968	0.012488592567132	NA	-0.0149513828519914
GSE41038_3	-0.00340375604883314	0.0143215495543759	NA	0.000604654308189576
GSE41992_1	-0.0326902526909532	-0.0948456245171577	NA	NA
GSE42235_1	-0.0142849010229761	-0.0868838646255749	-0.0139037495734931	-0.0262942458054341
GSE42235_2	0.0160444536363601	0.035415305621949	0.00845274672730873	0.0101799276451328
GSE42235_3	0.0124969191077908	0.0257123242311313	0.0160281688624576	0.00742877177884709
GSE42235_4	0.00825834633483678	0.00528905331828272	0.0109631538513379	-0.00427551309176102
GSE45233_1	0.0121278269121516	0.0332282483104816	NA	0.004370705308265
GSE45233_2	-0.00463185730462436	-0.00481295839585769	-0.000922509225092251	-0.00473742172295538
GSE45233_3	0.00320358402098684	0.0177417889543087	NA	-0.00509330143510697
GSE45233_4	0.0152990044628275	0.049136948779839	0	0.0175685399146784
GSE46053_1	0.0288837124857007	0.103703660528641	0.0123079660439899	0.0143872240451014
GSE46053_2	0.0397893659195947	0.144682214943576	0.0262387806614915	0.0248530983027732
GSE46750_1	0.0951688292930141	0.410793869859777	NA	0
GSE51588_1	-0.020191699262298	-0.0519726415407502	-0.0200691574763447	-0.0105417346463803
GSE52817_1	0.0163325369018789	0.049318260332631	NA	NA
GSE52817_2	0.0388378761275863	0.143026971563195	NA	NA
GSE52817_3	0.02934171640545	0.116568152604848	NA	NA
GSE52817_4	-0.0215226504391012	-0.0892339949897153	NA	NA
GSE55235_1	0.0520653168657131	0.164424105169399	0.0532891941001001	0.034815274951867
GSE55235_2	-0.00496574934942254	-0.0346485745878128	-0.00556652955002882	-0.0132898830627083
GSE55235_3	-0.0532790702910852	-0.165876060973803	-0.0605196622914084	-0.0249826220485981
GSE55457_1	0.0425295181293019	0.172469486394795	0.0371766055475974	0.0364079206445927
GSE55457_2	0.0292884716057161	0.0864179384332268	0.0360475039889441	-0.00755410103184654
GSE55584_1	0.0307151378794252	0.109869967541503	0.0093568738730029	0.0353483066029865
GSE57218_1	0.00817469124615611	0.0943455217539328	0.0067178249296256	0.0252526113913002
GSE57218_2	-0.0108769694339311	-0.0468780302464138	-0.0132006133976289	-0.0243032689701366
GSE57218_3	-0.022199157442	-0.0910994096937212	-0.0250662138893212	-0.0267473510457047
GSE60762_1	0.0294225315132826	0.0898458118537769	NA	0.00308013458005188
GSE62914_1	0.0138213754580223	0.0495399198975014	NA	0.0173081540612168
GSE62914_2	0.0216038392093374	0.0656236153012776	NA	0.00868686724789637
GSE62914_3	0.00414207536625497	0.0441773962791259	0.00010060994780859	0.00847849712308897
GSE62914_4	-0.0148369297156886	-0.0779983904626717	0	-0.0254221771448939
GSE64394_1	0.0500449512672492	0.171852420809227	NA	0.0490807542658414
GSE66635_1	-0.00162361906041972	-0.0179359404948098	NA	-0.00218020975754084
GSE68038_1	0.0134726550384942	0.0354885690515621	0.00262694882948047	0.0131159421681732
GSE68428_1	0.145150167664186	0.387484215286651	0.140949688563445	0.121801876305163
GSE68428_2	0.142940289775065	0.397750191448148	0.138855581438201	0.118974974539975
GSE68428_3	0.131232123015498	0.348271264834101	0.138956380483757	0.124249744131967
GSE69459_1	0.00368534666720177	-0.00644172065404796	NA	NA
GSE69459_2	0.00498674411094491	0.0151224421364203	NA	NA
GSE69459_3	-0.000209273958313525	0.00441665890205201	NA	NA
GSE69459_4	0.00133845147840487	-0.00243405296750515	NA	NA
GSE69992_1	0.00388799802507625	-0.0121743871153406	0.00394760369969	-0.01248274968293
GSE70719_1	0.00753810595124625	0.0370704751784985	0.00775047346936354	0.00167815132017163
GSE7116_1	0.0261863992859854	0.0307986112278649	0.000366109430165957	0.0105255693362373
GSE7116_2	0.0329736963742423	0.0652718425427194	NA	0.0113352456091066
GSE7116_3	0.00674050728728032	0.0225342927624362	0.00193640080273761	0.0050419450584576
GSE72575_1	0.025353160795954	0.083160274727193	0.0265582515012435	0.0382590137074981
GSE72575_2	0.0226662369459549	0.0669452315081701	0.0215271241845408	0.0246917446210572
GSE72575_3	0.0276702091240733	0.0633779799000073	0.0299232296789625	0.0201387663243121
GSE72575_4	0.00807899461400359	0.134394458615463	0.00099403578528827	0.0157774924410805
GSE75181_1	0.188036016782225	0.374710940972794	0.186835726591789	0.0600105747743584
GSE75181_3	0.250091471122365	0.534341586662714	0.248904075297596	0.112488167487309
GSE75230_1	-0.00730071291122296	-0.0177734974747429	-0.00926998765333062	-0.0194883425788539
GSE7669_1	-0.0183247929533384	-0.0727941958671166	-0.0106561601831305	-0.0247783176823013
GSE77916_1	0.0036563071297989	0.0771674759491084	0.00194552529182879	0
GSE80614_1	0.0150280199811973	0.123129888705154	0.0140336255519347	0.0279028449418157
GSE80614_2	0.0175180092551268	0.108091170631844	0.0181650225814492	0.038563275520426
GSE80614_3	0.00861261261261261	0.0467222223209268	0.00245908607003639	0.00345961344372426
GSE80614_4	0.00724935300383251	0.0307457769561557	0.00522667157429811	0.0213573076850251
GSE80614_5	-0.00365593922435808	0.010239928201965	-0.00505649492086404	0.0149257700140861
GSE80614_6	-0.0178620399682493	-0.0274311253356543	-0.0202285292328947	-0.00166615625540661
GSE80614_7	-0.0211079096384928	-0.0560093624946904	-0.0205885242938416	-0.0128797160618844
GSE80614_8	-0.0348686468606747	-0.09386350891664	-0.0295102527506614	-0.0129011272672187
GSE80614_9	0.0125674920871346	0.0813013637109276	0.00886538101479124	0.00990600791978061
GSE80614_10	0.0130745860678125	0.081442884861111	0.014813214510757	0.00376354038129175
GSE80614_11	0.00613857158108252	0.0647733761181457	NA	0.00134560847908482
GSE80614_12	-0.01681881163841	-0.0227681560717463	-0.015183693632559	-0.022130991742056
GSE80614_13	-0.0240059750033611	-0.0694251749638847	-0.0217937211972254	-0.0239485670194711
GSE80614_14	-0.0498474464883674	-0.11653543199701	-0.0482299425262738	-0.0288671589637727
GSE80614_15	-0.0646904847057838	-0.118259195501408	-0.0665031114936323	-0.0424945476836809
GSE80614_16	-0.0660976379141033	-0.134043724323793	-0.06650808592646	-0.0406362569328412
GSE85254_1	0.240555930176023	0.566233103636499	0.14980014803849	0.184679206554084
GSE86578_1	0.0635774644199899	0.355449788073888	0.0520401964387813	0.0959111581725954
GSE86578_2	0.0798110747892696	0.404582642405454	0.0648697335412884	0.10274435855659
GSE86578_3	0.343060345406778	0.694690481881462	0.335336230918221	0.247709780860921
GSE9329_1	-0.00631115351492806	-0.0378192783847292	NA	NA
GSE93698_1	0.000219012524928366	-0.000675796600705512	-0.00115018147242184	-0.00292747355228505
GSE93698_2	-0.00110688181983289	-0.00387020819549534	0.000672491010826462	-0.00611622299672964
GSE93698_3	-0.0139948583577413	-0.0447957209828789	-0.0142129991551437	-0.0148968407009904
GSE93698_4	-0.0043154523103957	-0.0217701246368195	-0.00515581972090648	-0.0124517572908539
GSE93698_5	-0.0228676330293363	-0.0696227182891344	-0.0207646423693479	-0.0209789416386826
GSE93698_6	0.00342400931405407	-0.00731174358806047	-0.00127511940164008	0.00329426907557804
GSE93698_7	-0.0288585850261395	-0.0744741802300598	-0.0278361599480475	-0.0166193827282638
GSE93698_8	-0.00901818088229443	-0.0530592691666006	-0.000906174448372981	-0.0118285255867293
GSE93698_9	-0.0547303379295342	-0.137811344480273	-0.0572059116345062	-0.0311272762610196
GSE93698_10	-0.03104135119929	-0.0747174169853127	-0.0288477536105627	-0.0264820773151359
GSE93698_11	-0.00990516826608996	-0.0413065940495547	-0.00403418403412318	-0.00506303120357842
GSE93698_12	-0.0514868095575512	-0.124228163338737	-0.0493704178705823	-0.0275843199989304
GSE93698_13	0.0197669570880425	0.0448974993067588	0.0153773184001676	0.00817950820404553
GSE93698_14	-0.0490934837720452	-0.081213325967559	-0.0285659036387687	-0.0158225778565622
GSE93698_15	-0.0416637007331673	-0.0961424401796342	-0.0438123645325918	-0.0202880471607695
GSE93720_1	0.125383362178712	0.393238033763666	NA	NA
GSE93720_2	0.160509982776586	0.482571915753768	NA	NA
GSE93720_3	0.140817294516104	0.420377809107401	NA	NA
GSE93720_4	0.165658620940814	0.478081819773695	NA	NA
E-MTAB-5564_1	-0.0210740053530821	-0.0399789439575356	-0.0159483145296499	-0.00910139303744706
GSE77753_1	0.00152668401718492	0.00137408066783878	NA	0.0076878644973237
GSE43861_1	-8.70593932195164e-05	0.0107815652666582	NA	NA
GSE112809_1	0	-0.0118536992586141	NA	NA
GSE111946_1	-0.0101919776679409	-0.0400563104488756	NA	NA
GSE111946_2	-0.00141557837249214	-0.0075128484546712	NA	NA
E-MTAB-3201_1	-0.00523760852150706	0.0178067782428645	-0.00882900688748927	-0.00243043201343111
GSE57740_1	0.00514502349007835	0.0572294901993129	NA	NA
GSE52992_1	-0.00652797889319285	-0.0187469260832178	-0.00546601579818624	0.010080002057519
GSE17160_1	0.0447076143289597	0.212223612695381	NA	NA
GSE17160_2	0.0125943122754952	0.113987850100417	NA	NA
GSE17160_3	0.0188207315524346	0.114526206220617	NA	NA
GSE17160_4	0.0651841507536375	0.196588566011478	NA	NA
GSE17160_5	0.0216270628981764	0.193089650135675	NA	NA
GSE17160_6	0.0173734798138882	0.171725037653684	NA	NA
GSE17160_7	0.0158912657807291	0.0605333492709261	NA	NA
GSE17160_8	0.0859280102761113	0.236691856095361	NA	NA
GSE17160_9	-0.0130264390127976	-0.0164462120753024	NA	NA
GSE17160_10	-0.00599790289801509	0.0127221840410996	NA	NA
GSE17160_11	-0.0162114719927869	-0.0064300041139586	NA	NA
GSE17160_12	0.0140897871268607	0.047170791617156	NA	NA
GSE22971_1	8.73457250806075e-06	-0.00031986650826263	NA	-0.000182644028376535
GSE22971_2	0.000109204787537886	0.0261723399425717	NA	0.000700984554964612
GSE22971_3	0.0114244543088377	0.0668069792325671	0.0122809688851263	0.0179299552926126
GSE22971_4	0.0197321244381059	0.0805360389880231	0.0203500491690251	0.017407794416385
GSE13590_1	-0.013635526333796	-0.0451790712338226	-0.0140174884293263	0.00295218077454855
GSE13590_2	-0.000915750915750916	0.000144040064596601	0	0.00514333788000373
GSE99731_1	-0.00166190549849018	0.000372353583798781	NA	0.00145219960694943
GSE99731_2	-0.000629641184445677	-0.0917824726803211	NA	-0.0116198674725783
GSE99731_3	-0.0166692949931393	-0.0690618234801651	-0.0184797594947396	-0.0213946776836619
GSE27492_1	0.00456898935544671	0.0474391123221994	0.00332225913621262	0.00265973714412156
GSE27492_2	0.0135820131210658	0.10895807273331	0.0202875901508302	0.0153403218049915
GSE27492_3	0.0150657847307034	0.0920111320973297	0.0203135506387045	0.0275979172871433
GSE27492_4	0.0149905747210059	0.0888417849545988	0.0179113556938559	0.0156538845626484
GSE27492_5	0.0177356939250401	0.0908714955531057	0.0212398218840658	0.016389354665096
GSE27492_6	-0.0198362611928385	-0.0184410102101404	-0.0251564228783343	0.00340411401407432
GSE27492_7	-0.0143477091692803	0.0107305734660172	-0.0229604437574641	-0.0172704826835223
GSE27492_8	-0.0179478305604316	-0.0247213806423793	-0.0215539764849536	-0.0377551565270439
E-GEOD-15069_1	0.0016020619305826	-0.00724247629179581	-0.000891538629294692	-0.00513077079077929
E-GEOD-15069_2	0.00357043858895503	-0.00313578162525128	0.00295315179881196	0.00344049026107017
E-GEOD-15069_3	0.0215241701722317	0.0700048503795236	0.0223645439232245	0.012922922947313
E-GEOD-15069_4	-0.0122897129817817	-0.0652105305063936	-0.0122436825391949	-0.0288313724785807
E-GEOD-15118_1	0.00389497381025097	-0.00356625838253684	NA	NA
E-GEOD-15118_2	0.000919117647058824	-0.00985363105254024	NA	NA
E-GEOD-15118_3	0.0120332976689972	0.0794678390710299	NA	NA
E-GEOD-15118_4	0.0170707753505148	0.0779443759382002	NA	NA
E-GEOD-16007_1	0.00645843206457953	0.0021581339316844	NA	NA
E-GEOD-17473_1	-0.00346358579415596	-0.0422618011665074	NA	0.00996020763477955
E-GEOD-18647_1	-0.00515735673045464	0.00178891398223682	NA	0.00767054410815776
E-GEOD-18647_2	-0.00766278136034564	-0.00490258683561719	NA	0.00692313085015858
E-GEOD-18647_3	-0.00311249757155291	0.00814553637930725	NA	-0.00626599871864037
E-GEOD-18647_4	-0.00260932327793249	0.00148849777951196	2.63629653063369e-06	-0.00198142544987023
E-GEOD-18648_1	0.00185096897557061	0.0492671462042749	0.00142230436764735	0.00588780841917425
E-GEOD-18648_2	0.0155449993646354	0.0491167541598807	0.0169607932571949	0.0169616185874473
E-GEOD-2154_1	9.43359156627224e-05	-0.0103490036409428	9.84696055118589e-05	-0.00033920322142776
E-GEOD-2154_2	0.0172493734118491	0.124494938161042	0.0150636412259936	0.00169758214021479
E-GEOD-2154_3	0.00396247289743999	0.0376994867177426	0.00862246192188722	-0.014422365162737
E-GEOD-2154_4	-0.00121365424928527	0.0304269519791527	0.00091239154228743	-0.00259144177821783
E-GEOD-26475_1	0.0234177463066782	0.0663747638713206	0.0265025000216276	0.0226794768239988
E-GEOD-26475_2	0.00689322522848705	0.0567670339934889	0	0.0250835785981458
E-GEOD-26475_3	0.0186130815752322	0.0923546088373883	0.0162710940668822	0.0234243548062098
E-GEOD-33567_1	0.00285922504032523	0.0257085145966241	NA	NA
E-GEOD-33567_2	-0.0195620088299824	-0.0346770993849726	NA	NA
E-GEOD-37287_1	0.00114678091642085	0.00888145113952048	NA	NA
E-GEOD-37287_2	-0.00618686563920359	-0.0198994046473208	NA	NA
E-GEOD-37287_3	0.00235421460639927	0.0169496923331008	NA	NA
E-GEOD-51994_1	-0.000452196797755103	0.00263817160681677	0.00320515462118346	0.0136941501417247
E-GEOD-51994_2	-0.0100136591546715	-0.0144224447356204	-0.0154638483166618	-0.00237008843067893
E-GEOD-51994_3	-0.0157585070142324	-0.0246636225371586	-0.0084807602295905	-0.0214771856931634
E-GEOD-65077_1	-0.00187982426968652	-0.0238569707704876	NA	NA
E-MEXP-1244_1	0.00982290572540767	0.0424813224724728	NA	NA
E-MTAB-1123_1	0.0333525628347703	0.0924753623078131	0.0267938593268952	0.0168470148579164
E-MTAB-1123_2	0.0144541063897525	0.0829943865503343	0.0171702818172317	0.0152692256032326
E-MTAB-1123_3	0.00268557235758383	0.00572288345133858	0.00300229695452173	-0.00278844657144883
E-MTAB-1123_4	-5.92032884392905e-06	0.0420121233426131	-0.00117647058823529	0.00365963739255047
E-MTAB-1391_1	0.023077561757713	0.104403930771059	0.0254150120630979	0.000214480612677325
E-MTAB-1391_2	0.0162907734261348	0.0654634457946227	0.0170197789295215	-0.0018816556677422
E-MTAB-1391_3	0.00365910467756415	0.0286850856980551	0.00389809833576317	-0.000669073840070316
E-MTAB-2450_1	-0.00833791817666005	0.00232559558875232	-0.00235378422407807	0.00137178063560927
E-MTAB-2450_2	0.0190400355327241	0.0625969267136961	0.0137828087362249	0.0174291687728003
E-MTAB-2450_3	-0.00739872334097556	-0.0492980309752589	-0.0094455318126156	-0.0124196059545135
E-MTAB-2450_4	-0.0378213048270292	-0.123322753413696	-0.0420388392804374	-0.0251160562612235
E-MTAB-5023_1	-0.0017624434593475	0.0043270700745637	NA	0.003472515611045
E-MTAB-5326_1	0.00173409936735385	0.0122388840851492	NA	NA
E-MTAB-5326_2	0.0156929585416388	0.0401398584631222	NA	NA
E-MTAB-5326_3	0.0260439660016325	0.0741515936500554	NA	NA
GSE102588_1	0.00725431670359322	0.018307055874376	0.00302599664069011	0.00231007257975654
GSE104793_1	0.0517859588742893	0.207323770512314	0.0554770516633096	0.0348278362560554
GSE104794_1	0.0432585662205773	0.17025226350566	0.047663703409565	0.0392525655870338
GSE104795_1	0.0460906189396839	0.175048477168702	0.0509410083525128	0.0380472345433115
GSE105139_1	0.0020746887966805	0.0366078654354339	NA	0.00972813079554653
GSE105139_2	0.0359314459490146	0.163813742908524	NA	0.028586667014622
GSE105139_3	0.0329594097281123	0.151254452514769	0	0.0142672830253407
GSE10555_1	-0.00933062067109106	-0.0450617434003297	NA	NA
GSE10556_1	-0.0131042241116449	-0.0353813966770063	-0.0124015612789726	-0.0173938878441391
GSE106631_1	0.087403571101718	0.25992389105294	0.0919506839787489	0.0629421123506884
GSE13104_1	0.0114881352686905	0.0598747393993523	NA	NA
GSE13104_2	0.0202945060826896	0.0648663455543327	NA	NA
GSE13104_3	0.0273854057848675	0.0935321168337508	NA	NA
GSE16749_1	0.00669030321856171	0.0271197900602157	NA	NA
GSE16749_2	-0.00254231371109712	-0.0150372635130378	NA	NA
GSE16749_3	0.00364890708733092	0.00751313888912016	NA	NA
GSE17348_1	-0.0662790016973386	-0.199312953628363	NA	NA
GSE17563_1	-0.0229094226343919	-0.0824687521359115	NA	NA
GSE17563_2	0.00753445545571215	0.0197989055245204	NA	NA
GSE17569_1	0.00595259766015196	0.0219670554500682	NA	NA
GSE17569_2	0.00057402651481633	0.0312899276770773	NA	NA
GSE17570_1	0.00194162821019059	0.0160973630819456	NA	NA
GSE17570_2	0.00698552404798228	0.0226516361084506	NA	NA
GSE18991_1	0	0.00724646337774737	NA	-0.00194620414413269
GSE18992_1	0.000922509225092251	0.0250160794463062	NA	0.011053327145061
GSE19299_1	0.0162818628382221	0.0579584706653308	0.016894220319885	0.0320225314312559
GSE20850_1	0.00710967918435865	0.00683695322254658	NA	NA
GSE21093_1	-0.00437570523840068	0.0219869378977362	NA	NA
GSE21523_1	0.0226761075205645	0.0465646697125042	NA	NA
GSE21639_1	0.00263700551125383	-0.0026676446592954	NA	NA
GSE21639_2	-0.0114700617752353	-0.0358892099863714	NA	NA
GSE21639_3	-0.00681249242002755	-0.0198696773680127	NA	NA
GSE21639_4	-0.0337861120836089	-0.0858769367955054	NA	NA
GSE21710_1	-0.0158682875630797	-0.0258018943970567	NA	NA
GSE21710_2	-0.0132092174171239	-0.0243626619062184	NA	NA
GSE21710_3	-0.013120481765516	-0.0276611832033511	NA	NA
GSE22925_1	0.0270988571956556	0.0656004532106775	0.0222955330459444	0.0278170689656049
GSE22925_2	0.0120293441793862	0.0438294958411073	0.0103779220430946	0.00367460488518036
GSE26499_1	-0.000834081165544003	-0.0128763772058171	NA	NA
GSE30160_1	-0.0109652272720729	0.00465606352086615	-0.00609306936180748	-0.00299472106519995
GSE30628_1	0.0239308296223064	0.0513441930478526	0.0253188483231216	0.00256243725973349
GSE30628_2	0.0175527538253723	0.0587764694006164	0.0155381554224667	0.00784626943262677
GSE32163_1	0.00787486871778665	0.0422195318195116	NA	0.0176163870030615
GSE33656_1	-0.0171310477762399	-0.0239391444764564	NA	NA
GSE33754_1	0.00847476884413245	0.0307913815636267	0.0037465177856928	0.00124068942404454
GSE33754_2	-0.000608677103744251	0.0458897186495679	-0.00274970947232162	0.00506139261467669
GSE33754_3	-0.00255894347074955	0.032709671174685	-0.00119019620123136	-0.00464989523866679
GSE34570_1	0.00805084302746135	0.00858737280839193	NA	NA
GSE35003_1	0.00276869074231149	0.0180962163419097	NA	NA
GSE35466_1	0.0648056115143922	0.20844829635767	NA	NA
GSE35466_2	0.0422421875380456	0.128830757368697	NA	NA
GSE35466_3	0.0475073042692445	0.160782308507035	NA	NA
GSE35466_4	0.0453458305687746	0.146226534027675	NA	NA
GSE35466_5	0.0364377446627876	0.122167734297869	NA	NA
GSE36925_1	0.000908881435776646	0.0820570171395354	NA	NA
GSE36925_2	0.0333231259723847	0.0761826171984392	NA	NA
GSE36925_3	0.0354857309641315	0.0795453486361497	NA	NA
GSE37219_1	-0.0155012529198945	-0.0281290757983759	NA	NA
GSE37676_1	0.000375327355155783	-0.00837006991596637	0.000350189173048217	-0.00156773354223754
GSE41342_1	-0.00252176614875804	-0.00477328732176855	-0.00428318908192058	-0.00461533027021212
GSE41342_2	-0.00290143386644172	0.010811029118788	NA	-0.00522518024541628
GSE41342_3	-0.00089352988537912	0.0123891317232816	NA	-0.00226496705140427
GSE41342_4	-0.0118863404861351	-0.0774367532666305	0	-0.0241792674410938
GSE41997_1	0.00151208611411176	-0.0352170845783389	0.00106642159724941	0.00339711989325219
GSE43242_1	-0.000886393757311547	0.0391704791637407	0.00164267737398832	0.00377304575997046
GSE43242_2	-0.00335142262942638	0.0128865612274802	-1.58789209592683e-05	-0.00137058029874149
GSE43663_1	-0.000780517235861651	-0.0303979533987577	NA	0.00453468685201391
GSE43854_1	0.0147794964485362	0.0541636516147122	NA	NA
GSE45656_1	-0.00195386783759165	-0.0474063519949967	NA	NA
GSE45656_2	0.00659728506063448	0.0516042056397252	NA	NA
GSE45656_3	0.00490531433554231	0.0295254869200756	NA	NA
GSE45793_1	0.0056967763147848	0.0166595590480902	-0.0013272042412119	0
GSE45793_2	0.0220105466525093	0.0540109603101141	0.0130383216413511	0
GSE45793_3	0.0127780759427677	0.0499192247913972	0.0142316967225406	0
GSE45793_4	0.022624259305052	0.0750389440729129	0.0249642008842184	0
GSE45793_5	0.00807237523123076	0.0397124958527707	0.0106266758078549	0
GSE46390_1	-0.0150445858666639	-0.0426776989897766	NA	NA
GSE48438_1	0.0209533985772598	0.0605059678033538	NA	0.0161513154161018
GSE50549_1	-0.00587028412641287	0.0189392592538555	-0.00643434403018289	0.00251919084774933
GSE50549_2	0.00171379141097436	0.0262723055777925	0.00179148118873307	0.0180462158632828
GSE51098_1	0.00309521879281347	0.0290705136392929	0.0129843427652116	0.00609198584346569
GSE53857_1	0.00212552902296752	-0.00821712815637074	0.00124069478908189	-0.00406773038218943
GSE53857_2	0.00278153090955594	0.00962676186847513	0	-0.00371595114260119
GSE53857_3	0.00167155930697726	0.00802256420384561	0	0.00224855305845357
GSE53982_1	-0.00975344409041088	-0.0191894259334409	-0.0106816136070602	-0.0231071667461004
GSE53982_2	0.0194403670754248	0.0688390287518731	0.0229090840231382	0.0077311935633313
GSE54779_1	0.0356951079367129	0.140617095919054	0.0376644609712462	0.0154169607629895
GSE55900_1	0	0.104181762624282	0	0.010467109652566
GSE57104_1	-0.0128031504764845	-0.063283066938373	NA	-0.010102275054378
GSE59387_1	0.0216432831302288	0.0426450392074363	NA	NA
GSE60401_1	-0.0152153317695233	-0.0668501923454253	NA	NA
GSE60401_2	-0.0220165441738749	-0.097738712688347	NA	NA
GSE60651_1	-0.0647830901884588	-0.20268930978931	NA	NA
GSE60737_1	0.0541463733074759	0.204617857829517	NA	NA
GSE60761_1	0.00267364609421836	0.0715569526283611	0	0.00587538762502083
GSE60761_2	6.75830934133515e-06	-0.0189587522005291	NA	0.000776219944193871
GSE60761_3	0.010263814468735	0.0752964713634026	-0.00104166666666667	0.00998650791709115
GSE60761_4	0.0209936168353791	0.126858542529613	-0.0010752688172043	0.0134252338403962
GSE63017_1	0	-0.00263272695505291	NA	0.00323023130180264
GSE63017_2	0.000119049363360635	-0.000593803408018104	NA	-0.00198392790108328
GSE63017_3	-0.00514026378688939	-0.00559745593816588	7.62621383903605e-06	-0.0143026980201056
GSE63017_4	-0.0011841406260388	-0.0163246375953793	NA	-0.00910056480231919
GSE63939_1	0.018129893837879	0.0590552139264644	0.0207238281955005	-0.0139621697570969
GSE63939_2	0.0259164228258162	0.0828326362994158	0.0269315662121801	0.0026813670093566
GSE64141_1	0.00139630083437015	0.0111023894421683	NA	NA
GSE64965_1	0.0249714608250557	0.0943795783466635	0.0271018512535266	0.0125517171166314
GSE65745_1	0	-0.0074622977717445	NA	-0.00826436775188616
GSE65745_2	0.00115441465376915	-0.0194820177365833	0.00140692640692641	-0.00197268763732379
GSE65745_3	-0.000907441016333938	-0.0151635544528407	-0.00119331742243437	-0.00825919773979962
GSE66416_1	-0.0104318716234777	-0.0371698376646105	NA	NA
GSE66862_1	0.0044465656835786	0.0197950023547596	0.00519747003083388	-0.00290945589858633
GSE69108_1	0.0213226726396588	0.0731944439926711	0.0225161967350645	0.0245935879238218
GSE71565_1	0.00744638228913918	0.0315985229774597	NA	NA
GSE72261_1	0.00598305235648123	0.0304761140787013	0.00230050612756967	-0.00699038235984049
GSE72261_2	0.0134411556111561	0.0450258939242661	0.0109506871232339	0.0163072258486999
GSE72261_3	0.0149741192222187	0.036882358384166	0.0182637801223997	0.00293919333704384
GSE7683_1	-0.014236900829965	-0.0820219563181963	-0.0148380547109543	-0.0185875791863478
GSE7683_2	-0.0152093204755885	-0.0881915166824166	-0.00870726823166257	-0.0300523136615999
GSE78980_1	0.0144603556715574	0.0307624466993507	NA	NA
GSE78980_2	0.000119967811713288	-0.03918348677236	NA	NA
GSE78980_3	-0.00484953824643552	-0.0238524467257025	NA	NA
GSE78980_4	0.0109776777376846	0.0563351836079687	NA	NA
GSE78980_5	-0.00594729585910329	-0.0223523177923929	NA	NA
GSE78980_6	-0.00192577095523414	-0.0204179110988045	NA	NA
GSE78980_7	-0.0158207189339416	-0.0334317686652787	NA	NA
GSE78980_8	-0.0199633767834085	-0.0514389058104259	NA	NA
GSE78980_9	-0.014283378479984	-0.0316967844029064	NA	NA
GSE78980_10	-0.018116147424704	-0.0439133925832767	NA	NA
GSE81399_1	-0.0162093174919406	-0.0383962534820329	NA	-0.0122550324390217
GSE84609_1	-0.0356863990852117	-0.064608283019386	-0.039101206399226	-0.0085724896393499
GSE84907_1	0.0206319957835702	0.0612718556972251	0.0220420037601276	0.00969686464708589
GSE84907_2	0.0106331895256279	0.0405739057604463	0.0113112144742528	0.00894259472595498
GSE84907_3	-0.0101586849181616	-0.0270806080080109	-0.0109996902925588	-0.0140796630035855
GSE90127_1	0.0101618738824546	0.0195624772022913	NA	NA
GSE90127_2	-0.0198366245450501	-0.070878178834106	NA	NA
GSE90127_3	0.017271201046125	0.0560577999445446	NA	NA
GSE9247_1	-0.00444448637654051	0.0363515543164832	-0.00453539174938627	-0.00743288962565387
GSE9247_2	0.00961163979962334	0.0487012407396894	0.0099474964569209	0.00475169707076601
GSE9247_3	-0.0116218549233031	-0.00259771350775387	-0.0127491138033035	-0.00127821529083785
GSE99306_1	0.00620079661593515	0.0322554655722403	0.00964236210590608	-0.00130165457105793
GSE99306_2	0.00244475437476205	0.010108098635048	0.00289542957561964	-0.00400520050219803
GSE99306_3	0.00622032521898952	0.0286367410797524	0.00446821959660664	-0.0088201509282223
GSE99306_4	0.00176281440719947	0.0147423414981538	0.00519132698369583	-0.00995108675423705
GSE99306_5	0.00507217003044239	0.0254053259419223	0.00818499375212827	-0.0114581551758935
GSE99306_6	-0.00145144511438181	0.00201147539316001	0.000889881612937246	-0.00976767293694455
GSE99306_7	0.00889628132146863	0.0434491650592556	0.00870113987934984	0.00794427653586002
GSE99306_8	0.00824348556414176	0.0275707126209026	0.00969202811716162	-0.00966250716732988
GSE99306_9	0.00558879126889018	0.0264909543825444	0.00962496218428651	-0.00815314999542445
GSE99306_10	0.00165857520064511	-0.00680109472629609	0.00144049002455654	0.00377443523500899
GSE99306_11	0.0119117517398201	0.0473787351662704	0.0135578707843608	-0.0010631301547956
GSE99306_12	-0.00529074520212342	0.00077424105931336	-0.000185977890195728	-0.00847885623738486
GSE99306_13	0.0199959191720679	0.067004004014805	0.0203569060826852	0.000430760622378684
GSE99414_1	-0.000318206095305389	0.0412456335358835	-0.00064434282859307	0.00573731294432929
GSE110581_1	0.00975097818116211	0.0152711510370645	0.00912649963383547	-0.000353876896312007
GSE110581_2	0.00362976406533575	-0.000547434165310687	0.00108932461873638	-0.00324176178980518
GSE47799_1	-0.00301973288935304	0.00771231723242284	-0.00242772258586	-0.0179108567920723
GSE47799_2	0.0026063330973227	-0.0187247159666532	0.00358160475963781	0.0209910387394311
GSE47799_3	0.00239764861732639	0.0220102449147929	0.00169346248877723	-0.0181982092721521
GSE111628_1	0.00381201545178095	0.0223675193050424	NA	NA
GSE111628_2	-0.00089126559714795	-0.0186317406290566	NA	NA
GSE111628_3	-0.00309637937295416	-0.00115143481211503	NA	NA
GSE5657_1	0.00267548629315901	-0.0205728204563997	0.00103393071510785	-0.000920927464175797
GSE5657_2	0.00199223222889305	0.00683700868675941	0.00121058558558559	0.00107543108001849
GSE13782_1	0.0504138160877973	0.158133981659647	0.0451064475719942	0.016556816311862
GSE41039_1	-0.00221992903659659	0.0422581612463161	-0.00130548302872063	0.00411902356292676
GSE84198_1	-0.00106829005953687	-0.0094139988094337	0.000980238843674002	-0.00415252549335892
GSE84198_2	-0.00802794595204244	-0.0217090403410541	-0.00682858814926384	0.00111834852843762
GSE84198_3	-0.01417421263053	-0.0647432847405514	-0.0148607653834925	-0.00695415540779148
E-GEOD-54216_1	0.00481202344556041	0.00575055456687692	0.0052321397965351	-0.0123466567003421
E-GEOD-54216_2	0.00411584044242647	0.0151586320886648	0.00449982245987276	-0.0127014384504353
E-GEOD-54216_3	-0.00270985284690501	0.0209611361932929	-0.00326071964880756	0.0035666890859204
E-GEOD-6119_1	0.0765704154828022	0.250940690490801	0.0851877900722933	0.0810524091795115
E-GEOD-6119_2	0.0752050832813807	0.247717273152769	0.0833733698022754	0.0553728049945346
E-GEOD-6119_3	0.0743571584229668	0.250252750346148	0.080620891696879	0.0730339683317589
E-GEOD-8077_1	-0.00368386323713801	-0.0735253073587231	-0.0121988554548601	-0.00726817964752297
E-GEOD-8077_2	0.0033953263238347	0.0196777849808629	0.00475558458183778	0.00898464366300429
E-GEOD-8077_3	0.0130873895157599	0.0758727661712105	0.0156278067580545	0.0129382896115802
GSE103416_1	0.00963645784340171	0.0208855378680464	0.010238337550341	0.00932407891902562
GSE103416_2	0.0142613336458061	0.0301814056264761	0.0190392668304575	0.0106032576108705
GSE103416_3	0.000784282959103898	0.0119973276195033	-0.000509579077141824	0.00945911513112981
GSE19950_1	0.0111953986688854	0.00828831430940614	0.0134370372487867	0.00864898892391363
GSE30322_1	-0.0135474162144687	0.00309114063389479	-0.00538722220560684	-0.00617363311823175
GSE30322_2	-0.00583224380558842	0.00220924652329905	-0.00369872634527269	-0.0153192464447134
GSE30322_3	0.000173000812159003	0.00268034014869689	0.00401466113517881	-0.000604252138859236
GSE42295_1	0.00633853319594288	0.0114565342197811	0	0.0127277615856665
GSE42295_2	0.0111823495079389	0.0542689200663795	0.00982453500625029	0.00976796426839298
GSE42295_3	0.00734310444299703	0.043621790641133	0.00640801526770669	-0.000821010791572652
GSE66554_1	-0.02164832964799	-0.072089318511507	-0.0216692526759484	-0.0125757727149665
GSE66554_2	-0.0270365426237213	-0.0596656886685519	-0.0230207485441626	-0.010199072010724
GSE66554_3	-0.0165990144836255	-0.0544105256145513	0	-0.019291835651222
GSE66554_4	-0.00681143138802114	-0.0135414037196818	-0.00847880864429236	-0.0096075054274877
GSE74898_1	0.00503832686613531	-0.00339440156998825	0.00205107281103017	-0.0119963905177231
GSE74898_2	-0.00331238515374561	-0.0131173259394664	-0.00247789270809787	-0.0163761643736342
GSE74898_3	0.000755352270865591	-0.0076245838384333	0.000786326173320671	-0.0136825586389499
GSE79176_1	0.000896057347670251	0.0141238629702206	NA	NA
GSE79176_2	0.00177095438935534	0.0435099777645806	NA	NA
GSE79176_3	0	0.0336132779443097	NA	NA
GSE85785_1	0.00946990948026804	0.0284370150144302	0.00272130477660206	-0.0081923642133516
GSE23492_1	-0.00956541262287248	-0.0455531714764911	NA	NA
GSE23492_2	-0.0190218469444282	-0.0766040424317605	NA	NA
GSE23492_3	-0.0297827937061605	-0.0823571076442164	NA	NA
GSE23492_4	-0.033781808083586	-0.106577740761281	NA	NA
GSE23492_5	0.0219729732971354	0.0505208788544544	NA	NA
GSE44991_1	-0.00634449589097631	0.0138340578360066	-0.00611988920162054	-0.00942635973006817
GSE44991_2	0.00208810036015334	-0.022487056614224	NA	-0.00458065623458694
GSE39796_1	-0.0110139010979002	-0.00569143965384734	NA	NA
GSE39796_2	-0.015611692925662	-0.0253812311641931	NA	NA
GSE39796_3	0.00465696927310896	0.0217671130033124	NA	NA
GSE18394_1	-0.00676708444035708	0.000228186550888955	-0.00639378552637438	0
GSE18394_2	-0.0233051433605961	-0.0431875569758322	-0.0229722125341995	0
GSE18394_3	0.00993090986200254	0.0310304053841604	0.0108895488054807	0
GSE29233_1	0.0291183690731212	0.109297906603212	NA	NA
E-MEXP-2291_1	-0.00420500930414346	-0.0128125087872518	NA	NA
E-MEXP-2291_2	0.0110530610815271	0.0499218595948379	NA	NA
E-MEXP-2291_3	-0.0172080973036027	-0.0567102572341791	NA	NA
GSE107363_1	-0.00321650448599089	0.00603963638920023	NA	NA
GSE85761_1	0.00193146928330186	0.0158275155427179	NA	NA
GSE89179_1	0.0135746537009992	0.065946346657824	NA	NA
GSE89179_2	0.00579164048073908	-0.00348250836710947	NA	NA
GSE89179_3	-0.00687942239266357	0.0115896248103502	NA	NA
GSE89179_4	-0.0239682064102986	-0.0482695963014896	NA	NA
GSE89179_5	0.043961120414453	0.11736557770492	NA	NA
GSE89179_6	0.0215593854109048	0.0698391873031613	NA	NA
GSE89179_7	0.0335398058373741	0.102894403990244	NA	NA
E-GEOD-57723_1	0.0633057154306402	0.20192745666401	NA	NA
E-GEOD-57723_2	0.00334724897283083	0.0470915845369765	NA	NA
E-GEOD-57723_3	0.0578658562353526	0.198145975443372	NA	NA
E-GEOD-83930_1	0.00771656409659183	0.0284873887216672	NA	NA
GSE100268_1	0.0389512413098949	0.0801770434112779	NA	NA
E-GEOD-55769_1	0.00974995130537509	-0.0245223446855775	0.010756982787793	0.0162064389869941
E-GEOD-55769_2	0.00145189309414954	0.00126444569250294	0.00247821501914858	-0.00120329255356259
E-GEOD-55769_3	0.00978284069560072	0.00852170189399238	0.0105839668724592	0.0236185246594379
E-GEOD-69110_1	0.0258416858004564	0.122991774409453	0.0286176499851735	0.013306047758653
E-MTAB-4304_1	0.0139604085428429	0.0654586735146053	0.01521739522045	0.00717515037317393
E-MTAB-4879_1	0.0102284643533096	0.0244355562775765	0.0075129708187607	-0.0113869672059327
E-MTAB-4879_2	0.00282339044867248	0.0170338779232799	0.0101201779266898	-0.00329732128401728
E-MTAB-4879_3	0.00448264897014794	-0.00386873918836278	-0.00197747277915858	-0.0107990281063106
E-MTAB-4879_4	-0.00011152658665696	0.00647805411543164	-0.00398005464306461	-0.039680143905496
Cytokine_Explant_1	0.00714033645146955	0.0431503358220112	0.016166715907493	0.0123848793958836
Cytokine_Explant_2	0.115353508655753	0.350960434605047	0.162958263246651	0.127687004714404
Cytokine_Explant_3	0.111833672531296	0.327032326139476	0.148402806825833	0.0989204406918844
Cytokine_Explant_4	0.0273363993258662	0.078531810116961	0.0073673218633286	0.06111452138309
Cytokine_Explant_5	0.0540890294005688	0.193488573341243	0.0653310078211326	0.0568099666437972
FN1_Explant_1	0.0601208374179814	0.296570664493002	0.0535222967527067	0.0699104389412564
E-MTAB-6266_1	-0.028295888895699	-0.0969124363431076	-0.0331377791749555	-0.0111814246035781
E-MTAB-6266_B_1	-0.0290938054544812	-0.109012708339012	-0.0362275162371018	-0.00103134989388154
E-MTAB-6266_B_2	-0.0207243019556279	-0.0650037906524054	-0.0216482409455786	-0.00757238881218661
E-MTAB-6266_B_3	0.00856842536405058	0.0539703706752263	0.0106442833340426	-0.00531080124869707
GSE70667_1	0.00308478769689146	0.0325883235587669	0.00132649147239204	0.0340775543248017
GSE87608_1	-0.00177171069436809	0.0112495575093331	NA	-0.00810438780548142
GSE87608_2	0.00613266595905299	0.010527023724933	5.95671172493608e-05	-0.00657240390102117
GSE87608_3	0.00288408645202793	-0.00376888907808922	0.00049461119734167	-0.00309128127548114
GSE87608_4	0.003505560154537	-0.00784389914881763	0.00126705862282263	0.00894875569399066
GSE90890_1	-0.0371019993003608	-0.127445128386237	-0.0112532376389553	-0.0159489165566994
GSE97118_1	-0.000139643078091389	0.00856524831598784	NA	NA
GSE97118_2	0.00477656341904111	0.0439547100026079	NA	NA
GSE97118_3	0.00649318756380201	0.0406001258612276	NA	NA
GSE97118_4	0.0124425878135263	0.0341526489707892	NA	NA
GSE97118_5	0.00417920650151897	0.0567214490101247	NA	NA
GSE97118_6	0.0116636529212236	0.0483280055460041	NA	NA
GSE97118_7	-0.00785094616714671	-0.0088556346391712	NA	NA
GSE107592_1	0.0112887993439883	0.0381180458133481	0.0123794897558274	0.00159783958376184
GSE92641_1	0.0323542585321263	0.088269252139215	0.0374877860723913	-0.00811255514564219
GSE107849_1	0	-0.00123652573791892	NA	NA
E-ERAD-89_1	-0.000863537035641624	-0.0125359098193336	NA	NA
E-ERAD-89_2	0.00108807309688581	0.00319530629208308	NA	NA
E-ERAD-89_3	-3.0771771935396e-05	0.0124487720079507	NA	NA
E-ERAD-89_4	0	0.0171863774691277	NA	NA
E-GEOD-45893_1	0	-0.00722976065104014	NA	NA
E-GEOD-53105_1	0.00247137922722791	-0.00732067392100798	-0.00112107623318386	-0.00848503137086541
E-GEOD-53105_2	-0.00491218006473633	0.0102636882602695	0.0003394933782658	-0.0104994271290434
E-GEOD-54461_1	-0.00729419402263993	-0.0296935800414011	-0.0122768570845574	-0.00273263586716612
E-GEOD-54461_2	-0.00450488751168989	-0.0345067488613056	-0.00832251210564211	0.00405237746453609
E-GEOD-54461_3	-0.00189978917689886	-0.017142980886626	-0.00164605753290491	0.00141570141570142
E-GEOD-54461_4	-0.000781212008888855	-0.0191055696565148	-0.00221466914919749	0.00344218564461877
E-GEOD-54461_5	0.00539431730908847	0.00354794653609233	0.00604019081856247	0.0056140853278672
E-GEOD-54461_6	0.00149813524700583	0.00226178051380682	0.00245136791079854	0.00391831692905082
E-GEOD-54461_7	-4.53731449033649e-05	0.00208994726333934	-0.00168626353567698	0.0078880881329075
E-GEOD-54461_8	-0.00701253412721859	-0.0193349578568312	-0.00786342189380592	-0.0026445751478077
E-GEOD-73372_1	-0.0010251859514939	0.0111484039459811	NA	NA
E-GEOD-73372_2	0.00281477710624257	0.0802404557742877	NA	NA
E-GEOD-73372_3	0.0154128631364746	0.0632317664114106	NA	NA
E-GEOD-75549_1	0.058193507144651	0.264633740659291	NA	NA
E-GEOD-76988_1	0.012467622125397	0.0786527175992431	NA	NA
E-MTAB-2923_1	-0.0123189629283312	-0.0372803406187161	NA	NA
E-MTAB-2923_2	0.00980671713542563	0.0360526702803743	NA	NA
E-MTAB-2923_3	0.00728302503782704	0.011803893017483	NA	NA
E-MTAB-2923_4	0.00871225973930911	0.0113055697093473	NA	NA
E-MTAB-3428_1	0.0125967603962053	0.0360200415598337	NA	NA
E-MTAB-3428_2	-0.00234968596971382	0.00975183324479703	NA	NA
E-MTAB-3428_3	-0.000674289042746662	-0.0306365971877488	NA	NA
E-MTAB-3428_4	0.0129669671789579	0.0337772536545955	NA	NA
GSE102856_1	-0.000324390987624283	0.0405221330558661	NA	NA
GSE103492_1	0.0062176819060643	0.00041099088580984	0.0136655903604395	-0.0107920858466692
GSE103492_2	0.0177558850693592	0.0660263532004611	0.0205221303233413	0.00381005970890195
GSE103492_3	0.0132206750536542	0.0318285048404799	0.0193409085614859	0.00266059860252331
GSE103492_4	-0.000635383534154335	-0.019123621416595	0.000309855697931075	-0.00524806568208181
GSE103492_5	0.018101047879477	0.0464861132456836	0.0129455814986786	0.0116725370009026
GSE103492_6	0.0104721619677041	0.0579934404626171	0.00720018444127643	0.0249175796725409
GSE103492_7	-0.00158317886296566	0.0152914267681046	0.0111286038666624	0.020410275148113
GSE103492_8	0.0176031871714946	0.0651659003852827	0.00298707718893341	0.00420444588474482
GSE103492_9	0.0155918543369911	0.0576462025933437	0.0039788962668286	0.00407838877855394
GSE103492_10	0.00221662237871332	-0.0114189447976296	0.00106157112526539	0.00174378641721923
GSE106259_1	-0.0484171096838796	-0.124042606996547	-0.057943354069542	-0.0344868751490895
GSE110303_1	0.00292736362695395	-0.0213840142636373	NA	NA
GSE110303_2	0.00453460812924238	0.0250256031255156	NA	NA
GSE110303_3	0.00251143192599122	0.0121559647131507	NA	NA
GSE110300_1	-0.00183097891217604	-0.0125545003231905	NA	NA
GSE110300_2	-0.000997080609121927	0.0296571695266729	NA	NA
GSE110300_3	0.002356335502452	0.0193043406245957	NA	NA
GSE110281_1	0.0095780000892603	0.0317143103751512	NA	NA
GSE110281_2	0.00509042008657162	0.0173436229999908	NA	NA
GSE110281_3	0.000848693862946365	-0.0148523747526947	NA	NA
GSE104459_1	0.000657095203138218	-0.0268243102255975	0.00345836278286875	0.010152543918243
GSE104459_2	0.00178213771641073	-0.0147548860894198	0.00165275765786955	0.00118626277946516
GSE104459_3	-6.012132125152e-05	-0.001702485977629	-0.0041407867494824	-0.0179787984399635
GSE110051_1	0.00438311040795263	0.0317833532171405	0.0141381464148168	-0.00755337064772823
GSE110051_2	0.00208693613774218	0.00565508991098726	0.00578805852920063	-0.00364629482526237
GSE110051_3	0.00780359322489611	0.0286495787406456	0.0093464447439403	-0.00640862207682425
GSE112694_1	-0.000163193265350973	-0.00736352126196318	-0.00123193697477481	-0.00332335249885259
GSE112694_2	0.0156157717594292	0.0399923134269337	0.0171203465763567	-0.0052652635609807
GSE112694_3	0.0100593892231169	0.0158620376577724	0.0156739446679807	-0.0172205685323249
GSE112694_4	0.0203296909258881	0.0791985391088351	0.0268573033415296	0.0163298242849881
E-MTAB-5879_1	0.0126746000727573	0.0301121342012272	0.00995997467441067	-0.0271054537163389
E-MTAB-5879_2	0.0108545393400592	0.00847170188553597	0.00599635365816288	0.00668177640475729
E-MTAB-5879_3	0.0216764426793676	0.0697056406582546	0.0119080119594973	-0.0116677818668451
E-MTAB-5879_4	0.0107695429997976	0.038309217375213	0.00897086784689932	0.0104553147137404
E-MTAB-5879_5	0.0101069097980744	0.0439294638404266	0.0102919993458236	-0.0274976295488915
E-MTAB-5879_6	0.0183994161362416	0.0606171900054634	0.0222256386963926	0.00793318363219248
E-MTAB-5879_7	0.0236573775620302	0.102315769638001	0.00307692307692308	0.029693808315189
E-MTAB-5879_8	0.0159675160533657	0.0544516551682258	0	0.0188694455664828
E-MTAB-5879_9	0.00310631177569824	0.0327402086170131	0	-0.0126956265253281
E-MTAB-5879_10	0.0213975033739076	0.0591260424339792	0.00304878048780488	0.00458143407680763
E-MTAB-4294_1	-0.00128643565165325	-0.00241477953840501	0.00213378756174141	0.00474903442402406
E-MTAB-4294_2	-0.0067912748140453	0.00353417544115232	-0.00757365067543675	-0.00356954511184143
E-MTAB-4294_3	0.000372403235396498	0.00890157115436503	-0.00699190129006993	-0.0136092481077447
E-MTAB-3186_1	0.0015084723332566	-0.0057489595174901	0.000781594836528884	0.00284451027789036
E-MTAB-3186_2	0.00448799087888786	0.00303882028445262	0.00748585491599502	0.00961751998795837
E-MTAB-3186_3	0.0111063844993607	0.0122589146891383	0.0147736804806296	0.0233446015689513
E-MTAB-3186_4	0.0001170771683657	0.00325576728434623	-0.000971390593860179	-0.000613027481632559
