comparisonID	jaccard	cosine	sigjaccard	chrDir
22659600_1	-0.00190162824429758	0.0101134559566924	0.00142483755036846	-0.00700842792492594
24361742_1	-0.00834546553878599	-0.0245846786178126	-0.00431034482758621	-0.00835848724797359
GSE72258_1	0	-0.0251984949549147	0	0.00692936223441475
GSE72258_2	-0.000443262411347518	0.0261068332529882	NA	-0.000699745547073792
GSE69531_1	0.00977238129886928	0.0529471085287097	NA	NA
GSE69531_2	0.00819829569762657	0.0335160946868932	NA	NA
GSE69531_3	0.0068528020325071	0.00344629420044654	NA	NA
GSE69531_4	0.00977238129886928	0.0529471085287097	NA	NA
GSE58203_1	-0.00576503384219844	-0.0538314920481139	-0.00264550264550265	-0.00436757297908196
GSE58203_2	-0.000908848364378439	-0.0558506443807482	-0.000709178290938929	-0.00379644274970147
GSE58203_3	0.0039246270645531	-0.0152177938518602	-0.000459402893432919	0.00150943941297973
GSE58203_4	0.011173545205639	0.0421270417581644	0.00100442442760208	0.00299095290765081
GSE58203_5	-0.00188916351632412	-0.0715091486002453	0.00359712230215827	0.00526911045789021
GSE58203_6	-0.00905447868113159	-0.0659840323878796	-0.00156060675777236	0.0038595225167244
GSE58203_7	-0.00205862811205389	-0.0252820928568749	-0.00143475271683071	-0.00162423709163684
GSE58203_8	0.00589123035858844	0.0136140182298327	5.86200248537292e-05	-0.00386508548059334
GSE59642_1	-0.000130028665304233	-0.0165229043019859	NA	NA
GSE59642_2	0.00415304436814174	-0.00680283707990336	NA	NA
GSE59642_3	0.00685624906276171	0.0126443906739161	NA	NA
GSE64922_1	-0.00379592117984803	-0.00310612775584458	-0.00275482093663912	-0.00280142732985693
GSE60162_1	0.00895744335183984	0.156333635595365	NA	NA
GSE31685_1	0.00844305187972	-0.0030467639821879	0.00135135135135135	-0.00334256622343279
E-MEXP-3890_1	-0.00928075869646763	-0.0485879413642667	-0.000295563189879457	0.0137118734672733
GSE31980_1	-0.000642518084844789	0.0244915706141419	-0.000724755199828617	0.00206954845508597
GSE15615_1	-0.00645062494123543	-0.0385723397428532	0.000165146669782006	0
GSE15083_1	0.0046208339334743	0.0123922559633552	NA	0.0131817987512157
GSE108035_1	0.0103197520738107	0.0461179883705619	0.000604698154889968	-0.0129772916070346
GSE108035_2	-0.0036253077391849	0.0265871551788189	-0.000571805092391075	-0.00535553281810908
GSE108035_3	-0.00207703990195862	0.0200466404211315	-0.000647071512549555	-0.0065325364345753
GSE21959_1	-0.0184385016953897	-0.029862946719427	-0.00306748466257669	-0.0115291580785338
GSE21959_2	-0.0182751620469825	-0.055271162196619	-0.00159744408945687	-0.009185367170982
GSE24742_1	0.00357813141721315	0.0526083608247185	NA	-0.00179993040244564
GSE24742_2	-0.00428133330593944	-0.0108512473051397	NA	-0.00501816646804966
GSE24742_3	-0.00690916657060514	0.011571158611602	NA	-0.0100467773678891
GSE74668_1	-0.00795539957426756	-0.000812782429047551	NA	NA
E-GEOD-10024_1	-0.0040665823620884	0.0366487317492863	NA	NA
E-GEOD-10024_2	0.00396521802715743	-0.0222264981890363	NA	NA
E-GEOD-12860_1	0.00908638223173107	-0.0687967946603841	NA	NA
E-GEOD-12860_2	0.000136503009042085	-0.072061890469922	NA	NA
E-GEOD-12860_3	0.00220366278009754	-0.0636466716580583	NA	NA
E-GEOD-12860_4	0.000600992818570863	-0.0795554905212191	NA	NA
E-GEOD-12860_5	-0.0166928014217886	-0.101047284588173	NA	NA
E-GEOD-12860_6	0.00439876603872262	-0.0538609977158777	NA	NA
E-GEOD-12860_7	-0.00401600828639187	-0.0911825317652853	NA	NA
E-GEOD-12860_8	0.00783042404690784	-0.0636858170895335	NA	NA
E-GEOD-14359_1	0.0197298086922035	0.0944376907289815	-0.000434302736459187	0.0102836705037249
E-GEOD-14359_2	-0.0210090052087161	-0.118594742332889	2.9766495374016e-05	0.000633362536964211
E-GEOD-1919_1	0.0107965157681636	0.058977298783879	NA	NA
E-GEOD-1919_2	0.0160830693163781	0.12508614806928	NA	NA
E-GEOD-1919_3	0.0113841304907578	0.122918328336058	NA	NA
E-GEOD-1919_4	0.020563333450013	0.0450460784561917	NA	NA
E-GEOD-1919_5	0.0225339363072583	0.116141942517463	NA	NA
E-GEOD-1919_6	0.0147718119047352	0.00823280787220331	NA	NA
E-GEOD-1919_7	0.00835453498796723	0.033723519225276	NA	NA
E-GEOD-1919_8	0.00124755432526089	-0.000374733631806542	NA	NA
E-GEOD-1919_9	-0.00305706078371216	0.0501015538483304	NA	NA
E-GEOD-19664_1	-0.00486347632152943	-0.0254603049868616	NA	NA
E-GEOD-19664_2	0.00861996743155603	-0.00982559016331186	NA	NA
E-GEOD-19664_3	0.00047750040286005	-0.0241683423180845	NA	NA
E-GEOD-19664_4	-0.00760755508030705	-0.0275069444658625	NA	NA
E-GEOD-19664_5	0.00748105811078101	0.00435882380272457	NA	NA
E-GEOD-19664_6	-0.00101423788498954	-0.0493670902997977	NA	NA
E-GEOD-43923_1	0.0145690198951913	0.0396435725248126	-0.00131926121372032	0.0222599651599504
E-GEOD-51812_1	-0.00590196471448052	-0.0258655566248878	0.000158243581376124	-0.0179717341487415
E-GEOD-51812_2	-0.0110751597803812	-0.0520464259775868	-0.000266500570630003	-0.0270098718255682
E-GEOD-68760_1	-0.00592688972192487	-0.0313081267041678	-0.000454495165180448	-0.00909087182395306
E-GEOD-82107_1	0.0103100972658416	0.0516948611993807	0	0.00530114570289104
E-GEOD-9451_1	-0.0010242852522138	-0.00150308300416016	0.00119286472026198	0.000423218818583794
E-GEOD-9451_2	0.000308717168447884	0.00478802305960989	0.000362795099637205	0.00277457188383985
E-GEOD-9451_3	-0.00977614352398844	-0.0216295320298578	0.00180505415162455	-0.000849410401606148
E-GEOD-9451_4	0.00220413394014353	0.00788133358621529	0.000454001596315261	-0.00221220190425326
E-MEXP-2019_1	-0.00465975508395023	0.00347483158737022	0	0.0119963537100865
E-MEXP-2019_2	0.00352923229553118	0.00833373487204027	0	0.0108149142307568
E-MEXP-2019_3	-0.0059543299181427	0.010087145199056	NA	0.0123273183939935
E-MEXP-2019_4	0.000373843298736912	-0.0405245941671347	0	0.00596885422972379
E-MEXP-2276_1	0.00892623211833594	0.0117405053095063	NA	-0.00121782063476383
E-MEXP-2488_1	0.00508184576156247	0.0301049816911271	-0.000625211023488918	0.0124384594673859
E-MEXP-3129_1	-0.00222550860872512	-0.0282321533790703	0	-0.00803865008989749
E-MEXP-3474_1	-6.97229538652129e-05	0.0291404325748994	NA	-0.00136258635319158
E-MTAB-3010_1	-0.00420864294337623	-0.0177853882064723	NA	NA
E-MTAB-3010_2	-0.00416291153031127	-0.0147089094612646	NA	NA
E-MTAB-3010_3	-0.00527383358782387	-0.0205147654224177	NA	NA
E-MTAB-3010_4	0.00711407265394868	0.02243307138934	NA	NA
E-MTAB-4152_1	0.00726672110846088	0.0159366853547062	0.00101752157723061	-0.00377662784721741
E-MTAB-4152_2	-0.00684529971169129	0.0509958547328239	-0.000508415147265077	0.00744702269806591
E-MTAB-4152_3	0.00977906414555827	0.0534547800968574	-0.00077495616909892	0.00337758626422122
GSE100609_1	-0.00394659319666221	0.0105109838214797	NA	-0.000248669652257009
GSE100786_1	-0.00129310344827586	-0.000358275503861354	0	-0.00687209181319154
GSE100786_2	-0.00205391434924485	-0.0199991568153467	NA	0.00590765225076737
GSE103697_1	0	0.0246410770997816	NA	NA
GSE103697_2	0	0.0174340993100206	NA	NA
GSE103697_3	0	0.0181742288012464	NA	NA
GSE104113_1	0.0110045832515053	0.0447241975919625	NA	NA
GSE104113_2	0.00223763788666629	-0.0341901487579064	NA	NA
GSE104113_3	0.0110045832515053	0.0447241975919625	NA	NA
GSE10575_1	0.00472068350226273	0.0232247191282497	0	0.00249318673055515
GSE10575_2	0.0112834420738805	0.0809117848260857	0.000840336134453782	0.000706844174005754
GSE10575_3	0.0045167796617076	0.0328315011768597	-0.000131424385665038	-0.0127211297879285
GSE13604_1	-0.00142615367596736	0.022869008402556	0	-0.00252894601038644
GSE13837_1	0.00165542977310423	-0.0119651956980799	0	0.00227993003272998
GSE13837_2	-0.00174347683755848	-0.0252906395068307	-0.015625	-0.00321884769211578
GSE13837_3	0.00278491044265024	-0.0164518393698429	-0.00520013713164369	-0.00243726096612891
GSE13837_4	0.00745375596296275	0.0416063166780546	-0.00128485243616823	-0.000403678664399183
GSE13837_5	0.00190777433143845	-0.00929141893757484	0	-0.00336730452818364
GSE13837_6	7.96594747460989e-05	-0.027799524685637	-0.00753768844221105	0.00162320829196301
GSE13837_7	-0.00342379112938694	-0.00436873629255068	-0.000699355649850699	0.00471130287351858
GSE13837_8	0.00640711525992553	0.0355661310436682	-0.00121651436249807	-0.00450645384273703
GSE13837_9	0.00320924160562749	0.0055994356315049	-0.000856761619121057	-0.00781720586598635
GSE13837_10	0.00142569697823306	0.00788370993917121	-0.00255176889633232	-0.00705655504229035
GSE13837_11	0.00365616833800009	-0.00147776294616709	-0.00178902476411754	-0.00350080160989778
GSE13837_12	0.00364393783172973	0.0100538387408263	-0.00247249388753056	-0.00351747371970262
GSE13837_13	-0.00545203285204345	-0.0380031489710736	-0.00354609929078014	-0.00221954035654554
GSE13837_14	-0.000802193237000587	-0.0453600678991434	-0.00482546879126684	-0.0027574054456944
GSE13837_15	0.00304678624469793	-0.0208510315362921	-0.00117912253766687	0.00103320992491106
GSE13837_16	0.00632008169890992	0.0189973847026338	-5.99229391003169e-05	0.00294239487073721
GSE13837_17	-0.00336487089311465	-0.0437815050989582	-0.00543478260869565	-0.000985931619657705
GSE13837_18	-0.00437201142194264	-0.0459253014468777	-0.00491591356531227	0.00453575207262558
GSE13837_19	0.00265093057784659	-0.0212333215857235	0.00176191205760686	-0.00215440880400912
GSE13837_20	0.00683229550719812	0.0259778112191224	0.000188782032265546	-0.00721885699767754
GSE13837_21	0.00157407217747935	0.00559774098813907	-7.75641991104955e-06	-0.00491478432323769
GSE13837_22	0.000919957979106558	0.00164747393337915	-0.000207453670359557	-0.00475854087583746
GSE13837_23	0.00303688907817409	0.0042542491387884	-0.00158654635065696	-0.00414993208822227
GSE13837_24	0.000456214694966359	0.00421912808519376	0.00144434325992857	-0.00500264627623649
GSE16464_1	0.00704450118335328	0.0526536554621804	NA	NA
GSE16464_2	0.00111876886506303	0.0238374523193696	NA	NA
GSE19060_1	0.00176222632801386	0.0232627732908741	0	-0.00624561544140398
GSE27372_1	0.00559475139583499	-0.000458769384910066	-0.00332894953148118	0.0118608836648935
GSE27390_1	-0.00359480127224571	-0.00841412485273063	0.00280898876404494	-0.00353638824773675
GSE29106_1	0.000759687246128119	0.010081425003951	NA	NA
GSE29107_1	0.0166544738186628	0.0769262224155344	NA	NA
GSE29107_2	-0.0047528487444268	0.00980499506217594	NA	NA
GSE29745_1	0.0145150407811106	0.0836537109746845	NA	NA
GSE29745_2	0.00284548669858858	0.00168415814546228	NA	NA
GSE29745_3	-0.0045044327422126	0.0047319474134473	NA	NA
GSE35546_1	-0.00403697089059704	-0.0656539566655791	NA	NA
GSE35546_2	-0.0052925107414241	-0.0908388077920037	NA	NA
GSE35546_3	-0.009524225473623	-0.0778616582881933	NA	NA
GSE35546_4	-0.0039949063745322	-0.072740628307745	NA	NA
GSE35546_5	-0.00218599860637429	-0.0610885364373337	NA	NA
GSE35546_6	-0.0045610214917953	-0.064076795206269	NA	NA
GSE35955_1	-0.00157568138753497	-8.54011376397354e-05	-0.00113378684807256	0.000150269996897388
GSE35956_1	-0.00845048651445071	-0.103490065852709	0	0.00425454633649481
GSE35957_1	-0.00144140768186494	-0.0477976433458178	0.000569476082004556	-0.00496671809909653
GSE35958_1	-0.0016325044522434	-0.0800151857197241	-0.000503524672708963	0.00615780679180443
GSE39340_1	0.00394703432362209	-0.00598193212072117	0	0.00676629594101817
GSE39340_2	-0.00134089798461667	-0.0435900996545115	0	-0.00799271394599558
GSE39340_3	0.00344937187631535	0.0419507770154583	0	0.00551332164335914
GSE39795_1	0.0017844466916575	-0.0236364344332019	NA	-0.00586836336112125
GSE39795_2	-0.00181624314516661	0.00495470508917578	-0.000279046169457129	0.00708767581618715
GSE39795_3	-0.00103261016105788	0.0280400571275599	0	0.00724264410067458
GSE41038_1	0.0028854313228557	0.0379265456121771	NA	-0.00464542238142169
GSE41038_2	0.00145738332852733	0.0168231408049768	NA	-0.00602120685424023
GSE41038_3	0.00261190238827055	0.0236277504342312	NA	-0.00289099276703551
GSE41992_1	-0.00924616084920764	-0.0201760001413393	NA	NA
GSE42235_1	-0.0048522369349743	-0.0254173965853579	0.00420168067226891	0.00178481964747188
GSE42235_2	0.000222309972886054	-0.00782139903852969	-0.00273224043715847	0.00403823219118389
GSE42235_3	-0.00311304924845273	-0.0310921688842953	-0.0014286270552645	0.00691221818722766
GSE42235_4	-0.0102565525593661	-0.0261985815326492	0.000583581168284608	-0.00206549566754663
GSE45233_1	0.00645553380062936	0.0312650583620278	NA	-0.0141841755818812
GSE45233_2	-0.00871898606336414	-0.00136739745730883	0	-0.00959291977666076
GSE45233_3	0.000700192656264487	0.00703780698842935	NA	-0.00853233699897435
GSE45233_4	0.0070937673310645	0.0368789607962766	0	-0.0100473589982375
GSE46053_1	0.00451583435281575	-0.00994032221117867	-0.00268817204301075	0.0195624961724302
GSE46053_2	-0.00212814343913642	-0.0172367084010531	-0.0025	0.016313018811654
GSE46750_1	-0.00286972911857525	-0.00719975519270013	0	-0.00655295179790857
GSE51588_1	0.0059021380496265	0.0351902317751975	-0.00132310060260765	0.0123286642676923
GSE51588_2	-0.00272620518487819	0.012755672107547	0.000460743738557083	0.00733733483631026
GSE51588_3	0.010683373528705	0.0471047626411253	-0.00176527688570708	0.00389073243102406
GSE52817_1	0.00390736777612837	-0.0147557855738988	NA	NA
GSE52817_2	0.0115523640195666	0.0971289805239031	NA	NA
GSE52817_3	0.00894496840756662	0.054338574822661	NA	NA
GSE52817_4	-0.0114534816133879	-0.0905940174877733	NA	NA
GSE55235_1	0.0135097754312276	0.0484647836456157	0.00387596899224806	-0.00536394761769067
GSE55235_2	0.0177795299340339	0.0463798873557445	0.00176500590572318	-0.00612470009113318
GSE55235_3	0.00696203549634677	0.0161280860438085	-0.00010949864668669	-0.00188461961569369
GSE55457_1	0.00541616109015804	0.0188614429570448	0.00699300699300699	-0.00322472656536385
GSE55457_2	0.0138808746686813	0.0530743526352038	0.00413223140495868	-0.00482640932930052
GSE55584_1	0.00278841327346622	-0.0142513922988666	0	0.0151671766885753
GSE57218_1	-0.00556566026433303	-0.0300144104277427	-0.00892857142857143	-0.0111118447601346
GSE60762_1	0.00856470693894013	-0.0230138975309517	NA	0.00294485278098865
GSE62914_1	-0.00694639693670423	-0.00839594733569804	NA	0.00444964201978826
GSE62914_2	-0.00625026889092708	-0.00882093401158543	NA	0.00100158458523092
GSE62914_3	-0.00344461192907493	0.0257875347088551	0	0.000309391239820669
GSE62914_4	0.00617098219333097	-0.0195360858725342	0	0.00409803880897492
GSE64394_1	0.015823221463936	0.0780912810709408	NA	-0.00303831717803716
GSE66635_1	0.00580484299652835	0.0348661186144983	NA	0.00369474435895794
GSE68038_1	0.00154416439731815	0.0227010691837595	0	-0.00169644314874331
GSE68428_1	-0.00241780053017273	-0.0255727293756928	-0.000961856513640083	-0.00439456184865687
GSE68428_2	-0.00501569614344289	-0.0175042790211532	3.91807511156204e-05	-0.00471356241855741
GSE68428_3	0.00183755221429978	-0.00663669296838651	0.00119322540176447	-0.00366063886649935
GSE69459_1	-0.00518112568887788	0.0276554803545789	NA	NA
GSE69459_2	-0.00287740670802844	-0.0191273542442171	NA	NA
GSE69459_3	0.00270310334268705	0.0738673327018904	NA	NA
GSE69459_4	0.00435793563582793	0.0622795243960498	NA	NA
GSE69992_1	0.00211513211681431	0.0331260599592542	0.00160657204451807	-0.0119326239239192
GSE70719_1	1.50699220435157e-05	-0.156993791022755	0	-0.00266133305821168
GSE7116_1	0.00468661537868416	-0.00838430556840917	-0.00124378109452736	-0.00193301816129086
GSE7116_2	0.00553162251208579	-0.00671374216533017	NA	0.00105830496639609
GSE7116_3	0.0036420057530389	0.00281534295050266	0.00403225806451613	-0.00633615986091482
GSE72575_1	0.00484479830386999	-0.0384513351604156	0.00105872388481084	0.00799164864820611
GSE72575_2	0.0133674084114675	0.0482711418017793	-0.000458579881656805	0.00339065744553549
GSE72575_3	0.013887977586837	0.0367154862877676	0.000422297297297297	0.00964150438516332
GSE72575_4	0.00441306266548985	0.00674330117526426	0	0.0146935819317502
GSE75181_1	0.00901825246187794	0.0177982672278	8.34680537007101e-05	-0.00429789887556085
GSE75181_2	0.00602240596120177	0.0111987507951047	3.07719359943731e-05	-0.00561457072792618
GSE75181_3	0.00380406533984353	0.0162225655823637	6.34884355814589e-05	-0.00894794425011559
GSE75230_1	0.00365624024235743	0.0339087270573696	0.00324675324675325	0.00610228062048191
GSE7669_1	-0.00114657455490588	0.00025130023704806	0	0.00106817859074107
GSE77916_1	-0.000885739592559787	-0.0455329576047071	0	0.00650169818642195
GSE80614_1	-0.00187992440374787	-0.044141007300321	0.00862068965517241	-0.0119915836507885
GSE80614_2	-0.00172707644065559	-0.0297861867085109	-0.00342958291846443	-0.00124893391311129
GSE80614_3	0.000514191690662279	-0.0595049018751373	0.0277777777777778	-0.0123890341157893
GSE80614_4	0.00718746008172231	0.0123501194366912	0.000745817756127034	-0.00540861046661511
GSE80614_5	0.00375142012930085	-0.00257507593422666	0.00426500387388998	-0.0148719806682899
GSE80614_6	0.00102359503843738	-0.0123867774425454	0.00235849056603774	-0.010358432652862
GSE80614_7	0.00389390443672243	-0.00377958802466942	0.00102459016393443	-0.00930176565008026
GSE80614_8	0.00252699064805837	-0.00201160529042379	0.00405405405405405	-0.0135373979190186
GSE80614_9	-0.000974851603995157	-0.0379798344810767	0.0121951219512195	0.000809038284309794
GSE80614_10	-0.00451469219710218	-0.0501751407510347	0.00588235294117647	0.000469708094378187
GSE80614_11	0.00146868321823147	-0.0138864371327707	NA	0.00357615694770416
GSE80614_12	-0.00299479794605834	-0.0253308155408691	0.00943396226415094	-0.00255196418989522
GSE80614_13	-0.00105289423044207	-0.00751480271311765	0.0102040816326531	-0.0124178415948602
GSE80614_14	0.0014615205819526	-0.0173004379761391	0.00285714285714286	-0.0169247592052579
GSE80614_15	0.00254243675414297	-0.0252125487604329	0.001953125	-0.0144356643654562
GSE80614_16	0.00151094060292428	-0.0251623949328488	0.00112359550561798	-0.00693616885829535
GSE85254_1	0.00145240441895064	0.0352804114683728	-0.00190114068441065	-0.0051077440221628
GSE86578_1	-0.00572233085539307	-0.0145789459065569	-0.003125	-0.00230776700994657
GSE86578_2	-0.00674028349659931	-0.0436100268885318	-0.0107142857142857	-0.000928027489421493
GSE86578_3	0.00270963569300204	0.0140562764169408	-0.00141643059490085	-0.0129339832767163
GSE9329_1	0.00151872944251904	0.0365969423333299	NA	NA
GSE93698_1	-0.00841546122845157	0.00984280047759839	-0.000303722587428986	-0.0065945175381773
GSE93698_2	-0.0113927232981685	0.00657058583912688	-0.000327172334665926	-0.00649082947163523
GSE93698_3	-0.011585231202093	0.012382824597293	5.63046624431221e-06	0.00167183300610598
GSE93698_4	-0.00832513472030044	0.0118981851458053	0.000376282740617212	-0.00439557354985799
GSE93698_5	-0.00964831354394262	0.0180400342358551	-0.000598802395209581	-0.00595499063635783
GSE93698_6	0.00130385456329128	-0.0114440283514181	0	-0.00330966231394435
GSE93698_7	-0.00149947386301449	0.00274541859743556	2.7654017514211e-05	0.00652582214485678
GSE93698_8	0.00270821418724937	0.00187943942665916	0	-0.00772975027461592
GSE93698_9	-0.00590119543631428	0.0178384366106704	-0.00100401606425703	-0.00589824287286651
GSE93698_10	0.00475573682548291	0.011228896647239	-0.00141643059490085	0.0123237737178834
GSE93698_11	0.0103765417049921	0.0125654533387177	0	-0.000755456235712255
GSE93698_12	-0.00886749708259896	0.0238839625716825	-0.00142857142857143	2.61637911126381e-05
GSE93698_13	0.00524878558441206	-0.00171024002261585	-0.00105263157894737	-0.0072869055855901
GSE93698_14	-0.00310724801847764	0.0193604204714105	0	-0.0146010031847924
GSE93698_15	-0.011908335657288	0.0154354551174317	-0.000941619585687382	0.00127298574206144
GSE93720_1	0.00456838264849015	0.019151374214957	NA	NA
GSE93720_2	0.0085489094775343	0.0259830602468225	NA	NA
GSE93720_3	0.00788518690493122	0.0215938745151171	NA	NA
GSE93720_4	0.00260357333572239	0.0321145350142971	NA	NA
E-MTAB-5564_1	0.0174404670128233	0.0708874895995631	0.0019567510600569	0.0118299297031062
GSE77753_1	0.00479769351611304	0.034035042682988	NA	-0.00749841421349388
GSE43861_1	-0.00229492903792909	-0.0231339529014096	NA	NA
GSE112809_1	0	-0.0353090730159398	NA	NA
GSE111946_1	0.00504028321855451	0.0217337876423314	NA	NA
GSE111946_2	0.00102720023709811	0.0176229944998294	NA	NA
E-MTAB-3201_1	0.00319688881969222	0.0128956437030252	0	0.00658279482760835
E-MTAB-6700_1	-0.000486650153490524	-0.0212788107916298	-0.000264904740573612	0
GSE54749_1	-0.000442869796279894	-0.00969350179554612	NA	-0.000277583493617764
GSE57218_B_1	-0.00475380229491308	-0.00920187573802559	-0.00292397660818713	-0.00489192229217167
GSE57218_B_2	-0.00566657161232667	-0.00945826683780182	0.00526315789473684	-0.00210226329547344
GSE57740_1	-0.00364457699773247	-0.0391023023730131	NA	NA
GSE52992_1	-0.0078492711425816	0.0397662328652999	-0.00114019229188923	-0.00444280386117092
GSE17160_1	0.0060103573223606	0.0332549457631749	NA	NA
GSE17160_2	-0.000560273882414906	-0.0763271869893443	NA	NA
GSE17160_3	0.00166628380607177	0.0265397256972582	NA	NA
GSE17160_4	0.0118279089020575	0.00840159685272354	NA	NA
GSE17160_5	0.00667786925045474	-0.00991736677285641	NA	NA
GSE17160_6	0.00376568466185591	-0.0515542846905115	NA	NA
GSE17160_7	0.0106835506403387	0.0423696257509844	NA	NA
GSE17160_8	0.0118776276030923	-0.0209497798402597	NA	NA
GSE17160_9	-0.00882507818905445	-0.0248231152834464	NA	NA
GSE17160_10	-0.00795262772046293	-0.00121336125632459	NA	NA
GSE17160_11	-0.00818120324739475	-0.00205831955588242	NA	NA
GSE17160_12	-0.00888025640315759	-0.0251358695148503	NA	NA
GSE22971_1	-0.00043471341334025	-0.00463099066980071	NA	0.02863476720595
GSE22971_2	0.0119152691968226	0.0442530747113485	NA	0.0196984349255465
GSE22971_3	0.0240720579608038	0.0626678914158897	0.00229010806317539	-0.00237868326172251
GSE22971_4	0.0278098498440307	0.0839640506011917	0.00232018561484919	-0.00618122071467982
GSE13590_1	-0.00681036264623818	-0.000339741077146205	0.00235294117647059	4.7763719704828e-05
GSE13590_2	-0.00248756218905473	-0.00923105017268294	0	0.00063610323506663
GSE99731_1	0.0118086180039435	0.0430269376680326	NA	-0.00851677066696651
GSE99731_2	-0.00564497000368817	0.0148104801874586	NA	-0.0173300874074802
GSE99731_3	-0.0140336188565576	-0.037786464789116	9.46215420769287e-05	-0.00350634299786842
GSE27492_1	0.0012750042218399	0.0481099717543562	0	0.0070265533746234
GSE27492_2	0.00515873829656821	0.0407715894793366	0	0.000123352459408884
GSE27492_3	0.0149308922639876	0.0534449893305325	0.00158227848101266	0.00452175158867062
GSE27492_4	0.0137194269290283	0.0446537171128024	0.00238095238095238	0.00526757398217892
GSE27492_5	0.00892685896170448	0.032144961248661	0.00316455696202532	0.0030940471976569
GSE27492_6	0.00161874716732374	0.0225662060200476	-0.00467289719626168	0.00738127908364157
GSE27492_7	0.00477887599590562	0.0140640699918951	0	0.0062907694497044
GSE27492_8	0.000410357137851567	0.0112633590748617	-0.00462962962962963	0.013180352738745
E-GEOD-15069_1	-0.000532373845261662	0.0276830405771617	0.00537634408602151	0.00568060235114026
E-GEOD-15069_2	-0.00555847488877314	0.0171910456591197	0	-0.0101681629466103
E-GEOD-15069_3	-0.0108419701422464	-0.0135442198838517	5.01346091334173e-05	-0.0149380474702805
E-GEOD-15069_4	-0.00650154490077791	0.0121499839551388	0	-0.0099445715127611
E-GEOD-15118_1	0.00235265736026963	-0.0820580158693335	NA	NA
E-GEOD-15118_2	0.000445235270858047	0.0936647085740369	NA	NA
E-GEOD-15118_3	0.000575013139389623	0.00884287861201032	NA	NA
E-GEOD-15118_4	-0.00296402143597321	-0.0884742565791288	NA	NA
E-GEOD-16007_1	-0.00370907520054021	0.0248012788631438	NA	NA
E-GEOD-17473_1	-0.0157750490159994	-0.0516920253524513	NA	0.00375559947649237
E-GEOD-18647_1	0.00180207969585261	0.0478057472470352	NA	0.00329655194158984
E-GEOD-18647_2	0.0120527807727403	0.0730274381011939	NA	0.00431006245180962
E-GEOD-18647_3	-0.0111644975335832	-0.0707742739017808	NA	-0.00811372908107433
E-GEOD-18647_4	-0.00715430396271978	-0.0374717165242936	0.00447154471544715	-0.00916824346745505
E-GEOD-18648_1	0.000677471799101572	-0.0241439041843645	0.00201016667348079	0.00328688739117553
E-GEOD-18648_2	0.0144048263627185	0.0767476660622162	-0.000595238095238095	-0.00191712408117939
E-GEOD-2154_1	0.00122995738385624	0.0299529156907379	0	0.00694143852456178
E-GEOD-2154_2	0.0250890781871311	0.0448069130612705	0	0.0286787340890022
E-GEOD-2154_3	0.0211474063629234	0.0480694782993285	-0.0027027027027027	0.0356111221839637
E-GEOD-2154_4	0.0232629511337294	0.0511207389677136	0.00392156862745098	0.0349192831905856
E-GEOD-26475_1	-0.0105042219491429	0.00562724631985596	0	-0.00105490010347033
E-GEOD-26475_2	-0.00468186050304065	0.0192788765342846	0	-0.0148147669955621
E-GEOD-26475_3	0.00152936431117353	0.0225244514226511	0	-0.00729792824602452
E-GEOD-33567_1	-0.0127916780461922	-0.0360482046227547	NA	NA
E-GEOD-33567_2	0.035257470986869	0.109495093611827	NA	NA
E-GEOD-37287_1	-0.0281843193507483	-0.145896207713691	NA	NA
E-GEOD-37287_2	-0.00732535275136403	-0.0219857798314169	NA	NA
E-GEOD-37287_3	-0.0262633850271	-0.111065786914973	NA	NA
E-GEOD-51994_1	-0.00428686269664223	-0.00765559385429221	3.46068660022148e-05	0.00500236730809824
E-GEOD-51994_2	0.0057495226712106	0.00471277912756559	1.13926358002187e-05	0.0108400144060145
E-GEOD-51994_3	-0.00219108377281374	0.0149230129882448	0	0.0121742310177677
E-GEOD-65077_1	-0.0004601469161886	-0.165208798330813	NA	NA
E-MEXP-1244_1	-0.00362189442828175	-0.130594671465683	NA	NA
E-MTAB-1123_1	0.00902346196344013	0.0355062831702999	0	-0.00886660224228283
E-MTAB-1123_2	0.0217441637549284	0.0845289508340173	0	-0.00180805805805806
E-MTAB-1123_3	0.021888612814485	0.10071974519095	0	0.00435545877469441
E-MTAB-1123_4	-0.00110619814635167	0.0628171625423229	0	0.00663914851714362
E-MTAB-1391_1	0.0171409093052033	-0.0173603025951125	0.00468810871129834	0.017908750481406
E-MTAB-1391_2	-0.00483208711752053	-0.0349107541919065	-7.01104067525358e-05	0.0121568177424523
E-MTAB-1391_3	-0.00974044484408003	-0.0345868198617714	-0.000360966505274664	0.00833456588381898
E-MTAB-2450_1	-0.0123216697691952	-0.0125317832928114	-0.00327440446443445	-0.00134446341729373
E-MTAB-2450_2	-0.00702803618648651	0.0126392997986693	-0.00210970464135021	-0.0043181978330384
E-MTAB-2450_3	-0.0104497906659048	-0.0451072588227767	-4.38216613049575e-05	-0.0112921304816862
E-MTAB-2450_4	-0.0178933249350949	-0.0856527762002321	-0.00450960009783539	-0.00663270264071432
E-MTAB-5023_1	0.00277561389245978	-0.0283519168490661	NA	-0.00276302247337217
E-MTAB-5326_1	0.00837107904372209	0.00148930934719765	NA	NA
E-MTAB-5326_2	-0.00445505563156705	-0.011787585970533	NA	NA
E-MTAB-5326_3	-0.00511948137086958	-0.0353912641447544	NA	NA
GSE102588_1	0.0253621965107449	0.0993091450539634	0.00806451612903226	0.0121376568595834
GSE104793_1	-0.00490654876967139	-0.0171043855783665	0.00232894614617465	0.000538322431282348
GSE104794_1	-0.00936815903462986	-0.0417148528983117	0.0043956043956044	-0.00208805739281825
GSE104795_1	-0.00816124266530342	-0.0263864315752913	0.00353356890459364	-0.0023082852411009
GSE105139_1	0.00298251551043429	0.0907513374450455	NA	0.0138584781800062
GSE105139_2	0.00740872150899698	0.0463830498662941	NA	0.00272286659213495
GSE105139_3	0.00243892870234944	-0.00218569166716215	0	-0.00163318415741336
GSE10555_1	0.00330850601447861	0.00821105342591713	NA	NA
GSE10556_1	0.0189543184814872	0.100337413439849	0.00265957446808511	0.0286216688163948
GSE106631_1	0.00686568764132567	-0.0262768941280841	0	0.00212267106046392
GSE13104_1	-0.00163567115838825	0.0140209305353651	NA	NA
GSE13104_2	0.000544703016503081	0.0444063024474976	NA	NA
GSE13104_3	-0.0078026070065182	-0.0333578620857379	NA	NA
GSE16749_1	0.000390435679701809	0.010734153299007	NA	NA
GSE16749_2	-0.0048041902866971	-0.11350422388584	NA	NA
GSE16749_3	0.0190812041210401	0.149529140886491	NA	NA
GSE17348_1	0.0177163232064207	0.0828510907555469	NA	NA
GSE17563_1	0.00673258251733756	0.0471587345393867	NA	NA
GSE17563_2	0.00920880678571854	0.0592178597404995	NA	NA
GSE17569_1	0.0241378220488229	0.0993425583484312	NA	NA
GSE17569_2	-0.00792018718840895	-0.0249982697349524	NA	NA
GSE17570_1	0.00204649529369449	0.000656031363324603	NA	NA
GSE17570_2	0.00973685024010742	0.0337197045839119	NA	NA
GSE18991_1	0	0.0529376003116885	NA	-0.00271063233197239
GSE18992_1	0	0.0236258221508693	NA	0.0108205813161864
GSE19299_1	-0.0065581527223455	-0.0282318000840227	-0.000497579293469122	-0.0114200760156714
GSE20850_1	0.0153588696697833	0.064945680836155	NA	NA
GSE21093_1	-0.00552821137261899	-0.000332665330449021	NA	NA
GSE21523_1	0.013080811310677	0.0162182785604784	NA	NA
GSE21639_1	0.00132567976750202	-0.00252942244436669	NA	NA
GSE21639_2	-0.00661385799939465	-0.0410609406432838	NA	NA
GSE21639_3	0.0025210097718434	0.0702627414175174	NA	NA
GSE21639_4	0.00960001168643478	0.000512908221935265	NA	NA
GSE21710_1	-0.0132405794164027	-0.0688380700692517	NA	NA
GSE21710_2	-0.0119286676738805	-0.0751029108394588	NA	NA
GSE21710_3	-0.0125778298078419	-0.0778132402410193	NA	NA
GSE22925_1	-0.0136833046206209	-0.0369175436185417	-0.00145348837209302	-0.0242000690420179
GSE22925_2	-0.0240566022624786	-0.104917332965001	0	-0.00623150792166218
GSE26499_1	0.015554431578921	0.085061198154221	NA	NA
GSE30160_1	-0.0135441537738639	-0.0675347179020251	0.00141643059490085	0.00446264362372451
GSE30628_1	0.00400306428218919	0.0816586391106182	-0.000898303105433835	-0.000506326737521515
GSE30628_2	0.000749815013461644	0.0526854464441988	-0.00229357798165138	-0.0032977814592093
GSE32163_1	0.0126446802410993	0.0595967714828969	NA	0.0208474461134226
GSE33656_1	-0.0178798823201923	-0.0360711326664927	NA	NA
GSE33754_1	0.00863209683850489	0.0657872444659032	0	0.00951432224159174
GSE33754_2	0.0124041383210364	0.0548755002172356	0.00496688741721854	0.00187324119839323
GSE33754_3	0.000846397236823854	0.0378864117486713	-0.000225118750140699	-0.00486421798766455
GSE34570_1	-0.00290268606586107	-0.0227961574447354	NA	NA
GSE35003_1	0.00622352191898304	0.00688489801673238	NA	NA
GSE35466_1	0.00261797169699143	-0.115498369227608	NA	NA
GSE35466_2	0.00497689316181966	0.0374224952056442	NA	NA
GSE35466_3	-0.00264127221786129	-0.0812931691199334	NA	NA
GSE35466_4	-0.0237915922706316	0.0251309215845747	NA	NA
GSE35466_5	0.00163122127169815	0.11368257086966	NA	NA
GSE36925_1	0.000909794654514114	0.0529909967234853	NA	NA
GSE36925_2	0.0276659332490876	0.0850138775622349	NA	NA
GSE36925_3	0.0223130314469935	0.0765790754499126	NA	NA
GSE37219_1	-0.0156759202364282	0.0174408880252926	NA	NA
GSE37676_1	0.0229366919483051	0.0758071945791199	0.0035459481856887	0.0197710796666021
GSE41342_1	-0.0169327698709225	-0.0532616295270591	0.00384615384615385	-0.0186747183200388
GSE41342_2	-0.00196570253605819	-0.000182466141705563	NA	0.00693808718508437
GSE41342_3	0.00444624559628712	-0.0012306419651372	NA	0.00211380613069767
GSE41342_4	0.000233848084299383	-0.019439387625889	0	0.0177742868250124
GSE41997_1	0.0133964679588109	0.0327960619719136	0	-0.00235871005205896
GSE43242_1	0.00456134568348862	-0.0559472934364877	0.00531914893617021	0.00924140727146789
GSE43242_2	-0.0221513367680424	-0.0421499968561437	-0.0108695652173913	0.00340474081565292
GSE43663_1	-0.00498400745510562	-0.0380899297496819	0	0.00818571744321387
GSE43854_1	-0.0214710739790071	-0.149304181539442	NA	NA
GSE45656_1	0.00724061093002902	0.0298187675344897	NA	NA
GSE45656_2	-0.000335578260033182	-0.033650900781419	NA	NA
GSE45656_3	0.0018320296785396	0.00724977291012718	NA	NA
GSE45793_1	-0.00209562143529119	-0.00132482163838885	0	0.00779394243488867
GSE45793_2	-0.00607119442449922	0.00541326598268517	-0.000328488133366182	0.003961436090786
GSE45793_3	-0.00258340695522017	0.0360063857560535	-0.000401572612287398	-0.00634421689974292
GSE45793_4	0.0173300129110107	0.052230626887873	-0.000328188161326691	-0.00349535961499624
GSE45793_5	-0.00637268422018463	0.030353846598753	-7.28128949499215e-06	-0.00204314070178232
GSE46390_1	0.0104689461570381	-0.0472103329238737	NA	NA
GSE48438_1	-0.0011299949725599	0.00173247186916829	NA	0.00453217338682806
GSE50549_1	-0.0023245668692573	-0.0154078477559938	0	-0.000980913568062508
GSE50549_2	0.000408611724172132	0.0115784613983586	-0.000553097345132743	-0.00850552236611195
GSE51098_1	0.0085010851864571	-0.0197951833890904	0.00526315789473684	0.00163884229388827
GSE53857_1	0.00063371735893919	-0.0156219753234654	0	0.035005236420287
GSE53857_2	0.00947077147986075	0.00451526697869689	0	0.0313310154163476
GSE53857_3	-0.00050510476836575	-0.0277021145215017	0	-0.00846695158914049
GSE53982_1	0.0140085281155947	0.0597873181972241	0.00113122171945701	0.00630833887480992
GSE53982_2	-0.000732368381573519	0.0088789275848639	0	-0.00703708853317292
GSE54779_1	-0.00493408100595403	-0.0101432245709205	-0.000956937799043062	0.00349919086337373
GSE55900_1	0	0.0211279287735699	0	0.0114981598046782
GSE57104_1	-0.00508613015568249	-0.00426361625854176	NA	-0.0076894236999604
GSE59387_1	-0.00938811467717718	-0.0345106987720922	NA	NA
GSE60401_1	-0.00196515104578614	-0.148275638103175	NA	NA
GSE60401_2	-0.00296309425858629	0.0465657595833684	NA	NA
GSE60651_1	-0.012626607182002	-0.0610037643396761	NA	NA
GSE60737_1	-0.00620780406746865	-0.00531734656049892	NA	NA
GSE60761_1	-0.00178563173196726	-0.0122069786363556	0	0.00216159507227416
GSE60761_2	0	0.00240124391585835	NA	0.00430465080088883
GSE60761_3	0.00324774199025604	-0.0176630298184899	0	-0.00618897683842492
GSE60761_4	0.00264783445136554	-0.0257334891297729	0	-0.00113269075739363
GSE63017_1	-0.000445235975066785	-0.0198253933553208	NA	0.00212637201733348
GSE63017_2	0.000440140845070423	-0.0152782261863419	NA	-0.00307750141909004
GSE63017_3	0.00262689827926284	0.030786639832692	0	0.00723812764999096
GSE63017_4	-0.000854195782721953	0.0343644456640649	NA	-0.00320360080969999
GSE63939_1	0.0153314053386874	0.0531555993113008	-7.51623868309689e-05	0.026928436522079
GSE63939_2	0.0189323903009119	0.0544031851337082	0.000462893248143736	0.0216130217099083
GSE64141_1	0.0124867604373974	0.0394111648882266	NA	NA
GSE64965_1	-0.0146200140832664	-0.108233296330814	-0.00154288115546589	0.00240499215290494
GSE65745_1	0	0.0192797250178016	NA	0.00604077077114134
GSE65745_2	0.000884955752212389	0.03064640083706	NA	0.00387807316507994
GSE65745_3	0.000884955752212389	0.0374906734079027	0	0.0067047305477889
GSE66416_1	-0.0120597427049314	-0.0916884746033866	NA	NA
GSE66862_1	-0.0146090018545444	-0.111549381266016	-0.00182717581775701	0.00988570158980942
GSE69108_1	-0.00082756860898613	-0.0154832284859427	-0.000581309614582284	-0.00157326519594409
GSE71565_1	0.0335434591678173	0.04059506800007	NA	NA
GSE72261_1	0.000683562542926763	0.0203641597684662	0	0.0223136719684709
GSE72261_2	-0.00478329373054888	0.0210471821257651	-0.00211416490486258	-0.0220416921849655
GSE72261_3	-0.00746661110242334	0.0104631953741544	-0.00108459869848156	-0.00545586594219722
GSE7683_1	0.00115631119101869	-0.0343532207409768	0	0.00894295825440217
GSE7683_2	0.00375461478345685	0.0497084384400666	-0.0023696682464455	0.0155486548489793
GSE78980_1	0.009203554893882	-0.0254246727295501	NA	NA
GSE78980_2	0.000562323478990146	0.0411628866892634	NA	NA
GSE78980_3	0.00561476685138472	-0.00511221946226612	NA	NA
GSE78980_4	-0.00191723141989812	0.0345148579358431	NA	NA
GSE78980_5	-0.000527848094766191	-0.0310939583297477	NA	NA
GSE78980_6	0.00234761040888419	-0.00549694089551003	NA	NA
GSE78980_7	-0.00819293338615914	0.0309004185045076	NA	NA
GSE78980_8	-0.00493984551226681	0.0117034981193684	NA	NA
GSE78980_9	-0.00516925418002339	0.0159566829798361	NA	NA
GSE78980_10	-0.00328032822871194	0.0110669776853951	NA	NA
GSE81399_1	0.0166594721893677	0.0453495129429906	NA	0.0150522677377042
GSE84609_1	0.000247454886335808	-0.0157534541161837	-0.00100200400801603	0.00489064072803647
GSE84907_1	-0.00273610657980497	-0.00304323574873789	-0.00112713533074344	-0.00856009396162791
GSE84907_2	0.00333364659308334	0.00495756849415738	0.000689506858021955	-0.00412552347976358
GSE84907_3	0.00274933623075363	0.0120578866985816	-0.00158227848101266	-0.000216255033463886
GSE90127_1	0.000184732139912498	-0.00700286664912104	NA	NA
GSE90127_2	0.0140793174585832	0.0473168585143621	NA	NA
GSE90127_3	-0.00940041941238681	-0.0319865886507312	NA	NA
GSE9247_1	-0.00199598042024158	-0.0401240159292836	0	-0.00169144156027588
GSE9247_2	0.000417793371395817	0.0434296916030602	-0.000693000693000693	-0.00696451193872006
GSE9247_3	-0.00240703918229987	0.0226523247339503	0.000231481481481482	-0.00890607796202202
GSE99306_1	-0.00581697992803213	0.0213198264608859	-0.00171164278166528	-0.00348809258081363
GSE99306_2	0.0152590424928497	0.0865657972037561	0.00108921271222832	-0.0027155639925558
GSE99306_3	-0.0414702338547336	-0.0996805240478266	-0.00410897219407858	-0.00210260989107345
GSE99306_4	0.0211690428733306	0.0848712879648405	0.00158826013782411	0.00364346410296693
GSE99306_5	0.0132623197319893	0.044568071710047	0.000537581184807772	-0.0102061795418847
GSE99306_6	0.0268576064260966	0.0977582179682901	-0.000159783457280868	-0.00852450807730989
GSE99306_7	-0.0402987375583637	-0.136038592539125	-0.0128205128205128	-0.0153828880152606
GSE99306_8	0.020279615739456	0.0825225381951297	0.00105264937131015	-0.0105967475689269
GSE99306_9	0.0257133438517863	0.117517566452127	0.000407342572906759	-0.0012654668717185
GSE99306_10	-0.0393967774506113	-0.119042829741598	-0.00480769230769231	-0.0181366933300987
GSE99306_11	0.00972754226622182	0.0615980407102189	-0.0012445382990963	-0.0153029322275754
GSE99306_12	0.0215637276762903	0.0897951173879186	0.00129332923129402	-0.00827372068755435
GSE99306_13	-0.0233229982223355	-0.049094584778782	-0.00614250614250614	-0.00576137388397287
GSE99414_1	0.00637349485248645	0.0892691105941431	0	0.00162035600237804
GSE110581_1	-0.000800024973925918	-0.0659409265082358	0	-0.00735845351229967
GSE110581_2	-0.00145931325136631	-0.0827617446030031	0	0.00566230227167236
GSE47799_1	0.00244794963475974	0.00503146796696492	0	-0.00206205669249344
GSE47799_2	-0.00391175327029305	-0.0136329420973954	-0.00247524752475248	0.00044219721456107
GSE47799_3	0.00566324767813409	0.0156620098419284	0.00225225225225225	-0.00268355955919151
GSE111628_1	0.0143913140716988	0.0117201334383387	NA	NA
GSE111628_2	-0.00763374511040489	-0.099811302299432	NA	NA
GSE111628_3	0.00319173116786674	-0.0665252240900199	NA	NA
GSE5657_1	-0.0115616555205693	-0.0654506339785756	-0.0128205128205128	-0.0130981233713433
GSE5657_2	-0.000861716852390336	-0.0234872182678597	0	-0.00681683406045514
GSE13782_1	0.00884142888683556	0.0536301028205924	-0.00123152709359606	0.0105979723119683
GSE41039_1	0.00133647012608727	0.0112301230825651	0	0.00383948345349225
GSE84198_1	0.00101450622401702	-0.0308815805292023	0.00732600732600733	0.00613198257155345
GSE84198_2	-0.00392685689323518	-0.00899257829408059	-0.00427350427350427	0.00714985252573198
GSE84198_3	0.00759762183229203	0.0594853254698327	-0.000681339422005803	-7.20914824273592e-05
GSE114469_1	0.0323038480435687	0.0997685318452355	NA	NA
GSE108036_1	-0.00167720303779264	-0.0509606113300161	0	0.00472728451128549
GSE60451_1	0.0311134677837631	0.0733372407952078	0.00175438596491228	-0.010820646840318
GSE47902_1	-0.00218722659667542	0.0199581181132585	NA	NA
GSE44325_1	0.0175400693032779	0.104695236106766	NA	NA
GSE4481_1	0.00527170450484049	0.0976005455113185	NA	-0.00569072736943022
GSE4481_2	-0.0177348337958409	-0.0912232482058178	0	-0.0243764172335601
GSE4481_3	0.000884955752212389	-0.0485551820335565	NA	0.00223872028349494
GSE102292_1	-0.00293530955898631	-0.0575162256299902	NA	NA
GSE102292_2	0.00253668909198551	0.0189058671310767	NA	NA
GSE102292_3	0.0164506130502962	0.081846814739944	NA	NA
GSE102292_4	0.00433176198525565	0.0237225660209956	NA	NA
GSE41898_1	0.00400757421984741	-0.00481301796409834	0.00016286994745207	0.0175852095884248
GSE87605_1	0.0889793609914719	0.20058717657267	0.00558381247235736	0.0278648021033983
GSE87605_2	-0.00474536381527831	0.00366866726614273	0.0023460123735779	0.00661238823587182
GSE87605_3	0.0451279277789829	0.12864026602927	0.00227522722617108	0.0301018356247869
E-GEOD-54216_1	-0.00550951917526117	-0.0550793324444488	-0.000323637973429825	-0.00181091065672456
E-GEOD-54216_2	-0.00200699148767961	-0.0515641018351391	0.00022297750155651	0.00951845468996735
E-GEOD-54216_3	0.000493860056825736	-0.00957979132371469	0.0015625	0.00052164084078227
E-GEOD-6119_1	0.00139457876997541	-0.0264250638550363	0.000518672199170124	0.0116460570836803
E-GEOD-6119_2	0.000860076952341697	-0.0284633160741762	7.87059653693753e-05	0.00947693635579703
E-GEOD-6119_3	0.00565540000802981	-0.0159865230866543	5.36429003074068e-05	0.0141568485435997
E-GEOD-8077_1	-0.0053437311684053	-0.010615866534179	0	-0.00762784099486175
E-GEOD-8077_2	0.00334156831658531	0.0701199834326149	0	-0.00842052929055521
E-GEOD-8077_3	0.00684439304799785	0.0538146457913308	0	0.00897020699038596
GSE103416_1	0.0216675582786847	0.0550882423492408	0.00043730426795985	-0.00179009041094905
GSE103416_2	0.0320042869339515	0.0779782012669645	0.00208362007004022	0.0126462868229822
GSE103416_3	0.0275921960371372	0.0915567725915531	0.00340012662927632	0.00603918783315947
GSE19950_1	-0.00835060761049992	-0.0736536948844377	0.00102880658436214	-0.0238021603117793
GSE30322_1	0.0127658853540135	0.0473602404373065	0	0.00543568721452801
GSE30322_2	0.00585328682596345	0.031556452470787	0.00152905198776758	0.0167765319834852
GSE30322_3	0.00726945792120025	0.0471069590984582	-0.00108043217286915	0.00269084285477728
GSE42295_1	-0.00043472807623342	-0.00119864453283033	NA	-0.0173690895230895
GSE42295_2	-0.00110933823017971	0.0316388913567231	0.0105257856567284	-0.00894790782381571
GSE42295_3	0.00205528274813787	0.0484416381708398	0.0105395369156837	-0.0115213888134131
GSE66554_1	-0.0427405789431451	-0.123114871553373	-0.000205359144020506	-0.0188827636451447
GSE66554_2	-0.0280508801839668	-0.0944138216481213	-0.00141193508340373	-0.00544514496224401
GSE66554_3	-0.0205769969664944	-0.0567778250509774	0	-0.0116640580096137
GSE66554_4	-0.0326858995959409	-0.102598860686666	-0.00118641007277913	-0.0224812929200286
GSE74898_1	-0.0132120263351394	0.0574203433756744	0.0005372876327094	-0.0144785027766526
GSE74898_2	-0.0118325592687792	0.0275481335982573	0.000483213642748333	-0.0201324487441504
GSE74898_3	-0.0211345891647801	0.0106916811839452	0	-0.0174571427182784
GSE79176_1	0.00145848547258211	0.0258308093037271	NA	NA
GSE79176_2	0.000980092867816	0.0386409525656415	NA	NA
GSE79176_3	-0.00466763972511099	0.0181927838852984	NA	NA
GSE85785_1	0.00981880123095506	0.0167997033592712	0	0.0165144927649292
GSE16981_1	-0.0145779544347153	-0.0307700054363481	-0.00105042016806723	0.00516501238452604
GSE16981_2	-0.0154258261453258	-0.0457323133990566	0.000850340136054422	-0.00501550347140203
GSE16981_3	0.000730179454079678	-0.00147860734808989	-0.000528600081839099	0.00896768660509795
GSE16981_4	0.000730179454079678	-0.00147860734808989	-0.000528600081839099	0.00896768660509795
GSE16981_5	0.00351846976195669	0.0101139426448649	0	-0.00778427446579852
GSE16981_6	0.00162556379653801	0.0205544483210949	0	0.00499967554333596
GSE16981_7	0.00355348547662953	-0.0258678424905475	0.0142857142857143	0.00526546001061059
GSE29859_1	0.00431946200770328	0.0336737307508032	0.00925925925925926	0.0154885514413413
GSE29859_2	0.00903437969720918	0.0344018889055763	0	0.0286729426367294
GSE23492_1	-0.00231887962805783	-0.00901273814513326	NA	NA
GSE23492_2	-0.00118617023988814	0.01204567121666	NA	NA
GSE23492_3	0.00348837066832385	0.0109845396790209	NA	NA
GSE23492_4	0.00741560893961333	0.0309865249725737	NA	NA
GSE23492_5	-0.00781682275511054	-0.0436826997781983	NA	NA
GSE44991_1	-0.00452978585128201	0.0121797000723692	0.00458715596330275	0.00353635610943549
GSE44991_2	0.00484008347956037	-0.00570031701952994	NA	-0.0148748186982098
GSE39796_1	-0.00219965213616507	-0.0215518581143566	NA	NA
GSE39796_2	-0.00318796797827744	-0.0116821289289387	NA	NA
GSE39796_3	0.00177920536603108	-0.0177108300825219	NA	NA
GSE18394_1	-0.00638787471898069	-0.0350917436286174	0.00118678472550488	-0.0033240758566189
GSE18394_2	-0.0123906167675507	-0.0933128076566095	0.00078003120124805	-0.00925884708777012
GSE18394_3	0.00387010626389054	0.0289437024790884	0.000893492112920733	-0.000604080242130649
GSE29233_1	-0.00173306714253854	-0.00402263834208071	NA	NA
E-MEXP-2291_1	-0.00740539073220235	-0.0521300192126686	NA	NA
E-MEXP-2291_2	-0.00808551972936833	-0.0594949843052941	NA	NA
E-MEXP-2291_3	0.0043844020613712	0.00553749168094361	NA	NA
GSE18738_1	-0.000382493630560149	-0.0360597622700517	0	0.00930217017155892
GSE107363_1	0.00196425103229201	0.00158838651316011	NA	NA
GSE85761_1	-0.0315065804463388	-0.0851332567335435	NA	NA
GSE89179_1	-0.0170135780510656	-0.0584726000921752	NA	NA
GSE89179_2	0.0115769374020409	0.0633352448099564	NA	NA
GSE89179_3	0.00427533221762717	0.0102801296453156	NA	NA
GSE89179_4	-0.00131043469989591	0.00131305111273526	NA	NA
GSE89179_5	0.00606701119576005	0.0139082304880223	NA	NA
GSE89179_6	-0.00416352815804835	-0.0168406168833582	NA	NA
GSE89179_7	0.00241101651873507	0.00235488030782219	NA	NA
E-GEOD-57723_1	-0.000939071403016297	-0.000654606782613053	NA	NA
E-GEOD-57723_2	-0.0142008811401233	-0.0485749887295583	NA	NA
E-GEOD-57723_3	-0.00886263926411525	-0.0444185226287394	NA	NA
E-GEOD-83930_1	-0.000805878102828993	0.0282204713059176	NA	NA
GSE100268_1	0.0158138601301646	0.028586381983098	NA	NA
E-GEOD-55769_1	-0.000884290528214263	-0.0689088097755708	-0.00810810810810811	0.00151953730978866
E-GEOD-55769_2	0.000135744372778728	-0.141299895503713	0	-0.00270607193894615
E-GEOD-55769_3	-0.00093697950627262	-0.0945618255733888	-0.00392156862745098	0.00199333628964643
E-GEOD-69110_1	0.0034632035349932	0.00535913057250235	-0.00213675213675214	0.00492234703609916
E-MTAB-4304_1	-0.000264874904955696	0.0199676173551467	-0.00445689179241811	-0.00695720117361908
E-MTAB-4879_1	-0.000540032169634974	-0.00203731631860026	0	0.000875912606157275
E-MTAB-4879_2	-0.0135525073270424	-0.06833343573695	-0.00286259541984733	0.00307390446627553
E-MTAB-4879_3	-0.00670266355909119	0.00169153178026302	0	0.00722014999018868
E-MTAB-4879_4	-0.0138760705128947	-0.0429848403466097	0	0.0063288582720428
Cytokine_Explant_1	-0.00626962129927007	-0.0312945871758926	0	0.00113919231955367
Cytokine_Explant_2	0.0141869373129062	0.064128650153478	0.00131810193321617	-0.0109483157134982
Cytokine_Explant_3	0.0157133670683139	0.0541674143339359	0	-0.00549188192908112
Cytokine_Explant_4	-0.00150967869304872	0.0226708585343652	0	0.00496740003329775
Cytokine_Explant_5	0.00680842196158727	0.0289567468012982	-0.00123140331128934	0.00161545743619904
FN1_Explant_1	0.00145780739065722	-0.040279557750641	0	-0.00350470179958007
E-MTAB-6266_1	0.00570990211283207	0.0453664735315244	-0.00183363703000349	-0.003907902076372
E-MTAB-6266_B_1	0.0127773564798598	0.08420060059047	-0.000270782315834178	-0.00497916176544371
E-MTAB-6266_B_2	0.00345351039715295	0.00515438188778559	-0.00203394112030349	-0.00284638392039231
E-MTAB-6266_B_3	-0.0267557262667868	-0.0925880784160503	0.00159945054049871	0.00575459298952317
GSE74220_1	-0.0100341951782364	-0.0346468750902379	0.000189123114534803	-0.00114549616605571
GSE114007_1	-0.00428198899797167	-0.0111198341813705	-0.000517929919700867	-0.00822262448068783
GSE109503_1	-0.000512823167135617	-0.000720024425424735	-0.00157173347724736	0.00272343435629928
GSE109503_2	-0.0134265331679218	-0.0356504126667536	5.08555025653776e-05	0.00298333763780973
GSE109503_3	0.00347974386977607	0.0316865549942463	-0.00662513599926445	0.00338030457746715
GSE109503_4	0.00406633725322946	0.0148472600902014	-7.5971688797341e-05	0.00997344092125537
GSE109503_5	-0.00471114331549528	0.0104623061227263	3.21833650269335e-05	0.00232524371857144
GSE109503_6	-0.00507440387741238	-0.00627197789944274	-0.000127458976142015	0.00398076481744266
GSE109108_1	0.00202653028494592	0.0449828340049473	0	-0.00175486756195467
GSE109108_2	0.00468345963473332	0.000603291742302573	0	-0.0114278943002725
GSE109108_3	-0.00806416386646215	0.00908119946153845	NA	-0.00464412072179794
GSE109108_4	-0.000396473271815408	0.00914361145263433	0	-0.00224038487132394
GSE70667_1	0.00152815996587126	0.0877256607076022	0	0.00444980764600195
GSE87608_1	0.0330007250895143	0.308472573066645	NA	0.0146409790469811
GSE87608_3	0.0570522267215278	0.429770026994989	0.00617283950617284	0.268040642454818
GSE87608_4	-0.204992348118846	-0.435148583736297	-0.0952797202797203	-0.158513052586241
GSE90890_1	0.0339803611986006	0.170204436293309	0	0.0184386518961507
GSE97118_1	-0.0109401645903216	-0.0909726648962021	NA	NA
GSE97118_2	0.0399044432469732	0.120612413106298	NA	NA
GSE97118_3	0.00333576632231439	-0.0421706853944965	NA	NA
GSE97118_4	0.0457925889477509	0.129386355906647	NA	NA
GSE97118_5	0.0132783817196975	0.042224396626606	NA	NA
GSE97118_6	0.0242824490212419	0.0831024066889796	NA	NA
GSE97118_7	-0.0107793439558042	-0.0810144663149671	NA	NA
GSE107592_1	0.021398893648218	0.109613222255627	0.000959612489781761	-0.000670465337132005
GSE92641_1	-0.000157198642190681	-0.00964268463083649	0.00300623065547142	0.011586306083437
GSE107849_1	0.00590705781392858	0.0428804487700644	0.00100424996600027	-0.00132294389272067
E-ERAD-89_1	-0.00255869405722671	-0.00343705284085713	NA	NA
E-ERAD-89_2	0.00258397162697821	0.018113723997822	NA	NA
E-ERAD-89_3	4.01448132901228e-06	0.0215374195536674	NA	NA
E-ERAD-89_4	0	0.0520218431887324	NA	NA
E-GEOD-45893_1	0	-0.0345425778185798	NA	NA
E-GEOD-53105_1	0.00284256946712407	0.00864954328147416	0	0.00753891056030983
E-GEOD-53105_2	0.0217736636743686	0.0661479343995114	0.00306221841218107	0.0324898615592139
E-GEOD-54461_1	0.0011500496839616	0.0389945796154575	-0.00364817793171369	-0.015166444226591
E-GEOD-54461_2	-0.00556057378232019	0.0154738098925432	-0.00380185276274799	-0.0199149365925576
E-GEOD-54461_3	-0.00222559163393381	0.034581721502719	-0.000844417183378234	-0.0203621823941653
E-GEOD-54461_4	0.000842480422783079	0.0406275841883792	-0.00052175980209128	-0.0240449432685746
E-GEOD-54461_5	0.00106199348363284	0.0576417192884858	0.000191596289388718	-0.0226249653960497
E-GEOD-54461_6	0.00133230453696217	0.0566131193262454	6.05096111899727e-05	-0.0169827435717433
E-GEOD-54461_7	0.00177860652568925	0.0670628243485441	1.55308447690827e-05	-0.0187572020861306
E-GEOD-54461_8	0.00594812718501008	0.069262954481469	3.25271712678237e-05	-0.0152705400922009
E-GEOD-73372_1	-0.0217451169552152	-0.0472384969950874	NA	NA
E-GEOD-73372_2	-0.0104069901018738	-0.0217254257737754	NA	NA
E-GEOD-73372_3	0.0110878971663243	0.038616378407247	NA	NA
E-GEOD-75549_1	0.00520555653826244	0.00471830521124872	NA	NA
E-GEOD-76988_1	-0.0225636727239288	-0.0869622475906063	NA	NA
E-MTAB-2923_1	-0.0177175586147659	-0.0769172666502913	NA	NA
E-MTAB-2923_2	0.0143443141772794	0.0587672781554674	NA	NA
E-MTAB-2923_3	-0.00444827570770889	-0.00610648198349543	NA	NA
E-MTAB-2923_4	0.0186440392157804	0.0587511469151349	NA	NA
E-MTAB-3428_1	0.0113479098226796	-0.020072284929751	NA	NA
E-MTAB-3428_2	-0.0245895170660938	-0.0661678136554446	NA	NA
E-MTAB-3428_3	0.0518051660384328	0.161259728957999	NA	NA
E-MTAB-3428_4	0.0148456608562089	-0.00788291041003464	NA	NA
GSE102856_1	-0.00868681581243509	-0.0307010464618936	NA	NA
GSE103492_1	0.00015110122610321	0.0155955212989412	0.000368836855130401	-0.00438217615124086
GSE103492_2	0.0119834632457322	0.0115906294526222	0	0.022181637886204
GSE103492_3	-0.0115592267980275	0.0102958548463557	-0.000558055695382575	0.00155393590907562
GSE103492_4	-0.0153803702661913	0.00216002539511265	-0.00139124717017184	-0.0049663512020236
GSE103492_5	0.0151936198804656	0.0226546725027342	0	0.0110870420033041
GSE103492_6	0.0234251737152771	0.0678737007411387	0.00113122171945701	0.0048998665574713
GSE103492_7	0.000458986492636312	0.0534077004957481	0	0.000496110819550812
GSE103492_8	0.0198237259707421	0.056780058679399	-0.00138888888888889	-0.00021049576623732
GSE103492_9	0.0270780948131855	0.0610908455478288	0.00429151061173533	-0.00127568776811063
GSE103492_10	0.00743236010243416	0.00473173811497588	0	-0.00268587518984263
GSE106259_1	-0.0123939207822351	-0.0420046584406443	-0.00153846153846154	0.00927317425324125
GSE110303_1	-0.00518490100077066	-0.0361136212602079	NA	NA
GSE110303_2	-0.0094127166876832	-0.0682703599405796	NA	NA
GSE110303_3	0.0168668319591664	0.0647078294231907	NA	NA
GSE110300_1	-0.014927047704859	-0.136571824145052	NA	NA
GSE110300_2	-0.00270076075948305	0.0611300938800833	NA	NA
GSE110300_3	-0.00936226920565274	-0.0547358595987213	NA	NA
GSE110281_1	-0.00389428037019562	-0.0103656353606167	NA	NA
GSE110281_2	0.0135105670022064	0.0371364532913025	NA	NA
GSE110281_3	0.019360210008634	0.0553107697158339	NA	NA
GSE104459_1	0.0440176251856933	0.166137429799182	0	0.0138034853974314
GSE104459_2	0.044328868863914	0.172320024830606	-7.70507764616883e-05	0.0086880704210061
GSE104459_3	0.00181863653103248	-0.0226210482264114	0	-0.0211083600534696
GSE110051_1	-0.00191626695692084	-0.0312011617436711	-0.000893568161194141	0.0189210218265103
GSE110051_2	0.0524958214547649	0.207070454255178	0.00482315112540193	0.0202411340887452
GSE110051_3	0.0201576453338927	0.112305637744675	0.000674697801506521	0.0277349315038019
GSE112694_1	0.00424524309192743	0.0184799873004666	0.000241661277449922	-0.0166043393349793
GSE112694_2	0.00532386540575353	0.036627534442663	0.000114038308995742	0.00717434205718419
GSE112694_3	0.0066304385064553	0.0261434554707619	-0.000998019794944844	0.00916262908222339
GSE112694_4	0.00951167857341267	0.0470957587076018	0.000110297182612733	0.0223837954078504
GSE97232_1	-0.00394045534150613	-0.116983756524106	0	-0.00544116289365695
GSE114079_1	-0.00168591597359919	-0.108965727393329	NA	NA
GSE114079_2	0.000873354395230886	0.0276799984770958	NA	NA
GSE114079_3	0.00626577214254939	0.0487174618852003	NA	NA
GSE114079_4	0.00703257058971686	0.0179588624349178	NA	NA
GSE104828_1	0.0104340651359567	0.0449392334500774	NA	NA
GSE114521_1	0.00874607936201427	-0.0473761995807214	-0.0119047619047619	0.00171000391247398
GSE114521_2	0.0321851281246711	0.148221756908081	0	-0.00625221973788127
GSE112413_1	-0.0400023036052502	-0.115097290984335	-0.016124871001032	-0.0296211337222925
GSE112413_2	-0.0709836624985939	-0.208524706718067	-0.00471197856506047	-0.0723672109152682
GSE101909_1	-0.0123309836603502	-0.0520116447211452	-0.00449203187250996	-0.0218374270299449
GSE101909_2	0.00353597059529443	0.0113245114135338	-0.00189848874977028	-0.0121041311102378
GSE114919_1	-0.00418034988391754	0.0430125834951499	-0.000719496710974656	-0.027704737868072
GSE114919_2	0.0169959973563582	0.0798634249054008	0.000387783483097989	-0.00258624361431625
GSE114919_3	0.000481395850656367	0.0389592120782801	0.000297633566106691	0.00728632590612705
GSE114919_4	-0.0123679334517388	0.0158829590359908	0.000173595424169887	0.00799378628082526
GSE114919_5	0.00702509132711024	0.0300084990067355	0.00398406374501992	-0.00751418607822504
E-MTAB-5879_1	-0.00353998332943429	-0.0897746770073853	-0.0010827190118973	-0.0260797204325829
E-MTAB-5879_2	-0.0046910291922935	-0.0300592660142117	-0.00100401606425703	0.018790176081996
E-MTAB-5879_3	-0.00157935699911458	-0.0591553415496984	-0.000625782227784731	0.00877916832950467
E-MTAB-5879_4	-9.26880137606945e-06	-0.0345342768535905	-0.000927643784786642	-0.0117757618240866
E-MTAB-5879_5	0.00116363639049136	-0.0879337462420302	-0.000390529615023097	0.0153518088473167
E-MTAB-5879_6	0.00365643983981348	-0.0236002798119612	-0.000705218617771509	0.00420789599627034
E-MTAB-5879_7	0.0110649960399856	0.00422226816960905	0	0.00666567104739148
E-MTAB-5879_8	0.00921934384010839	-0.00987155557188454	0	0.00331203639190762
E-MTAB-5879_9	-0.00494405611069748	-0.0110314791028434	0	0.00883355335194838
E-MTAB-5879_10	0.00546482768924207	0.0542572197088914	0	0.00833279833635177
E-MTAB-4294_1	0.00729844232841946	-0.0133844500116271	0.00398406374501992	0.00649731359463848
E-MTAB-4294_2	0.00072616164313261	-0.0473803478852727	0.00213447171824973	0.0130712445074526
E-MTAB-4294_3	-0.0101752845616736	-0.0581403799162168	0	0.0102793840048229
E-MTAB-3186_1	0.0171302647644795	0.0747613142602977	0.00251206104895557	0.0122212773445156
E-MTAB-3186_2	0.0104910692463303	0.0137968760800698	0.00221462521249993	0.0205976173461181
E-MTAB-3186_3	0.00763926104719844	0.0432150497659612	0.000316621343853333	-0.00583252356276948
E-MTAB-3186_4	0.0235131328604309	0.11161178253466	0.00121506682867558	0.00241381999859944
GSE114919_Rat_1	-0.00304814601341998	0.0493563743861216	-0.000420968818782448	0.00413700247530074
GSE114919_Rat_2	0.0150375838523637	0.0256598080928409	0.00177856016358469	-0.00511048555504939
GSE114919_Rat_3	0.00511314773825617	0.0521159722247827	0.000557330014888707	-0.00260964449260366
GSE114919_Rat_4	0.0117367866575434	0.0813616122548625	0.000820524135207108	0.00313080127204393
GSE114919_Rat_5	0.029906968888231	0.103105492298445	1.46108829648794e-05	-0.00401684343822447
