comparisonID	jaccard	cosine	sigjaccard	chrDir
22659600_1	-0.0118186874304783	-0.0403590690841515	-0.00536378733116059	-0.0137996564865948
24361742_1	-0.00142857142857143	0.00381453581483788	0	0
GSE72258_1	0.0178571428571429	0.0399587613455742	0.0416666666666667	0
GSE72258_2	0	0.0183105861058129	NA	0
GSE69531_1	-0.00240946210354887	-0.0424577952967301	NA	NA
GSE69531_2	-0.00409620294573921	-0.0317580978221657	NA	NA
GSE69531_3	0.00107831189666783	0.0294172668125381	NA	NA
GSE69531_4	-0.00240946210354887	-0.0424577952967301	NA	NA
GSE58203_1	0.0214030421411354	0.0853768876331592	0.00297619047619048	0.0297362201848668
GSE58203_2	0.00248684839789574	0.0170149800497492	-0.00304691483936767	0.0230287319731731
GSE58203_3	-0.0029790521978022	-0.0493411067678385	-0.00458715596330275	-0.0047524765358855
GSE58203_4	-0.000279051246940762	-0.0687899077212711	-0.0026397792022792	-0.00627048560086595
GSE58203_5	0.0440414507772021	0.147247283805703	0.00719424460431655	0.0199708921798031
GSE58203_6	0.00079083033876657	0.0215568966896083	-0.00119709985619744	-0.0105366630240062
GSE58203_7	-0.00303732781827945	-0.0677203131194527	-0.00375	-0.0124095340727845
GSE58203_8	-0.00791986728439918	-0.0925049921728199	-0.004	-0.0201898103851923
GSE59642_1	0.00215920720900627	0.0438468061067784	NA	NA
GSE59642_2	-5.37179903177393e-05	0.0136460420301397	NA	NA
GSE59642_3	-0.00373207397658289	-0.0386009556194616	NA	NA
GSE64922_1	0.010022271714922	0.0269860798888909	0.00412087912087912	0.011253083833729
GSE60162_1	0.00303951367781155	-0.0511127585631168	NA	NA
GSE31685_1	-0.00026686408870218	0.0198519002263687	0	0
E-MEXP-3890_1	-0.00090294313156113	-0.00171845165328939	-0.000605237674203191	-0.00237932303897547
GSE31980_1	0.00202225774176588	-0.00312205398194911	0.000948522028925649	0
GSE15615_1	0.00274731667327449	0.0602678095867947	0.00152905198776758	0
GSE15083_1	0.00890127674878619	-0.00966532919045265	NA	0.0133098220701868
GSE108035_1	0.00157465499478714	0.0105788369585061	0.00206185567010309	0.00748791684180434
GSE108035_2	-0.000230423763702935	-0.0209074362430695	0.000637028342259066	-0.00580275690230278
GSE108035_3	0.000204634108714258	-0.0135857870639914	0.000662963356304178	-0.0124647295664134
GSE21959_1	0.00114942528735632	0.00314303856313501	0	0.00682848104332969
GSE21959_2	0.00337078651685393	0.0277819849183483	0	0.000395716064705756
GSE24742_1	0.000842199825945369	0.00348154029469141	NA	-0.0026318383003979
GSE24742_2	-0.0161290322580645	-0.032338862135954	NA	-0.0146898931146885
GSE24742_3	-0.00645161290322581	-0.021025778512869	NA	0.00106761253729437
GSE74668_1	0.024390243902439	0.0461014428352417	NA	NA
E-GEOD-10024_1	0.00943396226415094	0.0608353566292216	NA	NA
E-GEOD-10024_2	0.00560151289446716	0.0629679464128708	NA	NA
E-GEOD-12860_1	0.0047304494150712	0.0205178855349205	NA	NA
E-GEOD-12860_2	0.00160056636811045	0.00697049548256992	NA	NA
E-GEOD-12860_3	-0.00326319456822933	-0.0510136202275846	NA	NA
E-GEOD-12860_4	-0.00335570469798658	-0.0118843303660914	NA	NA
E-GEOD-12860_5	-0.00306278713629403	-0.0217582271888849	NA	NA
E-GEOD-12860_6	0.00387446340175895	-0.00125134119339834	NA	NA
E-GEOD-12860_7	-0.00265581263772259	-0.0169636808457983	NA	NA
E-GEOD-12860_8	-0.000705546854221461	0.0022939674902556	NA	NA
E-GEOD-14359_1	-0.00251220699949857	-0.0177887165699949	-0.00126727733825676	-0.00951307051748415
E-GEOD-14359_2	0.0120772946859903	0.114126861420103	0.00736497545008183	0.024877132132793
E-GEOD-1919_1	-0.00165469652161667	-0.010327348377282	NA	NA
E-GEOD-1919_2	-0.0103734439834025	-0.0766106302444337	NA	NA
E-GEOD-1919_3	-0.0144574361790571	-0.0923219444823296	NA	NA
E-GEOD-1919_4	-0.0102688095576732	-0.0385991705410184	NA	NA
E-GEOD-1919_5	-0.00932120486321589	-0.0905675404761905	NA	NA
E-GEOD-1919_6	-0.00656307648644813	-0.0390514529517926	NA	NA
E-GEOD-1919_7	-0.0197368421052632	-0.0737364207645112	NA	NA
E-GEOD-1919_8	-0.0175438596491228	-0.0376470930476577	NA	NA
E-GEOD-1919_9	-0.00490196078431373	-0.0407597090431002	NA	NA
E-GEOD-19664_1	0.0016405329466147	-0.014505570266889	NA	NA
E-GEOD-19664_2	-0.00476253383313042	-0.0506404659221448	NA	NA
E-GEOD-19664_3	-0.00658122807735877	-0.0502575171554577	NA	NA
E-GEOD-19664_4	0.00316982368815899	-0.00316902916215062	NA	NA
E-GEOD-19664_5	-0.00360708915507949	-0.0527719178816115	NA	NA
E-GEOD-19664_6	-0.00371862885125485	-0.0221963363538838	NA	NA
E-GEOD-43923_1	0.00134891432672495	0.0104324846193947	0.001953125	0.00367533810840869
E-GEOD-51812_1	-0.00279799429988841	-0.0690849934668592	-0.00134441456856514	-0.0187272701364477
E-GEOD-51812_2	-0.0028296638326413	-0.0666175053351137	-0.00148221343873518	-0.0149095080252116
E-GEOD-68760_1	0.00478263001934885	0.0544115100383009	0.0022530975135318	0.0113172401914232
E-GEOD-82107_1	0.00996677740863787	0.0547586850865369	0	0.0263768102172271
E-GEOD-9451_1	0.000330805619999321	-0.000342660470969224	-0.000781860828772478	-0.00645493780644726
E-GEOD-9451_2	0.0055749094582276	0.0601027013985862	0.00394736842105263	0.0213328915028285
E-GEOD-9451_3	-0.0031886931991617	-0.000880174727889508	-0.000123449931793913	-0.0036519774832766
E-GEOD-9451_4	-0.00145709008240978	0.022901272476415	0.000564332643096352	-0.00430363099471355
E-MEXP-2019_1	-0.000933618569936519	-0.032851612475844	NA	-0.0110535113822487
E-MEXP-2019_2	-0.00393700787401575	-0.0371534765823909	-0.00806451612903226	-0.00905944326944724
E-MEXP-2019_3	-0.000799133197018794	-0.056172899704709	NA	-0.0167197576338184
E-MEXP-2019_4	-1.70076704593771e-05	0.00923965766002625	0	-0.00176195466282581
E-MEXP-2276_1	0.0178571428571429	0.0459010968747296	NA	0.018643752663275
E-MEXP-2488_1	-0.000683831242444341	-0.00695785611181333	0.000788451816235869	-0.00448168043824506
E-MEXP-3129_1	0.00964235624123422	0.0343937486241774	0.00248638408714184	-0.00587792120038158
E-MEXP-3474_1	0.000392570173764733	-0.0096131275523161	NA	0
E-MTAB-3010_1	-0.00212627625681096	-0.0539185956230582	NA	NA
E-MTAB-3010_2	-0.0010103576779316	-0.0462103340956585	NA	NA
E-MTAB-3010_3	0.00392670157068063	0.0123127469183213	NA	NA
E-MTAB-3010_4	0.00546354645556278	0.0174687176541883	NA	NA
E-MTAB-4152_1	-0.000162259893990203	0.0323375566107629	0.00221028971028971	0.0180141021488281
E-MTAB-4152_2	-0.0191125367548784	-0.0946960435108937	-0.0186335403726708	-0.0265042360444457
E-MTAB-4152_3	-0.00675887346887629	-0.0348933061122414	-0.00550660792951542	-0.00440220622117931
GSE100609_1	-0.00426990443547216	-0.00550750418169258	NA	-0.0152936234515739
GSE100786_1	0.00704225352112676	0.0193154592456525	NA	0.00757070479625384
GSE100786_2	0	0.0262529770930691	NA	0.00501978174853824
GSE103697_1	0.166666666666667	-0.0194919618479517	NA	NA
GSE103697_2	0	0.00631616812561655	NA	NA
GSE103697_3	0	-0.0271723423917853	NA	NA
GSE104113_1	-0.00338804095052257	-0.00623298343561559	NA	NA
GSE104113_2	0.00263483311778186	0.0648623315998127	NA	NA
GSE104113_3	-0.00338804095052257	-0.00623298343561559	NA	NA
GSE10575_1	-0.00469645797526472	-0.0409562450064934	0	-0.00757965579394151
GSE10575_2	0.00165210135990879	-0.00929112394732687	0	-0.00109366827546649
GSE10575_3	-0.00331758539530424	-0.0365547292828272	-0.00125250501002004	-0.00679384928928311
GSE13604_1	-0.00107970784375992	-0.00573062066881039	-0.000449677050118552	0.001228122279235
GSE13837_1	-0.031264367816092	0.0465058909196254	NA	-0.00337462607889331
GSE13837_2	-0.0319960212201592	-0.0129062946355913	-0.0075944170771757	-0.00735626144602496
GSE13837_3	-0.0178393911152532	-0.067443187324578	-0.00333567415730337	-0.0266781042332083
GSE13837_4	-0.00248872786955569	-0.0503107561106838	-0.00132687798608863	-0.0154970704586029
GSE13837_5	0.000462962962962964	0.0358285910595287	NA	-0.00179266689193847
GSE13837_6	-0.031517094017094	0.00593724203139208	0.00591715976331361	-0.0101408751760229
GSE13837_7	-0.0148918366081944	-0.0657671124000904	-0.00375839438339438	-0.0270916278630942
GSE13837_8	-0.00133789594074726	-0.0443905576453072	-0.00134996194203234	-0.0162520810599071
GSE13837_9	0.000249188171168666	0.010045778755657	-0.00116009280742459	-0.00401839305948895
GSE13837_10	-0.00248907412231194	-0.00756881298448855	0.000236380748101293	-0.00852053407198746
GSE13837_11	-0.00449598075456199	0.000373093344860056	-0.00114942528735632	-0.00353725488828076
GSE13837_12	-0.00301793005503284	0.00109894982029375	0.00125944584382872	0.00701658210841658
GSE13837_13	0.0287423103212577	0.135929413254537	0.0211864406779661	0.0409868544731705
GSE13837_14	0.00978461956245014	0.0528980134747914	0.00524475524475524	0.0104197070265064
GSE13837_15	-0.00168198616507154	-0.0030371077120093	-0.00316076870499114	-0.00865863253846537
GSE13837_16	0.000534518181970034	-0.0195955780719608	-0.000637493081799445	-0.0135875887083033
GSE13837_17	0.0506329113924051	0.141746436297398	0.0182926829268293	0.0430139782041085
GSE13837_18	0.00911458333333333	0.0451033713310937	-0.00197874265038444	0.0063739615482427
GSE13837_19	-0.00444741888325644	-0.0146308935087325	-0.00375054936050712	-0.00139462974870463
GSE13837_20	-0.00352215041259476	-0.0416578020477057	0.00111111111111111	-0.0229530698970783
GSE13837_21	0.00124794745484401	0.00905348717805036	0.00118764845605701	-0.00727842309670326
GSE13837_22	-0.00244943017440294	0.0119835092761159	0.00124069478908189	-0.00509471461837653
GSE13837_23	-0.000476635685347119	0.0126666545149231	0	-0.00680615394237685
GSE13837_24	0.000712998879154025	0.0137481849609985	0	0.00554516689112742
GSE16464_1	-0.0140086206896552	-0.0994882455398267	NA	NA
GSE16464_2	0.00327169707045171	0.0466687204971217	NA	NA
GSE19060_1	0.00364632608010091	0.0152780145689915	NA	0.00764355268863048
GSE27372_1	0.0119760479041916	0.00615443332564949	0.00684931506849315	0.00084096751699735
GSE27390_1	0.00668572357547349	0.0396249063956465	0.00617283950617284	0.00603540668694301
GSE29106_1	-0.00422236216059029	-0.0746374961194394	NA	NA
GSE29107_1	-0.00225968851682835	-0.0208770654617176	NA	NA
GSE29107_2	0.00270403738714117	0.0361406025262744	NA	NA
GSE29745_1	-0.00226216282468183	-0.0584444959707304	NA	NA
GSE29745_2	0.00241318626059144	0.00818553167223489	NA	NA
GSE29745_3	-0.00160974446780381	-0.0269610258777767	NA	NA
GSE35546_1	0.0150602409638554	0.0243068568574146	NA	NA
GSE35546_2	0.0109829825347067	0.028213833004167	NA	NA
GSE35546_3	0.00936602760025933	0.0270657782632002	NA	NA
GSE35546_4	0.00416595192001372	0.0178398715655374	NA	NA
GSE35546_5	0.00657608044361648	0.0211424555867852	NA	NA
GSE35546_6	0.00409013126007696	0.0134672309675133	NA	NA
GSE35955_1	0.00334201877100879	0.0290963638457252	-0.000881834215167548	0.00658447409411531
GSE35956_1	0.00487356818673006	0.0530699814987325	0.00291545189504373	0.0218123316471748
GSE35957_1	-0.000131648496534576	0.0236743337284425	-0.000610500610500611	0.00333842531510333
GSE35958_1	0.000507027509646749	0.0138973711560049	0.00106951871657754	0.00193565524574297
GSE39340_1	0.0100502512562814	0.0409535247534569	NA	0.0219722608802419
GSE39340_2	0.0177763413057531	0.0466045151185932	0	-0.000814283519491451
GSE39340_3	-0.00793650793650794	-0.0100582535202816	NA	0.0126200546956132
GSE39795_1	-0.00252525252525253	0.000341938011424607	NA	0.000213313451558567
GSE39795_2	0.00308184359908498	-0.000860214576247451	0	-0.000916020650924922
GSE39795_3	0.00232315112540193	-0.00145449895921164	0	-0.00373635748684968
GSE41038_1	0.00078405017921147	0.0082873099395024	NA	0.0022009029603802
GSE41038_2	0.00635793612838089	0.0546086245177048	NA	0.0114588540346202
GSE41038_3	-0.00247524752475248	-0.0143836869967579	NA	-0.00687811471063894
GSE41992_1	-0.00159466852541682	0.00712248422745175	NA	NA
GSE42235_1	0.0167121635347892	0.0651596031490431	0.00787259615384615	0.0117072690576951
GSE42235_2	0.00939114211325063	0.0558153056653368	0.0147058823529412	0.00440013625913329
GSE42235_3	-0.000135142620341041	0.0278319329398367	0.000680905963302753	-0.00134358428353882
GSE42235_4	-0.00107370396375429	0.0333092565893484	-0.000404730285208373	0.00352142991360521
GSE45233_1	-0.000208506312900956	-0.0156928425173646	NA	-0.00453068250955889
GSE45233_2	-0.00293255131964809	-0.00141887387546695	NA	-0.00145882908378533
GSE45233_3	0.00458715596330275	-0.0219955079295977	NA	-0.00192212412660528
GSE45233_4	-0.00433412856390141	-0.0295919188726643	NA	-0.0168191174743622
GSE46053_1	0.00987312572087659	0.0322488059466278	-0.000305839933037151	0.00894267784466602
GSE46053_2	0.0119841858166543	0.0498927973791827	0.00265957446808511	0.0133321469556447
GSE46750_1	0.0244679438962878	0.0661798736343304	NA	0
GSE51588_1	-0.000588245660410609	-0.0184945059221237	-0.000956701664083292	0.0120442828201898
GSE52817_1	0.00301284145701528	0.0321615993512016	NA	NA
GSE52817_2	-0.00294218186545211	-0.0548720980445851	NA	NA
GSE52817_3	-0.00320146207894193	-0.00976365727289361	NA	NA
GSE52817_4	0.00277323997751276	0.0659925578953552	NA	NA
GSE55235_1	-0.00421423236957217	-0.00651826690289085	-0.00408163265306122	-0.00113494271255218
GSE55235_2	-0.0153523551510379	-0.125492359768128	-0.00938086303939963	-0.0483740678655933
GSE55235_3	-0.0204545454545455	-0.139183730557564	-0.0105386416861827	-0.0477558757302387
GSE55457_1	-0.00361729064930367	0.0065579437705904	-0.000469924812030075	0.00775305149631887
GSE55457_2	-0.0275862068965517	-0.0664921367214585	-0.0147058823529412	-0.0147193701771102
GSE55584_1	0.00075249398004816	0.00719295825826144	0	0.00341216647887651
GSE57218_1	0	-0.0329114767248381	0	0.00472772888919294
GSE57218_2	-0.00998389694041868	0.0135476292800231	0.00289017341040462	0.0124499655927734
GSE57218_3	-0.00302214666855551	0.0287370540490132	0.00662251655629139	0.00895079013404176
GSE60762_1	0.000140776195486271	-0.0164337788816081	NA	0.0020381486640094
GSE62914_1	0.000412711243855261	-0.0178364009549017	NA	-0.0038079590023834
GSE62914_2	0.00129725323696195	-0.00395674112067499	NA	-0.0035077498308731
GSE62914_3	0.00137453232322651	0.00269332617031319	NA	0.00418507680250682
GSE62914_4	-0.00313770809712013	-0.0433784543388538	0	-0.0168685262046226
GSE64394_1	0.00172355499248009	-0.00579661487950257	NA	0.00934531087761306
GSE66635_1	0	-0.0227808360882481	NA	0.0037593984962406
GSE68038_1	0.00566334765509559	0.0226431917671824	0	-0.000494203808748013
GSE68428_1	0.0069905869324474	0.0594562229697993	0.00202214268168579	0.0154637144924592
GSE68428_2	0.00490294125189117	0.058996164234911	0.000627137411686314	0.0141678667042967
GSE68428_3	0.00267385059639697	0.0505817113249137	-1.97170990626477e-06	0.0106791075609786
GSE69459_1	0.00430292598967298	0.0114527425729389	NA	NA
GSE69459_2	0.00346099170535761	0.0287109102082209	NA	NA
GSE69459_3	0.00192400192400192	-0.00772610267954129	NA	NA
GSE69459_4	0.00197819887543078	0.00439801239767003	NA	NA
GSE69992_1	-0.00260226353857824	-0.0102017642606456	-0.00193758494830562	0.00263051741928685
GSE70719_1	-0.000830564784053156	0.0407255396581848	0	0.00980613437588167
GSE7116_1	-0.00991890205864005	-0.0623644061855726	-0.01	-0.0170733626678607
GSE7116_2	0.00671722643553629	0.00935091171098006	NA	0.00580846408336922
GSE7116_3	0.00725113915177007	0.06997460805119	0.0227272727272727	0.015214535609896
GSE72575_1	0.0265486725663717	0.0345077649976797	0.0102040816326531	0.0177264574471764
GSE72575_2	-0.00675675675675676	-0.0309222127839983	-0.00518134715025907	-0.00732775228970688
GSE72575_3	0.00529360831234257	-0.0105721719365719	0.00148796036134022	0.00259486697585262
GSE72575_4	0.0375	0.0129396202858841	NA	0.00303005634889594
GSE75181_1	0.0176111085453902	0.0408196778196173	0.0121502710654644	0.00389189673584609
GSE75181_2	0.00890169733453315	0.0467222223209268	0.00245908607003639	0.00345961344372426
GSE75181_3	0.0170830734211016	0.0439939652230811	0.0103591583854742	0.00675148809954514
GSE75230_1	0.0102877070619006	0.049247666724257	0.01171875	0.0248629769660117
GSE7669_1	-0.0333333333333333	-0.0448122586955674	0	-0.0247278134497507
GSE77916_1	0	0.0445247930595014	NA	0
GSE80614_1	0.260822510822511	0.724941343552889	0.113207547169811	0.18369512429922
GSE80614_2	0.0637409561460194	0.523973838896267	0.041044776119403	0.100348058599963
GSE80614_4	0.0293871428987565	0.311413995700546	0.0181818181818182	0.0584525516800782
GSE80614_5	0.0182794781471053	0.292429077881742	0.0119331742243437	0.0604393132857652
GSE80614_6	0.0132237446005748	0.154300957880947	0.0069284064665127	0.0469234815817139
GSE80614_7	0.00706477220267351	0.0840614438795571	0.00244498777506112	0.0363041656379325
GSE80614_8	0.000370952256262548	0.0566760838463222	0.00168918918918919	0.0188569995015584
GSE80614_9	0.177966101694915	0.333944130820857	NA	0.0883396909139113
GSE80614_10	0.102941176470588	0.303301811081436	0.0602409638554217	0.0858130190783493
GSE80614_11	0.303571428571429	0.307309240180022	NA	0.0673207944476711
GSE80614_12	0.0366048158089236	0.197786438318537	0.0201149425287356	0.0704064160905374
GSE80614_13	0.0249688667496887	0.142418776546067	0.0123456790123457	0.0534657346803852
GSE80614_14	0.0180535382986093	0.149919937238457	0.0117647058823529	0.0687090791959155
GSE80614_15	0.0130321632198979	0.120973235082728	0.00739644970414201	0.0686835644864154
GSE80614_16	0.00645035006167971	0.0534287567162434	0.00196078431372549	0.0462776258122503
GSE85254_1	0.00691999217527387	0.0442136421179384	0	0.0153564277355289
GSE86578_1	0.0245492371705964	0.232338542682539	0.0223214285714286	0.0567564376842508
GSE86578_2	0.0443786982248521	0.229209910789195	0.0196850393700787	0.0426032795734192
GSE86578_3	0.00348261430274716	0.0455980741988525	2.90644868301544e-05	0.00955426835833513
GSE9329_1	-0.000702490806910428	0.00437547392849072	NA	NA
GSE93698_1	0.00216522814202637	0.0221979663875191	0	0.000515024596560422
GSE93698_2	0.00162250673242302	0.0157657868141986	0	0.00327716252255317
GSE93698_3	0.00204449817277668	0.0211977521446047	0.000676132521974307	0.00549503914885827
GSE93698_4	0.000929403758014079	0.0129085716762537	0.000681198910081744	0.011889517012969
GSE93698_5	0.000837134206383919	0.00454548503302388	0.000320102432778489	0.00655768338429279
GSE93698_6	-0.000240675022651767	-0.023565197783372	0	0.0020232047998329
GSE93698_7	-1.43678160919539e-05	-0.0051824493971272	4.02722403447304e-05	0.0102591395151529
GSE93698_8	-0.00619195046439629	-0.0309370511376948	0	-0.0108109718390763
GSE93698_9	0.000396535293272934	-0.0319524604277098	-0.000793650793650794	0.00709016194729221
GSE93698_10	0.00291595197255575	0.0114814224310543	0.0015625	0.0106120286200217
GSE93698_11	-0.00411193029490617	-0.00577325751359166	0	-0.00548438836513716
GSE93698_12	0.00108768106397161	-0.0150290284704503	0	-0.00288624451675263
GSE93698_13	-0.00421052631578947	-0.0165022669981163	-0.00185873605947955	-0.0104952159294132
GSE93698_14	-0.00425894378194208	-0.0343388103682177	0	-0.0146966798282394
GSE93698_15	0.0022313601068715	-0.011119569865485	0.00104384133611691	0.0124839950658493
GSE93720_1	0.000373085856512635	0.0171598842533399	NA	NA
GSE93720_2	0.00318288385498632	0.0332603318401075	NA	NA
GSE93720_3	0.00163976056593506	0.0212437334512321	NA	NA
GSE93720_4	0.00273349683220928	0.0301496956343231	NA	NA
E-MTAB-5564_1	-0.00236686390532544	-0.028770083891968	0	0.00230868895440773
GSE77753_1	-0.00531914893617021	-0.0402250601084292	NA	0.00150481386124494
GSE43861_1	0.00182252559626143	-0.0114365524795323	NA	NA
GSE112809_1	0	0.0103571770062214	NA	NA
GSE111946_1	-0.000922069493605271	0.0050622652641861	NA	NA
GSE111946_2	0.00684931506849315	0.0119806292172993	NA	NA
E-MTAB-3201_1	0.00189882778395347	0.00930554939515834	0.000494234529560617	0.00341648413057755
GSE57740_1	0.0185185185185185	0.0106361612167961	NA	NA
GSE52992_1	0.0109744560075686	0.0335580760297101	-0.000464785651793526	0.00761864639967
GSE17160_1	0.00908119658119658	0.00163415422200659	NA	NA
GSE17160_2	0.0194805194805195	0.0172763891144159	NA	NA
GSE17160_3	0.00186636804777902	0.0111255630885741	NA	NA
GSE17160_4	0.00121272649450706	-0.0208861211795412	NA	NA
GSE17160_5	-0.00524961051276841	-0.0129448150637211	NA	NA
GSE17160_6	-0.00766786405084278	-0.00230766673773978	NA	NA
GSE17160_7	-0.00058214630064218	-0.0136157379384598	NA	NA
GSE17160_8	0.0034729586426299	-0.00163505077071026	NA	NA
GSE17160_9	-0.000438329945444512	0.00432956534164148	NA	NA
GSE17160_10	-0.000722721845462513	0.00314070765691528	NA	NA
GSE17160_11	-0.000497502262990633	0.000383361630709679	NA	NA
GSE17160_12	0.00149520361868937	0.0164982292944833	NA	NA
GSE22971_1	0	0.0243372110052843	NA	0.00727989445742533
GSE22971_2	0	0.0099471190219208	NA	0.00315777070814186
GSE22971_3	0.00464805464805465	0.00838062173383975	-0.000262751247003215	0.00800450050708484
GSE22971_4	0.00450013037340742	0.00353574144732101	0.00110619469026549	0.00495900294387051
GSE13590_1	-0.00105062480866104	-0.0106779911734212	-0.00128865979381443	-0.00347426931951424
GSE13590_2	0.03125	0.0232436069211575	0	0.00409893742343371
GSE99731_1	0	-0.0176925543344955	NA	0.00316748842073808
GSE99731_2	0	-0.0117894655653747	NA	-0.00202326537522068
GSE99731_3	-0.00214391227151007	-0.00585564389080672	-1.92698950462925e-05	-0.00778746851103122
GSE27492_1	0.0121951219512195	-0.0189591681152654	NA	0.0081593690107622
GSE27492_2	0.0043859649122807	0.00126040432881996	0	0.00102318700686364
GSE27492_3	0.00556506415774602	-0.00591136021580705	0.00203146290102812	0.0139150228162224
GSE27492_4	0.0108731818613937	0.0189701320313771	0.00160697887970615	0.0197799654215429
GSE27492_5	0.00376358781354471	0.0179124458779111	0.0017330712881901	0.00683314267094839
GSE27492_6	-0.00197784810126582	-0.000747766201543682	-0.00427235114229178	0.00253931874401293
GSE27492_7	0.0093984962406015	0.0323851573633751	0.00242718446601942	0.00944251622785391
GSE27492_8	0.00209073378666396	0.0160264354595309	-0.00245040382655062	0.00874866731086939
E-GEOD-15069_1	0.0318181818181818	0.100549162212045	0.0217391304347826	0.0183913279123021
E-GEOD-15069_2	0.023840769903762	0.0494755419082816	0.0072463768115942	0.0048947664185985
E-GEOD-15069_3	0.00465221196153241	0.0574362574840446	0.0023489932885906	0.0100669999249545
E-GEOD-15069_4	-0.00869565217391304	-0.001287010290645	0	-0.00207112105665015
E-GEOD-15118_1	-0.0032258064516129	0.0155940908261304	NA	NA
E-GEOD-15118_2	0	-0.0220511527820923	NA	NA
E-GEOD-15118_3	0.0020256265309968	-0.00104232974326729	NA	NA
E-GEOD-15118_4	0.00165103685114252	0.0193700051502386	NA	NA
E-GEOD-16007_1	0.0056390977443609	-0.027579239680876	NA	NA
E-GEOD-17473_1	0	-0.0152943343624396	NA	-0.00206726694531573
E-GEOD-18647_1	0.00303731142758435	-0.0138432462750707	NA	-0.00832072044702209
E-GEOD-18647_2	0.00165016501650165	-0.00248107140712373	NA	-0.0163773093398914
E-GEOD-18647_3	0.00257032913662345	0.0223938618406523	NA	-0.00372032659774063
E-GEOD-18647_4	0.00255274261603375	0.0262562194932485	0	-0.00971381007835026
E-GEOD-18648_1	0.00796812749003984	0.0356497794220506	0.00643776824034335	0.00299166904891482
E-GEOD-18648_2	0.00509391654751072	0.0208852924915026	0.00510204081632653	0.0124520479230059
E-GEOD-2154_1	-0.0144927536231884	-0.0570266189085609	0	-0.0230627599486661
E-GEOD-2154_2	0.00975609756097561	0.0493235609300103	0.00340136054421769	0.00944221064602117
E-GEOD-2154_3	0.00255102040816327	-0.00282588543485652	0.00303030303030303	0.00186093684541275
E-GEOD-2154_4	-0.000443786982248521	0.00421139004853732	0	-0.0129635482135933
E-GEOD-26475_1	0.00828729281767956	0.0115752296319549	0	0.000166681434708655
E-GEOD-26475_2	0.00321065746597662	-0.00303311009647568	0	0.0123372586466777
E-GEOD-26475_3	0.0170940170940171	0.00719796935197789	0	0.01520492967884
E-GEOD-33567_1	-0.000486971850382857	0.0176548060319367	NA	NA
E-GEOD-33567_2	-0.00204908675799087	-0.0144382553265886	NA	NA
E-GEOD-37287_1	-0.000980015164030471	-0.00176178454023166	NA	NA
E-GEOD-37287_2	-3.47025005426789e-05	0.00366848823955113	NA	NA
E-GEOD-37287_3	-0.000447261381047686	0.00259595443154533	NA	NA
E-GEOD-51994_1	0.00387828117122123	0.0254896217589502	0.00572519083969466	0.0098156953349996
E-GEOD-51994_2	0.00358790363915941	0.0463672750341694	0.00319829424307036	0.0126645048808803
E-GEOD-51994_3	0.0044052608591271	0.0450946769081298	0.00632911392405063	0.010348719864889
E-GEOD-65077_1	0	0.0518655963660024	NA	NA
E-MEXP-1244_1	0.0130718954248366	0.0765625508077684	NA	NA
E-MTAB-1123_1	0.00462962962962963	-0.0106357826258719	0	-0.00783277854064396
E-MTAB-1123_2	0.00480769230769231	-0.0119914585588178	0.00769230769230769	-0.00639275647048774
E-MTAB-1123_3	0	-0.00828089596346296	0	-0.00656943554503717
E-MTAB-1123_4	0	-0.0120189297768792	NA	-0.020834926153106
E-MTAB-1391_1	0.00573613766730402	0.0540867709355761	0.00392927308447937	0.0119356085416591
E-MTAB-1391_2	0.00166385265129748	0.0377081236313652	0.00192554557124519	0.00566551255141859
E-MTAB-1391_3	-3.15162834130969e-05	0.0195752704890256	0.000373027771828372	0.000488769728816909
E-MTAB-2450_1	0.00345124334403069	0.023484777781812	0.00457317073170732	0.0119786554193551
E-MTAB-2450_2	0.00972762645914397	0.0253456720324789	0.00462962962962963	0.00774683219795962
E-MTAB-2450_3	-0.0025026827064272	0.00927314940564998	-0.00251256281407035	-0.0039746543001273
E-MTAB-2450_4	-0.00777138217511708	0.0140069504322449	-0.00217601123102571	-0.00266753542615612
E-MTAB-5023_1	-0.000984990619136961	-0.00236721158264925	NA	0.000519411636437915
E-MTAB-5326_1	0.00676132521974307	0.0252196451604103	NA	NA
E-MTAB-5326_2	0.00467628591410809	0.0329515758454263	NA	NA
E-MTAB-5326_3	0.000925062189054726	0.00302816734036351	NA	NA
GSE102588_1	0.00910795132993775	0.0221503633675669	0.0119047619047619	0.0139822537348893
GSE104793_1	0.00761697497279652	0.0514421713223683	0.00275633958103638	0.0187901305363126
GSE104794_1	0.0077120822622108	0.0353182862463891	0.00131752305665349	0.00111057919431913
GSE104795_1	0.0108108108108108	0.0439182708999743	0.00278810408921933	0.00765135619440374
GSE105139_1	0	0.00134180281245988	NA	-0.00253344873598038
GSE105139_2	0	0.00333921303687795	NA	0.00133034575267086
GSE105139_3	0	0.00275288578027669	NA	-0.000119047619047619
GSE10555_1	0.000896760689387417	0.00522795432186144	NA	NA
GSE10556_1	0.00497512437810945	-0.00588535444412374	0.00588235294117647	-0.0035633893911497
GSE106631_1	0.00852878464818763	0.0349950514471885	0	0.011402482126526
GSE13104_1	-0.000323874982618679	0.022003089098488	NA	NA
GSE13104_2	0.000741208810253211	0.0200527945750002	NA	NA
GSE13104_3	0.000696338722850606	0.00590494275311454	NA	NA
GSE16749_1	0.00379048931771192	0.0483156251847167	NA	NA
GSE16749_2	-0.00139664804469274	0.015935602813864	NA	NA
GSE16749_3	0.000150748617635176	-0.0244748159190023	NA	NA
GSE17348_1	-0.004223911786937	-0.0200813896680134	NA	NA
GSE17563_1	-0.00383509108341323	-0.0373141559356894	NA	NA
GSE17563_2	0.00165929371012623	0.0145426557484625	NA	NA
GSE17569_1	0.000585678551724221	0.0154403554564573	NA	NA
GSE17569_2	0.000401385121561198	0.013467101583094	NA	NA
GSE17570_1	-6.35096641969418e-05	5.64553563437946e-05	NA	NA
GSE17570_2	0.00156492214112819	0.00483332169156843	NA	NA
GSE18991_1	0	-0.00207262626496944	NA	0.0154313465305422
GSE18992_1	0.0185185185185185	0.0218505772776027	NA	0.0135182717929197
GSE19299_1	0.00228221484773508	0.013443375507998	-0.000237189763745072	0.001586108547335
GSE20850_1	-0.00106797125813375	0.000593005445860862	NA	NA
GSE21093_1	0.00220440083779974	-0.00068485225551826	NA	NA
GSE21523_1	0.00680272108843537	0.0475974226445528	NA	NA
GSE21639_1	0	0.00142904680986671	NA	NA
GSE21639_2	-0.00655021834061135	0.00943205728493381	NA	NA
GSE21639_3	-0.0099009900990099	0.0122126674946819	NA	NA
GSE21639_4	-0.00306168905076258	0.00231572404923634	NA	NA
GSE21710_1	0.000509586562267565	0.0420467104270444	NA	NA
GSE21710_2	0.000437081656683417	0.0436692792904932	NA	NA
GSE21710_3	0.000426705040458587	0.0404354236613464	NA	NA
GSE22925_1	0.00117924528301887	0.00208770699859557	0	0.0031902438309595
GSE22925_2	0.00218978102189781	0.0178103286308257	0.00145772594752187	0.00514649163793446
GSE26499_1	-0.00208580720830164	-0.016503749529952	NA	NA
GSE30160_1	-0.000113925973434151	0.00533073887606697	-0.000797448165869219	-0.00154859963342149
GSE30628_1	-0.000875622553264697	-0.0110217397138077	-8.32957616280883e-05	-0.00611798966555749
GSE30628_2	0.00199555163382281	-0.000339609593586246	0	0.00619412547919852
GSE32163_1	-0.00858022250116065	-0.022217077134396	NA	-0.0059114185045929
GSE33656_1	0.000120918892896846	0.0214497733810447	NA	NA
GSE33754_1	0	-0.000275913796173218	0	0.00189323568580831
GSE33754_2	0.00265957446808511	0.0251057092276051	0	0.00728571804101247
GSE33754_3	0.00930232558139535	0.0395569273298697	0.0029940119760479	0.00110899387710831
GSE34570_1	-0.00628970988671127	-0.0129829792413932	NA	NA
GSE35003_1	0.00381871168726761	-0.00750446146715698	NA	NA
GSE35466_1	0.00871080139372822	0.0386660236261903	NA	NA
GSE35466_2	0	-0.00684523802550133	NA	NA
GSE35466_3	0.00142045454545455	0.019582885971435	NA	NA
GSE35466_4	0.00446428571428571	0.0128356967927193	NA	NA
GSE35466_5	0.00359712230215827	-0.00343118736199469	NA	NA
GSE36925_1	0	0.0105204248178842	NA	NA
GSE36925_2	-0.00206096170293642	-0.0043849402507314	NA	NA
GSE36925_3	-0.00191746835628319	-0.00306438579113459	NA	NA
GSE37219_1	-0.000578311073203197	-0.0276535469411201	NA	NA
GSE37676_1	-0.00286525812238389	0.0049974106363194	-0.00465116279069767	-0.00194071630541289
GSE41342_1	0.00434782608695652	0.0158132401034338	0.004	0.00185008842888108
GSE41342_2	0.0148148148148148	0.0354692812687004	NA	0.00412502197513999
GSE41342_3	0	0.00343915762780405	NA	-0.000785192161470934
GSE41342_4	0.0128205128205128	0.0203544180875803	NA	5.64943666643844e-05
GSE41997_1	0	0.0122610069938075	0	0.00404355729844727
GSE43242_1	0.0132450331125828	0.0417920261513011	0.00520833333333333	0.0191255642264719
GSE43242_2	0.00515463917525773	0.0280461331487619	0	0.0140470972860914
GSE43663_1	0	-0.0148447518981266	NA	-0.00242061894913055
GSE43854_1	0.00147832214853187	0.0251253444675218	NA	NA
GSE45656_1	-0.000997611150527225	0.00454015476856455	NA	NA
GSE45656_2	0.00126654161971103	0.0229511259159516	NA	NA
GSE45656_3	0.000877192180928197	0.025105841271752	NA	NA
GSE45793_1	0.00407450523864959	0.0105957474989844	0	0
GSE45793_2	0.00734791028251305	0.0296138352519328	0.00347222222222222	0
GSE45793_3	0.00426956311720111	0.0260292370558819	0.00187441424554827	0
GSE45793_4	0.0049109883364027	0.0529289207818859	0.00188253012048193	0
GSE45793_5	0.00377192743484559	0.0277959404523072	0.00274423710208562	0
GSE46390_1	-0.00925925925925926	-0.0242594976005602	NA	NA
GSE48438_1	0.00210084033613445	0.00942169427426976	NA	-0.00142446904431766
GSE50549_1	0.00966850828729282	0.0538555855174059	0.00574712643678161	0.00845686646167932
GSE50549_2	0.00284986772486772	0.0304083788126864	0.00174216027874564	0.00202630571127419
GSE51098_1	0.000146561831850472	0.0128171720426049	-0.00122780114801998	-0.000947166353140543
GSE53857_1	6.53082549634271e-05	0.01984451862622	NA	0.00473636294684402
GSE53857_2	0	0.0038302523107152	NA	0.00261953466072634
GSE53857_3	0.0258620689655172	0.0335855312428385	NA	0.0120139730397772
GSE53982_1	-0.00515590809628009	-0.0290653805625036	-0.00145019248009281	-0.0133775716337567
GSE53982_2	0	-0.0078046882638043	0	0.00240893821127355
GSE54779_1	0.00268775668648625	0.015389991610485	8.96250450642783e-05	0.00414445332395107
GSE55900_1	0	0.0322954503022723	0	0.0128345602620807
GSE57104_1	0	-0.0202103969887715	NA	-0.00136445745687247
GSE59387_1	-0.00214694508894045	-0.00553415777430123	NA	NA
GSE60401_1	-0.0027027027027027	0.0209082708511945	NA	NA
GSE60401_2	-0.012384109141567	-0.00417691406187482	NA	NA
GSE60651_1	-0.0080828873336078	-0.00233886503548413	NA	NA
GSE60737_1	0.00516645335922444	0.029765150840487	NA	NA
GSE60761_1	0	0.00910583488647432	0	0.00349658172171253
GSE60761_2	0.0185185185185185	0.0229339761033995	NA	0.0068039091373826
GSE60761_3	-0.00510204081632653	0.00270224627099977	0	0.00771766267892203
GSE60761_4	-0.00543478260869565	-0.00355368129016932	0	-0.00719232621014037
GSE63017_1	0	0.00749714441989436	NA	-0.00408571450092586
GSE63017_2	0	0.0277091836089636	NA	0.000518904498842379
GSE63017_3	0.00757575757575758	0.0516151270504284	0	0.0142109340112414
GSE63017_4	0.0072463768115942	0.0268425524329157	NA	0.00465666346367063
GSE63939_1	0.0030947147327678	0.0132492725059304	0.00113691131300488	-0.00598513751256695
GSE63939_2	-0.000308174162426651	0.01670148482045	-8.94103402077459e-05	-0.00342801369374121
GSE64141_1	-0.00241353512152567	-0.00116025406966897	NA	NA
GSE64965_1	0.000145346993999803	0.0264718624806392	-0.000263991552270327	0.00292519959370843
GSE65745_1	-0.037037037037037	-0.0574055462173618	NA	-0.0175136443161321
GSE65745_2	-0.078125	-0.103751689483136	NA	-0.0380561003507125
GSE65745_3	-0.0441176470588235	-0.0772493858257215	0	-0.0278646506141049
GSE66416_1	0.0031055900621118	0.0295302712253687	NA	NA
GSE66862_1	0	0.026797520049683	0	0.00445660829268973
GSE69108_1	0.00127982655807795	0.0130075116134317	0.00167785234899329	0.00821842063108979
GSE71565_1	0.00125075895567699	0.0222607458839712	NA	NA
GSE72261_1	0.00292397660818713	0.0214076421242519	0.0135135135135135	0.00662221292656258
GSE72261_2	-0.0021865889212828	-0.0230528129466875	0	-0.00624275158504202
GSE72261_3	-0.00385208012326656	-0.0242094457874853	0	-0.00523426291866839
GSE7683_1	-0.0112359550561798	0.00724319281906462	0	0.00904364274049139
GSE7683_2	-0.0171392221010542	0.0158904007151031	0	0.0124760344212591
GSE78980_1	0.000483407368696107	-0.0150375518410584	NA	NA
GSE78980_2	0	-0.00923547893289017	NA	NA
GSE78980_3	-0.0327868852459016	-0.0684791182910798	NA	NA
GSE78980_4	0	-0.0141656822371047	NA	NA
GSE78980_5	0	0.00553143167162282	NA	NA
GSE78980_6	0.0121951219512195	0.0223123066662421	NA	NA
GSE78980_7	-0.0054127198917456	-0.0382146337535898	NA	NA
GSE78980_8	-0.00779220779220779	-0.06159407649803	NA	NA
GSE78980_9	-0.00561009817671809	-0.0359185640284416	NA	NA
GSE78980_10	-0.00443609022556391	-0.0230574664046031	NA	NA
GSE81399_1	-0.00166666666666667	-0.00793265726799399	NA	-0.00384226159340581
GSE84609_1	0.00556367579801028	0.0202094166773284	0.00169386780527543	0.00599572512755793
GSE84907_1	0.00428286404344369	0.0179413954964655	0.000274824034468925	0.000455905808018483
GSE84907_2	0.00381209048830825	0.0112552276613829	0.00105684434398384	-0.00285850723063933
GSE84907_3	-0.00256461832444936	-0.00889278100104167	-0.000570502887730666	-0.00708104877320601
GSE90127_1	-0.000140206157500519	0.000795028354577129	NA	NA
GSE90127_2	0.000262564947843613	-0.0138462361723676	NA	NA
GSE90127_3	-0.000670565993146638	0.00824962596574394	NA	NA
GSE9247_1	0.00566037735849057	0.0375508799230352	0.004	0.00547020500866655
GSE9247_2	0.00105085521864734	0.00979578415600184	0.00154994097494043	0.00348072716888309
GSE9247_3	0	-0.0126595358048229	0	0.00332303621075491
GSE99306_1	0.00121199546044962	0.000503739716270089	0.000725689404934688	0.00112831004645994
GSE99306_2	0.00409165302782324	0.0165880206654636	0.00180288461538462	-0.000633765993395942
GSE99306_3	-0.00459844814683524	-0.0239374881670792	-0.00269541778975741	-0.00204106684099844
GSE99306_4	0.00447882736156352	0.0220984596860084	0.00287631831255992	0.000159769461947575
GSE99306_5	0.00377001492264779	0.0152844022637895	0.00182481751824818	0.00355430269352271
GSE99306_6	0.00265142017071264	0.00426672391711437	0.0011001100110011	-0.000535512859507297
GSE99306_7	0.000351935646053294	0.0192523412084589	0	-0.00302853000937944
GSE99306_8	0.00300925859893446	0.00645385289725453	0.00100502512562814	-0.00473670006289286
GSE99306_9	0.00460664807188811	0.0158766045850917	0.00149235450349398	0.00161745659453728
GSE99306_10	-0.00588235294117647	-0.0265803837877517	-0.00344827586206897	-0.00485343008798052
GSE99306_11	0.00435203094777563	0.00812263704983231	0.00127877237851662	0.000474471654153666
GSE99306_12	0.00447888260273787	0.0190141107970791	0.00248015873015873	-0.00486268850072095
GSE99306_13	-0.00152553677607958	-0.0174657945801076	0	0.00321715009562856
GSE99414_1	0	-0.00433930004118986	0	-0.00140127285649674
GSE110581_1	0.00961118392311053	0.0372605524826255	0.010752688172043	0.0112081737639336
GSE110581_2	0.0128205128205128	0.0444959902340942	NA	0.0123790369366514
GSE47799_1	0	-0.00725597120453682	0	-0.00464332100918878
GSE47799_2	0.0165876777251185	0.0281651977799649	0.00265957446808511	0.0116896284198765
GSE47799_3	-0.0105485232067511	-0.0301417155316459	0	-0.0145077431517566
GSE111628_1	-0.01	-0.00724212702623947	NA	NA
GSE111628_2	0	0.0107607928287189	NA	NA
GSE111628_3	-0.00694444444444444	0.00382707675523931	NA	NA
GSE5657_1	0	7.99590803871762e-05	0	0.00129853036183824
GSE5657_2	0	0.00531926534466918	0	-0.00363179960747003
GSE13782_1	0.00250083169861537	0.0122026284668767	-0.00284090909090909	0.00092806167229217
GSE41039_1	-0.0128205128205128	0.025025655590116	0	0.0138575146341667
GSE84198_1	0	-0.0105256494946798	0	-0.00529851288157377
GSE84198_2	-0.00934579439252336	-0.0228836891209743	0	-0.00325876427045036
GSE84198_3	-0.00531107738998483	-0.0594951674290662	-0.00320512820512821	-0.0151475242177714
E-GEOD-54216_1	0.00209907640638119	0.0305432809272588	0.00170502983802217	0.0103447722542403
E-GEOD-54216_2	0.00274079874706343	0.0342977492718749	0.00158478605388273	0.00299509045186649
E-GEOD-54216_3	0.0029940119760479	0.0173325327111902	0	-0.00387815333452234
E-GEOD-6119_1	0.000400516795865633	0.0108675066197714	-0.00126547379449147	0.00788999941090056
E-GEOD-6119_2	0.00125786163522013	0.00757787364107017	-0.000889084480866843	0.00182106351932041
E-GEOD-6119_3	0.000174248306041784	0.00367828561406636	-0.000822985044453262	0.00509284598255183
E-GEOD-8077_1	0.00378621597892888	0.0239234433353956	0	0.00500084041149784
E-GEOD-8077_2	-0.00909090909090909	-0.0228486359400727	0	-0.00241152652878926
E-GEOD-8077_3	-0.00588235294117647	-0.0352038666057797	0	-0.00555939343675193
GSE103416_1	-0.000967981508215326	-0.0234149896005858	-0.0018230067512152	-0.00657610862026551
GSE103416_2	0.0075187969924812	0.00222653603079167	0.00273224043715847	0.00461710518061525
GSE103416_3	0.00954653937947494	0.0155092248369952	0.0068870523415978	0.0156547814025857
GSE19950_1	-0.00689655172413793	-0.0668666432077803	-0.00356294536817102	-0.0105941718844945
GSE30322_1	0.00154320987654321	-0.00947605846047334	0.00303030303030303	0.00573101377432059
GSE30322_2	0.00414364640883978	-0.00631383133017722	0.00396825396825397	0.00118069759911104
GSE30322_3	0.00101480560313475	-0.013953594435067	0.00324675324675325	0.00736560086025699
GSE42295_1	-0.0454545454545455	-0.0578282266773504	NA	-0.0170498417203173
GSE42295_2	0.00881057268722467	0.0110198390269904	0	-0.00108921738483658
GSE42295_3	0.0125	0.0175630032515333	0.00740740740740741	-0.00221484776226608
GSE66554_1	0.000181493741678191	0.0122628550175773	0.000231245848663789	0.00767817920169658
GSE66554_2	-0.00378990927771416	0.00261141024764549	-0.000235167765350715	0.00588108946883555
GSE66554_3	-0.00094876660341556	0.00530488977741364	0	-0.00868101085395499
GSE66554_4	-0.00114942528735632	0.0122745649617535	-0.000416782439566546	0.000221961278496964
GSE74898_1	-0.00542168674698795	-0.047971970488744	-0.00324254215304799	-0.00152590585696142
GSE74898_2	-0.00365869841330022	-0.0345528215544634	-0.00116666540540677	-0.0096054895558642
GSE74898_3	0.000302889095992544	-0.0104790415426223	-0.000598086124401914	0.00372001213416963
GSE79176_1	0	-0.00331052130022317	NA	NA
GSE79176_2	0	-0.0100098425450667	NA	NA
GSE79176_3	0	-0.00767814371939828	NA	NA
GSE85785_1	-0.0136229839200136	-0.0118463012752416	0	-0.00108393743977161
GSE23492_1	9.68716391472131e-05	0.00710219593759347	NA	NA
GSE23492_2	-0.00337381916329285	-0.0153941603553471	NA	NA
GSE23492_3	-0.00250680801400506	-0.0310678229435634	NA	NA
GSE23492_4	-0.00410989627137651	-0.0576676973804829	NA	NA
GSE23492_5	0.00201944884760081	0.0512268601600873	NA	NA
GSE44991_1	-0.00130537815801101	-0.00408580938836294	0	-0.00793097356864506
GSE44991_2	-0.00862068965517241	-0.00128749641852537	NA	0.0123785341891346
GSE39796_1	0.00169180596875432	-0.00361422992785753	NA	NA
GSE39796_2	-0.000548254167980462	-0.0101168384271201	NA	NA
GSE39796_3	0.00179371899949603	0.00670930949121102	NA	NA
GSE18394_1	-0.000785715125299906	-0.000202457918231201	0.000852029669016524	0
GSE18394_2	0.00260869565217391	0.0445536144530341	0.00111982082866741	0
GSE18394_3	-0.000982477149102053	-0.0319766573574954	0.000351579600175106	0
GSE29233_1	0.00462962962962963	0.0105577664240086	NA	NA
E-MEXP-2291_1	0.00249220490492843	0.0545694795095741	NA	NA
E-MEXP-2291_2	0.00508013078818301	0.0292422789076844	NA	NA
E-MEXP-2291_3	-0.000250045216133116	0.0239832324730785	NA	NA
GSE107363_1	0	-0.0209010512014595	NA	NA
GSE85761_1	-0.00107280049772063	-0.0128412662793519	NA	NA
GSE89179_1	-0.000770509343687543	0.0174241556776287	NA	NA
GSE89179_2	0.000431535990275245	-0.00935816715792281	NA	NA
GSE89179_3	0.0024269862743932	0.0510818414666338	NA	NA
GSE89179_4	0.001832190360498	0.0533138796701804	NA	NA
GSE89179_5	-0.00105711224511476	-0.0036240200879898	NA	NA
GSE89179_6	0.00128799106992858	0.0154059680316711	NA	NA
GSE89179_7	-0.000830400727354061	-0.0168557056374636	NA	NA
E-GEOD-57723_1	0.000222699965279848	0.0115309345027278	NA	NA
E-GEOD-57723_2	0.00965250965250965	0.0408592357876609	NA	NA
E-GEOD-57723_3	0.00244119155000565	0.0432124372014989	NA	NA
E-GEOD-83930_1	0	0.00559133580143709	NA	NA
GSE100268_1	-0.00222222222222222	-0.00836911002125226	NA	NA
E-GEOD-55769_1	-0.00604448742746615	0.0244629962605615	0.0028735632183908	-0.00517748569985442
E-GEOD-55769_2	0.0111111111111111	0.0638355383813786	NA	0.00918928771387964
E-GEOD-55769_3	-0.0184039959564726	0.0122550461611684	-0.0167582198869517	-0.00862074766169232
E-GEOD-69110_1	-0.00649044928705946	0.00825796875019982	-0.00925393172228615	0.00554557014479506
E-MTAB-4304_1	0.00346620450606586	-0.0135586984942481	0.00216919739696312	0.0254341595558978
E-MTAB-4879_1	0.00251270280664419	0.00142317467494946	0	-0.0105785618258105
E-MTAB-4879_2	-0.00102634203244563	-0.0257066800476988	0	0.00235885048351242
E-MTAB-4879_3	-0.00188608314536686	-0.0150915095122567	0	-0.00704268076283715
E-MTAB-4879_4	0.000761883434268689	0.0288922707462532	0	0.0316125026516652
Cytokine_Explant_1	0.000349544561323091	-0.00259685689667314	0	0.00011441647597254
Cytokine_Explant_2	0.000568672710536909	-0.0140165779031226	-0.00184533196415692	0.00205508780073075
Cytokine_Explant_3	-0.000525847833482452	-0.015425696556448	-0.00343955066177288	-0.00260627242397561
Cytokine_Explant_4	0.00281989533225362	0.000384405966274907	0	0.00249700509134471
Cytokine_Explant_5	-0.00145460943121936	-0.0271744638283074	-0.00224465467826616	-0.00630580902014156
FN1_Explant_1	0.00526315789473684	0.0117363937581746	0	0.00423910151867402
E-MTAB-6266_1	-0.00284252536159604	-0.0213624953102148	-0.00151035991743956	-0.0165716744371483
E-MTAB-6266_B_1	-0.000541646605681271	-0.0208381624446172	0.000108270228113241	-0.015507319095651
E-MTAB-6266_B_2	-0.00298406221099488	-0.0194008417694506	-0.00145795543273762	-0.0212210589388279
E-MTAB-6266_B_3	-0.00106538414708389	0.00243616228088735	0.000355618776671408	0.00127939694481307
GSE70667_1	0	-0.0317111024099712	0	0.0094024995719911
GSE87608_1	0	-0.027324171553625	NA	0.00544217592428342
GSE87608_2	0.000590651397051191	-0.0588397285312234	0.0333333333333333	-0.0104278204384024
GSE87608_3	-0.0051150895140665	-0.0753733360309853	0	-0.00877188489687182
GSE87608_4	-0.000655114543947267	-0.0296120783302345	-0.00909090909090909	-0.00261940108308823
GSE90890_1	-0.00639204545454545	-0.0565726668582407	-0.00833333333333333	-0.0053861082909254
GSE97118_1	0.000439394969494154	0.0219809591668453	NA	NA
GSE97118_2	-0.000346482633268013	0.0110934230255904	NA	NA
GSE97118_3	0.00156152404747033	0.00761072264102599	NA	NA
GSE97118_4	0.00301787728890046	0.0260811864327631	NA	NA
GSE97118_5	0	0.000143739920269837	NA	NA
GSE97118_6	0.00144927536231884	0.0247983774434007	NA	NA
GSE97118_7	0	0.0387730455653035	NA	NA
GSE107592_1	-0.00118001142327244	-0.0111350810468326	-0.00129985370650167	-0.00338230920783614
GSE92641_1	0.00220264317180617	0.031862684661467	0.00107991360691145	0.00179019069551259
GSE107849_1	0	0.0025599453653976	NA	NA
E-ERAD-89_1	0	-0.00368013280533414	NA	NA
E-ERAD-89_2	0	-0.0188634435895323	NA	NA
E-ERAD-89_3	0	-0.0166744311935915	NA	NA
E-ERAD-89_4	0	-0.00571851849722953	NA	NA
E-GEOD-45893_1	0	-0.00308810322150701	NA	NA
E-GEOD-53105_1	0.00378787878787879	-0.005073584616467	0	-0.00243829539455414
E-GEOD-53105_2	0.00198150594451783	0.0356638393187891	0.00197628458498024	0.000506615952938699
E-GEOD-54461_1	-0.000186287226243294	-0.0332466814742398	-0.000764525993883792	-0.000470430107526882
E-GEOD-54461_2	0.000459793412004924	-0.0147126545287187	-0.000655307994757536	0.000152680291769887
E-GEOD-54461_3	-0.000600776818397742	-0.0338901748280386	-0.00143815915627996	-0.00421577170075788
E-GEOD-54461_4	0.000352148802006341	-0.0321073194361857	-0.00112443778110945	-0.00409284189826265
E-GEOD-54461_5	0.0011926794056503	-0.0277914214541391	2.4781492718992e-05	0.000867911956621635
E-GEOD-54461_6	0.000835871485336189	-0.0292282003869441	-0.000418615277105843	-0.00428274869475031
E-GEOD-54461_7	0.00099251775984682	-0.0191582019319452	-0.000166135034556087	-0.00432355584692677
E-GEOD-54461_8	0.00121180441922311	-0.0140326209540269	3.50851868336324e-06	-0.0040561237093029
E-GEOD-73372_1	0.00615161627397445	0.0413061804708996	NA	NA
E-GEOD-73372_2	0.00963222416812609	0.035071094390559	NA	NA
E-GEOD-73372_3	-0.00479474752495754	-0.0183509103755322	NA	NA
E-GEOD-75549_1	0.0177664974619289	0.0350421362101649	NA	NA
E-GEOD-76988_1	0.00149430080622741	0.0179894524874162	NA	NA
E-MTAB-2923_1	0.00206815493223334	0.0513687526423836	NA	NA
E-MTAB-2923_2	-0.00224595426803495	-0.0485175959420242	NA	NA
E-MTAB-2923_3	0.000314400122203254	-0.013980326992968	NA	NA
E-MTAB-2923_4	-0.00174182699127267	-0.0375976553653946	NA	NA
E-MTAB-3428_1	-0.00126151679467742	-0.0172014280560294	NA	NA
E-MTAB-3428_2	0.00175438596491228	0.0265414728689293	NA	NA
E-MTAB-3428_3	-0.00338600451467269	-0.0374266446806193	NA	NA
E-MTAB-3428_4	-0.000343293144197531	-0.0113547547713605	NA	NA
GSE102856_1	0.00680272108843537	0.0134526546531453	NA	NA
GSE103492_1	0.00344594515684488	0.00518378565399636	0.0018719806763285	-0.000989336805231613
GSE103492_2	0.000833333333333333	-0.00365706493073646	0	-0.000279975257709685
GSE103492_3	0.00312891113892365	0.00405887048924547	0.00193050193050193	0.0101521804568758
GSE103492_4	0.00374531835205993	0.00785167717190377	0.00321543408360129	0.00363847579057946
GSE103492_5	-0.00162336370508893	-0.00236203205755122	0	0.00315509198129897
GSE103492_6	0.00867052023121387	0.0451089747510938	0.0285714285714286	0.0103526415253401
GSE103492_7	0.0168918918918919	0.0548351940397499	0.05	0.00551774451254354
GSE103492_8	-0.00113378684807256	-0.00692953299228386	0	0.0127437392442681
GSE103492_9	-3.67530427650667e-05	-0.00159723055403045	0	0.0166734422738375
GSE103492_10	0	0.00725824137009555	0	0.00905549273859057
GSE106259_1	-0.00744416873449132	-0.0437748104009597	-0.00319488817891374	-0.00715099135510762
GSE110303_1	0.0147058823529412	0.0439266054997259	NA	NA
GSE110303_2	0.00222222222222222	-0.0173090948032931	NA	NA
GSE110303_3	0	-0.00111084994710707	NA	NA
GSE110300_1	0	-0.00201745765012913	NA	NA
GSE110300_2	0	0.0354525122780811	NA	NA
GSE110300_3	0.00197628458498024	-0.00445469264805255	NA	NA
GSE110281_1	0.00359850851976836	0.0228063407845613	NA	NA
GSE110281_2	0.00451333569972181	0.0316621040360908	NA	NA
GSE110281_3	0.000858783229603899	0.0118681871493106	NA	NA
GSE104459_1	0.00112238833264756	-0.0221240563439407	0	-0.000135873391343528
GSE104459_2	-0.000487329434697856	-0.0442674447941922	-0.00146198830409357	-0.00378775127777871
GSE104459_3	0	-0.0057265155697008	0	0.00605176136253814
GSE110051_1	0.000565975463455081	0.00548587260410183	0.000740740740740741	0.00312312833980562
GSE110051_2	0.000730196320149946	-0.00287874838689283	-0.00175131348511384	-0.00446777623248211
GSE110051_3	0.000884091741720241	0.00239724262520623	0.000491166615900091	0.00449987884958767
GSE112694_1	0.0011159102813229	0.00156902594124849	-8.45299181955145e-05	-3.25812395456874e-05
GSE112694_2	0.00103328271448491	0.00537235942326564	4.29329975703389e-05	-0.00138455659959622
GSE112694_3	-0.00197654955170145	0.00103958685103834	-0.000181611244380851	-0.00582207625226886
GSE112694_4	-0.000870173076510937	0.00648421982358659	1.9709038283399e-05	-0.000303547146199021
E-MTAB-5879_1	-0.00234449145044799	0.0144435303400155	-0.00179856115107914	-0.000465934281962666
E-MTAB-5879_2	-0.000140204622963244	-0.00144128172058258	0	-0.00933131593597341
E-MTAB-5879_3	-0.000545220675348288	0.0212080677831002	-0.000536682944570853	0.00290419418445216
E-MTAB-5879_4	0.000470498528531916	0.0243149514581443	0.00123456790123457	0.00374102913770097
E-MTAB-5879_5	-0.00166229894168939	0.0174705397203904	-0.00246305418719212	0.00135973216248981
E-MTAB-5879_6	0.000819829607939263	0.0215652173701484	0.000931098696461825	0.00764485832537408
E-MTAB-5879_7	0.00590551181102362	0.0437415956092015	0	0.0312505425414765
E-MTAB-5879_8	0.000703690927906175	0.0463855973363792	NA	0.0129541234989375
E-MTAB-5879_9	0.00173349834983498	0.00842351499098248	NA	-0.00838407888736527
E-MTAB-5879_10	0.00315759880088771	0.00939351599929976	0	-0.0184876909441607
E-MTAB-4294_1	0.00287081339712919	0.0302860598006612	0	-0.00819714505529653
E-MTAB-4294_2	0.0013059859472994	0.0315657394535648	0.00143061516452074	-0.00589158486213753
E-MTAB-4294_3	-0.00166234390603926	0.00983987122795526	0.00141643059490085	-0.00498092306720166
E-MTAB-3186_1	2.84495021337127e-05	-0.0121142031237609	0.000360588746312632	0.00416008229138999
E-MTAB-3186_2	-0.000301527403414196	-0.00462422217849582	-0.000457572079902909	0.00191086162530997
E-MTAB-3186_3	-0.00075885086242861	-0.0166106515670564	0.00077639751552795	0.014455001585692
E-MTAB-3186_4	-0.000552429262106682	-0.0396731603651015	-0.000816993464052288	-0.00654296607498118
