comparisonID	jaccard	cosine	sigjaccard	chrDir
22659600_1	-0.0236560893088951	-0.0719045689399427	-0.0309911331840785	-0.0134451212618378
24361742_1	-0.0131632798357124	0.0153498877987058	-0.0129898865024088	-0.015076425450785
GSE72258_1	0	-0.0172954669956862	0	-0.00577875883084782
GSE72258_2	0.000145451387758203	-0.0200217523048064	-0.0025797373358349	0.00414336145241152
GSE69531_1	0.00107174153739632	-0.0164902480933485	NA	NA
GSE69531_2	0.00306120427070858	0.00123762671063339	NA	NA
GSE69531_3	0.00250623148354502	0.0194309029402527	NA	NA
GSE69531_4	0.00107174153739632	-0.0164902480933485	NA	NA
GSE58203_1	0.00502047581348384	0.02816841172886	0.00464691047803854	0.00141898728704901
GSE58203_2	0.0094337766135332	0.0260057610758281	0.00987527018972951	-8.40003874287331e-05
GSE58203_3	0.0145863382471281	0.0387809944629801	0.0151642571501998	-0.000333764435248947
GSE58203_4	0.00693928559388627	0.0230860462173358	0.00717917049147124	0.00753257218602378
GSE58203_5	0.00674509702875773	0.0264554298165309	0.00533859758201316	0.00862360403297668
GSE58203_6	0.0110758083138902	0.0447411685969165	0.0130686750390401	0.00437866872287689
GSE58203_7	0.0125284832165766	0.040081919836844	0.0126108866575877	-0.00677020602863756
GSE58203_8	0.0110866681032826	0.0278980119759199	0.011223065534552	0.0174692411474001
GSE59642_1	-0.00816129091343632	-0.0146745272447927	NA	NA
GSE59642_2	-0.0118089407697225	-0.0221336883028676	NA	NA
GSE59642_3	-0.00466843588984762	-0.0071987884780627	NA	NA
GSE64922_1	0.0183434226444594	0.0670243598152209	0.0176017838586561	0.00553141501937249
GSE60162_1	0.00789994809779714	0.0513627265281979	NA	NA
GSE31685_1	0.0108665681595905	0.0430301986827621	0.0102412076166548	0.0119742028959756
E-MEXP-3890_1	0.0172636622169438	0.0497375146972948	0.0194443935068523	0.00870947740844537
GSE31980_1	0.038228197139988	0.107645309288733	0.0409918391997344	0.0336141420804386
GSE15615_1	0.00992064462550355	0.0232600357957824	0.0127590459814633	0
GSE15083_1	-0.00164026353580105	-0.0132272098791258	NA	-0.00124956179951267
GSE108035_1	0.0075611902440541	0.0243045033423625	0.00722476653660864	0.0111160213912382
GSE108035_2	0.008476232354192	0.0217037951886383	0.00897643134014276	0.00696852297229318
GSE108035_3	0.00853032574710764	0.0245126905473459	0.0087205045133266	0.0137366931304469
GSE21959_1	0.00656153853737709	-0.00236258645781434	0.00621822243402852	0.00355963441790658
GSE21959_2	0.00674635221804133	0.00269588377379068	0.0093130371359831	0.00344028258149974
GSE24742_1	0.00167549272457108	0.0449132750237154	NA	-0.00109894239949588
GSE24742_2	-0.00783588551858649	-0.00337010251597708	NA	-0.000866235632494784
GSE24742_3	-0.00198611775408575	0.00130477127578997	NA	0.00160920471066427
GSE74668_1	0.00653435130778106	0.0440800844961233	NA	NA
E-GEOD-10024_1	0.018521184481699	0.0558821338818982	NA	NA
E-GEOD-10024_2	0.023564918666687	0.0456607167835867	NA	NA
E-GEOD-12860_1	0.00943073620333147	-0.000254593295127609	NA	NA
E-GEOD-12860_2	-0.0107457650814763	-0.0540121663754811	NA	NA
E-GEOD-12860_3	-0.00541731166119943	-0.0453833562559057	NA	NA
E-GEOD-12860_4	-0.0110299179180928	-0.0606358330715999	NA	NA
E-GEOD-12860_5	-0.010390519207596	-0.0468272202368139	NA	NA
E-GEOD-12860_6	-0.00161995832427525	-0.045497704603175	NA	NA
E-GEOD-12860_7	-0.0120517132754185	-0.0622819950756008	NA	NA
E-GEOD-12860_8	-0.00331144393402529	-0.0369587567380943	NA	NA
E-GEOD-14359_1	-0.00428694192958559	-0.0148607641613153	-0.00426883471357426	-0.0056594881633396
E-GEOD-14359_2	0.00790787118323727	0.00759576160235756	0.00882512576292157	0.00369500660108013
E-GEOD-1919_1	0.0205491469207772	0.0499335653766063	NA	NA
E-GEOD-1919_2	0.0200411646732173	0.0622766655394984	NA	NA
E-GEOD-1919_3	0.0131719489650456	0.0476089088380763	NA	NA
E-GEOD-1919_4	0.00730436339165195	0.00581860713585015	NA	NA
E-GEOD-1919_5	0.016470053595984	0.0368462005243339	NA	NA
E-GEOD-1919_6	-0.0105678317322784	-0.0326095282685748	NA	NA
E-GEOD-1919_7	-0.0108725276991382	-0.0182475669176768	NA	NA
E-GEOD-1919_8	-0.00148420379876253	-0.00806961775561381	NA	NA
E-GEOD-1919_9	-0.0100124394146058	-0.0123165989871488	NA	NA
E-GEOD-19664_1	0.0191819836862712	0.057519700084092	NA	NA
E-GEOD-19664_2	-0.00563971039063791	-0.0351664299666512	NA	NA
E-GEOD-19664_3	-0.0228513362498997	-0.0559594308551205	NA	NA
E-GEOD-19664_4	0.0218086951673078	0.0610761274394344	NA	NA
E-GEOD-19664_5	-0.00367860650462949	-0.0254280872832606	NA	NA
E-GEOD-19664_6	-0.0310851161729468	-0.0815632729248965	NA	NA
E-GEOD-43923_1	-0.00112672561566521	-0.00737246989718868	0.00417375199342857	-6.93813957817445e-05
E-GEOD-51812_1	-0.015842287030266	-0.0743650442752433	-0.0161133914290512	-0.0148518026439772
E-GEOD-51812_2	-0.0184189332796874	-0.0771765892066542	-0.0186835192522198	-0.0120363595808512
E-GEOD-68760_1	0.0263069468998004	0.0510297371912511	0.0258409979160075	0.00533412437451115
E-GEOD-82107_1	0.00068997105344463	0.0025359449064919	-0.00370670776501422	0.0055316352318106
E-GEOD-9451_1	-0.0192099463798546	-0.0548420558246884	-0.0131181501481666	-0.0138696774335341
E-GEOD-9451_2	-0.0115624616681993	-0.036310040128715	-0.0132531326799661	-0.0064018262242964
E-GEOD-9451_3	-0.00886989813060727	-0.0158843293992232	-0.00731302964430171	-0.00437963039873003
E-GEOD-9451_4	-0.0114924958719284	-0.0255468564927105	-0.0128322129120874	-0.000619287505411579
E-MEXP-2019_1	0.0020862383500271	0.019099988096022	0	0.00138373412588137
E-MEXP-2019_2	-0.00416874819685362	0.00312229694972142	0.000102650166515061	0.00376877991119004
E-MEXP-2019_3	-0.000230759957290227	0.0108715701652971	NA	-0.00409426814485977
E-MEXP-2019_4	0.00565135092739403	0.00450471352103705	0.00447671000010974	0.00566897096111198
E-MEXP-2276_1	0.00494278834572502	0.0434988906213363	NA	0.0149674362211181
E-MEXP-2488_1	-0.0175597849377022	-0.031414686095529	-0.0128594124179079	-0.0186741672521456
E-MEXP-3129_1	-0.00018694631476601	0.0208321145654357	-0.000283909085877604	8.66207269952851e-05
E-MEXP-3474_1	-0.00412169917538864	-0.00945690783031024	NA	0.00669731928824592
E-MTAB-3010_1	-0.00965067523833246	-0.0233934177430167	NA	NA
E-MTAB-3010_2	-0.00946780907189035	-0.0181751419108722	NA	NA
E-MTAB-3010_3	0.000928228567784658	-0.0110923226647425	NA	NA
E-MTAB-3010_4	0.00790032577698198	0.0324441089220186	NA	NA
E-MTAB-4152_1	-0.00294119187529836	-0.00886060654685062	-0.00305110841793827	0.003024730675618
E-MTAB-4152_2	0.00515331136891434	0.0440904421590747	0.00536901176407193	-0.00237826343089501
E-MTAB-4152_3	1.96047132271435e-05	0.0226859463318466	6.17764535716624e-05	0.002081772159719
GSE100609_1	0.000461584032848373	0.00858088211241727	NA	0.0042965759770272
GSE100786_1	0.000305367259390248	0.0354678377209431	0	0.00208336362503706
GSE100786_2	0.00312338098234555	0.00418876532510024	NA	0.00283850564142093
GSE103697_1	0	0.0084246752422687	NA	NA
GSE103697_2	0	-0.00335868094043889	NA	NA
GSE103697_3	0	0.000375900814047371	NA	NA
GSE104113_1	0.00923098338220653	0.0502780502667075	NA	NA
GSE104113_2	0.0128934818660166	0.0274215223505013	NA	NA
GSE104113_3	0.00923098338220653	0.0502780502667075	NA	NA
GSE10575_1	0.000957725804018348	0.0116775417074156	-0.00117492975980848	-0.00348089904595694
GSE10575_2	0.000969290563705205	0.00658858087301581	0.00308593246118962	-0.00599606413078921
GSE10575_3	0.00920969719388837	0.0236081463860052	0.00815339171670058	0.0151162695222372
GSE13604_1	-0.0116412658760656	-0.027198754565323	-0.0131343678543375	-0.0155747611098922
GSE13837_1	-0.00262785348119393	-0.00886724150975598	0.000330955854541525	0.00220226943176271
GSE13837_2	-0.00669961997593073	0.0113926638880538	-0.00343728356761956	-0.00354119170556968
GSE13837_3	0.00158978642686818	0.0160656411821455	-0.00276018507087409	-0.00573008033387945
GSE13837_4	0.00716545234720383	0.0138899717163469	0.00947593754241675	-0.00107134286808543
GSE13837_5	-0.0016521503168123	-0.00813079905975472	0.00187573243441356	0.00100400255787368
GSE13837_6	-0.00521233455134996	0.0264144248888987	0.00464893009103401	0.00497792629677372
GSE13837_7	0.0076005582001209	0.0341880641509501	0.0126265765873853	0.00520402728472931
GSE13837_8	0.0229680940754804	0.0410297068476947	0.025393900697206	0.00986509850413743
GSE13837_9	-0.00708843411744236	-0.0191056181959262	-0.00853650202887446	-0.00756886103447128
GSE13837_10	-0.0123872187430352	-0.0252915291997525	-0.0132254628686351	-0.0147583630920093
GSE13837_11	-0.01690382589609	-0.0303477492011369	-0.0203659036322017	-0.0122458925725331
GSE13837_12	-0.0189576497641852	-0.0475489862468625	-0.0233234353816383	-0.00686466890768575
GSE13837_13	0.00361237861825625	0.0125484160297235	0.00210184010152284	-0.00286833426267088
GSE13837_14	0.0163219564651058	0.02852927359558	0.0198150523516781	0.00706753231272576
GSE13837_15	0.0183124005767294	0.0456545941249883	0.0191598346988093	0.00298503472713211
GSE13837_16	0.0253442313678506	0.0540249250796021	0.0215992975093326	0.0134965320903863
GSE13837_17	0.00178647226853827	0.0244089005193155	0.00187005368981106	-0.00618875950647459
GSE13837_18	0.00763190274254969	0.0356154653406048	0.00808423942181904	0.0080009681506505
GSE13837_19	0.0140889717477825	0.0371719132211441	0.01420231754886	0.00448977914664376
GSE13837_20	0.016731362627436	0.0391076300900446	0.0195338304672047	0.0111586768224891
GSE13837_21	-0.00382269008096718	-0.0242478572098623	-0.0151904744647616	-0.0118390931281262
GSE13837_22	-0.0143079664951137	-0.0210634381927889	-0.0116400882517919	-0.0066218480755345
GSE13837_23	-0.0101292849902156	-0.00629571170050833	-0.0114613613003705	8.57362181009898e-05
GSE13837_24	0.00416033120287254	0.0101582046401312	0.00226075816639518	0.00158182671547003
GSE16464_1	-0.00693609296830642	-0.0147988449388307	NA	NA
GSE16464_2	0.0142046245562512	0.038053956706248	NA	NA
GSE19060_1	-0.00720188576762261	-0.0101677199154463	0	-0.015055170682797
GSE27372_1	0.0174205609788411	0.0392706546682949	0.0176566268295464	0.0266706782583885
GSE27390_1	0.00073729779064965	-0.00144215171713577	0.00323348182942859	-0.0150426740867257
GSE29106_1	-0.0155215928586731	-0.052654867456278	NA	NA
GSE29107_1	-0.00645393327697786	-0.0205736460237287	NA	NA
GSE29107_2	0.00687070100962368	0.0379069611058872	NA	NA
GSE29745_1	0.0117913602152811	0.0534150650261553	NA	NA
GSE29745_2	0.0111350321871701	0.0402301362273148	NA	NA
GSE29745_3	-0.00399607990493809	0.00710297895624283	NA	NA
GSE35546_1	0.00691188897647277	0.0182173877596185	NA	NA
GSE35546_2	0.0100891964527887	0.0187813865348266	NA	NA
GSE35546_3	0.0125155485047872	0.0228302212325121	NA	NA
GSE35546_4	0.0129110858671111	0.024619786602414	NA	NA
GSE35546_5	0.0162302957243526	0.0344598086358809	NA	NA
GSE35546_6	0.0145938176913016	0.0316185287863095	NA	NA
GSE35955_1	0.00927008435686678	0.00990120104347898	0.00656958361491525	-0.00239381026810866
GSE35956_1	0.00195054633512018	-0.0163172226537422	-0.000805634893799496	0.000570790214130208
GSE35957_1	0.013421360676177	0.0430213897308978	0.0138243854110063	-0.00781920805002122
GSE35958_1	-0.000510719527149494	-0.0228812255241078	0.0028087346118929	0.000748561128314904
GSE39340_1	0.000209327813026603	0.015194158988742	-0.00220164129414788	-0.00366253873900546
GSE39340_2	-0.00391075483210373	-0.0154444663970838	-0.00436310265077388	-0.00380753468702656
GSE39340_3	0.00598187109759643	0.0322953243939057	0	0.0028992884884766
GSE39795_1	-0.00623053975674687	-0.0234761415139864	NA	-0.00507797205211842
GSE39795_2	-0.00770819282238468	-0.00241086916491438	-0.00986590493886768	-0.00532420037724364
GSE39795_3	-0.0055853081049238	0.0180974328702027	0.0018307129263651	-0.000295164958536785
GSE41038_1	-0.0022264409249801	0.00599715578669027	NA	0.00411933171654646
GSE41038_2	-0.000132600704554719	-0.0118611547521253	NA	0.00513580838822646
GSE41038_3	-0.0010178293891317	-0.0116776834845433	NA	0.000499595321306823
GSE41992_1	-0.00564694776391634	0.00572823391596354	NA	NA
GSE42235_1	-1.03250665779188e-06	0.00965976211931354	-0.000450236666877093	-0.00281778464108072
GSE42235_2	0.00161450550170992	0.0163042501435771	0.00772677827655563	-0.00483441376306074
GSE42235_3	0.0114998882663853	0.0194162161541477	0.015216247248233	-0.00180747410795854
GSE42235_4	0.00394397188361396	0.0139162327145965	0.00679258515032388	-0.008232915892365
GSE45233_1	0.00826983389349035	0.0227831715874592	NA	0.0112747813333897
GSE45233_2	0.00687437330866607	0.0401418717143829	0	0.0103064057567988
GSE45233_3	0.0027904209292528	0.0059518646616013	NA	-0.0104876888942752
GSE45233_4	0.00230561948877813	-0.00691043283018639	-0.0012531328320802	-0.00584369002199029
GSE46053_1	0.00645633358985389	-0.00578327450128734	0.0105388797702103	-0.00460056232738259
GSE46053_2	0.0137576907742164	0.015525366323804	0.0109569582137219	-0.00460792414928954
GSE46750_1	0.00566092350274616	0.00656409776336624	0.00603085395662808	-0.000833476573220322
GSE51588_1	-0.0253963437677546	-0.0463566537095571	-0.0271133619210916	-0.00482134467459369
GSE51588_2	-0.0260183787179344	-0.0373538956529287	-0.0265409668051189	-0.000833560589701366
GSE51588_3	-0.00673658531844788	-0.01824446862461	-0.00683804472763298	0.00730467116666359
GSE52817_1	0.0237967361941221	0.0454377797124246	NA	NA
GSE52817_2	0.0130821550576754	0.04141195845608	NA	NA
GSE52817_3	0.0176405883017868	0.0398863661570283	NA	NA
GSE52817_4	-0.00112740853321152	-0.0064656669528698	NA	NA
GSE55235_1	0.0112909493817269	0.0164656404165688	0.0101484751640077	0.0111521254839695
GSE55235_2	-0.0154822141467344	-0.0311882629726749	-0.0172058081947514	-0.00735112460913013
GSE55235_3	-0.0205537624000764	-0.0484575556594898	-0.0242279004382009	-0.0247064754268207
GSE55457_1	0.00629436870495793	0.0219186429876439	0.00689491384879485	0.0171390020947525
GSE55457_2	0.00409710356685129	-0.000767585517906279	0.00374333869268307	-0.00609212841223701
GSE55584_1	0.0079489014425607	0.00974854803496936	0.00507308729198935	0.000825839356306814
GSE57218_1	-0.000737553826093178	0.0350476106326995	-0.00101350908540366	0.00501744039601702
GSE60762_1	0.0118110253364684	0.0363832716349641	NA	0.00741488106751752
GSE62914_1	-0.00305664147738089	0.00269514416111167	NA	-0.00600327732087019
GSE62914_2	0.0128852930566994	0.0320693172885872	NA	0.0110137028561925
GSE62914_3	0.0111048700549019	0.0452105942495645	0.000536105435602923	0.0103401575715899
GSE62914_4	-0.0256637053608649	-0.0861731785553151	-0.000854700854700855	-0.0142445294266527
GSE64394_1	0.0191718603565183	0.030999615833848	NA	0.00453673471798068
GSE66635_1	0.000513942802089742	0.0095482181112245	NA	0.000865087582401797
GSE68038_1	-0.00204820890733659	0.0136306703418447	-0.000808244901772577	-0.00943221327178885
GSE68428_1	0.0137767346201906	0.0242329227558957	0.00918083625922868	0.00935372727114405
GSE68428_2	0.00931779506537731	0.0336129396717867	0.0127357949254828	0.00417134548820538
GSE68428_3	0.00524644398313087	0.0141013121605684	0.00846487942248892	0.00633862301870675
GSE69459_1	0.0105025468386104	0.00599637409220429	NA	NA
GSE69459_2	0.0142633064254461	0.0234006845031463	NA	NA
GSE69459_3	0.014944196102551	0.0441344700980811	NA	NA
GSE69459_4	0.016025325089785	0.0292031340092668	NA	NA
GSE69992_1	0.0217746067148302	0.0552450191741755	0.0223340829377923	0.0175696508535755
GSE70719_1	-0.00305279898600907	-0.0662537757570354	-0.00367838666077306	0.000291948990928848
GSE7116_1	-0.00475132466216492	-0.0239645563393827	-0.00688837256923542	-0.00790998574227834
GSE7116_2	-0.0031615004222804	0.00918933446972866	0	-0.00308641975308642
GSE7116_3	0.00267995836608893	0.0314090493466109	0.00711576324700688	0.00766005332341801
GSE72575_1	0.00609512393001108	0.0147528328029233	0.00820133012607145	0.000693103673887285
GSE72575_2	-0.00903275212333897	0.00224533008001166	-0.00993422677467256	0.00409779009580295
GSE72575_3	-0.00510501514999167	0.0148909867603243	-0.00662993561179045	0.00251607765742579
GSE72575_4	-0.000904594183651866	-0.00943145826491942	0.00100913306833239	0.00746738534004945
GSE75181_1	0.0287625947181425	0.0895916721712873	0.0324873674867749	0.0200677392584925
GSE75181_2	0.013122032733403	0.04244647476833	0.0150888563011833	0.010400269564854
GSE75181_3	0.0299227939976101	0.0871965264162681	0.0328303865923462	0.0181335436189242
GSE75230_1	-0.000212670573938142	-0.00784585630676269	-0.00170364602219943	0.00708022787264337
GSE7669_1	-0.00623454863942396	-0.0402927318253176	-0.00902857112550194	-0.023948853794601
GSE77916_1	0.000810372771474878	0.010784787472569	0.00111607142857143	0.0118578697546278
GSE80614_1	0.00407313019377152	0.0233652012119134	0.00461166193620567	0.00163627497601926
GSE80614_2	0.00150013788302347	0.0188410947547994	0.00264693965072225	-0.00060305734132469
GSE80614_3	0.00266447300345605	0.0108848915631854	0.0027438726686847	-0.00747039130471117
GSE80614_4	0.00363999355625824	0.0297746321869384	0.00482036081462829	0.0104817846909538
GSE80614_5	0.0130710455342762	0.0178174189902276	0.0152350739287505	-0.00542828311801771
GSE80614_6	0.000906337009543182	-0.000483450042691522	0.000940467882084746	-0.000453831325486893
GSE80614_7	-0.011583167488634	-0.0192508191221134	-0.0144629435450792	-0.00614299933441389
GSE80614_8	-0.0123692046255989	-0.0252268857338035	-0.0162824033955312	-0.00972965328682207
GSE80614_9	0.00486454022466876	0.0103670509532434	0.00648658683746403	0.00553383118653351
GSE80614_10	0.00689618719985605	0.0244413559228683	0.00679956900514473	0.00951239366560211
GSE80614_11	0.0033613978676595	0.00556143353380717	NA	0.00070242290854017
GSE80614_12	0.00167494331675428	0.0136372077570872	0.00285271420491977	0.0146457674568024
GSE80614_13	-0.00214103238799334	0.00421444134537581	0.000131518339350005	0.0154384405217794
GSE80614_14	0.000794376828981957	-0.0154871103634796	-0.000912673359545087	2.96378630367938e-05
GSE80614_15	-0.0123494351659972	-0.042484718404323	-0.0170742767230045	-0.012053199100986
GSE80614_16	-0.0196154535949197	-0.0497111737596932	-0.0253530784704027	-0.00362198585727998
GSE85254_1	0.0127425474687281	0.0352743482707184	0.00765279959939069	0.0106600023978202
GSE86578_1	0.00272811431079358	0.041359163784282	0.00340248308513194	-0.00717902334434494
GSE86578_2	0.00264047533993649	0.0264292098378582	0.00144841570954976	-0.00483261599583221
GSE86578_3	0.0109625193914846	0.0383268300700359	0.0141447039259779	0.0282591901909601
GSE9329_1	-0.00917208746921362	-0.0109854629010232	NA	NA
GSE93698_1	0.00194345000734096	-0.0161719249072291	-0.00139271643094266	-0.00838513869971303
GSE93698_2	0.00122288030581217	-0.0203681816480706	-0.000929206698400933	-0.00914779189411327
GSE93698_3	0.00259202017355096	-0.0139813537312922	0.00418527278723826	-0.00566875308767682
GSE93698_4	0.00569697921726004	-0.00869982853317972	0.00434328467580274	-0.0110142208526016
GSE93698_5	-0.00289339327475742	-0.0283300506244619	-0.00698027378543318	-0.0255711181465843
GSE93698_6	-0.0111965423326345	-0.00386816012922298	-0.00386942126630545	0.000971198334799177
GSE93698_7	-0.00211876605205602	0.00624675212410958	-7.29746053025528e-05	-0.00628757759220974
GSE93698_8	-0.000437234574486621	0.024318216023154	0.000809669850836209	-0.00192052877850444
GSE93698_9	-0.0212361213749557	-0.0266922023985323	-0.02223278910291	-0.00746553392004445
GSE93698_10	0.00317139880863071	0.00950938942970253	0.00642417442538826	-0.00297873793916486
GSE93698_11	0.00689560565136633	0.025780438311913	0.00522884364375499	0.000871406229051963
GSE93698_12	-0.00897471641319263	-0.0225170244613629	-0.0114929998143644	-0.00410674301247719
GSE93698_13	0.00541239193824529	0.0105463413637397	0.00451839634099402	0.00571773807145948
GSE93698_14	-0.0200554136659245	-0.0422583018892885	-0.013076049222224	-0.0179925623860002
GSE93698_15	-0.0177600909509695	-0.0393613459365462	-0.0220823649917969	-0.0132854505495582
GSE93720_1	0.00918984552201751	0.0139525018517217	NA	NA
GSE93720_2	0.0104924246645782	0.0177364834501951	NA	NA
GSE93720_3	0.0177960448627801	0.0252975395738607	NA	NA
GSE93720_4	0.0177007067914167	0.0294124081665698	NA	NA
E-MTAB-5564_1	-0.0160845505694284	-0.0318056214321397	-0.0154496998642927	-0.00881076092015069
GSE77753_1	0.0023786181676796	0.0259981796983358	NA	0.0182557454470869
GSE43861_1	0.000193178621995846	-0.00617075862229388	NA	NA
GSE112809_1	0.000142066236792611	-0.0149363283799393	NA	NA
GSE111946_1	-0.0142955152056371	-0.0446247966813379	NA	NA
GSE111946_2	0.00157148815845638	0.0324048464123377	NA	NA
E-MTAB-3201_1	0.000207858670313161	0.00855989571100055	0.00729483272731316	0.0060596246765625
E-MTAB-6700_1	0.020601654253557	0.0494687366645646	0.0213544595418213	0
GSE54749_1	0.000145451387758203	0.0201209412379783	NA	0.00549000903750118
GSE57218_B_1	-0.00869165656837265	-0.0247871622373784	-0.00725587260716492	-0.0251241646882364
GSE57218_B_2	-0.00465926265308639	-0.0425160918674084	-0.00556706769401722	-0.0224973928587339
GSE57740_1	0.00199446377840822	0.0233054291700969	NA	NA
GSE52992_1	0.0144900273955498	0.0495020077447492	0.0184362495232635	-0.00407887228919629
GSE17160_1	0.0102489126516116	0.0550141507332707	NA	NA
GSE17160_2	0.00286646791775036	0.0115007235982406	NA	NA
GSE17160_3	0.0146417578678728	0.0843355695754507	NA	NA
GSE17160_4	0.0159123946357752	0.0510106988290172	NA	NA
GSE17160_5	0.0092468383117723	0.0421140890857181	NA	NA
GSE17160_6	0.00356625772307131	0.0209109343113501	NA	NA
GSE17160_7	0.0145942621609489	0.0451466494298082	NA	NA
GSE17160_8	0.0200293578894183	0.0442984521389198	NA	NA
GSE17160_9	-0.0235026597918111	-0.0698448614036642	NA	NA
GSE17160_10	-0.0233372456706188	-0.0608943201587434	NA	NA
GSE17160_11	-0.0275750458827387	-0.0720144654048728	NA	NA
GSE17160_12	-0.0235847057541189	-0.0604896660002808	NA	NA
GSE22971_1	-0.00125590237501025	-0.0518473079548468	NA	-0.0017816904354072
GSE22971_2	-0.000907782750542093	0.0272449500268305	NA	0.00790185435956153
GSE22971_3	0.0174834971138128	0.0154170495909218	0.0175363185296125	0.00746782098919716
GSE22971_4	0.0295397960654697	0.044783329571495	0.0300979438775197	0.0131062845289227
GSE13590_1	0.0264831807183187	0.0702099027316569	0.0308364569902911	0.0255526533433184
GSE13590_2	-7.98364948585316e-06	0.0188818702390851	-4.51732393729962e-06	0.0062332338450246
GSE99731_1	0.00270399188197562	0.0158277516529801	NA	-0.00167676102645469
GSE99731_2	-0.00261722198485207	-0.0464493324561213	NA	-0.00319041912932301
GSE99731_3	-0.0172755263037069	-0.0166028430618792	-0.0154758680099226	0.00239942710714592
GSE27492_1	-0.00302212100988298	0.000151658774646006	0	-0.0110452055402427
GSE27492_2	0.00163000373986865	0.0176263940207135	0.00350514766483318	0.00366622632213781
GSE27492_3	0.00955131083604861	0.00997537268998419	0.0147039567173687	0.013588333711226
GSE27492_4	0.0101326075773199	0.00711386444359619	0.015339405314329	0.00089782460918568
GSE27492_5	0.0166790151123709	0.0153084102629498	0.0225935907290745	0.00800787524950084
GSE27492_6	-0.00933181745667164	-0.0553397405787898	-0.015468128027419	-0.00313940727317265
GSE27492_7	-0.00283275409086229	-0.03683365157357	-0.0100070177415407	-0.0128899733104479
GSE27492_8	-0.0130852978433504	-0.0485572899346488	-0.0172280686743381	-0.0227973739370456
E-GEOD-15069_1	-0.00734338522588052	-0.0697432138807118	-0.00985898773084535	-0.0270906261012191
E-GEOD-15069_2	0.00207532600119177	0.0142855918620528	0.00308920778410467	0.00476539951687976
E-GEOD-15069_3	0.0390944709742706	0.136729274576541	0.0395892929999662	0.0213971649359179
E-GEOD-15069_4	-0.0331652507067479	-0.13495143140346	-0.0376432432028418	-0.0537334939204098
E-GEOD-15118_1	-0.00592262775637132	-0.0425780239091038	NA	NA
E-GEOD-15118_2	0.00134228187919463	0.0314133268042019	NA	NA
E-GEOD-15118_3	0.0257932616288951	0.122740097071527	NA	NA
E-GEOD-15118_4	0.0180524920019732	0.0747095401396662	NA	NA
E-GEOD-16007_1	0.0104551033387856	0.0359580798970363	NA	NA
E-GEOD-17473_1	0.000707312208174203	-0.00401346431500122	NA	-0.00486833821572822
E-GEOD-18647_1	0.00208578863662401	0.0156241784619425	NA	0.00232939869692361
E-GEOD-18647_2	0.000155053952644268	0.0142180447281753	NA	-0.00366762307763862
E-GEOD-18647_3	0.00521151494896015	0.0214072331952553	NA	0.00185304688071882
E-GEOD-18647_4	0.00417125899981413	0.0159275774716716	-0.00139027546681457	-0.00177631267732965
E-GEOD-18648_1	0.00782489923813429	0.0544595606475109	0.00662511048391437	0.00630416069023753
E-GEOD-18648_2	0.00410067119441304	0.0460003987989906	0.00501355473573295	0.00264768839341848
E-GEOD-2154_1	0.00449355178051328	0.0519753181437046	0.000808132628905529	0.024416357924153
E-GEOD-2154_2	0.00217010949784593	0.0314129150741997	0.00253407217385447	0.00973852469060682
E-GEOD-2154_3	-0.00514002251371276	-0.022778634999955	-0.00649934158272897	0.00324011313563612
E-GEOD-2154_4	-0.00468308607808043	-0.0282872871325483	-0.0063258665150393	-0.00679337468900714
E-GEOD-26475_1	0.0146887473790003	0.0766437384728614	0.0157290261589306	0.0284943259727261
E-GEOD-26475_2	0.00383804839473243	0.0626276502220541	0.00115189497340527	0.00310734736219593
E-GEOD-26475_3	0.0116235963714075	0.0984834957010428	0.0101864228883342	0.0189211723172075
E-GEOD-33567_1	-0.0277230850943092	-0.0797250542803107	NA	NA
E-GEOD-33567_2	-0.0402101092625327	-0.0874450837213649	NA	NA
E-GEOD-37287_1	0.00719175301513137	0.02623294359362	NA	NA
E-GEOD-37287_2	0.000179208348712937	0.0151695494839418	NA	NA
E-GEOD-37287_3	0.00390680105411646	0.0190490458161877	NA	NA
E-GEOD-51994_1	0.0140963739512324	0.064063635330816	0.0176578205487739	0.0124102194990858
E-GEOD-51994_2	0.0171562914912632	0.0616918471970861	0.0206844083623035	0.0154501300246433
E-GEOD-51994_3	0.00730442362143854	0.0295545881010368	0.00372287732399348	0.0127529089099326
E-GEOD-65077_1	-7.21120789409252e-05	-0.000432821254312211	NA	NA
E-MEXP-1244_1	-0.00365191610982857	-0.0276924950810703	NA	NA
E-MTAB-1123_1	0.020693122189673	0.0889814553812612	0.0217456107002025	0.00922531297635892
E-MTAB-1123_2	0.0117863669198406	0.0592457248073828	0.0117493545703323	0.00309342634722371
E-MTAB-1123_3	0.00525222168462615	-0.0186404781680154	0.00641327362751035	-0.00748534869387179
E-MTAB-1123_4	-0.00042619309967085	0.0453233792571177	-0.000691562932226833	0.00371124843997687
E-MTAB-1391_1	0.00845715704542478	0.0392055328118428	0.00788930457091808	-0.00291173366821864
E-MTAB-1391_2	-0.0315720518559863	-0.0848442560430667	-0.0329156470818032	-0.0203344299106823
E-MTAB-1391_3	-0.0452330044029256	-0.125208317609265	-0.0467353783570966	-0.0335762012995587
E-MTAB-2450_1	-0.0247154857598036	-0.0742037815055879	-0.0190288911416512	-0.0131766359424497
E-MTAB-2450_2	0.0221060582489846	0.0841627892249067	0.00202216849239324	-0.0100927237569817
E-MTAB-2450_3	0.0274878805240422	0.0433292524086285	0.0258046573297816	0.0127829817765559
E-MTAB-2450_4	-0.0230481283688135	-0.106697065103821	-0.0242422246557421	-0.0166080796954526
E-MTAB-5023_1	0.00593291048858815	-0.012252185437114	NA	-0.00780715888271983
E-MTAB-5326_1	0.0025599436800952	0.0418024045005486	NA	NA
E-MTAB-5326_2	0.0209614541164384	0.0987019414284054	NA	NA
E-MTAB-5326_3	0.0295256444774169	0.107351142378064	NA	NA
GSE102588_1	-0.00388663595042378	0.00929583209268896	-0.00251831754839188	-0.00568878581244379
GSE104793_1	0.021218805062979	0.0550291959351486	0.0218158359576612	0.0210347792932619
GSE104794_1	0.033385204235453	0.0645819681460748	0.0351737626992205	0.0396150676474721
GSE104795_1	0.0257991319360896	0.0518149128277674	0.0254948113799893	0.0365871144537204
GSE105139_1	-0.000957597661991803	0.0123992156989837	NA	0.00238865272163506
GSE105139_2	0.00160963337114299	0.0351626950149029	NA	0.0034229494666547
GSE105139_3	0.00365428977020673	0.0300048858903902	-0.000711237553342817	0.00565223005082678
GSE10555_1	-0.0304954294159217	-0.0969600944883442	NA	NA
GSE10556_1	-0.0172805112780334	-0.0791897193867045	-0.0208862766930031	-0.0362069690219351
GSE106631_1	0.0116635538343396	0.0340559632543563	0.0114171683168981	0.00216503762845406
GSE13104_1	0.0133286338007228	0.0529991668129273	NA	NA
GSE13104_2	0.0276763272201038	0.0840676461810764	NA	NA
GSE13104_3	0.0457179274570456	0.139191964500221	NA	NA
GSE16749_1	0.0105048392758656	0.0475285415363029	NA	NA
GSE16749_2	-0.0129133185442063	-0.0536211953720444	NA	NA
GSE16749_3	0.0115822313345955	0.0393237822386413	NA	NA
GSE17348_1	-0.0277620738280987	-0.0641912326143771	NA	NA
GSE17563_1	0.00945345319325442	0.023317801173717	NA	NA
GSE17563_2	0.00590144750546548	0.0206697902908941	NA	NA
GSE17569_1	0.00385036367149166	0.0138557463049436	NA	NA
GSE17569_2	0.00566394511929414	0.00533780536526886	NA	NA
GSE17570_1	-0.000420875394428252	-0.00762311493445994	NA	NA
GSE17570_2	-0.000337564289425853	0.0143973111002138	NA	NA
GSE18991_1	0	0.0263148520513019	NA	0.00895864253232169
GSE18992_1	0	0.016991592147568	NA	0.00650052658595613
GSE19299_1	0.0514883075940964	0.157802540966604	0.0522887961947095	0.0516577731183241
GSE20850_1	-0.00341621433514037	0.000928669948423791	NA	NA
GSE21093_1	0.0196453572263396	0.0650416307229734	NA	NA
GSE21523_1	0.0155677701620517	0.0395002591109398	NA	NA
GSE21639_1	-0.00116544605368742	-0.00508633968113841	NA	NA
GSE21639_2	-0.00333776978635233	-0.0194061670787002	NA	NA
GSE21639_3	0.000119178353926631	0.0214699384667352	NA	NA
GSE21639_4	-0.00799321510133283	-0.0223081073076672	NA	NA
GSE21710_1	-0.0236299206563718	-0.0689487028235195	NA	NA
GSE21710_2	-0.0220565175929046	-0.0691259313903139	NA	NA
GSE21710_3	-0.0185696396568101	-0.0545803434397294	NA	NA
GSE22925_1	0.0451203156106164	0.11617741115219	0.0367606970494194	0.0260872085778218
GSE22925_2	0.0217852553183468	0.0671332273566784	0.0183754797345134	0.0110848831014735
GSE26499_1	0.00351610133626155	0.00979502738608666	NA	NA
GSE30160_1	0.00552914949438382	0.0143135050035835	0.00580711117157017	0.00604206762164614
GSE30628_1	0.0181588579698016	0.0702997416819745	0.0185640488983386	0.0217231625476306
GSE30628_2	0.0061589121396824	0.0279601573337222	0.00870989207763614	0.00846434854638829
GSE32163_1	0.00859180467558849	0.0191057445631805	NA	-0.00988113319194525
GSE33656_1	-0.0190158203199658	-0.0427485890318161	NA	NA
GSE33754_1	0.00363709926202997	0.012222445007087	0.00446222375545226	0.000195505079744134
GSE33754_2	0.00837456724513143	0.0337406886488236	0.0108912157806334	0.00278924361619856
GSE33754_3	0.00376058258288879	0.0241972730339723	0.00593352066101846	0.0031110868196555
GSE34570_1	-0.0332730318843738	-0.115609195934377	NA	NA
GSE35003_1	0.000761524685375554	0.00533971273266118	NA	NA
GSE35466_1	0.0150384780676984	0.0332267583019028	NA	NA
GSE35466_2	0.00664260684249869	0.00894904583515699	NA	NA
GSE35466_3	0.00479983081005579	0.0127074218366033	NA	NA
GSE35466_4	-0.000129160273356381	-0.00104510129232738	NA	NA
GSE35466_5	0.00257578890560074	-0.00670787100774698	NA	NA
GSE36925_1	0.00197109067017083	0.056411811762692	NA	NA
GSE36925_2	0.0447291896509764	0.121964358783963	NA	NA
GSE36925_3	0.0427810976001216	0.108925625203657	NA	NA
GSE37219_1	0.0013856268972899	0.00967745155026774	NA	NA
GSE37676_1	-0.0288978259689508	-0.0535873930349564	-0.0327961715815974	-0.0205283672121658
GSE41342_1	0.000542226510527025	-0.0025800726815218	-0.00350562166400302	-0.010993914845536
GSE41342_2	-0.00414974324499203	-0.0268062952820743	NA	-0.0159153551307715
GSE41342_3	-0.00538352776367852	-0.0089880410173427	NA	-0.0178360701042777
GSE41342_4	-0.00568750249967668	-0.0636386654693693	-0.0065359477124183	-0.027064212872795
GSE41997_1	-0.00591687268384099	-0.0170637828579779	-0.00699593105546733	-0.0156925601764147
GSE43242_1	-0.00210321816649306	-0.0362895305988413	-0.00475284897857303	-0.0165761114651795
GSE43242_2	0.000290664234011461	-0.0163835992458074	-1.03510484133322e-05	0.00051695099733011
GSE43663_1	-0.00159825283601746	-0.0440912017811921	-0.00290697674418605	0.00427454039788841
GSE43854_1	0.0451271061313069	0.134560388086307	NA	NA
GSE45656_1	-0.00142324662950636	-0.0107547333785607	NA	NA
GSE45656_2	0.00708410048661383	0.0129463792615395	NA	NA
GSE45656_3	0.00180390095012895	0.0211474685651438	NA	NA
GSE45793_1	0.0170917958573853	0.0645774063337449	0.0113956181045981	0.0071449143471867
GSE45793_2	0.0304736524185915	0.113055949152306	0.0349224152892618	0.0260068480390517
GSE45793_3	0.0276439570694522	0.104453185380325	0.0319546318615664	0.0200573066298849
GSE45793_4	0.0273187176662166	0.103274192576914	0.02961746131699	0.0198448771831013
GSE45793_5	0.0239663480551002	0.0887066641568627	0.0232470404243811	0.0246658032899796
GSE46390_1	-0.00900102611169973	-0.0480920866318932	NA	NA
GSE48438_1	0.0161407595173189	0.049782641728806	NA	0.0093092474794282
GSE50549_1	0.018063825987393	0.0927817538036019	0.0228761497471405	0.0114318302286839
GSE50549_2	0.0293296333546424	0.107921536490743	0.0328795199098164	0.0200319797355767
GSE51098_1	0.00137127847128996	0.00531280449562813	0.000447117003886912	0.0143254417344537
GSE53857_1	-0.0108643040781227	-0.0260157349772526	-0.00659606513051006	-0.0134100844269125
GSE53857_2	-0.00346261744446431	-0.031827443091167	-0.000143191877115334	-0.00678562897261627
GSE53857_3	0.00273085191829555	0.00137783607077025	0.00134802175094192	0.00169050873938092
GSE53982_1	-0.0677354111457023	-0.184736636921634	-0.0693948317912029	-0.0522821687025656
GSE53982_2	0.000425928567467699	0.00536976271244102	-0.000242898267816543	-0.00950177644898125
GSE54779_1	0.0142763170561117	0.0536065148915754	0.0143162034643052	0.00287788512395475
GSE55900_1	0	-0.0162815063149927	0	0.00478416095574853
GSE57104_1	-0.00218584097410754	-0.00250088324777232	NA	0.00220746291336246
GSE59387_1	0.00952300120465949	0.0128518755490772	NA	NA
GSE60401_1	-0.0173991431179015	-0.0425809685264767	NA	NA
GSE60401_2	-0.0166276077928537	-0.0361269645397391	NA	NA
GSE60651_1	-0.019136034147292	-0.0603392463117955	NA	NA
GSE60737_1	0.033037407496777	0.0872143386585928	NA	NA
GSE60761_1	0.000935403952938589	0.000794019519272757	-0.000725689404934688	-0.00117854109518972
GSE60761_2	0.000670241286863271	0.00704730563121942	NA	-0.000467172371200166
GSE60761_3	-0.0031985777650727	0.0254346530826396	-0.00105224131023003	0.0122886746223678
GSE60761_4	0.00120027641809326	0.020355116620255	-0.00177499181395788	0.00595415796212683
GSE63017_1	0	-0.00735581211585386	NA	0.00182817364857538
GSE63017_2	0.000660501981505945	-0.0188520542220623	NA	0.00588439653438753
GSE63017_3	-0.00230560866643954	-0.0172675401346381	0.00189966412290906	-0.00673797378550156
GSE63017_4	-0.000645455940141412	-0.014664437790752	NA	0.000786369140847588
GSE63939_1	0.0248453740906869	0.0797815977536517	0.0265248886659685	-0.00177895094209019
GSE63939_2	0.00989884902858772	0.0472530456144238	0.0095080836661098	0.00606037739989214
GSE64141_1	-0.0312253209262806	-0.0854475099227017	NA	NA
GSE64965_1	-0.0105064661837337	-0.0491689941096498	-0.0119373726709508	-0.00602602537689393
GSE65745_1	-0.000819672131147541	-0.0194211232454685	NA	-0.0106636923647682
GSE65745_2	-0.000809061488673139	-0.0161237206184114	-0.00252525252525253	-0.0162462554283734
GSE65745_3	-0.00148110449942583	-0.0168327964199888	-0.00366567958568689	-0.0192332144266036
GSE66416_1	-0.00632823810501677	-0.0219764366667963	NA	NA
GSE66862_1	-0.00934611744229579	-0.0317329691874832	-0.00987912607580072	-0.00224655538732738
GSE69108_1	-0.00977787841267666	-0.0184337683948818	-0.0103074136033881	-0.0124053627556706
GSE71565_1	0.00610419187773326	0.0327013450114225	NA	NA
GSE72261_1	0.0108239487788822	0.0197726735850827	0.0224909204635076	0.0108578449810677
GSE72261_2	0.0142160398650861	0.0413452920031863	0.0203575423482858	0.0162288391504057
GSE72261_3	0.0107003338412616	0.0393972130069248	0.0234925880371013	0.00919954047290884
GSE7683_1	-0.00363525704118722	-0.029692826884555	-0.00159960556288112	-0.0110357939856539
GSE7683_2	-0.0173437208308739	-0.0614160230209774	-0.0141335859910948	-0.023451887094993
GSE78980_1	-0.0205716506478426	-0.105611501436572	NA	NA
GSE78980_2	0.00347790507364975	0.032012652631839	NA	NA
GSE78980_3	-0.0136620238074319	-0.101777873393194	NA	NA
GSE78980_4	0.0177465337450094	0.136947455809168	NA	NA
GSE78980_5	0.000778073538130434	-0.0141377123929892	NA	NA
GSE78980_6	-0.00334361857389577	-0.0488937486397292	NA	NA
GSE78980_7	0.036004002372255	0.0965193291008181	NA	NA
GSE78980_8	0.0035013110893566	0.00431042555271751	NA	NA
GSE78980_9	0.0397026179050895	0.0888817330222641	NA	NA
GSE78980_10	0.0065114675352765	0.0289168586763675	NA	NA
GSE81399_1	-0.0115250480433346	-0.0171712054551293	NA	-0.00574608291434352
GSE84609_1	0.00765487827425955	0.00718274980948955	0.00943607903924375	-0.00711790775563089
GSE84907_1	0.414006101535545	0.77832192562466	0.4155292787947	0.388286542091927
GSE84907_3	0.116478008961829	0.400335421515591	0.115431372055237	0.133832416779185
GSE90127_1	-0.018047760713377	-0.0810083088402239	NA	NA
GSE90127_2	-0.0154634622097582	-0.0607230449829627	NA	NA
GSE90127_3	-0.00797861315646041	-0.0391888623108607	NA	NA
GSE9247_1	0.0111902482586862	0.0736263741346386	0.0123862135818964	0.00787503334656772
GSE9247_2	0.0416659336900765	0.123522066385275	0.042294950091312	0.00574070925085815
GSE9247_3	0.013495064157183	0.10282320070295	0.0147049679815293	0.032154720416442
GSE99306_1	0.016045157084358	0.0736603167428752	0.0186100626091905	0.00667108437472643
GSE99306_2	0.0116733244043934	0.0559872638043584	0.012193062021958	-0.000901329831841198
GSE99306_3	-0.0020778705963688	0.0166204212920946	-0.00317730625814109	0.015536687371705
GSE99306_4	0.00995653856584668	0.046780895111916	0.0119083880809285	0.00118549978065685
GSE99306_5	0.00430652614644052	0.0377610488528429	0.00699314015144927	-0.00738288341831785
GSE99306_6	-0.000285822841641383	0.0202759511431542	-0.00410303099180128	-0.0132606393410128
GSE99306_7	0.00039761131924404	0.0255764107757017	0.00410370800210339	0.00302936190189193
GSE99306_8	0.0086394812791487	0.0485599789381294	0.00851741978273195	-0.00442263279715847
GSE99306_9	0.00650913754948954	0.0373622939479174	0.00711370518136492	-0.00880657488469506
GSE99306_10	-0.00339647134996782	0.0120057088970174	-0.00318707318343769	0.00190059504089272
GSE99306_11	0.0138274611454097	0.0748965139843078	0.0131287584028093	0.00528413012655244
GSE99306_12	0.000818758093971299	0.0255127938975963	0.00441566063437869	-0.00874382967658482
GSE99306_13	0.0224043609053683	0.0686998870009446	0.0171310925841498	0.00893193555006382
GSE99414_1	-0.00221280555746768	0.0321074937876766	-0.00227905279052045	-0.00954533534241604
GSE110581_1	0.0113551173369737	0.0392237721849898	0.0144348039875416	0.0234901537085554
GSE110581_2	0.00322061191626409	0.0285163894401319	0	0.0132786015539253
GSE47799_1	-0.00142197605625075	-0.00786157760326829	-0.000214019750846057	-0.0267060175029104
GSE47799_2	0.000390295337025879	0.00409103606325023	0.000867662175996491	-0.00849960876369327
GSE47799_3	-0.000352281698074913	-0.00904463422390669	-0.00201103340591877	-0.00115771620553103
GSE111628_1	-0.00679941891347448	-0.0927140365695942	NA	NA
GSE111628_2	0.000901463144026073	-0.0597049859126888	NA	NA
GSE111628_3	-0.0153283965364131	-0.0952545828556576	NA	NA
GSE5657_1	0.00225100196558332	-0.0573062462499672	0.00369009328484733	-0.0103420737017423
GSE5657_2	0.0025384140438681	-0.0207337159346866	0.00431531158608781	-0.0135403837972189
GSE13782_1	0.0168504929166103	0.0749306258029268	0.0137672477701001	0.00615303247165664
GSE41039_1	-0.000643500643500643	0.0116647860428429	-0.00238095238095238	-0.0082584264140203
GSE84198_1	0.00212143487921385	-0.0189289705769438	0.00126300215677636	-0.00746394272996787
GSE84198_2	-0.00241681069551803	-0.0211847436778859	0.00121846813778982	-0.00702045682090645
GSE84198_3	-0.0190064686908038	-0.0799170231434989	-0.0196723218430932	-0.0179622933712053
GSE114469_1	0.0137398502982994	0.0696659804819453	NA	NA
GSE108036_1	0.00271489547956049	-0.03182415225055	0.000788643533123028	-0.00252555515505572
GSE60451_1	0.0175701463964689	0.0531618198359541	0.0192684971296199	0.000815429351863278
GSE47902_1	-0.00248665055830585	-0.000631121283625648	NA	NA
GSE44325_1	0.00744125140719279	0.0102707937660731	NA	NA
GSE4481_1	-0.000789755100412639	0.0380139083665099	NA	0.0116433309051286
GSE4481_2	0.0103951780093808	0.0768185648866304	0.0171032173945604	0.0253622875060805
GSE4481_3	0.00133065595716198	0.0380427298512159	NA	-0.00221078922167464
GSE102292_1	0.0248019974843237	0.0695836270347338	NA	NA
GSE102292_2	-0.0108146423426569	-0.0380053657134236	NA	NA
GSE102292_3	-0.0150050784778311	-0.0531878931152713	NA	NA
GSE102292_4	-0.0538047420241473	-0.1674318931952	NA	NA
GSE41898_1	-0.0181256447337274	-0.0507656533598814	-0.0178301452997094	-0.0281142965034341
GSE87605_1	0.0254975136894085	0.0858964583478426	0.0287702901295708	0.0313763778332581
GSE87605_2	-0.0272788889926392	-0.0535388060327825	-0.0316975080574629	-0.0286460881224356
GSE87605_3	-0.00259830276188262	0.0120696403931067	-0.00195024671895181	0.000518404268757742
E-GEOD-54216_1	0.00178444810493941	0.0170477446980827	0.00193187634706218	0.00333042782622953
E-GEOD-54216_2	0.00476178153961593	0.00492336127861735	0.00506961348727655	0.00287467184149917
E-GEOD-54216_3	-0.00887258324775389	-0.0195309642076122	-0.0104726155271918	-0.00821716942732937
E-GEOD-6119_1	0.0594530319283849	0.14904563759035	0.0656080226006131	0.0601957515433296
E-GEOD-6119_2	0.0624469459507236	0.146698171277032	0.0662481925540198	0.0604761530707094
E-GEOD-6119_3	0.064709855980311	0.146931501939825	0.0689847167297455	0.0598638624560284
E-GEOD-8077_1	0.000294237340426003	0.000788743336930827	-0.00203532554099039	0.00330811976026047
E-GEOD-8077_2	-0.00338962030175247	-0.0226257742739428	-0.00332213358812131	-0.0278022151582032
E-GEOD-8077_3	-0.00766995817880916	-0.015098689900931	-0.00264163261846519	-0.0125261032653322
GSE103416_1	0.0196760143189262	0.0441561328001152	0.0203171383787499	0.00622952893225365
GSE103416_2	0.00532129617922069	0.0223033753359441	0.00657949027482993	-0.00107561662713933
GSE103416_3	0.0135414628347274	0.0418856230667372	0.0130668291033926	-0.00287032334220932
GSE19950_1	0.00871349743938384	0.030011020114969	0.00957336009753304	-0.00241961942257218
GSE30322_1	-0.0127371920212646	-0.0237633140287435	-0.0135198711134537	-0.00193574102159082
GSE30322_2	-0.00554559624135921	0.00347371770607323	-0.00493548472519518	-0.0036917001870034
GSE30322_3	-0.00268080523255432	0.00106474189109375	0.000769848424629681	0.00830565894087957
GSE42295_1	-0.00015919979355785	-0.0041123913262178	NA	-0.00635954788382821
GSE42295_2	-0.000971504320545854	0.0387693561957477	0.00625297665549336	-0.0131220692868603
GSE42295_3	0.0082024179653619	0.045510025326954	0.00825751863822985	-0.000680909336749896
GSE66554_1	-0.0164184329690459	-0.0351049756716034	-0.0183835229699621	-0.0118161583834664
GSE66554_2	-0.0258350817547444	-0.0638578157291437	-0.0290349018890465	-0.005314658765379
GSE66554_3	-0.011235742714976	-0.0164254940974818	0	-0.00783792910727029
GSE66554_4	-0.00714049126046544	-0.0148922771205589	-0.00932119824755498	-0.00564558357447981
GSE74898_1	0.00539267981226878	0.026202328131831	0.00627267925128787	0.00481923433089711
GSE74898_2	0.00489678319969125	0.0284542516010032	0.00695887381075381	0.0099365067839322
GSE74898_3	0.0147069334842223	0.0445109213596395	0.0159878108341804	0.00763765349665683
GSE79176_1	-0.000669954828995936	0.00957489889876522	NA	NA
GSE79176_2	0.00172821086659207	0.0472764581926568	NA	NA
GSE79176_3	0.002	0.0419467423327811	NA	NA
GSE85785_1	-0.000136202007245996	-0.017860133943642	-0.00265822213777494	0.00650325345591454
GSE16981_1	0.00967403873243103	0.0371294982670879	0.0105937771277108	0.00161118832150549
GSE16981_2	0.00293766553362493	-0.0281469561617951	0.00149787344644878	-0.00679532477179818
GSE16981_3	0.0112210093721076	0.0510133809817837	0.0132023960774953	0.00783153305714916
GSE16981_4	0.0112210093721076	0.0510133809817837	0.0132023960774953	0.00783153305714916
GSE16981_5	0.00199475960714657	0.0232848390621322	-0.000708029343076102	0.0190437933802336
GSE16981_6	-0.00543641005292391	0.00936097029309802	-0.0064133921263844	-0.00263412790300046
GSE16981_7	-0.00330196673649359	0.00309590280435087	0.000256498257830703	0.000328396304008782
GSE29859_1	0.00690230882574696	0.0155660595026226	0.00285672864668825	0.0167157174917077
GSE29859_2	-0.00769016347334739	-0.0343579104250038	-0.0135386288150552	5.13834141159658e-05
GSE23492_1	-0.00974211977732922	-0.0202643515858193	NA	NA
GSE23492_2	-0.014967593473465	-0.0172718590164891	NA	NA
GSE23492_3	-0.0260904098343911	-0.0736685978204493	NA	NA
GSE23492_4	-0.0287832104759849	-0.0704124629845256	NA	NA
GSE23492_5	0.0126514868181256	0.0506896874918083	NA	NA
GSE44991_1	0.000823765702464033	-0.0101076946680228	-0.00034101079901416	-0.0147603542914511
GSE44991_2	-0.00105279158715696	-0.0101472570404522	NA	-0.000283601998800504
GSE39796_1	-0.00625474110014928	-0.0197916120220843	NA	NA
GSE39796_2	-0.0155280116125993	-0.0338282644824105	NA	NA
GSE39796_3	-0.00247771020730893	0.0110969166034201	NA	NA
GSE18394_1	-0.000456365730936412	-0.0278472146828846	-0.000503123440609498	-0.000402386683049167
GSE18394_2	-0.00296405256867731	-0.032326305465307	-0.00983206482302937	-0.0173312151405423
GSE18394_3	0.00389969658363533	-0.00676601080018327	0.00502888102576976	0.00411336195430018
GSE29233_1	0.00176862955437345	0.0366757422666445	NA	NA
E-MEXP-2291_1	0.0115289650554656	0.0318220227421747	NA	NA
E-MEXP-2291_2	0.0141673719293595	0.0183085229768077	NA	NA
E-MEXP-2291_3	-0.00326537470082096	0.0127949264620636	NA	NA
GSE18738_1	0.0022144283953781	0.00187322202912755	0.00393778722216115	-0.00344133379847666
GSE107363_1	-0.00729021746011692	0.00145464954242546	NA	NA
GSE85761_1	-0.00827490970533846	-0.0136461681094772	NA	NA
GSE89179_1	-0.0109268889637684	-0.064409954273412	NA	NA
GSE89179_2	0.00790769665549478	0.00237564066542902	NA	NA
GSE89179_3	-0.00263212815319657	-0.00735362384376315	NA	NA
GSE89179_4	0.000801836235756422	-0.0216750826095638	NA	NA
GSE89179_5	0.00124407805438364	0.0170835402280802	NA	NA
GSE89179_6	0.00127384783994373	-0.00833825567285966	NA	NA
GSE89179_7	-0.00346887113897312	-0.0100899169880787	NA	NA
E-GEOD-57723_1	0.00444292253633023	0.0262797479802194	NA	NA
E-GEOD-57723_2	-0.00152872251508574	-0.00416606601934315	NA	NA
E-GEOD-57723_3	0.00587148101619546	0.0140357772202789	NA	NA
E-GEOD-83930_1	0.00277355300097808	0.0245986218250422	NA	NA
GSE100268_1	0.0345466890823667	0.102174464699414	NA	NA
E-GEOD-55769_1	-0.00523793889844768	-0.0435083065400982	-0.00583379072281167	-0.00332152050474708
E-GEOD-55769_2	-0.00118016977585204	-0.0270071671093784	-0.00161979705510445	-0.00739317582302469
E-GEOD-55769_3	-0.00663492920522747	-0.0438243393967845	-0.0073169786854399	-0.0109956671830916
E-GEOD-69110_1	-0.00038736374063063	-0.0119521024517037	-0.000677523508437888	-0.0204419128995217
E-MTAB-4304_1	0.0112554927589985	0.0585071168255718	0.0145038341411763	0.00273496795668932
E-MTAB-4879_1	0.00244727159019592	-0.00153020404158014	-0.000287152489363739	0.00681103224124651
E-MTAB-4879_2	-0.0114151711841982	-0.0330957136407001	-0.00745189407005699	0.00151904561269087
E-MTAB-4879_3	0.00957950979600695	0.0303975537037001	0.00132997857920546	0.0183201393415293
E-MTAB-4879_4	-0.00215121139975404	-0.01876778049892	-0.000998986281049926	-0.00709032231029108
Cytokine_Explant_1	0.0180985531159623	0.0436434667031195	-0.000503340320747983	0.00908206784864516
Cytokine_Explant_2	0.0236899083345213	0.0737582050308425	0.0303091058632256	0.0206144328446013
Cytokine_Explant_3	0.0294445585541857	0.078655354207719	0.0379178017484297	0.0143062873692814
Cytokine_Explant_4	0.000944883588814845	0.00172602661095663	0.00264684713637314	0.0169980274980354
Cytokine_Explant_5	0.0324983824135078	0.0801072993518672	0.0338676789198513	0.00874132145357974
FN1_Explant_1	-0.0026462628843142	0.0121449363339669	-0.00286724789770287	-0.00510634618566249
E-MTAB-6266_1	-0.0168648727740061	-0.037611823688951	-0.0206642543697468	-0.0102418446039822
E-MTAB-6266_B_1	-0.0167577219253245	-0.0335566679675954	-0.0240781700348462	-0.0110313813047561
E-MTAB-6266_B_2	-0.0116775665590225	-0.033225293124443	-0.0121805066608047	-0.0153712543933303
E-MTAB-6266_B_3	0.0055309892833115	0.00168244917462878	0.0017637547832697	-0.00126044852191641
GSE74220_1	0.00941453609156286	0.0345057094359933	0.0122457400114279	-0.00361488857362639
GSE114007_1	-0.0095795243441638	-0.0313780803248438	-0.0123992341241194	-0.0164073563238169
GSE109503_1	0.00821378651873581	0.0166637040103002	0.012150966866907	-0.0205393075317887
GSE109503_2	0.0117800121791237	0.0412594156254551	0.0227847408980821	0.00311802552607663
GSE109503_3	-0.00805554402610674	-0.0161371061368216	-0.0120219242173536	-0.0195924146068036
GSE109503_4	-0.0177780580015506	-0.0596375488974672	-0.0212987019056382	-0.00429908561185073
GSE109503_5	-0.0104948148341018	-0.0251223996464251	-0.0137165301661206	-0.0127675853653599
GSE109503_6	0.00375444640208099	0.0251497883208851	0.00112906806839911	0.0017432596137363
GSE109108_1	0.0047110228252007	0.061186742852117	0.000961762919286462	-0.00106641955519936
GSE109108_2	0.00176115448886558	0.0116990677755525	0.00289363754566203	-0.014324183638931
GSE109108_3	-0.000180549655706711	0.019413355492154	NA	-0.0105816237083362
GSE109108_4	-4.21167230570778e-05	0.00714328178587025	0.000854700854700855	-0.00527605322791363
GSE70667_1	-0.000145502787020295	0.0474853583119704	0.000863557858376511	0.0164229252097792
GSE87608_1	-0.00544406131119124	-0.00654570858906625	NA	-0.000494944043986959
GSE87608_2	0.00334290158879146	0.00495756849415738	0.000689506858021955	-0.00414690745647063
GSE87608_3	0.00730073438876585	0.0169933903880713	-0.00404154046208173	-0.004546403948205
GSE87608_4	0.00809393015329146	0.00759632600552712	0.000501716674232234	-0.00386002912005536
GSE90890_1	-0.010718081226563	-0.0675387842668422	-0.00398803945195698	-0.0170683159885229
GSE97118_1	-0.00270615214950613	-0.0446081578294852	NA	NA
GSE97118_2	0.00155284899806905	0.0166643264133961	NA	NA
GSE97118_3	0.000392789426368379	-0.0597923266564901	NA	NA
GSE97118_4	-0.00205262997976655	0.0117098303611609	NA	NA
GSE97118_5	-0.0085848706632704	-0.0345755324821567	NA	NA
GSE97118_6	-0.0141856207938746	-0.0333490990024302	NA	NA
GSE97118_7	-0.00122895499844728	-0.010151552199903	NA	NA
GSE107592_1	0.0150782607152116	0.0726852364601674	0.0127063267037808	0.0158152002003522
GSE92641_1	0.011334843907053	0.0132763750369693	0.00870364608223802	-0.00386698203847352
GSE107849_1	0.0113694415762851	0.0504628200109277	0.0112375794326499	0.00964332276538081
E-ERAD-89_1	0.00206309088259441	-0.0102954489888654	NA	NA
E-ERAD-89_2	-0.000402696305985585	0.0031225001790178	NA	NA
E-ERAD-89_3	-0.00228138812722909	0.00866216054743856	NA	NA
E-ERAD-89_4	0.000944728598975648	-0.0216573048328129	NA	NA
E-GEOD-45893_1	0	-0.0457612976219326	NA	NA
E-GEOD-53105_1	0.00647828636745913	0.012123139239238	0.0001662587170369	0.00185414528425457
E-GEOD-53105_2	-0.0165868502463981	-0.0426116446268926	-0.00216707223606392	-0.00189641409758497
E-GEOD-54461_1	-0.00484546690059594	0.0104120869226452	-0.00598101418418414	0.00207222947121658
E-GEOD-54461_2	-0.0011230576507794	0.00214172318237855	0.000471957009831946	0.00258757185180459
E-GEOD-54461_3	0.00529048148430661	0.0198460379110123	0.00650305970070858	0.00333862573002652
E-GEOD-54461_4	0.0148617019898602	0.0449794356706168	0.0176901503281366	0.00650621852379761
E-GEOD-54461_5	0.0370432630197593	0.108475282319676	0.042947792245026	0.0302959937833506
E-GEOD-54461_6	0.0410695079627868	0.134604061643715	0.0474465642470759	0.0410100661872842
E-GEOD-54461_7	0.0440766239926753	0.149459630496317	0.0509713221879403	0.0390092050381369
E-GEOD-54461_8	0.033842780755809	0.143135531450405	0.0385069508510827	0.0437166696322754
E-GEOD-73372_1	-0.016274086525545	-0.0411642223030513	NA	NA
E-GEOD-73372_2	0.0055082559240616	0.0187380415945292	NA	NA
E-GEOD-73372_3	0.0232059192646318	0.069890910726422	NA	NA
E-GEOD-75549_1	0.017040584025853	0.07958450184866	NA	NA
E-GEOD-76988_1	-0.00797479133912203	-0.00472090866186388	NA	NA
E-MTAB-2923_1	-0.0195992137061503	-0.0876390122503668	NA	NA
E-MTAB-2923_2	0.0159111612450599	0.089596728964009	NA	NA
E-MTAB-2923_3	0.0120893128728358	0.0373950785050582	NA	NA
E-MTAB-2923_4	0.00504849904119388	0.00333306704593034	NA	NA
E-MTAB-3428_1	0.00941158988960467	0.019565692684866	NA	NA
E-MTAB-3428_2	-0.00932601101965591	-0.0417642584093313	NA	NA
E-MTAB-3428_3	-0.00149433738903216	0.00200335129341652	NA	NA
E-MTAB-3428_4	0.00824539459670363	0.0158759797582758	NA	NA
GSE102856_1	0.0270249204746656	0.166879930920108	NA	NA
GSE103492_1	0.00961782059721015	0.0320081605665883	0.00848330584413673	0.00521040612504027
GSE103492_2	-0.0020216260521024	-0.00830887206112942	-0.00371142238950855	-0.0134368608827031
GSE103492_3	0.016777016342369	0.0455214697383857	0.0188705814009832	0.00244473350740371
GSE103492_4	0.0178610929845714	0.0602898433966982	0.0247388684284128	0.0114080185920243
GSE103492_5	-0.00232807886310785	-0.0222186083393468	0.00299812004652916	-0.0125091304106877
GSE103492_6	-2.6345037775731e-05	0.0233260871378416	-0.00304801622109067	-0.00127016551435156
GSE103492_7	0.00468145567596511	0.0520355336020277	0.00078624964916443	0.0147291494515102
GSE103492_8	0.0126699167843313	0.0597775395991601	0.00931923930477874	0.0172579418591173
GSE103492_9	0.01381880010174	0.0868517887819934	0.00937816206018934	0.036929132653487
GSE103492_10	0.000677539764416718	0.035032989777521	-0.00134678472290796	0.00929091242694493
GSE106259_1	-0.0233163933379121	-0.065880042362078	-0.0167514678722266	-0.00754703698683156
GSE110303_1	0.00212804211524947	-0.00279833057861513	NA	NA
GSE110303_2	0.00288901665514957	0.020654037500457	NA	NA
GSE110303_3	0.00430206465243362	0.0192224872150786	NA	NA
GSE110300_1	-0.00181614803498291	-0.0230508358330082	NA	NA
GSE110300_2	0.00081128056744429	0.00577122827798997	NA	NA
GSE110300_3	0.00138655299903741	-0.00377979169454513	NA	NA
GSE110281_1	0.00995199660375063	0.0419821864527437	NA	NA
GSE110281_2	0.00324078116383397	0.0344114666454328	NA	NA
GSE110281_3	-0.00406260815813704	-0.00618863177248502	NA	NA
GSE104459_1	0.0106121238984421	0.0426877032730693	-0.00103441405530111	0.0184848927007437
GSE104459_2	0.00918211921508189	0.0612931723943242	0.00927369074593357	0.00578154238431194
GSE104459_3	-0.0054550550654988	-0.0309941972245565	-0.000323732879093374	-0.0147202780449186
GSE110051_1	0.00631004864262439	0.00555475684526538	0.0119001694327314	0.00350593512507744
GSE110051_2	0.000362029422164328	0.0320464926911655	0.000915509251908931	0.00765789185355049
GSE110051_3	0.00668671862426187	0.02551361994533	0.0065487808461375	-0.000221886913471518
GSE112694_1	0.0158467584120768	0.054600225852825	0.0180156972448267	0.00969193521100033
GSE112694_2	0.0347523680370341	0.0932555748090636	0.0390071837391598	0.0203670386240178
GSE112694_3	-0.0432570588886683	-0.139088851826415	-0.052783397879306	-0.0498830177108866
GSE112694_4	-0.00700288091307586	-0.0322473574510868	-0.00750432996685646	-0.00742335125930688
GSE97232_1	0.00185587283379081	0.0737263505438042	0.00218787834859479	0.0206904627686278
GSE114079_1	0.000676909297598953	-0.0259383172962367	NA	NA
GSE114079_2	0.00131733235325938	0.0191772866821252	NA	NA
GSE114079_3	0.00360717309869852	0.0211254225872295	NA	NA
GSE114079_4	0.00671526143603283	0.026538291134194	NA	NA
GSE104828_1	0.00585882252036883	0.00949610406056531	NA	NA
GSE114521_1	0.00190893688250184	0.00265971850308085	0.00359727171370483	0.0131668306791496
GSE114521_2	0.014456730314958	0.0588455065468697	0.00998378865917893	0.0173530138425774
GSE112413_1	0.000290754657897293	-0.0118548694152193	0.000458557585460548	0.00912564656971213
GSE112413_2	0.0283109035685164	0.0574929468085927	0.0304491610207247	0.0153472653995314
GSE101909_1	0.00493234961683332	0.0212971317733653	0.00735983071560857	0.0256248460081136
GSE101909_2	-0.00690967791503736	-0.0410434497601822	-0.00821733231891948	0.000684353991185766
GSE114919_1	-0.00971542126692765	-0.021782970979046	-0.0141276623957132	0.00252978676147565
GSE114919_2	-0.00182005304583019	0.010898196497772	0.00663521129893734	-0.0035139858741466
GSE114919_3	-0.0170355762033097	-0.0658757113832911	-0.0224205453581477	-0.0283696317013616
GSE114919_4	-0.0183217326992456	-0.0658246333219748	-0.0212265525675215	0.000194600163254215
GSE114919_5	0.00564180356531343	0.0261322432922611	0.00409926422986838	0.0252518417587772
E-MTAB-5879_1	-0.003159096222049	-0.0151703080419158	0.00570094912433226	-0.00783210794080884
E-MTAB-5879_2	0.00603640532336733	-0.0059183382730556	0.0121592720283185	-0.00346568843759855
E-MTAB-5879_3	0.0116397560242333	0.0240549093927788	0.0193851502658616	-0.012709533287728
E-MTAB-5879_4	0.0125289893447382	0.0115643137712342	0.0139962300442486	-0.00953852467561354
E-MTAB-5879_5	0.00651036529594994	0.000198073344158113	0.0108567508241955	0.011674976438756
E-MTAB-5879_6	0.0108717460439154	0.0204100168161125	0.0152017058753798	-0.00410893424791057
E-MTAB-5879_7	0.0102877925158512	0.0482551445265174	0.0028966379549875	0.00311513011214015
E-MTAB-5879_8	0.0121288560211913	0.0306223965842398	0	0.0124344407196178
E-MTAB-5879_9	0.00807953623382407	0.0282709416576661	0	0.0149906686924138
E-MTAB-5879_10	0.0128921983960067	0.0621067974179602	0.000175272608464816	0.0276403280189258
E-MTAB-4294_1	0.000601182797790575	-0.0084227692601707	0.00378584854122831	0.0150406843401723
E-MTAB-4294_2	-0.00548627002947989	-0.0175830958822888	-0.00450800893963985	0.0356656614721131
E-MTAB-4294_3	-0.00260678392664057	-0.0169354457142322	0.00326464124263479	0.0101517991592831
E-MTAB-3186_1	-0.00183127021791362	0.00825783955717803	-0.000336425364223372	0.0280251999023422
E-MTAB-3186_2	-0.0177892261157031	-0.0503574706628584	-0.0167490065576068	0.0103102791274834
E-MTAB-3186_3	-0.0113450340332858	-0.0471509594136095	-0.0105926719869465	0.00121275294792212
E-MTAB-3186_4	2.60649526454965e-05	0.00378635717342091	-0.000971771784589261	0.00215973348212652
GSE114919_Rat_1	-0.00101326495497395	-0.0223314240293836	-0.00404606911697824	0.00378677931200286
GSE114919_Rat_2	0.00174915540522664	0.0285925109936578	0.00335202104626647	0.0078446737811811
GSE114919_Rat_3	-0.0198133279087988	-0.0370970151326104	-0.0241969171461838	-0.000377233144806534
GSE114919_Rat_4	-0.0165334379408885	-0.0458160276798641	-0.0184578454269235	-0.00789150693939961
GSE114919_Rat_5	-0.0038306467578861	-5.38595740238656e-05	-0.00721521036011115	-0.00504786301825777
