comparisonID	jaccard	cosine	sigjaccard	chrDir
22659600_1	-0.0163486906373028	-0.0303524100531793	0.00186990262988927	-0.00779331557699212
24361742_1	-0.0225899817487707	-0.0738692167098721	0	-0.0117630563978882
GSE72258_1	0	-0.0138753129457192	0	-0.00435723465502849
GSE72258_2	0.00128205128205128	0.0176416183716962	0.0714285714285714	-0.000650148089287005
GSE69531_1	-0.0201090023965898	-0.0718016451407495	NA	NA
GSE69531_2	-0.0137256467258462	-0.0641635710618837	NA	NA
GSE69531_3	-0.00668894710332143	-0.0209714377135536	NA	NA
GSE69531_4	-0.0201090023965898	-0.0718016451407495	NA	NA
GSE58203_1	-0.00210279801692133	-0.00190183078653355	-0.00227272727272727	0.00917433051475703
GSE58203_2	-0.00443960885671058	-0.024135814711857	0.0030406311026723	0.0168827140959003
GSE58203_3	-0.0101773773812797	-0.0339461193750523	-0.00169102595906247	0.00555820632582437
GSE58203_4	-0.00369503569826342	-0.00731818013583101	-0.00117904710603168	0.00823347752229652
GSE58203_5	-0.00554417684566093	-0.101669862372667	-0.00269905533063428	0.00883848248803111
GSE58203_6	-0.0229296039607097	-0.103120282028762	-0.00451179998407399	-0.0142190765796223
GSE58203_7	-0.0206040952722482	-0.110590243734464	-0.00447883734289919	-0.0142059139681133
GSE58203_8	-0.011442237568383	-0.0852082148016533	-0.00610174988343914	0.00168033868793627
GSE59642_1	0.0016511775542004	-0.000296671318487966	NA	NA
GSE59642_2	-0.00358324920788145	-0.0083628951975278	NA	NA
GSE59642_3	-0.00446999049160244	-0.00921041465128411	NA	NA
GSE64922_1	-0.00541951435551877	-0.0276416843628901	0.00125944584382872	-0.0100494663256356
GSE60162_1	-0.00421549255457389	-0.00867324236762913	NA	NA
GSE31685_1	0.00262228011639395	0.021118775500265	0.01102114260009	-0.00813461614948431
E-MEXP-3890_1	-0.00540885061473012	-0.0239367285004266	-0.00287974332620325	-0.00367586902106372
GSE31980_1	0.0189300939301749	0.0857524811881733	0.00835119808953466	-0.00320228199867815
GSE15615_1	-0.00758739198821863	-0.0214804326171882	-0.00237807864731347	0
GSE15083_1	0.0058205616978015	-0.0046671489950494	NA	0.0171634256699697
GSE108035_1	0.00243313714296964	0.0113110833967129	-0.00410398507468317	0.00117792770639231
GSE108035_2	0.000694664021946369	-0.00217410066728492	-0.000786746698054495	-0.00985909680371678
GSE108035_3	0.00237913764175435	0.00111322840137768	-0.0010700132770734	-0.00624467497551115
GSE21959_1	-0.0065204204759954	0.00733734457337097	-0.000315487816250679	-0.000760843417715963
GSE21959_2	-0.00541554403331121	-0.0040572754931914	0.001071953010279	-0.00809472839175809
GSE24742_1	-0.00203221744363392	-0.0440060643123321	NA	-0.0222596206594302
GSE24742_2	-0.00829326006560471	-0.151427317341529	NA	-0.0322570958149175
GSE24742_3	0.0184809200023997	-0.0070527461446832	NA	0.00983718511367236
GSE74668_1	0.00799147158442336	-0.0174495389444773	NA	NA
E-GEOD-10024_1	0.0113558635551484	0.000832452759002723	NA	NA
E-GEOD-10024_2	0.00802347123105125	0.000701424225379964	NA	NA
E-GEOD-12860_1	-0.00493744670918144	-0.00456258804998091	NA	NA
E-GEOD-12860_2	0.00437910425204948	0.00720229298389727	NA	NA
E-GEOD-12860_3	0.00239946275135491	0.0126694231331191	NA	NA
E-GEOD-12860_4	-0.00566552815133069	-0.014548314912873	NA	NA
E-GEOD-12860_5	0.00320119325998065	0.00812686375531703	NA	NA
E-GEOD-12860_6	0.00210055363679679	-0.0019845889732055	NA	NA
E-GEOD-12860_7	-0.00360248884993388	-0.0195597518886543	NA	NA
E-GEOD-12860_8	-0.00693751666076747	-0.0234084233026373	NA	NA
E-GEOD-14359_1	-0.00905005742270337	-0.042131516642634	-0.00324709118318987	-0.0218967288649427
E-GEOD-14359_2	0.00949664918241467	0.0284754887182707	0.00486203554119548	0.000724007303489111
E-GEOD-1919_1	-0.00898390141108117	-0.00637258806319214	NA	NA
E-GEOD-1919_2	-0.00528152840505888	0.00683255309451306	NA	NA
E-GEOD-1919_3	-0.013152739059087	0.0130517995064762	NA	NA
E-GEOD-1919_4	-0.00294915585391963	0.0100725629462964	NA	NA
E-GEOD-1919_5	-0.00242508903989154	0.0160339572090209	NA	NA
E-GEOD-1919_6	-0.00203967747909608	0.0174061741787004	NA	NA
E-GEOD-1919_7	0.0199689685521678	0.0810444409635547	NA	NA
E-GEOD-1919_8	0.0202236476875409	0.0442070666310525	NA	NA
E-GEOD-1919_9	0.0125833185133148	0.0397408876563006	NA	NA
E-GEOD-19664_1	0.00746589607010511	0.0299305455834213	NA	NA
E-GEOD-19664_2	-0.00651666271108561	-0.0220279553891597	NA	NA
E-GEOD-19664_3	-0.00518205968225272	0.00769858165567018	NA	NA
E-GEOD-19664_4	-0.00111609441461405	0.0043706025313029	NA	NA
E-GEOD-19664_5	-0.00920245337953119	-0.0314215379862867	NA	NA
E-GEOD-19664_6	-0.00346458368704493	0.00264899113150138	NA	NA
E-GEOD-43923_1	-0.00518498570853264	-0.0541142123655307	-0.00508724659994868	-0.00615847724056679
E-GEOD-51812_1	-0.0104849017964161	-0.0667714498105584	-0.00456783746572596	-0.0317413399152765
E-GEOD-51812_2	-0.0117688053769754	-0.0690303285626512	-0.00485532055731762	-0.0254774633228206
E-GEOD-68760_1	-0.0077855037821436	-0.0239576384520061	-0.00452920722012606	8.74418753735919e-05
E-GEOD-82107_1	-0.0127705648213683	-0.036950215748996	-0.00649350649350649	-0.0170370550879973
E-GEOD-9451_1	-0.021577674439744	-0.130508702718078	-0.00947068777285039	-0.039476344286346
E-GEOD-9451_2	-0.0229130430723012	-0.102463290895243	-0.00911053114737767	-0.0327551883792917
E-GEOD-9451_3	-0.00873076494537729	-0.0192632656333018	9.92650443415151e-06	-0.00667742876621386
E-GEOD-9451_4	-0.00296233857864414	-0.00547545335443042	-0.00148415762118657	-0.0128931005183998
E-MEXP-2019_1	0.000335000298591499	-0.00619271618693933	NA	0.000341180472884948
E-MEXP-2019_2	-0.00210743237373623	-0.0307105674159366	-0.00940172386352122	-0.00399784753925853
E-MEXP-2019_3	-0.000796911819034185	-0.00382332270492641	NA	-0.00906116774388338
E-MEXP-2019_4	0.016985840645169	0.0708687275738151	0	0.0080193045867567
E-MEXP-2276_1	-0.00717132927518512	-0.0772216876857745	NA	0.00160698840167105
E-MEXP-2488_1	0.0031490755058199	-0.0306825489633593	0.00121560237451503	0.000905801569800111
E-MEXP-3129_1	-0.00468520614005176	-0.052457880286577	0.00397101449275362	-0.0201988835685433
E-MEXP-3474_1	0.00202932107393672	0.0208004664741499	NA	0.015443669566158
E-MTAB-3010_1	-0.011525318409878	-0.0435375022273222	NA	NA
E-MTAB-3010_2	-0.011001964248801	-0.0385795908148449	NA	NA
E-MTAB-3010_3	-0.00171374666849021	0.00342918098190473	NA	NA
E-MTAB-3010_4	-0.00438328344193738	-0.0106501951761545	NA	NA
E-MTAB-4152_1	-0.00148019085880482	-0.0172119712966343	-0.00375081268927972	0.00831656940767712
E-MTAB-4152_2	-0.00944558203475628	-0.0444948568608825	0	-0.00525867117922852
E-MTAB-4152_3	-0.0146888212536497	-0.0500773979545017	-0.00560673102708501	-0.00202890134984914
GSE100609_1	0.0100185428252563	0.00634660000862489	NA	0.0160654018848457
GSE100786_1	-0.00194206862598217	-0.0358140240487338	0	0.00434006635222724
GSE100786_2	-0.00372446722544281	-0.0594623617733408	NA	0.00807705863223598
GSE103697_1	0	0.00643751229214373	NA	NA
GSE103697_2	0	0.00334979269561344	NA	NA
GSE103697_3	0	0.0113078586868798	NA	NA
GSE104113_1	0.0172398321802099	0.0357566883779067	NA	NA
GSE104113_2	-0.00772624628965652	-0.0324603597246741	NA	NA
GSE104113_3	0.0172398321802099	0.0357566883779067	NA	NA
GSE10575_1	0.0112081318225388	0.0300973944749275	0	-0.00570571401991997
GSE10575_2	-0.00313761839749091	-0.0142773063904104	0.000752444981128511	-0.0129812170190136
GSE10575_3	0.00509928658040725	0.0182386202462006	0.000791797551191883	0.00156269369276653
GSE13604_1	-0.00281339634303412	-0.043954907376483	-0.00232895676257589	-0.00346941096587487
GSE13837_1	-0.00221154538768343	0.00796195994236551	0	-0.00570087158973944
GSE13837_2	-0.006963137392506	-0.0702102583663557	0.00537634408602151	-0.0122902732766708
GSE13837_3	-0.00585954213130801	-0.0526010571332513	0.00037462557584018	-0.00333084480571823
GSE13837_4	-0.0198784188123367	-0.0725819725415918	-0.00434322359743436	0.00524881798850272
GSE13837_5	-0.0050438225396594	-0.0336352759711532	0	-0.0115357395454121
GSE13837_6	-0.0157358909064464	-0.0684049990156922	-0.00912137006701415	-0.0150649491343555
GSE13837_7	-0.0114836776639965	-0.0715958525042811	-0.00294122807064633	-0.0119588949949481
GSE13837_8	-0.0238865623986946	-0.0891495644845954	-0.00435017900723659	-0.0119916181181449
GSE13837_9	-0.00462880203980946	-0.00869315371230248	2.00005940617629e-05	-0.0166786334591355
GSE13837_10	-0.00799587548469308	-0.0258648584024345	-0.00502260830133941	-0.0296783419085577
GSE13837_11	-0.0133380142794001	-0.0113770661451396	-0.00387564994007536	-0.0157220265993406
GSE13837_12	-0.00217204519917773	-0.000463298190433277	-0.00110122876302845	-0.0164604227316041
GSE13837_13	0.00390321898697586	0.0253213321192233	-0.00574712643678161	0.012573637376535
GSE13837_14	0.00249722207513034	-0.00224917966378284	-0.00229825720731832	0.0170023537778035
GSE13837_15	-0.00682039909632568	-0.0198161625123636	-0.00416150216275079	0.0107252188134443
GSE13837_16	-0.0171213479768223	-0.0725459908408842	-0.00458586284279776	-0.0112391708375001
GSE13837_17	0.000511386201319689	-0.00570979568816261	0	0.00789201167486599
GSE13837_18	0.00065582387012159	-0.0237622149853428	-0.00538716854506328	0.00767125787120878
GSE13837_19	-0.0030517564840021	-0.0190183274609306	1.01145391630502e-05	0.00733336192988752
GSE13837_20	-0.0112476315212576	-0.0474293749970175	-0.00193848159354899	-0.00408850440483773
GSE13837_21	-0.00824892924791615	-0.0240136351493475	-0.00476204911191543	-0.0180995922084586
GSE13837_22	-0.0115862953559798	-0.0273577427313951	-0.00443826273052584	-0.021417671138645
GSE13837_23	-0.0114622461628586	-0.0468764217830037	-0.00221315295521035	-0.0230452917146476
GSE13837_24	-0.023501397622589	-0.0803055500081181	-0.00454504800568371	-0.0330713035150157
GSE16464_1	-0.00727253470845752	-0.0484033373870019	NA	NA
GSE16464_2	0.00527159684728153	0.00565440378922481	NA	NA
GSE19060_1	-0.00923523186214644	-0.0830898169878979	0	-0.00724816130736535
GSE27372_1	-0.00741589519728255	-0.0391282085028558	-0.0086378627152801	-0.0122883408185901
GSE27390_1	0.00327116348586453	0.033872906249202	0.000107786293137782	0.00651760832840611
GSE29106_1	-0.00482723807100369	-0.0214896341808964	NA	NA
GSE29107_1	0.00463248912067713	0.0371675689865256	NA	NA
GSE29107_2	-0.000548926233002463	-0.0100060644444842	NA	NA
GSE29745_1	0.0047520086620986	0.0238970456542394	NA	NA
GSE29745_2	0.00399913864646848	0.011093201606411	NA	NA
GSE29745_3	-0.00174833862662442	0.0026790063480161	NA	NA
GSE35546_1	-0.0177557236923265	-0.0574869458012312	NA	NA
GSE35546_2	-0.0151042108030658	-0.0472413983246604	NA	NA
GSE35546_3	-0.012150692432702	-0.0600992551693368	NA	NA
GSE35546_4	-0.0129268700776547	-0.0236127122866616	NA	NA
GSE35546_5	-0.0108203171949125	-0.0445570136110596	NA	NA
GSE35546_6	-0.0121131722701801	-0.041786230920218	NA	NA
GSE35955_1	-0.0546759404827773	-0.163958596642049	-0.0272461605656524	-0.0648525971055057
GSE35956_1	0.00948096920682858	0.044270063869483	0.000851361690635527	0.0132055317749681
GSE35957_1	-0.00142445939942802	0.0060890024882896	0.00370150677377528	0.00269525836465393
GSE35958_1	0.0418076492237265	0.156156166242593	0.019643181738315	0.0419607492791579
GSE39340_1	0.00257446324000436	0.0141077540395633	0	-0.00654414954539887
GSE39340_2	-0.00868397325532182	-0.0122271127206149	0	0.0182482417546679
GSE39340_3	0.0194137923693725	0.0276606218298111	NA	0.0110541544615493
GSE39795_1	-0.0071661503174901	-0.0125827726066891	NA	-0.0114355647833288
GSE39795_2	-0.00291263194600727	-0.00188376552889859	0.00521825396825397	-0.00105531931559925
GSE39795_3	0.0118885819441502	0.00891300158083894	0	0.00643048068046216
GSE41038_1	0.00175568296346341	0.0128689756826638	NA	0.00704525928794098
GSE41038_2	0.0127989568786827	-0.00385902998099111	NA	-0.000357113893939278
GSE41038_3	0.00177280380721627	0.00520897463473775	NA	0.00326189397943616
GSE41992_1	-0.0208159774225856	-0.0962576727371972	NA	NA
GSE42235_1	-0.00965774090320324	-0.0150101711070248	-0.00025879917184265	0.00487672969173548
GSE42235_2	-0.000255025337136287	-0.0096927144381991	0.00486583522297808	-0.00140955772687092
GSE42235_3	0.00190128182936397	-0.0156622889736056	0.00135863920120502	0.00786374129859129
GSE42235_4	-0.000995162810427934	-0.0172946567239369	0.00143873669982727	0.00875588797844252
GSE45233_1	0.0288257071693554	0.0343328012034727	NA	0.00964143779993574
GSE45233_2	0.0119073163373719	0.000542651352958522	0	-0.00310669543858293
GSE45233_3	-0.00570817182328286	0.0130626073604664	NA	-0.000109305078348595
GSE45233_4	0.0086874993058489	0.0424998129930182	0	0.0140616376187612
GSE46053_1	-0.0118374663575442	-0.0311855116940804	-0.00873891104879601	-5.94370462198394e-05
GSE46053_2	-0.0069560099591403	-0.00100045053622371	0.00629522229239719	-0.00409445926107062
GSE46750_1	0.00519410926431736	0.0377727219694978	0	0.00211835314373356
GSE51588_1	-0.0127155260476248	-0.0292742134877966	0.00206244910354901	-0.0207891032914325
GSE51588_2	-7.65344076726609e-05	0.0349461971326123	0.00325923646946029	-0.0210977390275659
GSE51588_3	-0.0277285046777217	-0.0849724946400186	-0.00197378479306148	0.0058240660069848
GSE52817_1	-0.00837948079828063	-0.0468002896711773	NA	NA
GSE52817_2	-0.00296580619146444	-0.0297036199380637	NA	NA
GSE52817_3	0.00767592893639498	0.00297455248661625	NA	NA
GSE52817_4	0.000437673494767164	-0.00419615798217923	NA	NA
GSE55235_1	-0.0178538896106324	-0.0587731534335179	-0.00692966316115304	-0.00363990362106177
GSE55235_2	-0.00753693632746693	-0.000606865376920399	-0.0033635529916221	0.00956431959945277
GSE55235_3	0.0177569786564653	0.0443653682637464	0.00208186901345431	0.0294976094653292
GSE55457_1	0.0110263063527555	-0.0195126282558982	-0.00257731958762887	0.0319675643793096
GSE55457_2	-0.0258729732353426	-0.0211736781413889	-0.0196078431372549	-0.00203218580126383
GSE55584_1	0.0182614144422727	0.0695421719225221	0	0.0297868816631012
GSE57218_1	-0.00549138056083919	-0.0125396238494619	0	0.0101057162036367
GSE60762_1	0.0103814413597662	0.039740710214626	NA	0.0115393044869932
GSE62914_1	0.00687710236193158	0.0265365167336433	NA	0.00656812348289876
GSE62914_2	0.0073407650322401	0.0222072694413584	NA	0.00400949923318735
GSE62914_3	0.00215580217062681	0.0115886292366966	0	0.0113836913739757
GSE62914_4	-0.00221647979081093	0.0031672383422297	NA	-0.00916432480517969
GSE64394_1	-0.00316992929415933	-0.00746975907985406	NA	-0.00894412453728098
GSE66635_1	-0.00233686755282317	-0.0153689118130389	NA	-0.0190570614232713
GSE68038_1	0.00109507929331914	0.00799570447936186	0	0.0092312087375733
GSE68428_1	-0.00220103397741635	-0.0141368416616729	-0.00205060513162859	0.00188612987577263
GSE68428_2	-0.00907331145200178	-0.0162517211856955	-0.00198399099918162	0.000323499729048982
GSE68428_3	-0.00454190457614011	-0.0204971617319264	-0.00728821092195617	-0.000319676829719333
GSE69459_1	-0.000930541136449671	-0.038443172846918	NA	NA
GSE69459_2	-0.0069975582396612	-0.0291754421427279	NA	NA
GSE69459_3	0.00295157362065371	-0.0145593504400959	NA	NA
GSE69459_4	-0.00725582422104038	-0.037371631611333	NA	NA
GSE69992_1	0.00615550802249853	0.0243742138287132	0.000109851616294559	0.0110845688183024
GSE70719_1	0.000417815361321012	0.027682466634671	0.00154375299952008	-0.00387611858118365
GSE7116_1	-0.0384569020267859	-0.184891495503096	-0.01214551472893	-0.04337467135988
GSE7116_2	-0.0201174697357401	-0.105963887903477	-0.0384615384615385	-0.0143933602032095
GSE7116_3	0.0219938091733579	0.0967319150353746	0.00961978928080623	0.0154455141127745
GSE72575_1	-0.00667682663399475	0.0106628022930587	-0.0121955266476405	-0.0211682007304603
GSE72575_2	0.00678359119794855	0.0399424318321833	-0.00262123745819398	-0.00688004836050077
GSE72575_3	-0.00430696420342388	0.0176023947975945	-0.00847320251028767	-0.0128375468965263
GSE72575_4	-0.000234962406015038	0.0111991086392926	0	0.00640141311814353
GSE75181_1	-0.00547397226670012	-0.0150535544900606	-0.00435643499487087	-0.00573598020204592
GSE75181_2	0.00342365830359653	-0.00731174358806047	-0.00115970849048827	0.00389065035626851
GSE75181_3	-0.00882067690382468	-0.0161544216598677	-0.00615727932299487	-0.0101361243103996
GSE75230_1	0.0047827732472864	0.00192655883864246	0.00617283950617284	0.00313010862319841
GSE7669_1	-0.00188568422741658	-0.0501400254727881	0.0151515151515152	-0.00622334265284516
GSE77916_1	0.00127226463104326	-0.0608614023393146	0	-0.027334999299094
GSE80614_1	-0.000707544109877923	-0.0175620366331741	-0.00568181818181818	-0.000969273015790039
GSE80614_2	0.000392566144188883	-0.0102585011754729	0.0031055900621118	-0.00615978831776945
GSE80614_3	-0.000220236597029952	-0.023565197783372	0	0.00249071953029795
GSE80614_4	0.00913883434619573	0.00604084217025049	0.0105908480143326	0.00879564378863117
GSE80614_5	0.0100791427568507	0.0153174740013021	0.00654772782367091	0.00445031078709846
GSE80614_6	0.00681125421539801	0.00320559725995504	0.00357711103534493	0.00593044759326479
GSE80614_7	0.00412397101631147	0.000941821884939306	0.000342837552139878	-0.00416481933303776
GSE80614_8	0.0018847891893671	0.00438133801478392	-0.00266192944459316	0.00289668271357852
GSE80614_9	0.00212011721175097	-0.00668048650995247	0	0.0056327564544883
GSE80614_10	0.00492538945905269	-0.00261317492379946	-0.0043859649122807	0.0113550127642164
GSE80614_11	-0.000231145159159952	-0.0138194804904274	NA	-0.000225741509286972
GSE80614_12	0.0104108087795311	-0.00506774143804218	0.00181387186337681	0.0141431939380002
GSE80614_13	0.0124574545924111	0.00455644233948622	-9.35078813785735e-05	0.00441120556904262
GSE80614_14	0.0111163154303336	0.0142653847285616	-0.00162911203580121	0.012336758704183
GSE80614_15	0.0116395364671364	0.0224883954877154	-0.00226462559960843	0.00921243349090267
GSE80614_16	0.016532560278689	0.0272737911244416	0.00103304463680841	0.00662237840816103
GSE85254_1	0.00716694605193041	-0.00686834590317791	-0.00240955300449771	0.00763308842413686
GSE86578_1	0.00309407944463263	-0.0157707887615731	-0.0117647058823529	-0.00296790922679598
GSE86578_2	-0.00925210692629002	-0.0139941545466789	-0.0123456790123457	0.00138377486652106
GSE86578_3	0.00112631332994746	-0.0305734645344734	0.000221006441884452	-0.00371473590328001
GSE9329_1	-0.00749876971687012	-0.0418047176357772	NA	NA
GSE93698_1	-0.0990008165684038	-0.53190229791786	-0.0286590891724593	-0.165335107055797
GSE93698_2	-0.0526612183604785	-0.193959563967799	-0.0106486632338836	-0.0341968247212527
GSE93698_3	-0.070015985006218	-0.323551601647479	-0.0163202088949741	-0.0950480106525569
GSE93698_4	-0.0953541284702661	-0.436018452177555	-0.0273210962085828	-0.124837284334779
GSE93698_5	-0.0726601617266865	-0.377186979490344	-0.0176365270755479	-0.0936386128223855
GSE93698_7	0.150085161228658	0.435863654959022	0.0584735679075302	0.1136303693631
GSE93698_8	0.125136865258299	0.421231135450669	0.0111902975743936	0.0814621452537975
GSE93698_9	0.0480860897673367	0.22981135916268	0.0296339313142535	0.0421069705249045
GSE93698_10	-0.0747338692533412	-0.255231656989995	-0.0101615935858634	-0.0904403323068444
GSE93698_11	-0.203765189302947	-0.565674933886127	-0.161887141535615	-0.226449396075172
GSE93698_12	-0.130934202614855	-0.414978898792632	-0.0333912459032965	-0.126150591248238
GSE93698_13	-0.0543485706495173	-0.183019424792989	-0.0326466181506849	-0.0586423861297403
GSE93698_14	-0.103990127663061	-0.264550651590885	-0.0205285427423982	-0.0714929900810402
GSE93698_15	-0.0179747150708803	-0.0391597654871342	0.0117914556475361	0.0034314512938551
GSE93720_1	0.00626656556966716	0.000836174490601346	NA	NA
GSE93720_2	-0.00401952691815418	-0.00888985388176297	NA	NA
GSE93720_3	0.00304847754302743	-0.00654603343097128	NA	NA
GSE93720_4	-0.00634428744382996	-0.0164024981384215	NA	NA
E-MTAB-5564_1	-0.0190431899764937	-0.0509563506000557	-0.00239190882166407	-0.0289357888789626
GSE77753_1	-0.000519695000933514	-0.00753927066849454	NA	0.00706506919675794
GSE43861_1	0.00635264893756824	0.0101274067943933	NA	NA
GSE112809_1	0.00124688279301746	0.0351612447918254	NA	NA
GSE111946_1	-0.0028660074130606	-0.0299750370262068	NA	NA
GSE111946_2	0.000158081740806167	-0.0262964911292731	NA	NA
E-MTAB-3201_1	-0.000988118240152217	0.00358168429756378	0.00230453967668928	0.00360252263791148
E-MTAB-6700_1	-0.00562346187942047	-0.0377926289914561	-0.00334363374310724	0
GSE54749_1	-0.00151975683890578	-0.00539021152594001	NA	-0.00527606041616367
GSE57218_B_1	-0.0194641049249091	-0.0608189086777839	0.00681216931216931	-0.00288997592060669
GSE57218_B_2	-0.0193766193148424	-0.0712426644657472	0.00290697674418605	-0.00514777419482954
GSE57740_1	0.00228207405435938	-0.00146035487857611	NA	NA
GSE52992_1	-0.0120284638648193	-0.0348731133435733	-0.0037593984962406	-0.0214195121855806
GSE17160_1	-0.00176999747139449	0.00339012844000831	NA	NA
GSE17160_2	-0.000393440704997273	0.0125663582375499	NA	NA
GSE17160_3	-0.00785501041788052	-0.0381425577819639	NA	NA
GSE17160_4	-0.000490295571428951	0.00700109629783498	NA	NA
GSE17160_5	0.00299959151555175	-0.000275686211350384	NA	NA
GSE17160_6	-0.00942274100411793	-0.00251301655082284	NA	NA
GSE17160_7	-0.0114072852315161	-0.0496721361030889	NA	NA
GSE17160_8	0.000413768079645008	-0.000907791064026987	NA	NA
GSE17160_9	0.00307836016918986	0.0235572218355368	NA	NA
GSE17160_10	0.00353474098088768	0.0207568248526477	NA	NA
GSE17160_11	0.0030294256610538	0.0176685446672173	NA	NA
GSE17160_12	0.00178490613926359	0.0214789870171081	NA	NA
GSE22971_1	-0.00375187111645651	-0.0168938895730765	NA	-0.00256592224761252
GSE22971_2	0.00393220579370989	0.0129439570113619	NA	0.00499158583589501
GSE22971_3	-0.0204317642344395	-0.0352847340675898	-4.98613408697469e-05	-0.00313189163734525
GSE22971_4	-0.0160009192452779	-0.0271850073684212	0.00199988990404547	-0.00523005102543507
GSE13590_1	0.0132405962924444	0.025968094383753	0.00140089028541503	0.0109089780534132
GSE13590_2	0.00153374233128834	0.0014925917519129	0	0.00238633479727914
GSE99731_1	-0.00194547950847608	-0.033266470149486	NA	0.00211031164859875
GSE99731_2	0.00366276749255473	0.0192431633070059	NA	0.00119063875255172
GSE99731_3	0.0146215502788078	0.0498444348026182	0.00189010309699701	0.00592925613798232
GSE27492_1	0.0026848528356066	-0.0235268140695239	0	0.00369888812560132
GSE27492_2	-0.004289967601367	-0.0298545256787758	-0.00595238095238095	0.00173771842187148
GSE27492_3	-0.0133283976033247	-0.0417441785754586	-0.00539887367235706	-0.0026532526405787
GSE27492_4	-0.00985463047346592	-0.0530963318099173	-0.000527812376242366	-0.00280474230083906
GSE27492_5	-0.0166710687703172	-0.0583533163500536	0.00333333333333333	0.00639451435532647
GSE27492_6	-0.0118058707269177	-0.0301970750908302	-0.00420310340753928	-0.0177912313399612
GSE27492_7	-0.0172063393702779	-0.0371078771398915	0.00809101306623228	-0.00837809596430286
GSE27492_8	-0.0119369498680937	-0.0293033180933201	-0.00634390933884437	-0.000424513408215893
E-GEOD-15069_1	0.00132021328516655	0.0177403305514342	0.000415132842509603	-0.0100208209114016
E-GEOD-15069_2	0.010973265992503	0.044469739197951	-0.00437395503699079	0.00222790900715116
E-GEOD-15069_3	0.00313373671908027	0.0228922750564305	-0.00115001327606884	-0.00238847851654771
E-GEOD-15069_4	-0.00851978390095745	-0.00855768692724067	-0.00409626216077829	-0.00403361644096098
E-GEOD-15118_1	-0.00339198461155336	0.0190817508795741	NA	NA
E-GEOD-15118_2	0.00153846153846154	-0.0280813979075832	NA	NA
E-GEOD-15118_3	-0.00444387132548947	-0.04209889810696	NA	NA
E-GEOD-15118_4	-0.00267656570581144	-0.0146190296639258	NA	NA
E-GEOD-16007_1	0.00729058730420791	-0.00646988485311632	NA	NA
E-GEOD-17473_1	-0.00273231732001644	-0.0128231177697386	NA	-0.00453665729466803
E-GEOD-18647_1	0.00640747412884236	-0.00205589262125565	NA	0.00476659970547688
E-GEOD-18647_2	-0.00424225794966797	-0.0118011728580835	NA	-0.00375280583613917
E-GEOD-18647_3	-0.00359642399528289	-0.0154216623143015	NA	0.00635957082016507
E-GEOD-18647_4	-0.00505311603487163	-0.019492097460939	0	0.000477200302092544
E-GEOD-18648_1	-0.0106298801570409	-0.0500753024040413	-0.00274730462038104	-0.0050971643771085
E-GEOD-18648_2	-0.00236991676217248	-0.0359305026649261	0.00102080002507916	0.00424665166637644
E-GEOD-2154_1	0.0063683672224127	0.038226446865821	0	0.00200692239081882
E-GEOD-2154_2	0.0133166639008387	0.0205808079941788	0	0.00299773566460085
E-GEOD-2154_3	-0.000711896172048516	0.0130111390859963	0	0.00231808662472143
E-GEOD-2154_4	-0.00778770183771378	-0.012752093438886	7.5561493198483e-06	-0.00272605966198919
E-GEOD-26475_1	0.00181173029273274	0.0153248445905998	0	0.000436803247646101
E-GEOD-26475_2	0.00233412719754831	0.00039390856500223	0	0.0157745637263798
E-GEOD-26475_3	0.00118439770828927	0.0143053246953608	-0.00324675324675325	-0.00460392891664503
E-GEOD-33567_1	0.00433044885312762	0.0281836548938551	NA	NA
E-GEOD-33567_2	-0.00570033997696179	-0.0182094461929579	NA	NA
E-GEOD-37287_1	0.000168203983805326	0.00321779804335738	NA	NA
E-GEOD-37287_2	-0.000890532596777415	-0.00566169036472526	NA	NA
E-GEOD-37287_3	0.00294371728092332	0.0067117132952391	NA	NA
E-GEOD-51994_1	-0.00231678821074763	-0.010863586216644	0.00294086383446126	0.00874545894993369
E-GEOD-51994_2	0.00209970568260522	-0.0139933936786959	-0.00162286476560064	-0.00371714716188154
E-GEOD-51994_3	-0.00279325765565939	-0.0104053990362076	0.00388198757763975	-0.00807918687795315
E-GEOD-65077_1	-0.00100958764027789	0.000893378155340482	NA	NA
E-MEXP-1244_1	0.0101777475383438	0.0200711366011948	NA	NA
E-MTAB-1123_1	0.0140398929622535	0.032340667517089	-0.00395778364116095	0.0114028650046737
E-MTAB-1123_2	0.00430830501895601	-0.00116065112075716	-0.00215839364380113	0.00266753415744958
E-MTAB-1123_3	-0.00546901204512366	-0.044082710496089	-0.0105263157894737	-0.00821199996461446
E-MTAB-1123_4	0.00169798341841353	0.00474703610219552	0	-0.00093302087982939
E-MTAB-1391_1	-0.0010244639223841	0.0194848105863923	0.00102880658436214	-0.0130480801088513
E-MTAB-1391_2	0.0035632481781435	0.016189273835712	0.00266783530991526	-0.00240150222164611
E-MTAB-1391_3	0.0023162393738799	0.0102582841466057	0.00330923389590147	0.00208491877987637
E-MTAB-2450_1	-0.012959188772729	-0.0283977409604781	0.00390630611218847	-0.00538685329846723
E-MTAB-2450_2	-0.0102281480668573	-0.0383420045863878	0.00232558139534884	-0.00850054020682204
E-MTAB-2450_3	0.011532567544109	0.0175111021196578	4.38640148633712e-07	0.0177230753350197
E-MTAB-2450_4	0.00255939788332567	0.0284580185089505	-0.00135869565217391	0.0120579219625842
E-MTAB-5023_1	-0.00493611822308801	-0.0123520631590972	NA	-0.00533566111703563
E-MTAB-5326_1	0.00872507117003439	-0.00176289187347995	NA	NA
E-MTAB-5326_2	-0.00420370001887909	-0.0180728244079176	NA	NA
E-MTAB-5326_3	0.00151112570181002	-0.0126903159508066	NA	NA
GSE102588_1	0.00136157929167365	-0.035503588201262	0	0.000318487813815251
GSE104793_1	-0.0029602511559607	0.0057913103241031	0.00445041513810455	0.00810515251173178
GSE104794_1	-0.000460457975345299	0.00569032942769618	0.00224385581025576	-0.000757007422268158
GSE104795_1	-0.0002042693565661	0.00488486938395764	-0.00110444528483515	0.00168748932199178
GSE105139_1	0	-0.0157838443020397	NA	-0.00854532746043762
GSE105139_2	0.00246148114672628	-0.00230548426601816	NA	6.48544083418781e-05
GSE105139_3	0.00158981411404205	0.0064372262455911	0	0.00698278122917095
GSE10555_1	0.00164669225306413	0.0154533920738343	NA	NA
GSE10556_1	-0.0131008300438824	0.00682705804808074	0.00254446125675691	-0.0091875814704089
GSE106631_1	0.00125632324577273	-0.00106730710316541	0	0.00445696202279049
GSE13104_1	0.00223956580086462	0.0105853165444684	NA	NA
GSE13104_2	-9.4108540964628e-05	0.00411942360353607	NA	NA
GSE13104_3	0.00690100483384034	0.0226427416064408	NA	NA
GSE16749_1	-0.00254525392565235	-0.0139514142218266	NA	NA
GSE16749_2	0.00235236030879981	-0.00977986841277398	NA	NA
GSE16749_3	-0.00752617109328108	-0.016183451619692	NA	NA
GSE17348_1	-0.000384562295011166	-0.000823960067739979	NA	NA
GSE17563_1	-0.00893435368291018	-0.0221312740805598	NA	NA
GSE17563_2	-0.0016801740382389	0.00100568734951596	NA	NA
GSE17569_1	0.00473599414425854	0.00752081225266997	NA	NA
GSE17569_2	0.00465307378708937	0.0238656013515998	NA	NA
GSE17570_1	0.00417540908362062	0.0332769579950074	NA	NA
GSE17570_2	0.014182683932442	0.0265696562624622	NA	NA
GSE18991_1	0.00129533678756477	0.00853978584444757	NA	0.00465703075504696
GSE18992_1	-0.0015527950310559	-0.0116517568409354	NA	-0.0129758448975739
GSE19299_1	-0.00396599828021865	-0.0181809399789843	-0.00464107338958597	0.0148093208864431
GSE20850_1	-0.00487591977101653	-0.0101822597230873	NA	NA
GSE21093_1	-0.00245940951354588	-0.00373228838050468	NA	NA
GSE21523_1	-0.00166749425240592	-4.39886679071775e-05	NA	NA
GSE21639_1	-0.00427297662200418	-0.000999803787187454	NA	NA
GSE21639_2	-0.00181346497565916	-0.0154438412066482	NA	NA
GSE21639_3	-0.00773867253030283	-0.00823790052843027	NA	NA
GSE21639_4	-0.00739503123859434	-0.00988750959399853	NA	NA
GSE21710_1	-0.00476256456713112	-0.0502063650148175	NA	NA
GSE21710_2	-0.0035457208651634	-0.0477757910564896	NA	NA
GSE21710_3	-0.00490299204873992	-0.0508430093399297	NA	NA
GSE22925_1	0.00421778936734213	-0.00217635549615553	0.00183825134675179	-0.001350115049757
GSE22925_2	-0.00267351469651969	-0.038151964284111	-0.00251151498577818	-0.00781844689207748
GSE26499_1	0.00508866650399239	0.0074502384444243	NA	NA
GSE30160_1	0.00607302375947031	0.0123482464799997	1.39889646218761e-05	-0.00684341906086239
GSE30628_1	0.00176539486741359	0.0108107771319615	-0.000670871926779579	0.00377756638170791
GSE30628_2	0.00135945130221308	-0.00210069696650163	0.0027012359270694	-0.00498055528567109
GSE32163_1	0.0123272080983103	0.0302769949751965	NA	0.00326553597227659
GSE33656_1	-0.00249660679304591	-0.00499241108168165	NA	NA
GSE33754_1	-0.000286417248891894	-0.00084363050104572	0	-0.00494918564740296
GSE33754_2	0.00308950093656938	-0.0414028273160262	0.00274725274725275	0.00610916461060553
GSE33754_3	-0.00888976600604775	-0.0682532107305941	0.00257731958762887	0.00106305217080385
GSE34570_1	0.0149974278392995	0.03975547071804	NA	NA
GSE35003_1	-0.00833073467803184	-0.0166447928264249	NA	NA
GSE35466_1	0.000780538695621447	-0.00602960029604406	NA	NA
GSE35466_2	0.00368419778265985	0.0121432237429453	NA	NA
GSE35466_3	0.00168294578468385	0.00132243214870944	NA	NA
GSE35466_4	5.46860755345916e-05	0.00445954507513916	NA	NA
GSE35466_5	-0.0010162969184892	0.00908341372370862	NA	NA
GSE36925_1	0	0.000708657761153687	NA	NA
GSE36925_2	-0.00164780743992911	-0.00628541580605549	NA	NA
GSE36925_3	-0.00155148609685512	-0.00881014935941915	NA	NA
GSE37219_1	7.54512885637222e-05	0.00326102061608459	NA	NA
GSE37676_1	0.0011090289051565	0.00162759445176883	0.00489878836918077	-0.00132937233007877
GSE41342_1	-0.0206661154742684	-0.030134781779868	0	0.000907569299913527
GSE41342_2	-0.00722878279866991	-0.0256010838040087	NA	0.0140432975661653
GSE41342_3	-0.0031246639788066	-0.00959749761345324	NA	-0.00305242272347536
GSE41342_4	-0.0146396795224806	-0.0351056975516336	0.00684931506849315	-0.0101727231775688
GSE41997_1	-0.0137788089938963	-0.0578416887165757	0	-0.0215749725673263
GSE43242_1	0.00941638845184645	0.0144877502854565	0.00423728813559322	0.00218831017749119
GSE43242_2	0.00659815767468605	0.0123204733251304	0	-0.0127622673156052
GSE43663_1	-0.00711510263929619	0.0296100312357141	0	-0.00529560065619362
GSE43854_1	0.0107652087587069	0.019242593081907	NA	NA
GSE45656_1	-0.00762944032849195	-0.0221581155360886	NA	NA
GSE45656_2	0.00118556732670281	0.0191164694280166	NA	NA
GSE45656_3	-0.00127373567249798	-0.00955463874560344	NA	NA
GSE45793_1	-0.00367516746006868	-0.00835746963080377	6.16990846214012e-05	-0.0128968412708572
GSE45793_2	0.000386976207314255	-0.026356649116604	-0.0017921146953405	-0.00752693391775059
GSE45793_3	-0.0052699836489988	-0.0258047012833061	-4.47067999216947e-06	-0.00585623531584832
GSE45793_4	-0.00213530675568721	-0.0226303338716369	-2.91754822121654e-05	-0.00632924479975528
GSE45793_5	-0.000339970675401978	-0.0141237968777	0.00414427811280978	-0.00284642836711999
GSE46390_1	-0.000744509737448459	-0.0157782544089471	NA	NA
GSE48438_1	0.00119868967328844	-0.00401174143617586	NA	-0.00641387060367835
GSE50549_1	3.94254900677928e-05	-0.00490401753212167	0.00446929450103828	0.00202431183780185
GSE50549_2	0.0013401319250224	0.00811018133700943	-0.000635591471314893	-0.00136129806049239
GSE51098_1	0.00334470856145522	0.00599653410036329	-0.00325157697238282	0.00365152625413155
GSE53857_1	-0.0066898227016798	-0.0274255659819775	0	0.00467949349625542
GSE53857_2	-0.00249207812558819	-0.0181023211046975	0	-0.00688504890058223
GSE53857_3	-0.00138393656686042	-0.00975763133833432	0.015625	-0.00919845604665175
GSE53982_1	-0.00544094550411656	0.0113183982635282	0.000996900525449382	-0.00254749156601991
GSE53982_2	-0.00152304481451864	-0.0154401689201207	-0.00147058823529412	0.0032871666375121
GSE54779_1	-0.0155390418324256	-0.0462956566488246	-0.00301478650487661	-0.0142999594054158
GSE55900_1	-6.67699375033392e-06	-0.00751975661310171	0.0142857142857143	0.00553898223342861
GSE57104_1	-0.00145747074471975	0.00830331332792648	NA	-0.00572724486905681
GSE59387_1	0.00475898813988905	0.0340502777430859	NA	NA
GSE60401_1	-0.0104457491875557	-0.0312014994429145	NA	NA
GSE60401_2	0.00283282547729877	0.00906008445798375	NA	NA
GSE60651_1	0.000726029272171786	-0.012260213375833	NA	NA
GSE60737_1	-0.000759337111054295	-0.00579507019952576	NA	NA
GSE60761_1	-0.00141242937853107	-0.0117127682461181	0	-0.0022767063625222
GSE60761_2	-0.0015527950310559	-0.0234447908987878	NA	-0.00552226808962437
GSE60761_3	-0.00222786921516546	0.00503593090595004	-0.00666666666666667	-0.00413670234876617
GSE60761_4	0.000204803176653542	0.00919335941419249	-0.00793650793650794	-0.0149325088419446
GSE63017_1	0	-0.00187433371277217	NA	-0.00210789597260102
GSE63017_2	3.14857495497547e-06	-0.00394898265665568	NA	-0.0033889384273016
GSE63017_3	-0.00454952023514904	0.00746967643414602	0	0.000349701353684539
GSE63017_4	-0.00241755655905785	-0.0021989617650486	NA	-0.0056913865524811
GSE63939_1	-0.00194878985663993	-0.022478239807192	-0.00154620786715339	0.0141260746652722
GSE63939_2	0.00859482527937386	0.00927810772678188	0.00230967188351088	-0.00396734620733549
GSE64141_1	0.00428391689147698	0.013933996990561	NA	NA
GSE64965_1	-0.00345981949178184	-0.00978695726128547	0.0024028722932998	-0.00879992361774702
GSE65745_1	0	-0.00479884550794781	NA	-0.0158493629202134
GSE65745_2	-0.00126903553299492	0.00362508782686872	0	-0.0129297612783109
GSE65745_3	-0.00126903553299492	-0.00274089631547036	0	-0.0017275081861752
GSE66416_1	-0.00561266598379559	-0.0261134657529228	NA	NA
GSE66862_1	-0.00342664890210903	0.00935729774128388	0.00360576923076923	-0.00169279141524412
GSE69108_1	-0.0013669121887582	-0.00550069558026305	-0.00223383057314695	0.00666732843367012
GSE71565_1	0.00184802164689437	0.00132543795620002	NA	NA
GSE72261_1	0.00248991832069175	-0.0106342523452663	-0.000252620942276114	0.00255088960672717
GSE72261_2	0.00705564237237748	0.0214845233400113	0.00332789243812777	0.00177692642623508
GSE72261_3	0.00598707691268479	0.017735434378841	-0.000976112158090437	-0.00437215715769493
GSE7683_1	0.00868544183786126	0.0113056581113282	0.00409836065573771	0.0120661314517247
GSE7683_2	0.012280014549983	0.0276676169808574	0.00233644859813084	0.000484248186454067
GSE78980_1	0.00464540716299473	0.00544324109388642	NA	NA
GSE78980_2	0.00142209705695848	-0.0174917347113853	NA	NA
GSE78980_3	0.00346007299636487	0.0062639758948558	NA	NA
GSE78980_4	0.00473774226351228	-0.00111009625601272	NA	NA
GSE78980_5	0.00153110377098816	0.0103332407377951	NA	NA
GSE78980_6	0.00127561161211185	0.000364286436368254	NA	NA
GSE78980_7	-0.0025906231801621	-0.00719309958802588	NA	NA
GSE78980_8	-0.00123262016497755	-0.00612300751784634	NA	NA
GSE78980_9	0.000905301042284281	-0.00139930945577061	NA	NA
GSE78980_10	0.00222236732384702	-0.0079458575223316	NA	NA
GSE81399_1	0.00497817393806837	-0.006470801920992	NA	0.00844226773184326
GSE84609_1	-0.00686714206414123	-0.0311295615915743	-0.000252662517446971	0.0026618497235015
GSE84907_1	-0.00922298488245704	-0.0231901991155721	-0.00395876901960482	-0.00108323504096401
GSE84907_2	-0.0109406738564208	-0.00386816012922298	-0.00386942126630545	0.00105656324330565
GSE84907_3	0.0111317627691134	0.0279034267587245	0.00771002905951558	0.0110973572187043
GSE90127_1	0.00369168028672648	0.0180217913539475	NA	NA
GSE90127_2	-0.00265483712059956	0.00805216513384571	NA	NA
GSE90127_3	0.00656217596086445	0.0116870801077467	NA	NA
GSE9247_1	-0.00210134942353772	0.0101908820774172	0.000116849180151377	0.00676593259716353
GSE9247_2	0.00615627014687999	0.0269728203165474	-0.00124015816867996	0.00143156973889143
GSE9247_3	-0.00220845267577919	0.0250153882075514	-0.00467289719626168	0.00294968340736246
GSE99306_1	-0.000815666914075485	-0.0154775050960861	0.00351452874133014	0.000949981254734708
GSE99306_2	-0.0005629807712188	-0.0297956532548302	-0.000462183753405128	0.0139199229886038
GSE99306_3	0.00492964342836187	0.023285868329339	0.000314229109740961	-0.00124684053949187
GSE99306_4	-0.00649248037026623	-0.037008838241195	-9.7933074129698e-05	0.00898617357919683
GSE99306_5	-0.00141831398123209	-0.0188287866705294	0.00162825121422703	0.0128997531057726
GSE99306_6	0.0013172435938926	-0.017055023311391	0.00391169563237442	0.0162851373101068
GSE99306_7	-0.00814947941801319	0.0028834574208771	0	-0.0104993212877661
GSE99306_8	-0.00627029325376015	-0.0361048345411978	0.000360118565343695	0.00127431079776113
GSE99306_9	-0.00285998924665166	-0.0308021469092253	0.00110529447497147	0.0103315550598751
GSE99306_10	-0.0110360982498324	-0.00112377314495805	-0.0101957793033308	-0.020648083178
GSE99306_11	-0.00199996023734264	-0.0228794213033981	0.000664634163177966	0.00887856976229844
GSE99306_12	-0.00409301540800912	-0.0319590695583171	0.000521234370866896	0.0134233214737182
GSE99306_13	0.00954070764157496	0.0160966646535008	0.00295298139715028	0.0115614013304296
GSE99414_1	-0.00216323319520848	0.0111226216695395	0.005	-0.00927392133903549
GSE110581_1	0.00258308806043217	0.0309115289320216	-0.000252695417789758	-0.00664015290999374
GSE110581_2	0	-0.000524851757815423	0	-0.00421067998926246
GSE47799_1	-0.00270044541893501	0.0109428900532134	0	0.0305016062369004
GSE47799_2	0.00304473190466836	0.00431096733699499	-0.00267379679144385	-0.00762115088151206
GSE47799_3	-0.00741278078876504	0.00362087945054674	-0.00229328165374677	0.022807698957767
GSE111628_1	-0.00391470383886966	-0.00151177854183704	NA	NA
GSE111628_2	0.000228651897447809	-0.0316530874746195	NA	NA
GSE111628_3	-0.00129797189127993	-0.0240049008517164	NA	NA
GSE5657_1	-0.00459033348639134	-0.0114422626951863	0	0.00685527809477597
GSE5657_2	0.000211176959588104	-0.0104855766638899	0	-0.00217294886959914
GSE13782_1	-0.00736245860049449	-0.0239797657675021	-0.00245977011494253	0.00714176897422406
GSE41039_1	-0.003283736647046	0.00608260211238392	0	0.0108541998530049
GSE84198_1	-0.00260910242960686	-0.00146238867012644	0	-0.00651140200823299
GSE84198_2	0.000238767689481272	0.00675144024961279	0.0040650406504065	0.00506256609915312
GSE84198_3	-0.00521543078032865	-0.0154428651441761	-0.00382308473147101	-0.0107002922171462
GSE114469_1	-0.00915036004549505	-0.0114783955461317	NA	NA
GSE108036_1	-0.0012350586137189	0.0122584251428465	0	0.00338415251719856
GSE60451_1	-0.00881103309775195	-0.0415656753723087	-0.00643776824034335	0.00011931767485272
GSE47902_1	-0.00044997428718359	-0.0179485345790882	NA	NA
GSE44325_1	-0.00348089730091881	-0.0244603184998498	NA	NA
GSE4481_1	2.83793661304853e-05	-0.0119153904670283	NA	0.000895442548076145
GSE4481_2	-0.00199696770176589	-0.0204054662116848	0.00124223602484472	-0.00314608560431182
GSE4481_3	-0.00307692307692308	-0.0252864661096922	NA	0.00988632273102366
GSE102292_1	-0.00924920166515582	-0.00326848294428863	NA	NA
GSE102292_2	-0.00552043496375588	0.00875357422522974	NA	NA
GSE102292_3	-0.00142663293370725	-0.0128574391941879	NA	NA
GSE102292_4	-0.00557041539706259	-0.00567073171730125	NA	NA
GSE41898_1	-0.00874744970367931	-0.0321026252297607	0.00252732483284061	-0.00408879253195779
GSE87605_1	0.00776998879263257	-0.0212307446585812	-0.00266625486081338	0.0168850260685633
GSE87605_2	-0.0102530193766722	0.0122572995843216	-0.00126904050185958	-0.00393757218280812
GSE87605_3	-0.0048408080975188	-0.0037448286358844	-0.00121029766056494	-0.007010053268099
E-GEOD-54216_1	0.00383377215384364	0.00702399863132053	0.00355321661326214	0.011401287864738
E-GEOD-54216_2	0.00450908367087938	-2.75869199479821e-05	0.00531338819605867	0.00630292580472457
E-GEOD-54216_3	0.00158346677740256	-0.0122382037166292	0.00129229790448924	0.000679603608863865
E-GEOD-6119_1	0.000106351528682665	-0.00172240051318673	-0.00491666345084854	0.00269232410173212
E-GEOD-6119_2	0.000263148044337219	-0.00563982351756704	-0.00397624331999369	0.00473520048791597
E-GEOD-6119_3	0.000202003625480292	-0.00390164405242506	-0.00323500332808234	0.00122992768760768
E-GEOD-8077_1	0.0160602699047404	0.0501362466998019	-0.00367647058823529	-0.00340486861485036
E-GEOD-8077_2	-0.00531147326730806	0.0141274453254479	0	0.00186888660840043
E-GEOD-8077_3	-0.00981532887915107	-0.0340793536027025	0.00746268656716418	-0.000579796562001432
GSE103416_1	-0.0026429955613482	0.0220326652452025	-0.00427677284485212	0.000734442237669648
GSE103416_2	-0.026715355068295	-0.036898738382652	-0.00617426733178581	0.00505046164450201
GSE103416_3	-0.0243813365882369	-0.040872783794618	-0.00475639691799913	-0.00446534826385928
GSE19950_1	-0.00305164201846823	0.0331096799643333	-0.0044590543152384	-0.0077601791363655
GSE30322_1	-0.00611217507291431	-0.0181261607622732	0	0.000770931294843815
GSE30322_2	-0.0111730578344115	-0.0115252717679851	-0.00189393939393939	-0.000622540215986817
GSE30322_3	-0.000369737772995172	0.00179310789585334	0.00596170663138537	0.00198727573686711
GSE42295_1	-0.000223785166240409	-0.00210837133888906	NA	-0.000620188500932289
GSE42295_2	-0.00512971206293622	-0.0448164131301016	0.00462962962962963	0.00206465134743823
GSE42295_3	-0.00849608156463611	-0.038556806510936	0.00423728813559322	0.00334139943652877
GSE66554_1	-0.003542773077555	-0.0176658072388848	0.00218407496896677	0.00983395182044506
GSE66554_2	-0.00761884461569986	-0.0158709705227519	-1.17063428390659e-05	0.0103970556581162
GSE66554_3	-0.00665559196895716	-0.0152725821354954	0	0.000287070887656837
GSE66554_4	-0.00603911822345349	-0.0322322572290291	-0.000425141354553901	-0.00259577574723427
GSE74898_1	-0.00232937993851287	0.0109181380722314	0.00184915767393505	0.00307603322074681
GSE74898_2	0.000105764530136256	0.017064882832158	0.00335866650631529	0.00748663659189229
GSE74898_3	0.000764079233213333	0.0255748810834628	0.00421428171099843	-0.00307797540576736
GSE79176_1	0	0.00514710969518888	NA	NA
GSE79176_2	-0.00126903553299492	-0.000199779229085273	NA	NA
GSE79176_3	0	-0.00481368745042991	NA	NA
GSE85785_1	0.001114631049968	0.0137117881335769	-0.00344827586206897	0.0133514766006557
GSE16981_1	0.00109580181008675	0.00835558944131632	0.00080297093307085	0.00178772266830686
GSE16981_2	0.00507581483389093	0.00489930920394383	0.00566732504452491	0.006729947618145
GSE16981_3	-0.00117392352131883	0.00484365499847188	-0.000447633014731693	-0.000471685058850972
GSE16981_4	-0.00117392352131883	0.00484365499847188	-0.000447633014731693	-0.000471685058850972
GSE16981_5	0.00760768373010572	0.0234403051004468	0.00813008130081301	-0.00631005620297291
GSE16981_6	0.000950884726759392	-0.0109306169431585	0	0.015084211815243
GSE16981_7	0.00114575183101352	0.00775997190552892	0	0.00450464890392009
GSE29859_1	0.00699991116844692	-0.0306318592919469	0	0.00395799366190736
GSE29859_2	-0.000743800826808347	-0.03065185348608	0	-0.000441604148420541
GSE23492_1	-0.00786408421659513	-0.00767845411268229	NA	NA
GSE23492_2	-0.00277394660603957	-0.0120391231388464	NA	NA
GSE23492_3	0.00192179541457739	-0.00435505086677963	NA	NA
GSE23492_4	-0.00332549933821265	-0.0084940988385568	NA	NA
GSE23492_5	0.00114587962000215	0.00186061457460596	NA	NA
GSE44991_1	-0.00784584538545479	-0.0456624933083585	-0.0072463768115942	-0.0154697572545411
GSE44991_2	0.00597787539858098	0.0389677130769161	NA	0.0178802855899457
GSE39796_1	0.00440587519547609	0.0113348709118139	NA	NA
GSE39796_2	0.00545000937926634	0.0136184477997658	NA	NA
GSE39796_3	0.0115332014344558	0.000461643594476845	NA	NA
GSE18394_1	-0.00368307704807923	-0.0171989277526907	0.000450089539581206	-0.0157241068883469
GSE18394_2	-0.00380798096170006	-0.0078773346924937	-0.00401440026976113	0.00487544316260593
GSE18394_3	-0.00616307888795281	-0.0127935443917282	0.00241627678034706	-0.0230233421953792
GSE29233_1	-0.0110127450789538	-0.0422796459774504	NA	NA
E-MEXP-2291_1	-0.000246332354660695	-0.00636929684702926	NA	NA
E-MEXP-2291_2	0.00357077186827552	-0.01203126845625	NA	NA
E-MEXP-2291_3	0.00135668738764042	0.00495370036751223	NA	NA
GSE18738_1	0.00544621417008355	0.0231335044147809	0.0016604400166044	-0.00690243361120278
GSE107363_1	-0.00143320160117642	0.0163753858100784	NA	NA
GSE85761_1	0.00118034458659293	0.00281282142042643	NA	NA
GSE89179_1	0.00680464229453656	0.0553063003972211	NA	NA
GSE89179_2	-0.00419800022836325	-0.0181744344255466	NA	NA
GSE89179_3	0.00814222839373602	0.0145736704349717	NA	NA
GSE89179_4	0.00851105119205207	0.0209387252161182	NA	NA
GSE89179_5	-0.00458988271608895	-0.0141695943040555	NA	NA
GSE89179_6	0.0106454924617673	0.030704769064427	NA	NA
GSE89179_7	-0.00336248601039976	0.00440888758886666	NA	NA
E-GEOD-57723_1	0.000691018305743033	-0.00817679192698794	NA	NA
E-GEOD-57723_2	-0.00171081495344331	-0.0347179067992262	NA	NA
E-GEOD-57723_3	0.00401831308316904	-0.00805445922398309	NA	NA
E-GEOD-83930_1	0.00239653262898676	0.00499428698420512	NA	NA
GSE100268_1	0.00184547291502305	-0.0256459812743366	NA	NA
E-GEOD-55769_1	-0.00115455968548411	0.0162526295069279	0.00256410256410256	-0.013369930719753
E-GEOD-55769_2	-0.00146198830409357	-0.0113583075409662	0	0.000799499443826474
E-GEOD-55769_3	-0.00188526900869324	0.012629112405843	0.00200803212851406	-0.00371816812603621
E-GEOD-69110_1	-0.00307346162822358	-0.005772509765332	0	-0.0102907833473489
E-MTAB-4304_1	-0.00554443551290218	-0.0536387058555435	-0.0042656984965365	0.00592071255518853
E-MTAB-4879_1	0.00850343980730397	0.00297155222794446	0	0.0148098216829059
E-MTAB-4879_2	-0.00184318098068282	-0.00982098999886503	-0.00135634028892456	-0.0134776575802016
E-MTAB-4879_3	-0.000922094165236129	-0.0340661347795858	0	0.00967710542340201
E-MTAB-4879_4	0.00266560297492273	0.00759832102719874	-0.00666666666666667	-0.0112237959298119
Cytokine_Explant_1	-0.0003220600251225	-0.032090768571294	-0.00806158322220875	0.00414951751036873
Cytokine_Explant_2	-0.00403671715831795	-0.0234823759027168	-0.00569667543032687	0.0119680640553675
Cytokine_Explant_3	-0.00523200626384977	-0.0222264671143702	-0.00508167647714966	-0.00170930963382795
Cytokine_Explant_4	0.00591921347525053	-0.00474067878860958	0.00591715976331361	0.00955270563144164
Cytokine_Explant_5	0.00519169294867029	0.0113198391746375	0.00215599044174492	0.0227979356919374
FN1_Explant_1	-0.00161873194529266	0.0206933032103596	0	0.0101561121359044
E-MTAB-6266_1	-0.0107629424718462	-0.0707148699081385	-0.00106033976065982	-0.0226916779440165
E-MTAB-6266_B_1	-0.0105086049134576	-0.0546404988550782	-0.0009031293104668	-0.0201488775290496
E-MTAB-6266_B_2	-0.0103881955272776	-0.0765494864503053	-0.00212216344418466	-0.0240201697624126
E-MTAB-6266_B_3	0.00288467538180422	-0.0226226961741237	-4.82489757431723e-06	0.0105758084110909
GSE74220_1	-0.00398882639776218	-0.0199785327235437	-0.00509867733397322	-0.0119803196265776
GSE114007_1	-0.0105269893550441	-0.0468007870899378	-0.00367783523930899	-0.00643394991832087
GSE109503_1	-0.00211725308874384	-0.00393740278262036	0.00271699021176673	-0.0044616697376131
GSE109503_2	0.000154789249294789	-0.00461750734067776	0.00271842566363114	-0.00860693171631924
GSE109503_3	-0.00243749819390601	-0.000882428821571826	-0.0016591214531718	-0.0144360210529089
GSE109503_4	-0.00584371605524967	-0.0375004268356474	-0.000285492573430191	-0.00673541513645193
GSE109503_5	0.000372306371287026	0.022270909310554	-0.00655871857476322	-0.00588947823404728
GSE109503_6	-0.0064295435815387	-0.0162383231905306	-0.00382645008423757	7.66791105152164e-05
GSE109108_1	0.000107239371462071	0.00442880250297536	0	6.19112403955121e-05
GSE109108_2	0.000256565300272384	0.00965393345684046	0	-0.0129232643748141
GSE109108_3	0.000261650519765222	-0.00310265747512468	NA	-0.00525949444458664
GSE109108_4	-0.000343165960203603	-0.018348333996	0	-0.00337010526732435
GSE70667_1	0.00150602409638554	-0.0294170901835382	0	0.0115101756922229
GSE87608_1	0.00708171575802371	-0.0148853146160291	NA	0.00767807994124354
GSE87608_2	0.00163305216262003	-0.0114440283514181	0	-0.00338114973797584
GSE87608_3	0.00464122112371175	0.0300208410429139	0.00210084033613445	0.00184424591177143
GSE87608_4	0.00614801257021067	0.0326154719353161	0.00537634408602151	0.0174312922285573
GSE90890_1	0.0105841967512232	0.0357816766252451	0	0.00579360650268894
GSE97118_1	0.000893103210704665	0.00347039748727403	NA	NA
GSE97118_2	-0.0120422198700286	-0.0135751882791093	NA	NA
GSE97118_3	-0.00615818019823328	-0.00796115887377708	NA	NA
GSE97118_4	-0.00406212479495793	0.0014263038727358	NA	NA
GSE97118_5	-0.00933474608209692	-0.0213634354726336	NA	NA
GSE97118_6	-0.00222956803142513	-0.00109485435700664	NA	NA
GSE97118_7	-0.00372751455940882	0.00259953561018426	NA	NA
GSE107592_1	0.00380889061168569	0.0496907775519528	0.0019754316753184	-0.00908933091657973
GSE92641_1	-0.00361514793706012	0.00385938608587816	-0.000840625506400908	-0.00362386970242586
GSE107849_1	-0.00129694865998918	-0.0117609701005627	0.0017343643018528	-0.000188011352162874
E-ERAD-89_1	-0.00256046075263213	0.000479355463484383	NA	NA
E-ERAD-89_2	-0.00335812102327774	0.00397005063858259	NA	NA
E-ERAD-89_3	-5.9088320924786e-05	0.00866618553166518	NA	NA
E-ERAD-89_4	0	0.0146436923785202	NA	NA
E-GEOD-45893_1	0	0.0117407792470742	NA	NA
E-GEOD-53105_1	0.0014682342150619	0.00244085139569301	0.00892857142857143	0.00433441486806238
E-GEOD-53105_2	0.00140685053636647	-0.0202020586591507	0.00714737507906388	-0.00435503456005978
E-GEOD-54461_1	-0.00209033432830407	-0.0223674274067739	-0.00114707519821843	0.00559514629744856
E-GEOD-54461_2	-0.00208346019213454	-0.0128078937149144	9.23902140285298e-06	0.0094026162016974
E-GEOD-54461_3	-0.00446902900691974	-0.0153573174474086	-0.0019639665851638	0.0109885458923149
E-GEOD-54461_4	-0.00160847480251461	-0.0204986628358846	0.000290699303886377	0.0070949277198269
E-GEOD-54461_5	-0.00141542999762377	-0.0179261479149355	-0.00377411721024656	0.0137677179885581
E-GEOD-54461_6	-0.00258430597392188	-0.0150756536177689	-0.00273148897197452	0.00739527975135313
E-GEOD-54461_7	-0.00297549659012501	-0.0193741838471962	-0.00194809651381229	0.00724526555465253
E-GEOD-54461_8	-0.000836340559259276	-0.0224087366933353	-0.00206537892955254	0.00753927301914918
E-GEOD-73372_1	-0.0124852515515823	-0.0340195535520527	NA	NA
E-GEOD-73372_2	-0.0121714846374244	-0.0419419802565699	NA	NA
E-GEOD-73372_3	-0.00573200276121584	0.00251218217238381	NA	NA
E-GEOD-75549_1	0.000689593724388369	0.000629828647982727	NA	NA
E-GEOD-76988_1	0.0108268548599223	0.0294887473505155	NA	NA
E-MTAB-2923_1	-0.00425901687824182	-0.0412765706570909	NA	NA
E-MTAB-2923_2	0.00279510095588611	0.0435963755602914	NA	NA
E-MTAB-2923_3	0.00451532801495239	0.020351019674525	NA	NA
E-MTAB-2923_4	0.00516448892792111	0.0188736993127555	NA	NA
E-MTAB-3428_1	-0.000236723297141908	0.0332817693242128	NA	NA
E-MTAB-3428_2	0.000509561333431683	-0.0208733359754362	NA	NA
E-MTAB-3428_3	-8.40359813516055e-05	-0.02750192402911	NA	NA
E-MTAB-3428_4	0.000758492560865649	0.0270112190948681	NA	NA
GSE102856_1	0.000672386633635872	-0.00988122761101796	NA	NA
GSE103492_1	-0.00485094691597312	-0.0246968114245159	-0.00501488095238095	-0.00155826098205157
GSE103492_2	-0.000926021733073979	-0.0152200058610993	-0.00749263435944326	-0.00632824040000899
GSE103492_3	-0.00247459125131546	-0.0172368119155976	-0.00740017860315991	-0.000745317975064694
GSE103492_4	-0.00653293040812589	-0.0071812778341012	-0.00488476092191262	0.00700442060878751
GSE103492_5	-0.000591762928997677	0.0118043082245771	-0.00666666666666667	-0.00226729817415682
GSE103492_6	-0.00105075217773319	-0.00596336857619229	0.000314804821010973	-0.00899818869028345
GSE103492_7	-0.00137539693530404	-0.0201775010532361	0	0.00814415159077507
GSE103492_8	-0.000263933305090395	-3.81690954784962e-06	0.0100627022653722	0.00648319289394327
GSE103492_9	-0.00120299935824762	-0.0150574074255543	-0.00065359477124183	0.00674119290049898
GSE103492_10	0.00182234298676171	-0.0200737925159522	0	0.00560209502452499
GSE106259_1	0.00679239083955101	-0.00931975267240953	0.00114005446015551	0.00276718409278893
GSE110303_1	-0.000617626938430883	-0.0362174854299633	NA	NA
GSE110303_2	0.0103366756753428	0.0429953354340873	NA	NA
GSE110303_3	-0.00155500886592602	-0.0296343980734937	NA	NA
GSE110300_1	-0.00183518945394497	-0.000996473608876924	NA	NA
GSE110300_2	0.0012365239134195	0.0196449449593396	NA	NA
GSE110300_3	0.00305535264045633	0.00652945548883393	NA	NA
GSE110281_1	-0.00643616410438166	-0.0243528332435211	NA	NA
GSE110281_2	0.00579656804327596	-0.023441722579611	NA	NA
GSE110281_3	0.00547634839084821	-0.000512210402948031	NA	NA
GSE104459_1	-0.00221586652339614	0.00120199395209479	0	-0.00563583668389394
GSE104459_2	-0.00331334271274849	-0.0311248470983502	4.57875457875458e-05	-0.00845329809987412
GSE104459_3	9.58754522629029e-05	0.0133829625398771	0	-0.00359834368135947
GSE110051_1	-0.000468262527547132	-0.00769710107440407	0.000562914713576315	-0.00251961759178831
GSE110051_2	-0.0025886692829303	0.00352459735565694	-0.00105707205789805	-0.00125662594479644
GSE110051_3	-0.00179249669189142	-0.00370132994800311	-0.000698432118534294	0.00902449375431031
GSE112694_1	-0.00268382959951083	-0.042552695097419	-0.00188083171183773	-0.00021881911165963
GSE112694_2	-0.00427505546827663	-0.0370540197496411	-0.00165085332828595	-0.00216266741573508
GSE112694_3	-0.000248674216122468	0.0101347245461758	0.000205861268346319	-0.00359122508768616
GSE112694_4	-0.00305347215597821	0.00949927006798655	0.00165949361383237	0.000136498520980414
GSE97232_1	0.0024390243902439	-0.00767921620104642	0	0.000987522379585644
GSE114079_1	0.000782958410077054	0.0106169933749405	NA	NA
GSE114079_2	0.00293148654810762	0.0109720269047364	NA	NA
GSE114079_3	0.00417833398386146	0.0231451960368413	NA	NA
GSE114079_4	0.0129508293829853	0.0192674556158261	NA	NA
GSE104828_1	-0.00414197402649348	0.00965900965788123	NA	NA
GSE114521_1	0.00265199880782328	0.00759611123834563	0	0.00593812838710798
GSE114521_2	0.00817056274644855	0.0103729326494627	-0.00304878048780488	-0.00245578310443492
GSE112413_1	-0.0037910694295511	-0.00408124838165366	-0.00181271056958367	-0.015084741919922
GSE112413_2	4.15149659374354e-05	-0.00451080594757879	-0.000878406343194899	-0.00985843081742056
GSE101909_1	-0.00128310865898963	0.00010779797521419	0.00140090793020287	-0.00960759766767062
GSE101909_2	-0.00483536499121835	-0.0296765850659922	-0.00140756821631544	-0.00923079238347061
GSE114919_1	-0.00272510194747863	-0.0134987750978222	-0.000166608167512342	-0.0123486432365011
GSE114919_2	0.000472103135346482	0.00583077867729134	-0.000760783831777361	-0.00778448280997227
GSE114919_3	-0.00645261210255158	-0.0270492728172581	-0.000883595391129153	-0.0143740052235967
GSE114919_4	-0.00546490699318346	-0.0226237561140259	-0.00072039701726775	-0.0160603636624124
GSE114919_5	0.00421182260437427	0.0185923272960355	-0.00412939463282713	-0.000616862685110354
E-MTAB-5879_1	-0.000123577002628751	-0.00630307932976829	-0.00220927720206779	0.00507692983687948
E-MTAB-5879_2	-0.00300193363419666	-0.0268831059798264	-0.008170693509888	0.00207418869002379
E-MTAB-5879_3	-0.00382280342776272	-0.030284027240175	-0.00590515268880564	-0.0133892187945206
E-MTAB-5879_4	-0.00263346087072514	-0.0302283756899775	-0.0056469396269146	-0.0155288323267184
E-MTAB-5879_5	0.00339718359760387	-0.0153404996637835	-0.00154704642371375	0.00693995206249876
E-MTAB-5879_6	-0.0042337670970635	-0.0264686619993435	-0.00925371784927398	0.00692552140219483
E-MTAB-5879_7	0.00878535051777581	-0.0063724579889171	0	0.011873709864481
E-MTAB-5879_8	0.00864645911374884	-0.00766356267041243	0	0.0107940960683613
E-MTAB-5879_9	-0.00128972433591703	-0.0191203255537352	0	0.0071622993848967
E-MTAB-5879_10	-0.00952346787098082	-0.036815325268492	0	0.0077277300327301
E-MTAB-4294_1	-0.00598289325586067	-0.0283829255637278	-0.000270743849465031	0.00566132471187528
E-MTAB-4294_2	-0.00366372583336512	-0.0122492587615407	0.00137726501673639	0.00905899092006513
E-MTAB-4294_3	-0.00406525452633583	0.0184379566162725	0.0081451194184839	0.0225678307475718
E-MTAB-3186_1	-0.0127565003329694	-0.0555860964851266	-0.0030931037195295	0.00451016372332598
E-MTAB-3186_2	-0.0146481303942015	-0.0545244196664747	-0.00181099463713059	0.00397918105504836
E-MTAB-3186_3	-0.0180316499927157	-0.0581619948970071	-0.00142909187085977	0.0100070328062772
E-MTAB-3186_4	-0.00893694764099699	-0.0362153763099735	-0.00270743541955935	0.00499273946944317
GSE114919_Rat_1	-0.00467955943986489	-0.0148591156864696	-0.00108802336640148	-0.0178981543391332
GSE114919_Rat_2	0.00439660662090786	0.0139439904392879	0.000852037695345709	-0.0035400932913586
GSE114919_Rat_3	-0.00538036862194353	-0.00714026987168008	-0.00198888231681808	-0.0103164066568217
GSE114919_Rat_4	-0.00364395622175273	-0.00901039461702985	0.000108787462223109	0.00167063299741189
GSE114919_Rat_5	-0.000388277860950127	0.00913760505657073	0.00262247504820329	0.0116755790792832
