comparisonID	jaccard	cosine	sigjaccard	chrDir
22659600_1	0.00130890103762005	0.0125447906896379	NA	0.00677005126080878
24361742_1	-0.00206341587554308	0.0122683264922207	NA	-0.00760720443590346
GSE72258_1	0	-0.00374574410836193	NA	-0.0052789968804695
GSE72258_2	0	0.0104751391787838	NA	0
GSE69531_1	-0.00155745944390061	0.0279423798451258	NA	NA
GSE69531_2	0.00358976540521688	0.0659972015059368	NA	NA
GSE69531_3	0.00531174715455025	0.063279493775643	NA	NA
GSE69531_4	-0.00155745944390061	0.0279423798451258	NA	NA
GSE58203_1	-0.00695289206917114	-0.0081287551310376	NA	-0.00719768278985918
GSE58203_2	-0.00536362353967094	-0.000287981919481065	NA	2.96703045988755e-05
GSE58203_3	-0.00147023654324372	0.013260515021842	NA	-0.00769230769230769
GSE58203_4	-9.30795462139482e-05	0.0274244768242424	NA	0.000423167040166587
GSE58203_5	0.00173010380622837	-0.00866444789752253	NA	-0.00164708382106487
GSE58203_6	-0.00293283926162463	0.00310178757219217	NA	-0.00735294117647059
GSE58203_7	-0.00131140653398309	0.0217332302023603	NA	-0.00232785161823233
GSE58203_8	0.00242793665286918	0.0346584788325401	NA	0.00725538971807629
GSE59642_1	0.000477860265390438	-0.00686834078087919	NA	NA
GSE59642_2	0.000580892611576532	0.0112693867970652	NA	NA
GSE59642_3	0.00137662393073106	0.0214004866556985	NA	NA
GSE64922_1	0	-0.0170503691408541	NA	-0.00310446597616661
GSE60162_1	-0.00119585863668098	0.0124789694395149	NA	NA
GSE31685_1	-0.0128800893562276	-0.0326728130607324	NA	-0.0145502645502645
E-MEXP-3890_1	-0.00084880369813909	-0.00615823848487987	NA	-0.00173288028986218
GSE31980_1	3.6368492667041e-05	0.0204414827525088	NA	0.000499555606628895
GSE15615_1	-0.00277988170232065	-0.0125650914362319	NA	0
GSE15083_1	-0.00315756351715256	0.000602559156657388	NA	-0.00776617612332861
GSE108035_1	-0.00185299057141791	-0.010678875959105	NA	0.00162190881118437
GSE108035_2	-0.000866446092438468	-0.0212083376882101	NA	-0.00242805147946266
GSE108035_3	-0.00155873026933398	-0.014215310361775	NA	-0.00197648484662165
GSE21959_1	-0.00113955198378761	0.00148124321770665	NA	0.00538403729361858
GSE21959_2	0.00408995812114472	-0.00411267473427349	NA	0.00539921394914555
GSE24742_1	0.0150778282431151	0.0190172564381987	NA	0.014262958024825
GSE24742_2	-0.0106654419269239	-0.000634629507637887	NA	0.00175133500066283
GSE24742_3	0.013995106548298	-0.0121311628000093	NA	0.00423472957675072
GSE74668_1	-0.00725723140495868	0.0190100266541231	NA	NA
E-GEOD-10024_1	-0.00148882138892525	0.0125442296456671	NA	NA
E-GEOD-10024_2	9.37822139294477e-06	-0.000658189739920173	NA	NA
E-GEOD-12860_1	-0.000122435777407193	-0.0141595573880619	NA	NA
E-GEOD-12860_2	-0.00269126178281987	-0.0369043994063866	NA	NA
E-GEOD-12860_3	0.00112981274560387	-0.0159512210691622	NA	NA
E-GEOD-12860_4	0.00407194323125908	-0.013355926351566	NA	NA
E-GEOD-12860_5	0.00103631417183314	-0.026193442887087	NA	NA
E-GEOD-12860_6	-0.00163118814978829	-0.0310230401746222	NA	NA
E-GEOD-12860_7	0.00214033566702981	-0.0180414056783822	NA	NA
E-GEOD-12860_8	0.00448926768446898	-0.0201688531062815	NA	NA
E-GEOD-14359_1	0.00158327823281329	0.0127869970801707	NA	0.0073669794896792
E-GEOD-14359_2	-0.00575448609773553	-0.050964211781326	NA	-0.0114299449759005
E-GEOD-1919_1	0.0143294803991674	0.0422637302045903	NA	NA
E-GEOD-1919_2	0.00883651085951127	0.0232808756351599	NA	NA
E-GEOD-1919_3	0.00381721123512243	0.00220989181246203	NA	NA
E-GEOD-1919_4	0.0256440713757787	0.100422944571809	NA	NA
E-GEOD-1919_5	0.0119579411065614	0.0717998636925182	NA	NA
E-GEOD-1919_6	0.0247927153369656	0.0893487486573265	NA	NA
E-GEOD-1919_7	0.0151762315917664	0.0510785183794422	NA	NA
E-GEOD-1919_8	0.011502858743206	0.0359854034554689	NA	NA
E-GEOD-1919_9	0.0126972682848674	0.010519588529126	NA	NA
E-GEOD-19664_1	-0.00154170218284611	-0.0145928153283701	NA	NA
E-GEOD-19664_2	0.00127000293667568	-0.00251901162324607	NA	NA
E-GEOD-19664_3	-0.00754530824565594	-0.00279388728439379	NA	NA
E-GEOD-19664_4	-0.00168379900991352	-0.0202112462029802	NA	NA
E-GEOD-19664_5	0.00145413539989005	-0.0223712601074729	NA	NA
E-GEOD-19664_6	-0.00106607753666577	0.00728900190501886	NA	NA
E-GEOD-43923_1	0.00313804369501411	0.00523714169772358	NA	0.00316112971281772
E-GEOD-51812_1	-0.000416762404412695	-0.00359879018113233	NA	0.00390800865800866
E-GEOD-51812_2	-0.000837127835708506	-0.0143945644478329	NA	0.00460293647720583
E-GEOD-68760_1	-0.000504913539631118	-0.00993652898139404	NA	-0.00134738998371131
E-GEOD-82107_1	0.0333493070810933	0.0969823143866947	NA	0.0416754943502825
E-GEOD-9451_1	0.000964272034646775	0.018923912318568	NA	0.00188436325808589
E-GEOD-9451_2	-0.00567668180635752	-0.0289323220261942	NA	-0.00885119981707586
E-GEOD-9451_3	-0.000432610291624497	-0.0360895739304505	NA	-0.00937857833599325
E-GEOD-9451_4	-0.00934224636556616	-0.143008465036011	NA	-0.0534955053449951
E-MEXP-2019_1	0.000448320805507778	-0.0100482542960654	NA	-0.00597719578260636
E-MEXP-2019_2	-0.00325805822826764	0.0078106045702969	NA	-0.00607109021195121
E-MEXP-2019_3	0.000840333076677653	-0.0196309488706464	NA	-0.000304119200492274
E-MEXP-2019_4	-0.00676445550360243	-0.00792270125954701	NA	-0.0111120749116843
E-MEXP-2276_1	-0.00544507535145428	0.0014103140428647	NA	-0.0031460068421908
E-MEXP-2488_1	0.00157073658038887	0.0256139821742518	NA	0.00377913496769886
E-MEXP-3129_1	-0.00479203056975594	-0.00260130825656828	NA	-0.00663548613733746
E-MEXP-3474_1	0.00108240239518178	0.0102777784224278	NA	0.00212966881162659
E-MTAB-3010_1	-0.000290658634890157	0.0165174649679441	NA	NA
E-MTAB-3010_2	-0.000168974814701389	0.00282943173365567	NA	NA
E-MTAB-3010_3	1.51078225716725e-05	0.00140959269044231	NA	NA
E-MTAB-3010_4	1.32979242488578e-05	-0.00409316477165057	NA	NA
E-MTAB-4152_1	0.00209912936213727	0.00412147168447158	NA	-0.00019716790908108
E-MTAB-4152_2	0.00191570881226054	0.0253515690450208	NA	0.00372961551221227
E-MTAB-4152_3	0.00276382763825967	0.0226232147110093	NA	0.00453733262093029
GSE100609_1	1.81080689555268e-05	-0.00359462108781942	NA	0.00617519377871269
GSE100786_1	4.56558462311098e-05	0.00855842022068365	NA	0.0103646149092312
GSE100786_2	0.00932985932985933	0.0135701731273227	NA	0.0135220899263486
GSE103697_1	0	-0.00369976196163122	NA	NA
GSE103697_2	0	-0.00130832622233113	NA	NA
GSE103697_3	0	-0.00483238959563731	NA	NA
GSE104113_1	-0.00248285539381117	-0.0273055341688922	NA	NA
GSE104113_2	-0.00087726954625577	-0.00391651854397288	NA	NA
GSE104113_3	-0.00248285539381117	-0.0273055341688922	NA	NA
GSE10575_1	-0.00616823027308961	-0.0314082688321617	NA	-0.00952416436022993
GSE10575_2	-0.00151360098194223	0.000707452863396753	NA	0.00349119334968392
GSE10575_3	-0.00176597017194643	-0.00754720387004547	NA	0.000817348952846297
GSE13604_1	-0.001759444509827	0.0203813311249719	NA	0.00542328042328042
GSE13837_1	0	0.000959058944955569	NA	0.00143672134332731
GSE13837_2	-0.00383920505871725	-0.00280589278504597	NA	-0.00379704747971805
GSE13837_3	-0.000579794094591318	0.0103260552486119	NA	-0.00610829338335765
GSE13837_4	0.00233940595072939	0.025123875313991	NA	-0.00340358122349287
GSE13837_5	0	0.00792828691787417	NA	0.00144673405841502
GSE13837_6	-0.00388683658011534	0.00718171762093275	NA	0.00199953177254538
GSE13837_7	-0.00314033056748343	0.0236664504371717	NA	-0.00610179339319998
GSE13837_8	-0.000655952236929983	0.0267092338079585	NA	-0.00285591331562804
GSE13837_9	-0.00171544766660558	-0.000903710843844453	NA	-0.0104235166746405
GSE13837_10	-0.00231807067719538	-0.00393779442031492	NA	-0.00986792088557578
GSE13837_11	-0.00173361286998154	-0.0076814802782844	NA	-0.00915732567721067
GSE13837_12	-5.45986719205703e-05	-0.00233451402547595	NA	-0.00427297340340818
GSE13837_13	-0.00161808875163924	-0.00554269470076422	NA	0.00343993651308549
GSE13837_14	-0.00315268307777671	0.00287170566954643	NA	-0.00230212187332005
GSE13837_15	-0.00098204288305712	0.00714625482126135	NA	-0.00339366515837104
GSE13837_16	0.00140189619039805	0.0201275742043313	NA	-0.00128519636248374
GSE13837_17	-0.00193050193050193	3.33581459772919e-06	NA	0.00359754422463739
GSE13837_18	-0.00203665987780041	0.00654347228677214	NA	-0.00436507936507937
GSE13837_19	-0.00120336943441637	0.0159782143315801	NA	-7.52611562120555e-05
GSE13837_20	-0.00164216118550183	0.0218843803262547	NA	-0.00397563376709355
GSE13837_21	-0.00273220557204048	-0.00109300216013997	NA	-0.0135507320502729
GSE13837_22	-0.00402693674110465	8.03640215175966e-06	NA	-0.00972840172978677
GSE13837_23	-0.00429592706973698	-0.00582528639219272	NA	-0.0110916761216769
GSE13837_24	-0.00317626772000006	0.00636929105951465	NA	-0.00206161662048169
GSE16464_1	0.00157650190304281	0.0376986421407414	NA	NA
GSE16464_2	-0.00256059603417044	-0.00607986744972437	NA	NA
GSE19060_1	0.00184885195097901	-0.00442449292329468	NA	-0.000826769135332601
GSE27372_1	0.00396819221707958	0.00162408711906907	NA	0.00183435427417858
GSE27390_1	0.00491322701688555	0.00799399863247977	NA	0.00773793753127852
GSE29106_1	0.00151132702225035	0.0129072299874558	NA	NA
GSE29107_1	0.00464507164785097	0.0306059704891496	NA	NA
GSE29107_2	-0.00436853229356565	-0.0586115256015483	NA	NA
GSE29745_1	0.00189535709088699	0.0202292882232736	NA	NA
GSE29745_2	0.0065841597961841	0.0603380216982939	NA	NA
GSE29745_3	-0.000160519124063308	0.0015987009723975	NA	NA
GSE35546_1	0.0027325318082238	0.00992093266975836	NA	NA
GSE35546_2	0.00501223857666226	0.0133527185909473	NA	NA
GSE35546_3	0.00187491037054197	0.00703703196363399	NA	NA
GSE35546_4	-0.000699576882415696	-0.0126750921094141	NA	NA
GSE35546_5	-0.000470447430921309	-0.00286807691016412	NA	NA
GSE35546_6	0.00179754629962744	-0.00212508127117268	NA	NA
GSE35955_1	-0.0010249211307839	0.012004875813913	NA	-0.00339990439100127
GSE35956_1	0.00138743659179712	0.00702296385720001	NA	0.00543264594682653
GSE35957_1	-0.000637892259504193	-0.0335889680958719	NA	-0.00614842740386779
GSE35958_1	0.00152280482025607	-0.00284980810958385	NA	0.00383707334124184
GSE39340_1	-0.0337291769750948	-0.0761049708134315	NA	-0.0277477950543092
GSE39340_2	-0.00145072397932739	-0.0227746540856076	NA	-0.0100131377758818
GSE39340_3	-0.0252226311117389	-0.0515590747233661	NA	-0.0258539154473824
GSE39795_1	-0.00387418929001894	-0.00601052429919438	NA	-0.00205018914872292
GSE39795_2	-0.00212195067780959	-0.0105492675752234	NA	-0.0108203620660509
GSE39795_3	-0.00357089718791846	-0.0085774342549627	NA	-0.00798701048950301
GSE41038_1	-0.0022452402945424	-0.00292567420787263	NA	0.00287932877457412
GSE41038_2	0.00205376563288334	0.00738112060712904	NA	0.00104921385139575
GSE41038_3	0.00290493762803629	0.00990262920652324	NA	-0.00129242102926313
GSE41992_1	-0.00202632879482788	-0.001023640149389	NA	NA
GSE42235_1	-0.00438800953256045	-0.0103171019399195	NA	0.00161656788299396
GSE42235_2	-0.000133807204745419	-0.0101951035846058	NA	0.00150153382496464
GSE42235_3	-0.00260904873354488	-0.0118607507459351	NA	-0.00724603313840404
GSE42235_4	-0.00452749644853736	-0.016434940968312	NA	-0.00958031722875973
GSE45233_1	0.00431287602057397	-0.00274157681112533	NA	-0.00192016039273113
GSE45233_2	-0.00260818145085776	-0.0241363662906477	NA	-0.00183368931348508
GSE45233_3	0.00179317392585758	0.0116250425786754	NA	-0.00455021834061135
GSE45233_4	0.00456702931034738	0.0255374259550435	NA	0.0121284702440074
GSE46053_1	0.00445961238794386	0.0307782805332519	NA	0.00915887227566595
GSE46053_2	0.00482739569730165	0.028201532869369	NA	0.0105435078373076
GSE46750_1	-0.00161801962913287	-0.00897452665008677	NA	0.00936769719955561
GSE51588_1	0.00205846909194532	-0.0170804477411687	NA	-0.0406787025573945
GSE51588_2	-0.00942575906402615	-0.106236048968716	NA	-0.0117459442812684
GSE51588_3	0.014773545062448	0.137708790646988	NA	-0.0201354408886236
GSE52817_1	0.00121422985891605	-0.00350094925732077	NA	NA
GSE52817_2	0.00143245660292035	0.0177095294462236	NA	NA
GSE52817_3	0.00066004345823894	0.0169420008451186	NA	NA
GSE52817_4	-0.000376670899216934	-0.017021915097624	NA	NA
GSE55235_1	0.0165843940760884	0.0480946610832358	NA	0.00775450856527343
GSE55235_2	0.0142818429325739	0.0477301949606247	NA	0.0148476277508536
GSE55235_3	0.00460514134187739	0.0179632701730517	NA	0.00930965030387858
GSE55457_1	0.00372671576430305	0.00761667231137296	NA	0.00461141399118896
GSE55457_2	0.0021278268885755	0.0134824656670426	NA	0.00494608738903604
GSE55584_1	0.0135551928042557	-0.00889304427200711	NA	0.0087477881849218
GSE57218_1	-0.0040650406504065	0.00809879825760591	NA	-0.0154185022026432
GSE60762_1	-0.000209180015443139	0.000711738050550669	NA	-0.00293037112962192
GSE62914_1	-0.00208461851946283	-0.0153263011780923	NA	-0.00390092821182329
GSE62914_2	-0.002500696409448	-0.0162289525413472	NA	-0.00516917210221644
GSE62914_3	-0.00139330048294078	-0.00554469869739581	NA	-0.00492626581978665
GSE62914_4	0.000481156795342318	-0.00128929257256776	NA	0.00167601554875691
GSE64394_1	-0.000459771216728518	0.0114813932459979	NA	-0.00584702241103317
GSE66635_1	-0.00352315214265171	-0.006306699590231	NA	0.00298967661620653
GSE68038_1	0.00211017012023766	0.00956412546374436	NA	0.0078150263998859
GSE68428_1	-0.00226890139170841	-0.00282151099623273	NA	-0.00616336633663366
GSE68428_2	-0.000114499683921669	-0.00382954296325259	NA	-0.00182716049382716
GSE68428_3	-0.00120611058493749	0.00570874617660666	NA	-0.00748750673952055
GSE69459_1	0.00418415200331101	0.0499893356906034	NA	NA
GSE69459_2	0.00369339512010867	0.0350785042571227	NA	NA
GSE69459_3	0.0102004345915908	0.0165154472975615	NA	NA
GSE69459_4	0.00367587618508149	0.0472466267519619	NA	NA
GSE69992_1	-0.00602464261759296	-0.0349700355090952	NA	-0.00673691169862469
GSE70719_1	0	-0.0297644295073916	NA	0
GSE7116_1	0.00837704451531267	0.0124902647900171	NA	0.0116458595152695
GSE7116_2	0.00257614213197969	0.00223509982729739	NA	3.33444013858129e-05
GSE7116_3	-2.67316741288381e-05	-0.0105875809098796	NA	0.000961031331156909
GSE72575_1	2.15135944466559e-05	-0.0189624553986808	NA	0.00269647876740846
GSE72575_2	0.0018378024852845	-0.0130548245067503	NA	2.76832707066864e-05
GSE72575_3	-0.00492875131221417	-0.00866932980527686	NA	-0.00127551020408163
GSE72575_4	0	0.00432189902982858	NA	-0.00386074626464632
GSE75181_1	0.00363277634843501	-0.00854425236218884	NA	0.00965566902330453
GSE75181_2	-0.00176754752725902	2.82077007112953e-05	NA	0.00180116330268419
GSE75181_3	8.7524471753162e-05	-0.00533187440743993	NA	0.00618038885632227
GSE75230_1	0.00212034426531987	-0.00879801046539934	NA	-0.00450874636471543
GSE7669_1	0.00294117647058824	0.0497591190490406	NA	0.00397807918939303
GSE77916_1	0	-0.0071474990840074	NA	0.00846600625637557
GSE80614_1	0.0029940119760479	-0.0243693127504996	NA	0.00248857595990904
GSE80614_2	-0.00208333333333333	-0.0272937728916489	NA	-0.0034965034965035
GSE80614_3	0	-0.018249778171044	NA	0.00454136322723181
GSE80614_4	-0.00643988572723947	0.00679077027313625	NA	-0.0119318714192503
GSE80614_5	0.0128372479685201	0.0491300077387429	NA	0.0233001812092069
GSE80614_6	0.0135086835737282	0.0788509102248728	NA	0.0316453253703501
GSE80614_7	0.0113228731104479	0.0798027953288119	NA	0.0224651392373823
GSE80614_8	0.0106949921304163	0.0574759458963603	NA	0.018164312548534
GSE80614_9	-0.003125	0.0109408276267558	NA	0.000200722601364914
GSE80614_10	0	-0.00407600648953069	NA	0.00524975717274085
GSE80614_11	0	0.0146180640573393	NA	-0.00140706121159858
GSE80614_12	-0.00420883940620783	-0.0103306352594494	NA	0.00919627960589696
GSE80614_13	0.00161812297734628	-0.00825690747734149	NA	0.0118560092842436
GSE80614_14	0.0188653425086018	0.0335366300833891	NA	0.0158629732873902
GSE80614_15	0.0204045426028602	0.0458939704860909	NA	0.0271048854576614
GSE80614_16	0.0146844984232156	0.0502008586283195	NA	0.0177031853788232
GSE85254_1	-0.00387202306764783	-0.00525136724617375	NA	-0.00197297499320057
GSE86578_1	1.20564725172708e-05	-0.00753486781920474	NA	-0.00183560040953635
GSE86578_2	-0.00194546568627451	-0.00811124217638003	NA	0.00247851200759521
GSE86578_3	-0.00107513096260993	0.014034531921066	NA	0.0025269701508815
GSE9329_1	-0.00787467345470943	0.00648715064396755	NA	NA
GSE93698_1	0.00250516216662633	0.0334459066261357	NA	-0.00225192429813172
GSE93698_2	0.000904667443787098	0.0247000633968889	NA	-0.00737685235329216
GSE93698_3	7.69183762818295e-05	0.0305275379119829	NA	-0.00501959725350452
GSE93698_4	0.00274064765874893	0.0392632817446242	NA	0.00274460613620191
GSE93698_5	-0.000454757121923293	0.0425990294128074	NA	0.00461606924217883
GSE93698_6	-0.00215706023987245	-0.033266470149486	NA	0.0020267258438247
GSE93698_7	-0.00194739344770761	-0.0101941770787364	NA	-0.00629717242475646
GSE93698_8	0.0100070234945177	0.0034387839357115	NA	0.0134088727528716
GSE93698_9	-0.00169005773036592	0.0232625364523754	NA	0.00141063034241365
GSE93698_10	-0.00385842547805959	0.0131160029731317	NA	-0.0145001190430334
GSE93698_11	0.00205151382250674	0.0346855620101096	NA	0.00371433587863505
GSE93698_12	-0.00167944178697075	0.0426988727030225	NA	-0.00300207016777939
GSE93698_13	0.00410938043228688	0.0138548900438837	NA	0.00803276621636901
GSE93698_14	0.00193615082702551	0.0429244936554022	NA	0.0220862755919109
GSE93698_15	-0.00223221833442517	0.0195366559059432	NA	0.000143856276972642
GSE93720_1	-0.0025564383412836	-0.01721451840142	NA	NA
GSE93720_2	-0.00443004056699636	7.60671024111025e-05	NA	NA
GSE93720_3	-0.00136475531353084	0.00573015710580742	NA	NA
GSE93720_4	-0.0040551359274028	0.0125952419289442	NA	NA
E-MTAB-5564_1	-0.00935598135901681	0.0138986288669535	NA	-0.0112614590482828
GSE77753_1	0.00190147682052023	-0.0120930463668697	NA	-0.00248828183605457
GSE43861_1	-0.00596234140277974	0.000395045103144715	NA	NA
GSE112809_1	0	-0.0229495033574524	NA	NA
GSE111946_1	0.00382671585679054	0.0236047033375731	NA	NA
GSE111946_2	0.00337369218544189	0.00763777930289991	NA	NA
E-MTAB-3201_1	-0.00802869511515539	-0.0261700634093598	NA	-0.0197289665729774
E-MTAB-6700_1	0.00133472754876658	-0.00564615304106598	NA	0
GSE54749_1	-0.00434782608695652	-0.00927711648833429	NA	-0.0110292311614992
GSE57218_B_1	-0.000575775005914305	0.0290650070343909	NA	-0.00236818127878597
GSE57218_B_2	0.00406426011264721	0.0333791025589845	NA	0.00367040125696674
GSE57740_1	-0.0158988256549232	-0.0130560892372911	NA	NA
GSE52992_1	0.00126921759207515	0.0661706022984502	NA	0.014555101789221
GSE17160_1	0.00503728347836604	0.0159709744807754	NA	NA
GSE17160_2	-0.0030861801242236	-0.00837603984213804	NA	NA
GSE17160_3	0.00508334640131257	0.0608203710046496	NA	NA
GSE17160_4	0.0064460795511041	0.0118857480321467	NA	NA
GSE17160_5	0.0175594346753376	0.00972162998202545	NA	NA
GSE17160_6	0.00891314613672841	0.00225772082519626	NA	NA
GSE17160_7	0.0124386686170838	0.0778010076947717	NA	NA
GSE17160_8	0.00490954937111363	-0.00331577046414882	NA	NA
GSE17160_9	-0.000706811316865035	-0.0113833046657474	NA	NA
GSE17160_10	8.32952933227317e-05	-0.00563478766960338	NA	NA
GSE17160_11	-0.000342828882746185	0.00358715383338254	NA	NA
GSE17160_12	-0.00102531723673244	-0.0153429059685061	NA	NA
GSE22971_1	-0.0416222202468258	-0.0651020150901519	NA	-0.0343761497883257
GSE22971_2	-0.00777184808208177	-0.0381620234410533	NA	-0.0059724396141387
GSE22971_3	0.0124755970715205	0.191638324161366	NA	0.0594329829940079
GSE22971_4	0.0185600054779516	0.215957495679102	NA	0.0789686069727591
GSE13590_1	0.00300532800532801	0.017622336977757	NA	0.0115645627336108
GSE13590_2	0	-0.00309897314539698	NA	0.0115207373271889
GSE99731_2	0.0304036925416329	0.0571337191733589	NA	0.0542041056066181
GSE99731_3	-0.0188240443913003	-0.19325490071765	NA	-0.0161304507328411
GSE27492_1	0	0.026270076636313	NA	-0.0145434890941647
GSE27492_2	0.00976748618258052	0.0817591186213219	NA	0.0214328334854687
GSE27492_3	0.0267366562009419	0.14699090824239	NA	0.0419238270034248
GSE27492_4	0.0342818679660281	0.146020669012515	NA	0.0434664553780571
GSE27492_5	0.0403725326661106	0.166887094404648	NA	0.0587203577685333
GSE27492_6	0.00364709240606141	0.0456378928409574	NA	0.00745501972906266
GSE27492_7	0.00516227025818471	0.0547110614523154	NA	0.00715465370637784
GSE27492_8	0.00322643480769591	0.0359916301188756	NA	-8.12193416981546e-05
E-GEOD-15069_1	-0.00222146274777854	-0.00433300283868866	NA	0.00531553475667133
E-GEOD-15069_2	-0.0200535440679071	-0.0884191484220251	NA	-0.0177083277921111
E-GEOD-15069_3	-0.00331019737571439	-0.0625373615895155	NA	-0.00575692547434162
E-GEOD-15069_4	0.00254793991209004	-0.00153451436710352	NA	0.00444447778202213
E-GEOD-15118_1	0	-0.0258977808999017	NA	NA
E-GEOD-15118_2	0	0.0130127664919311	NA	NA
E-GEOD-15118_3	0.00178566823960187	0.0205369917603745	NA	NA
E-GEOD-15118_4	0	-0.00325791699061332	NA	NA
E-GEOD-16007_1	-0.0156038869338035	-0.0400137530922183	NA	NA
E-GEOD-17473_1	-0.00640468048016733	0.0303841512005767	NA	-0.0010872508207263
E-GEOD-18647_1	-0.00446527381304192	0.0431658994507226	NA	0.00319127548043211
E-GEOD-18647_2	7.40277752522001e-05	0.0163249653181205	NA	-0.000424498286785103
E-GEOD-18647_3	-0.00530562403011775	0.016082563764298	NA	-0.00316973744771913
E-GEOD-18647_4	-0.00205402272636503	-0.0072626586463185	NA	-0.0036555029223616
E-GEOD-18648_1	4.65653874744782e-05	0.0457561365365154	NA	-0.00136426500376207
E-GEOD-18648_2	0.0098350315880328	0.0472340171721358	NA	0.010136270616174
E-GEOD-2154_1	-0.0132450331125828	-0.0588494987966725	NA	-0.00637010660933459
E-GEOD-2154_2	0.00510422656843681	-0.0187508703399741	NA	-0.00301658857870109
E-GEOD-2154_3	-0.00634409747094393	-0.0103987904579329	NA	-0.0151180716137622
E-GEOD-2154_4	0.00468336018144848	0.0310844639805792	NA	-0.00122657384779465
E-GEOD-26475_1	0.0136529968721645	0.0431739183732044	NA	0.0207800261747425
E-GEOD-26475_2	0.056153506502699	0.15671740664315	NA	0.0309062512622353
E-GEOD-26475_3	0.0165529637648597	0.0741182305595108	NA	0.0158746137890764
E-GEOD-33567_1	-0.00172597020598329	-0.0482376427893387	NA	NA
E-GEOD-33567_2	0.00161544179087159	0.0496761429806094	NA	NA
E-GEOD-37287_1	-0.000914558056039555	-0.0156569617364544	NA	NA
E-GEOD-37287_2	-0.000932294368820381	-0.00467436596120864	NA	NA
E-GEOD-37287_3	-0.000813683282731438	-0.0384158613614655	NA	NA
E-GEOD-51994_1	0.00340038325340878	0.00078239220232456	NA	-0.00317903731418748
E-GEOD-51994_2	0.00354842391812888	0.0122469728012698	NA	-0.00418647790714284
E-GEOD-51994_3	0.000709224910370378	0.0179126064839551	NA	0.00621747211895911
E-GEOD-65077_1	0.00304878048780488	0.0121870762154674	NA	NA
E-MEXP-1244_1	0.0068439256392241	-0.0177364622914966	NA	NA
E-MTAB-1123_1	-0.00169039440911961	-0.00681586858687742	NA	-0.0172105781667244
E-MTAB-1123_2	0.00492393667545917	0.0242307236809897	NA	0.000128078096910406
E-MTAB-1123_3	0.0241308785023607	0.0622983119984156	NA	0.0287559238154346
E-MTAB-1123_4	0.0217032967032967	0.0337454382811188	NA	0.0124582832732612
E-MTAB-1391_1	-0.00856979638601349	-0.0651936851277893	NA	-0.00298699903298593
E-MTAB-1391_2	-0.00620037964623421	-0.107784541219402	NA	-0.0246593531285161
E-MTAB-1391_3	-0.00841879294499827	-0.100922407621848	NA	-0.0148463628589328
E-MTAB-2450_1	0.00126171491359791	0.0402818266359152	NA	0.0073276058390836
E-MTAB-2450_2	-3.21923794772217e-05	0.0377080791910506	NA	0.000647002536278836
E-MTAB-2450_3	0.00110532516498588	-0.021698599081922	NA	-0.00468157283774431
E-MTAB-2450_4	-0.00493612641821635	-0.0201326273152464	NA	0.000330667435930593
E-MTAB-5023_1	0.00363234198126445	0.0358413565053786	NA	0.0319256372467768
E-MTAB-5326_1	-0.00272956030746309	-0.0328970179964012	NA	NA
E-MTAB-5326_2	0.000224835600419016	-0.0416602138609507	NA	NA
E-MTAB-5326_3	-0.000251296775419292	-0.0413763175323132	NA	NA
GSE102588_1	-0.00570385628189783	0.00936260558034651	NA	-0.0259646234185623
GSE104793_1	-0.000656125252120597	-0.0142942641709223	NA	-0.000959051490632356
GSE104794_1	-0.00149065340177787	0.00824309694018862	NA	-0.00449952751590409
GSE104795_1	-0.00272305895648221	0.00573705432710101	NA	-0.0054702371632766
GSE105139_1	0	0.0167918506816178	NA	0.0138026998943041
GSE105139_2	-0.00907976804260937	-0.0568106979969098	NA	-0.0181527873614018
GSE105139_3	-0.0145797995163002	-0.0691505564244053	NA	-0.0274039174563272
GSE10555_1	0.00043282876766895	0.0280452522194916	NA	NA
GSE10556_1	-0.0104749435735351	0.0373214021589822	NA	-0.00895607982284815
GSE106631_1	-0.00227608998520071	-0.0133704598262617	NA	-0.0108220502206862
GSE13104_1	-0.00106725888401167	-0.0390546765589878	NA	NA
GSE13104_2	0.000112420035108426	-0.0220191095922945	NA	NA
GSE13104_3	-0.00153420267609603	-0.0641999058081179	NA	NA
GSE16749_1	1.94457267634106e-06	-0.00675562553817413	NA	NA
GSE16749_2	1.80667514499292e-05	0.000219898329597382	NA	NA
GSE16749_3	0.00563378217995868	0.0215353373801564	NA	NA
GSE17348_1	0.000103999494140761	-0.00318507596690578	NA	NA
GSE17563_1	-0.00336131356221328	0.0260137743977921	NA	NA
GSE17563_2	-0.00323390571103763	-0.0208489925282216	NA	NA
GSE17569_1	-0.000920508729154112	-0.026974297589335	NA	NA
GSE17569_2	-0.00383270222223568	-0.107653903630652	NA	NA
GSE17570_1	-0.00142477473814032	-0.103087662300445	NA	NA
GSE17570_2	0.00369037280249134	-0.0224303605250049	NA	NA
GSE18991_1	0	0.0250233620563226	NA	0.00463719318383671
GSE18992_1	0	-0.0193003576449353	NA	-0.0108158589033465
GSE19299_1	-0.0014733398272858	0.00520808327035808	NA	-0.00960439433920266
GSE20850_1	0.0014193126787794	0.027206159268312	NA	NA
GSE21093_1	0.00155788867343962	0.023442737122014	NA	NA
GSE21523_1	0.00452114246291981	0.0353257945626163	NA	NA
GSE21639_1	0	0.000581894422596017	NA	NA
GSE21639_2	0.00631925726265349	0.00408703937621559	NA	NA
GSE21639_3	1.89039490349533e-05	0.00591222512770275	NA	NA
GSE21639_4	-0.00103684101589621	0.000651908207735624	NA	NA
GSE21710_1	0.0011403320923478	0.0200887618568676	NA	NA
GSE21710_2	-0.000190930430394637	0.0189525446083867	NA	NA
GSE21710_3	0.00114417392846709	0.0237857607569277	NA	NA
GSE22925_1	-0.00276703890683238	-0.00188797261351519	NA	0.0202856982657754
GSE22925_2	0.00612143530930831	0.0619849338526503	NA	0.0389114822205385
GSE26499_1	-0.00511945365744314	-0.0475570154457658	NA	NA
GSE30160_1	0.00178390270091426	-0.00573158952488536	NA	0.00346595253506099
GSE30628_1	-0.00536452944996224	0.00830638265516074	NA	-0.00745183696214624
GSE30628_2	0.000873934062566527	0.00387729507025148	NA	-0.00040679843673785
GSE32163_1	0.00185430923203966	-0.0082356855631511	NA	0.00830160103426696
GSE33656_1	-0.0216945635844265	-0.156867185672542	NA	NA
GSE33754_1	0.0259612444652834	0.0240364502365423	NA	0.0147842547844967
GSE33754_2	0.0295788453193238	0.0907545923602755	NA	0.0517897177170032
GSE33754_3	0.0381972181886712	0.132309108961901	NA	0.0512966333030027
GSE34570_1	-0.00365774156752242	-0.0607989675349943	NA	NA
GSE35003_1	-0.00637839099214311	0.00851657951991745	NA	NA
GSE35466_1	-3.5222627317138e-05	-0.0301938304758487	NA	NA
GSE35466_2	-0.00159765805032126	-0.0170365179282221	NA	NA
GSE35466_3	-0.00112338118305326	-0.0415314076486351	NA	NA
GSE35466_4	-0.00396761924931759	-0.0183747519027087	NA	NA
GSE35466_5	0.00535848433409409	0.0181202871301789	NA	NA
GSE36925_1	0.00416182733255904	-0.014474621938614	NA	NA
GSE36925_2	0.00782201882335985	0.0385264157041424	NA	NA
GSE36925_3	0.00626916913854373	0.0412246220782445	NA	NA
GSE37219_1	0.00186904237055963	0.0283788629149987	NA	NA
GSE37676_1	0.00479768160673122	0.0278608391328255	NA	0.00610255377868456
GSE41342_1	0.020552444366387	0.0775384443146598	NA	0.0203406412069778
GSE41342_2	0.0542650322841001	0.102758070329563	NA	0.0366579387894233
GSE41342_3	0.0236220472440945	0.0956767907353835	NA	0.0393103065507479
GSE41342_4	0.0134006846455707	0.069067072173436	NA	0.0238298533459117
GSE41997_1	0.0178355000487403	0.087530955797341	NA	0.015116572604328
GSE43242_1	-0.0364323534918138	-0.0839839251621978	NA	-0.0315638705249502
GSE43242_2	-0.0232749016525936	-0.0670888773553933	NA	-0.0448824387014004
GSE43663_1	0.00387596899224806	-0.0516056401178877	NA	-0.00567148490488191
GSE43854_1	-0.00287620775542481	-0.0423839109718266	NA	NA
GSE45656_1	0.000725189552301787	0.0308779549938865	NA	NA
GSE45656_2	0.0017947646709965	-0.0383938619247897	NA	NA
GSE45656_3	0.00100849261548495	-0.0266823565358369	NA	NA
GSE45793_1	-0.00127232985262808	0.040614229436016	NA	-0.01058086447457
GSE45793_2	-0.000634687475297857	0.0337287812349169	NA	-0.00240349544303228
GSE45793_3	-0.00580753716127512	-0.00771689484659989	NA	-0.0105908585566239
GSE45793_4	0.00201823084000442	0.0393445218813619	NA	-0.00290935665540847
GSE45793_5	-0.00349536809522418	-0.00583403520750943	NA	0.0031072484426143
GSE46390_1	-2.68470790378006e-05	0.01803127739361	NA	NA
GSE48438_1	0.00626508960342396	0.0391362835082427	NA	0.00744685750186789
GSE50549_1	-0.00115207373271889	-0.00919723337687868	NA	-0.00220264317180617
GSE50549_2	-0.00305603845558353	-0.020551808080481	NA	-0.00602617079889807
GSE51098_1	0.000239268932036968	-0.0449807153224622	NA	-0.0089967314828507
GSE53857_1	-0.0248357870279895	-0.0228145938658829	NA	-0.035281713900135
GSE53857_2	-5.56947925368975e-05	0.0108017321897826	NA	0.0243129752917976
GSE53857_3	-0.00393290919606709	-0.0146325405967435	NA	-0.0144987292321286
GSE53982_1	0.00361394518721436	-0.0355964151396708	NA	-0.00716217038304257
GSE53982_2	-0.00364963503649635	-0.051775503602906	NA	-0.00897347333517546
GSE54779_1	0.00481667564093627	0.0733504980302009	NA	0.00841152736191179
GSE55900_1	0	0.0170979301473647	NA	-0.00224938896055401
GSE57104_1	0.00380023986835132	0.0348951333187195	NA	0.00271436109419625
GSE59387_1	-0.00465887697165412	-0.0344622172175983	NA	NA
GSE60401_1	-0.00452485009784576	-0.032008652435272	NA	NA
GSE60401_2	0.00138650582510456	0.00504525443004294	NA	NA
GSE60651_1	-0.00391310095934088	-0.00684987564192659	NA	NA
GSE60737_1	-0.00293905919185399	-0.0486989710184918	NA	NA
GSE60761_1	-0.00352077001013171	0.0139115148225179	NA	0.00903185866873637
GSE60761_2	0	0.0112079661517199	NA	6.79131297395743e-06
GSE60761_3	-5.63291032865919e-05	-0.0152356740760848	NA	-0.0264648611107342
GSE60761_4	-7.80492171785618e-05	-0.0107299132199383	NA	-0.0202543157056965
GSE63017_1	0	-0.00257453953391409	NA	0.00181818181818182
GSE63017_2	0	-0.00223174515188829	NA	-0.00432900432900433
GSE63017_3	0.00015636035029292	-0.0158017004872339	NA	-0.00928641251221896
GSE63017_4	0	-0.00327570192955335	NA	0.00373134328358209
GSE63939_1	-0.00665695291641217	-0.0344885081427228	NA	-0.0109409398966518
GSE63939_2	-0.0079585172819292	-0.0764110056803345	NA	-0.0215425344398331
GSE64141_1	0.0011933986249579	0.00831681568249218	NA	NA
GSE64965_1	-0.00266437794292209	-0.0315049189524156	NA	-0.00625605180343742
GSE65745_1	0	0.00620089264347258	NA	-0.00280407141424776
GSE65745_2	0.00423728813559322	0.0196245492540757	NA	0.000323961587411778
GSE65745_3	0.00423728813559322	0.0161054400403513	NA	0.002767400027674
GSE66416_1	-0.000813952198499818	0.0118707773700846	NA	NA
GSE66862_1	-0.00487594880725454	-0.0349319141936733	NA	-0.00600595921491444
GSE69108_1	-0.00053724564917669	-0.00233869776861574	NA	-0.00105487703388875
GSE71565_1	0.00108691866025485	0.00547223313399697	NA	NA
GSE72261_1	-0.00721633008894048	-0.0114123442649695	NA	-0.0151128375878653
GSE72261_2	-0.00449709890414549	-0.0134678134020755	NA	-0.0171136000777471
GSE72261_3	-0.00544024999693719	-0.022181014474725	NA	-0.00967388733363566
GSE7683_1	-0.00418529828770858	-0.0380756399018876	NA	-0.00252719759707526
GSE7683_2	0.00142738423182874	-0.0265980289952833	NA	-0.000133221812215308
GSE78980_1	-0.00112347969490827	-0.0193558633388147	NA	NA
GSE78980_2	0	0.0289331094135584	NA	NA
GSE78980_3	-0.00263157894736842	-0.00323759715787593	NA	NA
GSE78980_4	0	0.0058572871589203	NA	NA
GSE78980_5	0.00813008130081301	0.00802306112477934	NA	NA
GSE78980_6	0.00423728813559322	-0.00793240841800774	NA	NA
GSE78980_7	0.00119659421422179	0.00775964934515699	NA	NA
GSE78980_8	-0.0014452624868176	-0.0054446228109081	NA	NA
GSE78980_9	0.00191588335636443	0.00407329537099098	NA	NA
GSE78980_10	-0.00142262978094772	-0.00611704040449448	NA	NA
GSE81399_1	-0.00255022235823036	0.0190208274214657	NA	-0.00335722951375383
GSE84609_1	0.00389253989582352	0.0723947415806204	NA	0.014985073633572
GSE84907_1	0.00190095309460013	0.0119335668175612	NA	0.00133996629692656
GSE84907_2	0.00273278912645917	0.0158277516529801	NA	-0.00167383087364403
GSE84907_3	0.00115051880664549	0.00689907453638467	NA	-0.00508537820017478
GSE90127_1	-0.00499741811413878	-0.0709273470255469	NA	NA
GSE90127_2	0.00180839036716058	0.0443716185569206	NA	NA
GSE90127_3	-0.00604343534053513	-0.0873781114476564	NA	NA
GSE9247_1	-1.25619404884661e-05	-0.00888214532600733	NA	-9.95804285988536e-05
GSE9247_2	-0.00103242701909699	-0.0386320974882265	NA	-0.00227017887597901
GSE9247_3	-0.00292397660818713	-0.0241695105802439	NA	-0.000184975090021211
GSE99306_1	-0.00020819020394973	0.0158846509040816	NA	-0.000549227215916416
GSE99306_2	-0.000250933546323577	0.0294740047332771	NA	0.0171729261976328
GSE99306_3	-0.00466550419893589	-0.0222567618747306	NA	-0.0136970950260246
GSE99306_4	0.000395350952650824	0.0380516871968359	NA	-0.000608612895209437
GSE99306_5	-0.0016534894772778	0.0233855280480437	NA	-0.000591133905077478
GSE99306_6	0.00371145475779673	0.0425672116836952	NA	0.00907952063442584
GSE99306_7	-0.0162317312911271	-0.0517300063568539	NA	-0.0152660694427319
GSE99306_8	0.00287646052059384	0.0593890671432501	NA	0.00945761129434405
GSE99306_9	0.00502469997267383	0.0569640697337089	NA	0.00894274449074764
GSE99306_10	-0.00289855864581251	-0.0144061497999163	NA	-0.00372630972633327
GSE99306_11	-0.000538568348562393	0.019297885244287	NA	-0.00173750609861011
GSE99306_12	0.00460971006372874	0.056877556318698	NA	0.0119945511232808
GSE99306_13	-0.0188525093003136	-0.0594928366311702	NA	-0.0273773645505973
GSE99414_1	-0.00540540540540541	-0.0377782213573632	NA	-0.00107479686788903
GSE110581_1	0.00621693121693122	-0.0374615334647139	NA	0.007855598217044
GSE110581_2	0	0.0212689540964882	NA	0.00612736259670489
GSE47799_1	-0.00657894736842105	-0.0294732385254711	NA	-0.00391937290033595
GSE47799_2	0	-0.00732120478584775	NA	-0.00214592274678112
GSE47799_3	-0.00308641975308642	-0.0135976983661985	NA	-0.00469483568075117
GSE111628_1	-5.96302921884312e-05	-0.00897427948887152	NA	NA
GSE111628_2	0.004611858314494	-0.00468833246239597	NA	NA
GSE111628_3	0.00416607320894459	-0.00842191058126961	NA	NA
GSE5657_1	-0.00505505962873352	-0.0776137120910166	NA	-0.0145808247043891
GSE5657_2	0.00765992183991707	-0.017143830170423	NA	0.00561003035575464
GSE13782_1	0.00251718113848551	0.0379912198890662	NA	0.0282633842825361
GSE41039_1	0.0223804065874404	0.0728826143828397	NA	0.0340368143826828
GSE84198_1	-0.00260416666666667	-0.0135568462165392	NA	-0.00957221273629125
GSE84198_2	-0.00267248431960731	-0.0290563307045658	NA	0.00188887826440941
GSE84198_3	-0.00192125221249959	0.0250279733835721	NA	-0.00368443918818156
GSE114469_1	0.00415995326162749	0.0288002105631267	NA	NA
GSE108036_1	-0.00891874247971122	-0.0955484392852455	NA	-0.0311153366731285
GSE60451_1	0.038859149168397	0.188654288338512	NA	0.0484936968439759
GSE47902_1	0.00378787878787879	0.0108223216093338	NA	NA
GSE44325_1	-0.000833159249472557	-0.0101311292352539	NA	NA
GSE4481_1	-0.0087719298245614	0.0177063444946489	NA	-0.00721079573523426
GSE4481_2	-0.00836120401337793	0.00162016071053515	NA	-0.0127467437021577
GSE4481_3	0.0045045045045045	0.00239145227062298	NA	-0.0108924613143617
GSE102292_1	0.0214114954742137	0.0694018994964933	NA	NA
GSE102292_2	-0.0370643776076372	-0.0813935498258858	NA	NA
GSE102292_3	-0.00739375435767073	-0.0395456680384525	NA	NA
GSE102292_4	-0.00120847470717942	-0.01302573168657	NA	NA
GSE41898_1	-0.0176322263748644	-0.0999482146585367	NA	-0.0355353292327325
GSE87605_1	0.0111660351149989	0.0688331795729632	NA	0.0174690387646859
GSE87605_2	-0.00103681762951173	-0.0025173691455008	NA	0.0144065002394382
GSE87605_3	0.00450193065151982	0.0411963033096298	NA	0.0213472358758956
E-GEOD-54216_1	-0.00461291612492071	-0.0462933217807588	NA	-0.013405259726528
E-GEOD-54216_2	-0.00494258877700564	-0.0534100514186088	NA	-0.0275347940315711
E-GEOD-54216_3	-0.0073500920537095	-0.0285803806134027	NA	-0.00757429331579008
E-GEOD-6119_1	-0.000421486159533823	-0.00396327106657546	NA	-0.00060031033008911
E-GEOD-6119_2	0.000261941447501784	-0.00550682093416783	NA	-0.00199830671372306
E-GEOD-6119_3	0.000582359562338067	-0.00266720355355917	NA	0.00146500618565571
E-GEOD-8077_1	0.000343902003089533	-0.0278580383980504	NA	-0.0098161110915237
E-GEOD-8077_2	-0.0101390812528896	-0.017180761634285	NA	-0.000852696903009161
E-GEOD-8077_3	-0.00191238235006209	0.0129888857262163	NA	0.00509634446126382
GSE103416_1	0.00688781662296677	0.0507610272383251	NA	0.00597189695550351
GSE103416_2	0.0217057414016467	0.141809330963279	NA	0.0383728577353943
GSE103416_3	0.0269352359219923	0.196355412620688	NA	0.0621557571402985
GSE19950_1	-0.00359681479253408	-0.0656186491388073	NA	-0.0029681852072067
GSE30322_1	0.000296196899529645	0.00956760202772249	NA	0.00685810040508099
GSE30322_2	0.00455432879271118	0.00995149828031737	NA	0.00379738526467958
GSE30322_3	-0.00358922679740674	-0.00456631477002109	NA	-0.00926851405712493
GSE42295_1	0.0160516989785282	0.0657400354362802	NA	0.0229864186402964
GSE42295_2	-0.0099241429556585	-0.00417049264694665	NA	-0.00755491212919623
GSE42295_3	-0.0138975557130712	-0.0194493318974273	NA	-0.0118158445540605
GSE66554_1	-0.00609210271175999	-0.0752154476904757	NA	-0.03899541195094
GSE66554_2	-0.011983164934345	-0.0593073458078919	NA	-0.0475267240203118
GSE66554_3	-0.0141216766416673	-0.0603432705673029	NA	-0.00992705662959047
GSE66554_4	-0.00307764484581809	-0.0584910397796334	NA	-0.000480365155332601
GSE74898_1	-0.0116643254350595	-0.0696546213133227	NA	-0.0324409160538528
GSE74898_2	-0.0134581096657527	-0.0679822239775729	NA	-0.0226804720436796
GSE74898_3	-0.0119626317963988	-0.0890325308320453	NA	-0.0310995579191927
GSE79176_1	0	0.00280488127973037	NA	NA
GSE79176_2	0.00384615384615385	0.0102165817160847	NA	NA
GSE79176_3	0.00403225806451613	0.00840726145939434	NA	NA
GSE85785_1	0.0126176247408415	0.0419488126251987	NA	0.0364973248485094
GSE16981_1	0.0027064659515976	-0.0125780072899448	NA	0.00819810326659642
GSE16981_2	0.00154207224446823	-0.0115653690537156	NA	0.00151556668684781
GSE16981_3	0.00321858872220675	-0.00481590006986756	NA	0.0119894883086925
GSE16981_4	0.00321858872220675	-0.00481590006986756	NA	0.0119894883086925
GSE16981_5	0.0249458234830575	0.0332269242801025	NA	0.020419815006877
GSE16981_6	0	0.00509774799184748	NA	-0.00188492063492063
GSE16981_7	0.00822344322344322	-0.003982990848858	NA	0.00927735983281684
GSE29859_1	0.00241783096003792	-0.0316005067057497	NA	-0.0298105400514049
GSE29859_2	0.00155335764234277	0.0098212619607943	NA	-0.0193788932553715
GSE23492_1	-0.000144417945534376	-0.0152612529014672	NA	NA
GSE23492_2	0.00100876271944734	-0.00590583313220723	NA	NA
GSE23492_3	0.000381027296230446	-0.00396991322195639	NA	NA
GSE23492_4	5.6937548807267e-08	0.0171753702759929	NA	NA
GSE23492_5	-0.00293563309302583	-0.0228042309789112	NA	NA
GSE44991_1	0.00416117500832324	0.0348779248221284	NA	0.0154618529612355
GSE44991_2	-0.0106710343458408	-0.0288656554783676	NA	-0.00351278465674882
GSE39796_1	-0.00317061116033501	-0.0330915480958171	NA	NA
GSE39796_2	-0.00410287228055308	-0.0148497035333866	NA	NA
GSE39796_3	-0.00151994329407166	-0.0308508707792814	NA	NA
GSE18394_1	0.00151934906785505	0.0403497796145763	NA	0.0093293145245097
GSE18394_2	0.0033569400350326	0.028496637054902	NA	0.00571713291800093
GSE18394_3	8.63919365556149e-05	0.0228764220061014	NA	0.012159112463476
GSE29233_1	-0.00406987178831839	0.0201940621074676	NA	NA
E-MEXP-2291_1	-0.00159374035232598	-0.0220596278780285	NA	NA
E-MEXP-2291_2	-0.00634869944588569	-0.0311950900288174	NA	NA
E-MEXP-2291_3	0.000849083957434324	0.00774915822732204	NA	NA
GSE18738_1	-0.00106157735529043	-0.0255201895130518	NA	7.9286351956271e-05
GSE107363_1	0.00153374233128834	0.028984365462033	NA	NA
GSE85761_1	4.30239666579757e-05	-0.0267445824133472	NA	NA
GSE89179_1	-0.00186539665506964	-0.0346753252858532	NA	NA
GSE89179_2	-0.00668917146189071	0.00625582119624869	NA	NA
GSE89179_3	-0.00592838855490121	-0.0451633571770243	NA	NA
GSE89179_4	-0.00602596674806108	-0.0198416807654657	NA	NA
GSE89179_5	-0.00485871931973925	-0.00298074952430775	NA	NA
GSE89179_6	-0.00389938433214628	-0.00862318058274562	NA	NA
GSE89179_7	0.00237803903822281	0.00750402294236739	NA	NA
E-GEOD-57723_1	-0.00346116452828106	0.0130183767968891	NA	NA
E-GEOD-57723_2	-0.0051896389538735	0.00381016592884679	NA	NA
E-GEOD-57723_3	-0.000557461838524174	0.0185898532347707	NA	NA
E-GEOD-83930_1	0.00282485875706215	-0.000912003304258533	NA	NA
GSE100268_1	0.000155386279720331	-0.000914985555851458	NA	NA
E-GEOD-55769_1	1.31276665572694e-05	-0.00865930859811001	NA	-0.000967566767043491
E-GEOD-55769_2	0	-0.0055537041501725	NA	-0.00121654501216545
E-GEOD-55769_3	-0.00144092219020173	-0.0188748128303215	NA	-0.00453077573017568
E-GEOD-69110_1	0.00363231582456307	0.0024190542899659	NA	0.00462256957682043
E-MTAB-4304_1	-0.00170716063758303	0.0294830764393297	NA	-0.00171037040664853
E-MTAB-4879_1	0.000118602892951063	-0.0059930501609665	NA	0.00334686973687343
E-MTAB-4879_2	0.00342562160615175	0.0142939190080869	NA	0.00520553503516282
E-MTAB-4879_3	0.00242955164837192	0.00280574228424915	NA	-0.00130996478514937
E-MTAB-4879_4	0.000317081656523095	-0.0211453530141835	NA	-0.00202995773564558
Cytokine_Explant_1	-0.00266517046901992	0.00512299315563537	NA	-0.0137068656295409
Cytokine_Explant_2	-0.000621826157331261	0.00507665777036361	NA	-0.00636409672452005
Cytokine_Explant_3	0.0012368290650784	0.00310373912551493	NA	0.000489577827876611
Cytokine_Explant_4	-0.004292245711009	0.00355804243963391	NA	0.0152069189136444
Cytokine_Explant_5	-0.00267710872639113	-0.00911354870878191	NA	-0.000633825309788846
FN1_Explant_1	-0.00190805423363563	0.00200386438083383	NA	-0.00349886066072104
E-MTAB-6266_1	0.00569446950718435	0.0531103555315971	NA	0.00594563740105685
E-MTAB-6266_B_1	0.00496400236445266	0.0457816508220209	NA	0.00355892091087252
E-MTAB-6266_B_2	0.00625802734493371	0.0499035013216421	NA	0.00701906148113717
E-MTAB-6266_B_3	-0.00156256734456012	0.00287223524773854	NA	-0.00640460661613491
GSE74220_1	-0.00197813154708007	-0.0108238808170067	NA	-0.00614617940199336
GSE114007_1	0.00209514433249768	0.0331855811839282	NA	-0.0015875169431607
GSE109503_1	-0.00448439944576496	0.00479485132330128	NA	0.0046139754452097
GSE109503_2	0.00418149542536646	0.0151996147939511	NA	0.0137513312034079
GSE109503_3	-0.00452719128023188	-0.00768806442388601	NA	0.00825959151408413
GSE109503_4	0.00277509083500458	0.0394331108163797	NA	0.0023624102571471
GSE109503_5	-0.000143123369155833	0.0191429238356581	NA	0.00291174866906048
GSE109503_6	-0.000137050136958487	0.00589176940003172	NA	0.000102732663282699
GSE109108_1	-0.00371543212048472	-0.02775786503842	NA	0.00366640810606231
GSE109108_2	-0.00514374026188051	-0.0373759480218767	NA	-0.00251097064461448
GSE109108_3	0.000631149880378422	-0.00647415719375353	NA	-0.00227556048044007
GSE109108_4	0.00624358759717876	0.0147947876521875	NA	0.00236523798195657
GSE70667_1	0.00427350427350427	0.0447188939618358	NA	0.00892857142857143
GSE87608_1	0.0385578698814827	0.0556001599516177	NA	0.0141749156597223
GSE87608_2	0.0117450621942537	0.0430269376680326	NA	-0.00850647870265156
GSE87608_3	-0.0163728172762171	-0.0401041138134782	NA	-0.0165972752737459
GSE87608_4	-0.010468868273343	-0.0507012187449946	NA	0.0031889540951796
GSE90890_1	-0.00730086783847968	-0.0228467041909874	NA	-0.0280823247362439
GSE97118_1	-0.007620993985556	-0.0573257444503155	NA	NA
GSE97118_2	0.0184293559692119	0.0666991121998163	NA	NA
GSE97118_3	-0.00850903964550007	-0.050178198766585	NA	NA
GSE97118_4	0.0196213991418192	0.0679464279500771	NA	NA
GSE97118_5	-0.0222002866167917	-0.0458945632082972	NA	NA
GSE97118_6	-0.00668656793615044	-0.0208346810583197	NA	NA
GSE97118_7	-0.0407234297981196	-0.0817671568910925	NA	NA
GSE107592_1	0.000853953128377104	-0.0257753782836818	NA	0.00376342585046022
GSE92641_1	-0.00109446072084997	-0.0166127568165873	NA	-0.0011336354628635
GSE107849_1	0.00191805791846033	-0.000828717343918326	NA	0.0162213443069536
E-ERAD-89_1	0	0.00040578144383407	NA	NA
E-ERAD-89_2	0	-0.00272697032207571	NA	NA
E-ERAD-89_3	0	-0.00149561053352516	NA	NA
E-ERAD-89_4	-0.00390625	-0.00882497092071277	NA	NA
E-GEOD-45893_1	0	0.00929024099055534	NA	NA
E-GEOD-53105_1	0.0134926345613953	0.0248854216239212	NA	0.00389687408621872
E-GEOD-53105_2	0.00443371108196378	0.0367491677278394	NA	-0.00971225262145014
E-GEOD-54461_1	0.0057052857907254	0.0422381149891672	NA	0.0099873410268488
E-GEOD-54461_2	0.00603035164053788	0.054790221095156	NA	0.0177758953431344
E-GEOD-54461_3	0.00981445327138417	0.0785820147663996	NA	0.0255224475394032
E-GEOD-54461_4	0.00554839948626741	0.117720858802155	NA	0.0319439042701606
E-GEOD-54461_5	0.00440281850672792	0.107226633708358	NA	0.0261863520622664
E-GEOD-54461_6	0.00334363783971729	0.102047885518236	NA	0.0276688864371537
E-GEOD-54461_7	0.00313726488584235	0.0939243483105704	NA	0.0254594875773788
E-GEOD-54461_8	0.00358202576030753	0.090817095819334	NA	0.0267908036212226
E-GEOD-73372_1	4.03069066641192e-05	0.0524738014196713	NA	NA
E-GEOD-73372_2	-0.00283999631445403	0.0469865027952448	NA	NA
E-GEOD-73372_3	-0.0037134770161792	-0.0209101930245706	NA	NA
E-GEOD-75549_1	0.00509504984112048	0.0276933645771925	NA	NA
E-GEOD-76988_1	-0.000842301360924418	-0.00746955984732298	NA	NA
E-MTAB-2923_1	-0.00539650535270578	-0.0161296417123822	NA	NA
E-MTAB-2923_2	0.00419548542632384	0.0260379043719646	NA	NA
E-MTAB-2923_3	0.00115444464573504	0.0255891973631367	NA	NA
E-MTAB-2923_4	7.28629871444156e-05	0.000575897340479136	NA	NA
E-MTAB-3428_1	0.00255637365901391	0.0222924858822905	NA	NA
E-MTAB-3428_2	-0.0120812104369307	-0.0184514573951696	NA	NA
E-MTAB-3428_3	0.0238327659953866	0.0631224005890632	NA	NA
E-MTAB-3428_4	0.00494194825097667	0.0411861731757896	NA	NA
GSE102856_1	0.0109959434364999	0.0271284127430721	NA	NA
GSE103492_1	-0.00212324031963088	0.00930963021942749	NA	0.00242102180677368
GSE103492_2	0.00135393069529332	-0.00743292627322111	NA	0.00267488047737158
GSE103492_3	-0.00051750072003611	-0.00233589084677054	NA	0.0105347162659937
GSE103492_4	-0.00216695097478355	0.00360223858145233	NA	0.00329888712241653
GSE103492_5	0.00463781363575006	-0.00572126357445777	NA	-0.000470232615776802
GSE103492_6	0.00490826449045773	0.013885863516063	NA	-0.000293930338509773
GSE103492_7	0.00121071109532914	0.0225513979640059	NA	-0.00122018368759166
GSE103492_8	0.00138803835031784	0.00640102172031113	NA	-0.00684827105652818
GSE103492_9	0.0054099722854551	0.0305201723995285	NA	-6.7085981320646e-05
GSE103492_10	0.00370023363636651	0.0320481113065582	NA	0.0114540865851291
GSE106259_1	0.00623430506360969	0.0241507557257546	NA	0.0264470654772676
GSE110303_1	0.0115066783325315	0.0718816571332017	NA	NA
GSE110303_2	0.0175117081399167	0.0573235765599164	NA	NA
GSE110303_3	0.0331513410713786	0.126379784101937	NA	NA
GSE110300_1	0.0278088071021224	0.0649187668555028	NA	NA
GSE110300_2	-0.0323552754435107	-0.035787325051921	NA	NA
GSE110300_3	0.015628229648781	0.123890420195158	NA	NA
GSE110281_1	0.00510091977261793	0.0577666892810112	NA	NA
GSE110281_2	0.00175366319467844	0.0364756102637332	NA	NA
GSE110281_3	-0.00434562308111468	-0.0213314096042495	NA	NA
GSE104459_1	0.00037732011629393	0.00903574913107551	NA	-0.0015068842407574
GSE104459_2	-0.00205096615870022	0.0251756534551938	NA	0.00139513576545061
GSE104459_3	0.00473843120869118	0.01401141295103	NA	-0.00128188492843811
GSE110051_1	3.30107174648766e-05	-0.0167340052062833	NA	0.00822589444303188
GSE110051_2	-0.00069513203637622	-0.00969496125472617	NA	-0.000971342337592573
GSE110051_3	0.00054230558487097	-0.0195095351996197	NA	0.0066508111544919
GSE112694_1	0.00176461421127804	0.0341964567042967	NA	-0.00229613691152153
GSE112694_2	0.00235462068734636	0.0539549397159042	NA	-0.00476665577835107
GSE112694_3	-0.00216956206648312	-0.0626226679006515	NA	-0.0133761669840689
GSE112694_4	0.000612595842474828	-0.00980779030501856	NA	-0.0126451175044525
GSE97232_1	0	-0.012399976423285	NA	0.000590157756377802
GSE114079_1	0	-0.0104551533485876	NA	NA
GSE114079_2	-0.00775193798449612	-0.0187737955509699	NA	NA
GSE114079_3	-0.0140277777777778	-0.0410801031824548	NA	NA
GSE114079_4	-0.00913319906930131	-0.0466438200507381	NA	NA
GSE104828_1	0.00344014024655343	-0.00999245757908792	NA	NA
GSE114521_1	-0.00598780533128704	-0.0119023694899723	NA	8.37571115659102e-05
GSE114521_2	-0.00274457107651878	0.00909090466741843	NA	0.000154320987654321
GSE112413_1	0.00377654587088933	0.00539265542316073	NA	0.00586431335938772
GSE112413_2	0.000232786135097166	-0.0229562449204681	NA	-0.00242992696454966
GSE101909_1	-0.00992700527823682	-0.0166952309576256	NA	-0.00670995670995671
GSE101909_2	0.00157516372785862	-0.0104800470734519	NA	0.00190961953862629
GSE114919_1	0.00415821135274129	0.0487528390610386	NA	0.00748414729570066
GSE114919_2	-0.00170472670741745	-0.00208923312644046	NA	0.00495812865292772
GSE114919_3	-0.00244700808656471	0.0106687751561985	NA	-0.00822173808824938
GSE114919_4	-0.00180324365349915	0.0273993841348207	NA	-0.00736473240148543
GSE114919_5	0.00380516298003918	0.0205687198707242	NA	0.0098213098141052
E-MTAB-5879_1	-0.00438893247583197	-0.0421148991903605	NA	0.00527551684198835
E-MTAB-5879_2	-0.00205872595089376	0.00280609712121197	NA	0.000674295842484491
E-MTAB-5879_3	-0.000308407107166596	-0.00573991643175975	NA	-0.00721256684491979
E-MTAB-5879_4	-0.00229539503879042	0.0239154914414483	NA	-0.00827814569536424
E-MTAB-5879_5	-0.00208011732413971	-0.0295654856326943	NA	-0.0066830679417524
E-MTAB-5879_6	0.000420741930143165	0.0123649295507238	NA	-0.00564683669813267
E-MTAB-5879_7	0.00155780081185704	0.0188387027824742	NA	-0.00788040788040788
E-MTAB-5879_8	-0.000492586954864746	0.037615812586534	NA	-0.0153739136568325
E-MTAB-5879_9	0.00487827383668465	0.0182124230069747	NA	-0.00672791451201528
E-MTAB-5879_10	0.00731721968252925	0.0596727759061136	NA	-0.00891191247283156
E-MTAB-4294_1	0.0108482209381383	0.0895419426087007	NA	-0.00809534280714292
E-MTAB-4294_2	0.00756238908741895	0.0585826619163163	NA	0.00567186555234364
E-MTAB-4294_3	-0.00605661538815779	-0.02613668069854	NA	0.00970275539859471
E-MTAB-3186_1	0.00566099847140797	0.110962742264373	NA	-0.00924077434966727
E-MTAB-3186_2	0.00947208158686643	0.0919443636475756	NA	-0.00638525386197713
E-MTAB-3186_3	0.00855629303501959	0.0797961829034884	NA	0.0328294015874204
E-MTAB-3186_4	0.00690234457855956	0.0943534229350924	NA	0.0264745805549259
GSE114919_Rat_1	0.000180272740047856	0.0289420453439433	NA	-0.00434463999356288
GSE114919_Rat_2	0.00215654079374266	0.0330771418068932	NA	0.0091939874286149
GSE114919_Rat_3	-0.00187059637106186	0.0308845683804812	NA	0.0285036723050804
GSE114919_Rat_4	-0.00211933564770301	0.0223933640399601	NA	0.0362971922835439
GSE114919_Rat_5	0.00275581126740339	0.036924247519687	NA	0.0195378151260504
