comparisonID	jaccard	cosine	sigjaccard	chrDir
22659600_1	0.00365821778847608	0.00475623632569265	0.0023549434954569	-0.00319300830359453
24361742_1	-0.00951570012069041	-0.0374606129780098	-0.00371304426876612	0
GSE72258_1	0.000368731563421829	0.00818934983749743	0	0
GSE72258_2	0	-0.0252049680241331	NA	0
GSE69531_1	0.0252483441446913	0.0689809776679875	NA	NA
GSE69531_2	0.0111682972201723	0.020777591828363	NA	NA
GSE69531_3	-0.0236821702255311	-0.055133324651115	NA	NA
GSE69531_4	0.0252483441446913	0.0689809776679875	NA	NA
GSE58203_1	0.00351038867747895	0.0033678561383745	0.000747817571250017	0.00154004395426595
GSE58203_2	-0.0017188096749116	-0.0133890579499659	-0.00022336184235215	-0.000306534886371854
GSE58203_3	-0.000373682534500333	0.00330152860919265	0.00141781474381674	0.000530757816698489
GSE58203_4	-0.00614260273854585	-0.0160588835885113	-0.00323827278431784	-0.00422666067827951
GSE58203_5	0.00407385765267888	-0.00610795311856143	0.00192917942208616	0.00112678997060336
GSE58203_6	-0.00172816157061793	0.0052910732269439	-0.00292955500768149	-0.00498535587600324
GSE58203_7	-0.0124921793996758	-0.0274833136267882	-0.0111527786589898	-0.0104335351915397
GSE58203_8	-0.0299829915339834	-0.0665032871620397	-0.0294897288552788	-0.00412848833354812
GSE59642_1	0.000442993740213615	-0.0105217639099993	NA	NA
GSE59642_2	-0.00657564632687734	-0.0331608568972274	NA	NA
GSE59642_3	-0.015535446519371	-0.0249633242768091	NA	NA
GSE64922_1	-0.00994915479161781	0.0015369674329283	-0.0118331346111219	0.00220398003850068
GSE60162_1	0.0108901671315612	0.117788480614065	NA	NA
GSE31685_1	-0.0158161082479542	-0.0489184385124502	-0.0216142848463979	0
E-MEXP-3890_1	0.0062562565068523	0.0200303058918968	0.00973175640458263	0.00181806982297866
GSE31980_1	0.0344942568886638	0.0443347694610576	0.0351854465353072	0
GSE15615_1	-0.00378560677344971	-0.00779140335800241	-0.0113849390270445	0
GSE15083_1	0.00144355153842317	-0.00992293498547593	NA	0.00702662554719137
GSE108035_1	0.0217168321599997	0.0374869197132259	0.0266629096413272	-0.0050210638402678
GSE108035_2	0.00867351266928879	0.00490091592638859	0.0123516879825418	-0.0124276234521657
GSE108035_3	0.0166502364216305	0.0179838366175539	0.0213240754532111	-0.00250460965526468
GSE21959_1	0.00585688612913455	0.0469029104891478	0.0065414319322641	-0.0110981984863884
GSE21959_2	-8.3682333316998e-05	0.0216543751838397	-0.00151567963846955	-0.00617429278394706
GSE24742_1	0.00292528602019831	0.0731362459206036	NA	0.00784777211986215
GSE24742_2	-0.00180388615670237	-0.0208725607457817	NA	-0.00760679096052413
GSE24742_3	-0.00223110312615538	0.0347401320331475	NA	0.00245750846887371
GSE74668_1	-0.00161767047038099	0.0269323312877133	NA	NA
E-GEOD-10024_1	0.0137605980844815	0.0613348270391137	NA	NA
E-GEOD-10024_2	-0.00289522614761559	-0.00163158193510548	NA	NA
E-GEOD-12860_1	-0.0258691414302007	-0.081107594285838	NA	NA
E-GEOD-12860_2	-0.0476864071716805	-0.099284993706822	NA	NA
E-GEOD-12860_3	-0.042179607657225	-0.0804009273739633	NA	NA
E-GEOD-12860_4	-0.0391087524295581	-0.0896209612630575	NA	NA
E-GEOD-12860_5	-0.0577671524375331	-0.123328701055085	NA	NA
E-GEOD-12860_6	-0.0391535531065194	-0.0740499054051579	NA	NA
E-GEOD-12860_7	-0.041446079233707	-0.085412334633222	NA	NA
E-GEOD-12860_8	-0.0365310059484333	-0.0826296635807876	NA	NA
E-GEOD-14359_1	0.0409117411219304	0.0887523789904045	0.0476876767452853	0.0142832290151976
E-GEOD-14359_2	-0.0056315289119141	-0.0317625333397257	-0.00832099521304932	0.00532089561465327
E-GEOD-1919_1	0.00560569205066429	0.0782551243669391	NA	NA
E-GEOD-1919_2	0.0380171820567673	0.115678143896778	NA	NA
E-GEOD-1919_3	0.0263693513648099	0.0980086320036273	NA	NA
E-GEOD-1919_4	0.00251021804249047	0.0320161906648974	NA	NA
E-GEOD-1919_5	0.0325818382446948	0.0898753430888252	NA	NA
E-GEOD-1919_6	-0.00461100833564811	-0.0230644578784198	NA	NA
E-GEOD-1919_7	0.00420341420990798	0.0246014301716451	NA	NA
E-GEOD-1919_8	0.00199911156498815	0.0341081906112477	NA	NA
E-GEOD-1919_9	-0.00465079424211146	-0.0249332311628892	NA	NA
E-GEOD-19664_1	-0.0265878008873456	-0.0634224162466128	NA	NA
E-GEOD-19664_2	0.012716419628619	0.0199508783007279	NA	NA
E-GEOD-19664_3	-0.00225069767544272	0.00445702329819256	NA	NA
E-GEOD-19664_4	-0.0158845609824386	-0.0452228518442773	NA	NA
E-GEOD-19664_5	0.00600058702761469	0.0264327660561813	NA	NA
E-GEOD-19664_6	-0.0065270351373555	-0.00843844196400605	NA	NA
E-GEOD-43923_1	0.0456298583688903	0.103030028550516	0.0133443109398886	0.0163798771151134
E-GEOD-51812_1	0.0180019262880037	0.0421874327720432	0.0159988419226199	-0.0048560655960304
E-GEOD-51812_2	0.0197279918276638	0.0504857319001002	0.017345277856205	0.00263577307946508
E-GEOD-68760_1	-0.00542056238148143	-0.0148727013180437	-0.00314737682247668	-0.00875007687235496
E-GEOD-82107_1	-0.00620626531097191	-0.0378653632914856	-0.000293599530240752	-0.00635294943970071
E-GEOD-9451_1	0.0172343132329067	0.0454665447072624	0.0113143122908635	0.00565925251927403
E-GEOD-9451_2	0.00104720579595583	0.0242775914157085	-0.000906998927236485	0.00533872716472376
E-GEOD-9451_3	-0.00537218258654209	-0.0126103441337812	-0.00852755814719706	-0.00575518812979968
E-GEOD-9451_4	-0.0230847258214008	-0.0434642119760652	-0.0151537030575783	-0.0122295634358057
E-MEXP-2019_1	-0.00721245505159435	-0.0185556464497705	0	-0.00462298029948909
E-MEXP-2019_2	0.00334850962768841	-0.00893501394760579	0.00235406969106077	0.00351732387561946
E-MEXP-2019_3	-0.0133060863818901	-0.0426609742612186	NA	-0.0067384791843906
E-MEXP-2019_4	-0.000251103036705013	-0.00449629725469094	0.0021612003533152	-0.00372052950731749
E-MEXP-2276_1	-0.0065577551196943	0.00396901461595052	NA	-0.00614410809454538
E-MEXP-2488_1	0.019181117062438	0.0573858769993453	0.0255204454623696	0.0148914752744143
E-MEXP-3129_1	0.00217816675564229	0.0142628197680075	0.00425911533608001	0.0013457912119792
E-MEXP-3474_1	0.0400687614631912	0.10593823990533	NA	0
E-MTAB-3010_1	-0.00397124074808103	-0.000298565726201739	NA	NA
E-MTAB-3010_2	-0.0174728035279799	-0.0127037261233751	NA	NA
E-MTAB-3010_3	0.0021992548817129	0.0367326195462403	NA	NA
E-MTAB-3010_4	0.00138036059795758	0.0105227235374157	NA	NA
E-MTAB-4152_1	-0.00836280302079451	-0.0439567327505194	-0.00609951706987327	-0.00534806041179496
E-MTAB-4152_2	-0.000961647716750686	0.0827997215389647	0.000201629877229631	0.00182883807592686
E-MTAB-4152_3	-0.00487608808695108	0.0142108701284572	-0.000955189427735946	-0.0100895202055321
GSE100609_1	0.000298389567649974	0.00558665616899061	NA	0.00554551504876236
GSE100786_1	0.000594223764204572	0.0642933679218365	NA	-0.0034266742803195
GSE100786_2	-0.000506057949990227	0.020565085615014	NA	0.0116435817084801
GSE103697_1	0	0.0332957898084281	NA	NA
GSE103697_2	0	0.0047925114466265	NA	NA
GSE103697_3	0	0.0305083476448429	NA	NA
GSE104113_1	0.00479424377508954	0.00333669199867029	NA	NA
GSE104113_2	-0.0128645890357707	-0.0474417594572824	NA	NA
GSE104113_3	0.00479424377508954	0.00333669199867029	NA	NA
GSE10575_1	0.000245234150772225	0.00614480146278612	0.000293772032902468	-0.00503536357327793
GSE10575_2	0.0653743979121863	0.17493546454137	0.055139678322536	0.0174120055081011
GSE10575_3	0.0130386033382677	0.00545343997233078	0.0170130876578704	-0.0055980468806339
GSE13604_1	0.00822457987504861	0.0458358298440279	0.0064772881113917	0.0043527421215696
GSE13837_1	0.00290818393699035	0.00836697133945848	0.00185185185185185	0.00613837514165551
GSE13837_2	-0.00404779688028741	0.0219085391159665	0.000393771636305525	-0.00606774841967374
GSE13837_3	-0.0022236824137295	0.0227197863812336	0.00228591552447656	-0.00012995882587903
GSE13837_4	0.00300140030427121	0.0395030118845805	0.00654517697471659	0.00220522616814954
GSE13837_5	0.00100159129075452	0.0194240511805746	0.00138760407030527	0.00576149587564488
GSE13837_6	-0.000432710387053772	0.0307311488876421	0.0025920184186038	-0.00339973857556645
GSE13837_7	-0.000513909888605344	0.0341864581271317	0.00214423439666971	-0.00462348301328008
GSE13837_8	0.00464953376283924	0.0248445526123532	0.00868644132147305	0.00459069118695229
GSE13837_9	0.00178839933038618	0.00830566701190064	0.00504457789595538	-0.00503418112263193
GSE13837_10	-0.00430486520251582	0.00705212492813637	0.00103072846189861	-0.00361911167501294
GSE13837_11	-0.000438054863931	0.00384851012902693	3.17407381119489e-06	-0.00368618430554559
GSE13837_12	0.00427847708726704	0.0233819951983757	0.00157874976263899	-0.00400143702167874
GSE13837_13	0.00364796407563974	0.0191201997534255	0.00313247320358757	0.00457104689590295
GSE13837_14	0.00659419626051408	0.0247963127914435	0.003592184743679	-0.00676285829542535
GSE13837_15	0.0039323093469534	0.0288470801923374	0.00695096777790022	-0.000580888720475623
GSE13837_16	0.00935614052379839	0.035892444342776	0.00962787606940262	0.00437217887002679
GSE13837_17	0.00344768936959639	0.0367509013165288	0.000545031472060875	0.00596723878459337
GSE13837_18	0.00514447832767506	0.0288250198185143	0.0046581074542724	0.000982844549590528
GSE13837_19	0.00568284408318444	0.0217115973740035	0.0049953670087161	0.00399496227674207
GSE13837_20	-0.0030630402963584	0.0093858664083075	0.000623610466299702	0.00573294463042727
GSE13837_21	-0.000953186922243471	0.0109507222052034	-0.000588652953821864	-0.00250602924314763
GSE13837_22	-0.00339245970608591	0.0186885744128843	0.000758351443801403	-0.0039424132975693
GSE13837_23	-0.00460630882843513	0.0291987813508167	-0.00324886015684325	-0.00613366624911277
GSE13837_24	0.0105488548955943	0.0492174344413932	0.0106251586816507	0.00623419196782664
GSE16464_1	0.0211145174424599	0.0720643414618776	NA	NA
GSE16464_2	0.00375226054493827	-0.00726801110261825	NA	NA
GSE19060_1	0.00248470368197053	0.0851287215730766	0.000470366886171214	0.0156504091243417
GSE27372_1	-0.00609459533342915	-0.0574872733623924	-0.00508416283928851	-0.00513173469643729
GSE27390_1	-0.00578648393609913	-0.0459896531396384	-0.00769809363250167	-0.00247976617767621
GSE29106_1	-0.0384359643736413	-0.0810973909191647	NA	NA
GSE29107_1	-0.0011575238669849	-0.0132121650526823	NA	NA
GSE29107_2	0.0254525597086457	0.0435114130459693	NA	NA
GSE29745_1	0.011963188059182	0.0289603491044638	NA	NA
GSE29745_2	0.00613668106904867	0.0292505284759142	NA	NA
GSE29745_3	-0.031908481921338	-0.0643840317218706	NA	NA
GSE35546_1	0.00127194640529009	-0.027149816296463	NA	NA
GSE35546_2	-0.00687261094741612	-0.0462995682377915	NA	NA
GSE35546_3	-0.00201915431488817	-0.0267734853192929	NA	NA
GSE35546_4	-0.0108951755994623	-0.0223913195228459	NA	NA
GSE35546_5	-0.00697865906235929	-0.0131391732929833	NA	NA
GSE35546_6	-0.013325179007727	-0.0181387286194683	NA	NA
GSE35955_1	0.0191102268519898	0.040431907489695	0.0190480456028046	0.00550809842866622
GSE35956_1	-0.0398587375384453	-0.124693032941686	-0.0324460112353185	-0.00483211857463969
GSE35957_1	-0.00410564769222811	-0.00560004138264011	-0.0125235636511495	-0.00136631001470998
GSE35958_1	-0.0525052642176264	-0.121935446010416	-0.0581742286385694	-0.010024921940722
GSE39340_1	-0.00400983749711231	-0.0258258216832043	NA	-0.00420089230802364
GSE39340_2	0.00641548398625013	-0.00591856948031915	0	-0.0101203036345647
GSE39340_3	-0.00788520519041756	-0.0194881922305279	0	-0.0051221432641175
GSE39795_1	-9.95765484131279e-06	0.00812992767445325	NA	0.00262493472103409
GSE39795_2	0.0110542551070004	0.031771249450772	0.00974702495341507	-0.00766026838902817
GSE39795_3	0.00832178961850533	0.0348820773436399	-0.000469924812030075	-0.00519907955084911
GSE41038_1	-0.00718779114855552	-0.0130484305503237	NA	-0.00515678766136136
GSE41038_2	-0.00105315125642159	-0.00893085855837	NA	0.00123879333759319
GSE41038_3	-0.00137391546490317	-0.000578381621465459	NA	0.00350261509543638
GSE41992_1	-0.0153788151682202	-0.0415657252830413	NA	NA
GSE42235_1	0.00233475904538412	-0.00269006729968317	0.00133034273017825	0.0087956661691439
GSE42235_2	-0.000968959125665577	0.0103024015442676	-0.00521872853385309	0.00201912270966187
GSE42235_3	0.000761892074287956	-0.01816042740863	-0.00288674936124265	0.00745690229271035
GSE42235_4	-0.000207645659855028	-0.0230893835674378	-0.00251035864817209	0.000326792920321738
GSE45233_1	0.00517315689993243	0.0448300791417315	NA	-0.00461451036803904
GSE45233_2	0.00823093715654171	0.0762154391462127	-0.000486381322957198	0.0139392977077366
GSE45233_3	0.0071085823404228	0.0127338224634885	NA	0.00133412637090454
GSE45233_4	-0.0013739173447541	-0.0105722391528749	0	0.000953725624912645
GSE46053_1	-0.00155127815051426	0.0134221513783456	-0.000322979982961288	0.000363688158949626
GSE46053_2	-0.000793283712731453	0.0156004651211958	0.000596919475847897	0.00192492160406875
GSE46750_1	0.00262556960525443	-0.00184703545962263	NA	0
GSE51588_1	0.0210129553123727	0.0328193948634461	0.016597457703381	0.00497495225887462
GSE52817_1	-0.0239826422374829	-0.0460254298198102	NA	NA
GSE52817_2	0.0593995398119405	0.119807836314518	NA	NA
GSE52817_3	0.0344205410330576	0.0847348516905246	NA	NA
GSE52817_4	-0.0582513598507612	-0.129045412477449	NA	NA
GSE55235_1	-0.00829887045428365	-0.00523937342163614	-0.00801677070105848	-0.00718476845270442
GSE55235_2	-0.00850651279536698	-0.0136612354038211	-0.0140261148385526	0.00897371786857973
GSE55235_3	-0.00168743132201173	-0.0116786095339462	-0.00333227744543409	0.00901548416133646
GSE55457_1	-0.00103305401924656	0.0304716022711484	-2.64754603709243e-05	0.000168886239845675
GSE55457_2	0.00183444294964813	0.024324049515185	0.00408957853169747	0.00275219801381972
GSE55584_1	-0.00729191193556816	-0.0363955333051777	-0.00252110247779555	-0.0163452900361524
GSE57218_1	0.00182955676209854	-0.00745841101318453	0.0013013596285144	0.00575903401990359
GSE57218_2	0.000103095662345886	-0.00195215534861132	-0.00106269692526269	0.00329902600999869
GSE57218_3	0.00217671087253667	0.00106621638600053	0.00158229283285906	0.000970343340415561
GSE60762_1	-0.016997915328026	-0.0781834046258282	NA	-0.0103777033419918
GSE62914_1	0.0140989301387638	0.0404253912042423	NA	0.00107299467105193
GSE62914_2	0.0102269715884749	0.0183617276031982	NA	0.0042335340004568
GSE62914_3	0.0142695018013723	0.0192465049174035	0.000130398208384105	-0.00197310613192745
GSE62914_4	-0.0225610743688015	-0.0186249307007375	0	0.00440898908448584
GSE64394_1	0.00494129637788172	0.0225514379149912	NA	0.0043034376790722
GSE66635_1	0.000732326666146097	0.0226592852659731	NA	0.00637597889521596
GSE68038_1	-0.010785198918866	-0.000755628783674531	-0.00256740756889642	0.0137458904719909
GSE68428_1	0.00674085110284144	0.00868612812314242	0.00575591307012269	-0.000364432054871553
GSE68428_2	0.00051753055806226	0.0218591507893161	0.00374699834260539	0.00367231670456672
GSE68428_3	0.00642615621749875	0.0259842990520433	0.00596623042470829	0.0027397559930836
GSE69459_1	-0.00644299811240913	-0.0174294093090354	NA	NA
GSE69459_2	-0.0272709933408868	-0.0583161081302698	NA	NA
GSE69459_3	-0.0107230315834632	-0.0264273784818145	NA	NA
GSE69459_4	-0.0146714793559211	-0.0280134100898681	NA	NA
GSE69992_1	-0.0082394670722084	-0.0163593862817195	-0.00650733247899517	0.00308924285139789
GSE70719_1	-0.0308171779190654	-0.178312382583732	-0.0347665363795969	-0.0069450860326044
GSE7116_1	-0.00118444974953453	0.0432297391537949	0.0045268878493663	0.00798177748956485
GSE7116_2	0.000116136705095898	0.0855764526899362	NA	0.00644508233996107
GSE7116_3	0.00807134683286994	0.0266951326952091	0.000117039793491437	0.00337916935483826
GSE72575_1	-0.0139220569946937	-0.0819535185082793	-0.0117802342907775	-0.00591599570954789
GSE72575_2	-0.0121211527886627	-0.0695662506738715	-0.0113764941688588	-0.00699676059905889
GSE72575_3	-0.0151710257846121	-0.0827185792436716	-0.0146039621961797	-0.0048323435528663
GSE72575_4	0.000489749398292722	-0.0136813945755944	0.000469483568075117	-0.00258063369867785
GSE75181_1	-0.0068697642521142	-0.0168530920749932	-0.00508324667508572	-0.0114436235438833
GSE75181_2	-0.00502974738538732	0.00077424105931336	-0.00018597789019573	-0.00847885623738486
GSE75181_3	-0.00963737819510926	-0.0117605562850738	-0.00582339349625344	-0.0075401366114147
GSE75230_1	0.000274716445932757	-0.0196008870159496	-0.000766310706277801	-0.00600749949563818
GSE7669_1	0.00153912374473075	0.0487140411658588	0.00358110012564332	0.00847631198560636
GSE77916_1	-0.000484966052376334	-0.0203175849442513	-0.000293427230046948	0
GSE80614_1	0.0074351163510793	0.0348188299562369	0.00613527234914518	-0.000213489532151459
GSE80614_2	0.00811541202100192	0.0311395907200601	0.00970165532984492	0.00541131827648496
GSE80614_3	0.00414237652413328	0.0190141107970791	0.00248015873015873	-0.00486268850072095
GSE80614_4	0.0074486940285885	0.0298039815841425	0.00861741304102182	0.00189408732328361
GSE80614_5	0.0183055741183207	0.0567971575028547	0.0181502464377843	0.0137122699795423
GSE80614_6	0.0104811668517274	0.0305488745377036	0.0114501238019603	0.00359919732875734
GSE80614_7	0.0109374270686152	0.022152549939275	0.0106876734868886	0.000201792413447793
GSE80614_8	0.00269097633649103	-0.00145802091096728	0.00110501953704968	0.000211609581587015
GSE80614_9	0.00540218015701507	0.0693107530776423	0.00375476690038814	0.00462422137837441
GSE80614_10	0.0078738531259162	0.0554370201179436	0.00788184241388948	0.0131777235734417
GSE80614_11	0.00379686640699857	0.0892659357457011	NA	0.0134012598646492
GSE80614_12	0.000515855702777021	0.0180939885199144	0.00050776937864704	0.00689136622046371
GSE80614_13	0.00106827333963231	0.0161125381488547	0.00130933320750909	0.0104023964669457
GSE80614_14	0.00517158141599192	0.0323011874934902	0.00402587943585654	0.0134871329674071
GSE80614_15	0.00628558674719951	0.031227379643739	0.00444206824776384	0.0152934852807249
GSE80614_16	0.0078303809968035	0.0194914156978098	0.00322510942813847	0.00922311220769513
GSE85254_1	-0.00501247967887684	-0.00348822046589681	0.00039913441684911	-5.88327139172187e-05
GSE86578_1	0.00899337061561617	0.0826267761064245	0.00606623896879481	0.00603352645219495
GSE86578_2	0.00635522272595689	0.036578751257507	0.00717206357071225	0.00177883733724555
GSE86578_3	-0.00429411933783574	0.00806405355287319	-0.000855370047520836	0.00207525343221298
GSE9329_1	-0.00358996764323591	-0.0119905906876284	NA	NA
GSE93698_1	0.0480347619807504	0.0967625460759833	0.0494334988580371	0.00552477320667611
GSE93698_2	0.0420714147896837	0.0975243052024976	0.0410718359624803	0.0050551782133149
GSE93698_3	0.0493376338867972	0.0995731608616739	0.0459976372529742	0.00174906779765278
GSE93698_4	0.0468364516936482	0.0972581612579982	0.0441632783175754	0.00780333379527771
GSE93698_5	0.0439957973575165	0.09179243102226	0.0463871859567168	0.0024080460644112
GSE93698_6	-0.00474312155183177	-0.034514504418541	0.000448254189762749	0.0121899474988438
GSE93698_7	0.000821837401778484	-0.0104694286025738	-0.00034051795239682	0.00276732139754883
GSE93698_8	-0.00546883962233467	-0.0313144936312064	-0.000963808656495075	0.00321284933427178
GSE93698_9	0.00323250280901335	0.00448238334743284	0.00133713179645368	0.00448604285222763
GSE93698_10	0.0114951996241309	0.0137232269600129	0.00480220493335669	0.00657164855424758
GSE93698_11	-0.00571757763645176	0.00427084527726695	-0.00193712539640736	0.00295340529036181
GSE93698_12	0.0181788966350274	0.0259282408650851	0.00739779367860486	0.00436367851004585
GSE93698_13	-0.00659272855124998	-0.010873399425371	-0.00276890939452672	-0.00521280779345362
GSE93698_14	0.00621827485297129	0.0191859518674123	0.000130791247804477	0.00236300700930792
GSE93698_15	0.00741565264721103	0.0229348181815515	0.00780783031196999	0.00124888023200795
GSE93720_1	-0.00178608712867114	-0.00785783773552063	NA	NA
GSE93720_2	0.000761306851923067	0.011630432364818	NA	NA
GSE93720_3	-0.00447919923467935	-0.00698991709994706	NA	NA
GSE93720_4	0.00233370146605404	0.0202231174700684	NA	NA
E-MTAB-5564_1	0.0330587785542342	0.0958314031419365	0.033027149321267	0.00856432372160136
GSE77753_1	-0.00861153375702371	-0.00111640784916596	NA	-0.00641567719618237
GSE43861_1	0.0122095864718927	0.0396916833830101	NA	NA
GSE112809_1	-0.00109442096835652	-0.0596409582586323	NA	NA
GSE111946_1	-0.0050210177208967	-0.0171926870773655	NA	NA
GSE111946_2	0.00298839230394019	0.0330850726221405	NA	NA
E-MTAB-3201_1	0.000207716366261945	-0.00204133439842419	0.0047348193281378	-0.00512139721144893
GSE57740_1	-0.00183023989778815	-0.102788906640228	NA	NA
GSE52992_1	0.00662100766615489	0.0582467403488104	0.007157363538102	0.0176594456696575
GSE17160_1	-0.00963330491975482	-0.0357606560890317	NA	NA
GSE17160_2	-0.0189771212471464	-0.141056954835776	NA	NA
GSE17160_3	-0.00199409055838069	-0.0561576893134279	NA	NA
GSE17160_4	-0.0181194188785492	-0.0775508374062325	NA	NA
GSE17160_5	-0.00791683708811622	-0.0492063309801881	NA	NA
GSE17160_6	-0.00863987477715893	-0.0848766128389172	NA	NA
GSE17160_7	0.000894792564817103	0.0468365587628471	NA	NA
GSE17160_8	-0.0249339379087272	-0.0953593301390838	NA	NA
GSE17160_9	-0.0224130649393624	-0.0679028890293458	NA	NA
GSE17160_10	-0.0127655584329706	-0.0474179804749532	NA	NA
GSE17160_11	-0.00819523113728907	-0.0346884395731944	NA	NA
GSE17160_12	-0.0372224661727494	-0.0850698800789162	NA	NA
GSE22971_1	-0.00336687760086649	-0.0705495165048857	NA	-0.0127006800247235
GSE22971_2	0.000364092887603525	0.0602538602288791	NA	0.000664892649710018
GSE22971_3	-0.0039410580748136	-0.0160202791429395	-0.00419804974689034	-0.0165567489387833
GSE22971_4	0.00842494005920305	0.0288316142095874	0.00611686591996601	-0.00118604546708092
GSE13590_1	-0.0116557567049866	-0.0517649622996123	-0.00783951433587463	-0.0137092846224584
GSE13590_2	0.00122096677427649	0.0328642877107395	0.000283607487237663	0.00715160686468024
GSE99731_1	0.0052587071520626	0.0595103707652594	NA	0.0120267937476089
GSE99731_2	-0.00167947153414126	0.00162316450679468	NA	-0.00414349887031365
GSE99731_3	-0.00207042460761657	0.00274928599460142	-0.00270982954386767	0.0132428688794411
GSE27492_1	-0.00486018537460458	0.0473960232582987	0	-0.00925904757872752
GSE27492_2	-0.0070353398780968	0.00275748446861957	0.00495723702302481	-0.00988854827426868
GSE27492_3	0.00101114969598053	0.0220323107850385	0.0168169150953993	0.000734162664696445
GSE27492_4	0.00237203298553708	0.0151284594486289	0.0168354930384453	-0.00684056101011999
GSE27492_5	-0.00581055622398614	-0.000125316836218275	0.00277116959226724	0.000233782902975866
GSE27492_6	0.0101529146940401	0.0523039828174001	0.0150932427735784	-0.00404675352972318
GSE27492_7	0.0118203035532709	0.050117298661382	0.0189303542696465	0.00716323282823815
GSE27492_8	0.0101894228709501	0.0388805579948895	0.0184567743391647	-0.000761486885631156
E-GEOD-15069_1	0.00281815633422173	0.0371231484741033	0.000149518127875017	0.00147514980384417
E-GEOD-15069_2	0.0059979283528528	-0.0070682536649917	0.00272141678114648	0.000514739424893199
E-GEOD-15069_3	-0.0252324654268927	-0.070347911217983	-0.0259231403042703	-0.000789081162746409
E-GEOD-15069_4	0.00105862447707836	-0.0245847468938511	0.00237299207630368	0.00437568024800459
E-GEOD-15118_1	-0.0149347905199491	-0.189349950727561	NA	NA
E-GEOD-15118_2	1.53214360434971e-07	0.0706379564508946	NA	NA
E-GEOD-15118_3	0.0100458680633704	0.118326186438215	NA	NA
E-GEOD-15118_4	-0.0125669843688247	-0.042532275281804	NA	NA
E-GEOD-16007_1	0.0304479076577894	0.144896266550463	NA	NA
E-GEOD-17473_1	-0.00639765171856861	-0.0696466693662453	NA	-0.0258703006697963
E-GEOD-18647_1	-0.00729649904357687	0.0161815441408941	NA	0.00104884441427525
E-GEOD-18647_2	-0.00333539815453613	0.0215248948497176	NA	0.000634656547528993
E-GEOD-18647_3	0.00918539243206771	0.0511487171450268	NA	0.00637987755171516
E-GEOD-18647_4	0.0084647255001862	0.0445708446500731	-0.000627585743911823	-0.00379527266537404
E-GEOD-18648_1	-0.00795584517544501	-0.0115497948482744	-0.00557905666084101	-0.0130755426354667
E-GEOD-18648_2	-0.00600724631017538	0.0357732243706483	0.00351478420120662	-0.00207474252169493
E-GEOD-2154_1	-0.00686545513050048	-0.0324275737432699	-0.00560470270063686	-0.0181782086178262
E-GEOD-2154_2	-0.00334186989409316	-0.0114866774711808	-0.00531479206002705	-0.0190079726811905
E-GEOD-2154_3	-0.000615890567888177	-0.0356155231531671	0.000302836601232689	-0.0110409576136709
E-GEOD-2154_4	0.0111798417203818	0.0347014562463565	0.0184810046268537	0.00167421856612528
E-GEOD-26475_1	-0.0129434465370013	-0.144319440931378	-0.0119741904319466	-0.0284505424964851
E-GEOD-26475_2	-0.00199305610527737	-0.0230109410164862	-0.000465116279069767	-0.00228767036075258
E-GEOD-26475_3	-0.00854293235197004	0.00509126210355125	-0.00321164602379893	-0.0115362867346712
E-GEOD-33567_1	0.00696941806287185	0.0404738008008055	NA	NA
E-GEOD-33567_2	0.0107376868748292	-0.00529263857116192	NA	NA
E-GEOD-37287_1	-0.014939348120378	-0.0497987789811429	NA	NA
E-GEOD-37287_2	0.0130698859521758	0.0221022338675894	NA	NA
E-GEOD-37287_3	-0.0186959855679876	-0.0354467444767984	NA	NA
E-GEOD-51994_1	0.0466827741565423	0.117813882858234	0.0142596466933858	0.00442633266146941
E-GEOD-51994_2	0.0559167917462338	0.111321464055098	0.0269822566591448	0.00793448532675369
E-GEOD-51994_3	0.0253872375778269	0.0512723856122309	0.00383937685366123	-0.00121137088386428
E-GEOD-65077_1	-0.00228689926410252	-0.118360803538568	NA	NA
E-MEXP-1244_1	-0.00678631385024884	-0.108604847649489	NA	NA
E-MTAB-1123_1	-0.0229726637588719	-0.080959282144444	-0.0140147741045923	-0.025857254741364
E-MTAB-1123_2	-0.0187206639391997	-0.0487238956052213	-0.00897405526502855	-0.0366306042692407
E-MTAB-1123_3	0.00108175416452715	0.0638742234838299	0.00173663679182551	-0.0316943875683861
E-MTAB-1123_4	-0.00146634287833699	0.0241616881407895	0	-0.0212274087159383
E-MTAB-1391_1	-0.0169206922217661	-0.0430139885377828	-0.0198104755139741	-0.00895522225822584
E-MTAB-1391_2	0.0151354765688318	0.0223644554808034	0.0145269963298423	0.00234723236838195
E-MTAB-1391_3	0.0251624117819712	0.0494820491175412	0.0263481526780121	0.000658841186662661
E-MTAB-2450_1	0.00804341829546136	0.027011736551319	0.00403443908292917	0.00158734320071676
E-MTAB-2450_2	-0.00101852084342403	0.0337330717843476	-3.51108951452354e-05	-0.0017365747839137
E-MTAB-2450_3	0.00910554139345539	0.0375637260364999	0.0112123833434101	0.0104046645430776
E-MTAB-2450_4	0.0138012666818876	0.0472920344136658	0.0152266412338408	0.0245121009670212
E-MTAB-5023_1	-0.0148558323645655	-0.0363813619470783	NA	-0.00388913357245866
E-MTAB-5326_1	0.000183308591787024	0.0329094102729146	NA	NA
E-MTAB-5326_2	0.0405646182373585	0.109662765896708	NA	NA
E-MTAB-5326_3	-0.0121614729674963	-0.024411295484551	NA	NA
GSE102588_1	0.00206784747853708	0.074254677509516	0.000218494545569554	0.00768231931301521
GSE104793_1	0.0147739764324603	0.0196119670013908	0.0074041555485261	-0.00950343005913548
GSE104794_1	0.0164225376447778	0.0429705661821629	0.0138644746832095	0.0100263097688052
GSE104795_1	0.0171161171501517	0.0447453096712798	0.0153280147473925	0.00731091121954186
GSE105139_1	-0.000368543190364522	0.0444760747283569	NA	-0.0152603535077925
GSE105139_2	-0.0022668085148204	0.0279782730669801	NA	0.00984738574791012
GSE105139_3	0.00163199795063275	0.00463391034168717	0	0.0255842430290777
GSE10555_1	0.0138736880594174	0.00607514581576761	NA	NA
GSE10556_1	0.00895080433935578	-0.0191523669538835	0.00766965250471623	0.0121534605030938
GSE106631_1	-0.0122182086310986	-0.0355077713851914	-0.0140272175512895	0.00517828334560762
GSE13104_1	-0.00552277284576773	-0.00192480267761996	NA	NA
GSE13104_2	0.0242326778793777	0.0584704450630643	NA	NA
GSE13104_3	0.00677682154196101	-0.0058562719305088	NA	NA
GSE16749_1	-0.0195558058809934	-0.0301479211220189	NA	NA
GSE16749_2	-0.013225046993273	-0.0685323673074364	NA	NA
GSE16749_3	0.030983341958178	0.123222354002915	NA	NA
GSE17348_1	0.0218722945400364	0.0726693627526781	NA	NA
GSE17563_1	0.00679365901200536	0.0260983507629118	NA	NA
GSE17563_2	0.0207535555776057	0.057246564871829	NA	NA
GSE17569_1	0.0224995990117544	0.0562404541979464	NA	NA
GSE17569_2	0.00158915292553913	0.0244168344472634	NA	NA
GSE17570_1	0.0334626825815718	0.0740480583517191	NA	NA
GSE17570_2	0.0287127335405913	0.076879508004604	NA	NA
GSE18991_1	0	0.0253978204897023	NA	-0.0105996691224167
GSE18992_1	0	-0.0233123078217737	NA	-0.0121408366053453
GSE19299_1	0.000481309234968301	-0.00165879809515762	0.00132469899296373	-0.00828289844766334
GSE20850_1	-0.0169441310399756	-0.0204905280956552	NA	NA
GSE21093_1	-0.000725420687795342	0.0256196850900719	NA	NA
GSE21523_1	-0.0235420251727135	-0.0776585118378264	NA	NA
GSE21639_1	-0.000966669024710174	0.003113881368784	NA	NA
GSE21639_2	-0.00401880234753626	-0.0307490308655753	NA	NA
GSE21639_3	0.00748217597382657	0.0685400641278606	NA	NA
GSE21639_4	0.0130976121866898	0.0403713233846334	NA	NA
GSE21710_1	-0.0235380984200375	-0.022721542583559	NA	NA
GSE21710_2	-0.0380104005547283	-0.0515731784569178	NA	NA
GSE21710_3	-0.0258078727969848	-0.0342776865521636	NA	NA
GSE22925_1	-0.0322588035524899	-0.070368741462867	-0.00978492149671531	-0.0214396201328953
GSE22925_2	0.00638411125260703	0.0504387571121826	0.0033959896927939	0.00661546584602443
GSE26499_1	0.0105542394555581	0.025204801014072	NA	NA
GSE30160_1	0.0135624630021844	0.0458167626377149	0.00870202562712221	0.00350581025333236
GSE30628_1	-0.0239370309692806	-0.0755458112951579	-0.0232533964914899	-0.0219758222807003
GSE30628_2	-0.0384660172646424	-0.105613243594376	-0.0234339210324598	-0.0412146811615182
GSE32163_1	-0.00049285922808795	0.0236642407834063	NA	-0.00697982357562501
GSE33656_1	0.0264475045856684	0.0236311627756995	NA	NA
GSE33754_1	0.00244695880237223	0.0340615531948277	0.00072898713985358	0.00588016076102005
GSE33754_2	0.0126783090722184	0.0981314062037367	0.00875348075206018	0.0131217621432861
GSE33754_3	0.0190575146710888	0.129716775133677	0.0128453515285337	0.0212016178874213
GSE34570_1	0.00285687366169106	-0.00191224575440997	NA	NA
GSE35003_1	0.00473293095099694	0.0685858413493751	NA	NA
GSE35466_1	-0.0108632417961789	-0.0553304825596661	NA	NA
GSE35466_2	0.00492827792647092	0.00287351061537356	NA	NA
GSE35466_3	-0.0111008967460258	-0.0147217788539284	NA	NA
GSE35466_4	-0.0082084582351002	-0.0269054338370667	NA	NA
GSE35466_5	0.00203306521459877	0.0224896860660924	NA	NA
GSE36925_1	0.000363828473704519	-0.0343493481419088	NA	NA
GSE36925_2	-0.0370680475444879	-0.110031890974704	NA	NA
GSE36925_3	-0.0363455631373447	-0.113011156903674	NA	NA
GSE37219_1	0.0175525008345559	0.0566607236335439	NA	NA
GSE37676_1	0.0147089899139793	0.0804357104560349	0.0121602525718482	0.0194116446747885
GSE41342_1	0.0216413823915823	0.124765746788902	0.00640955037569251	0.0345476927639623
GSE41342_2	0.0157416246243147	0.106701644745025	NA	0.0355250694394346
GSE41342_3	0.00497807502897391	0.0223092871870599	NA	0.0523809523809524
GSE41342_4	0.00793729467570027	0.029965918595993	0.00226244343891403	0.00927649255316183
GSE41997_1	0.00247983349328294	-0.0377191900791426	0.00197714106874852	-0.0330727337544342
GSE43242_1	0.00236352266740632	-0.0102994145470898	0.005745261804951	0.000967223091636238
GSE43242_2	-0.00642037632101933	-0.081068045142462	0.000171672696115283	-0.018380347268881
GSE43663_1	-0.000364137432443229	0.000973279430406173	NA	0.002795205468808
GSE43854_1	-0.0208327051812188	-0.0858805312909672	NA	NA
GSE45656_1	-0.0379382990449624	-0.0439034519314131	NA	NA
GSE45656_2	-0.0139751528326819	-0.037693149337538	NA	NA
GSE45656_3	-0.0158719435752217	-0.0311911326187861	NA	NA
GSE45793_1	0.0318106901675166	0.107824790913712	0.0182270932209644	0
GSE45793_2	0.0285614632617651	0.122716538310211	0.0182824292872911	0
GSE45793_3	0.0764691905787396	0.169531821837272	0.0762477788598463	0
GSE45793_4	0.0491563929965994	0.0971188348889358	0.0510783670289363	0
GSE45793_5	0.0538751917209312	0.113838150788738	0.0382979470872712	0
GSE46390_1	0.00588547957539904	-0.049029094562111	NA	NA
GSE48438_1	-0.0188379487595133	-0.0623896089706379	NA	-0.00672551184017252
GSE50549_1	0.00813754292078697	0.00669283429403247	0.00821806141322344	0.00159441352652155
GSE50549_2	-0.00672273397049772	-0.0378869147233851	-0.00947567202139749	-0.00125717151618854
GSE51098_1	0.00941853170652901	0.020696552257184	0.00685494846858363	0.0242484992941026
GSE53857_1	-7.10118173233906e-06	0.0188550275780817	0	-0.0124954323319704
GSE53857_2	-0.00513275423556829	-0.0340430601662891	-0.000525210084033613	-0.0227303663349992
GSE53857_3	-0.00145119335679746	0.00376168826620488	0	-0.00216551969930167
GSE53982_1	0.0239717629739728	0.0924047585338292	0.0258286782908432	0.0154190374735203
GSE53982_2	-0.000631712418981886	0.016330635185737	-0.000602660960759119	0.00372247371887239
GSE54779_1	-0.0104513218982647	-0.0321218525422925	-0.00894695345010717	0.00644720705499051
GSE55900_1	-0.00012554090194323	0.00806089845766109	-0.000574712643678161	-0.00713079336956976
GSE57104_1	-0.00219792447096295	-0.0277941067066803	NA	-0.00595072307002303
GSE59387_1	-0.0196549950402347	-0.0288015900063212	NA	NA
GSE60401_1	-0.0587748775641006	-0.124170502546426	NA	NA
GSE60401_2	-0.0356160382561275	-0.114634362454927	NA	NA
GSE60651_1	-0.00353585668617599	-0.0058466362995988	NA	NA
GSE60737_1	-0.0221918853883815	-0.0310911921014696	NA	NA
GSE60761_1	0.000357797517637635	-0.0244509850195077	-0.000111798349702154	-0.0084631869339138
GSE60761_2	0	-0.0350808548369248	NA	0.0122528864370438
GSE60761_3	-0.00163992888696295	0.0256259929973744	-0.00061478130838906	0.00646119072467403
GSE60761_4	-0.00432144627972757	0.0259986263347134	-0.00028252084657579	-0.00846408840550393
GSE63017_1	0	-0.0369043353163933	NA	-0.00436569368276995
GSE63017_2	0.000973274233587836	-0.0414773119060318	NA	0.0092562933652952
GSE63017_3	0.00237541460575123	0.00648094294940094	0.00166666666666667	0.0132445961354997
GSE63017_4	-0.000852767229328885	0.00609827369791706	NA	0.00537898918652231
GSE63939_1	0.0185750193758312	0.0444998211910538	0.0157018589329478	-0.00467511842538572
GSE63939_2	-0.0187656696886355	-0.0607487337528502	-0.0207786077922985	-0.0114341643019448
GSE64141_1	0.0175435622322504	0.0466190012751648	NA	NA
GSE64965_1	-0.0318016315971785	-0.0707763506404917	-0.0354926155665768	0.00266196706292124
GSE65745_1	-0.000738007380073801	0.00163543968649101	NA	-0.0044026222858936
GSE65745_2	-0.00159598723210214	-0.035238177756863	-0.000779760588425344	-0.0144318089313561
GSE65745_3	-0.00183917789358074	-0.0492188880073486	-0.000780802150665164	-0.0173874714206802
GSE66416_1	-0.00170559384465445	0.0059015367664193	NA	NA
GSE66862_1	0.0180482854875541	0.02429959298884	0.0152542957769767	0.0113266000132808
GSE69108_1	0.0510134673734481	0.14394002759268	0.0508493903516279	0.00065215634345187
GSE71565_1	0.00340514356232618	0.020580019237305	NA	NA
GSE72261_1	-0.0013393810837065	-0.0209985595266361	0.00272540328847984	0.00323450234036337
GSE72261_2	-0.0474980376255192	-0.142116803833591	-0.0498420537154973	-0.0268052261745473
GSE72261_3	-0.0629059177619185	-0.177551502198398	-0.060543609226534	-0.0379728055954347
GSE7683_1	0.000610503143429033	-0.0371891767912905	0.00210891471924893	-0.00270392977322519
GSE7683_2	0.00820068624854429	0.0409113932248804	0.00543540947655259	0.0177824324779753
GSE78980_1	8.05024960890185e-05	0.0374816199076959	NA	NA
GSE78980_2	0.000605150416395906	0.082590408223661	NA	NA
GSE78980_3	0.00208861321558896	0.0594081412586782	NA	NA
GSE78980_4	-0.00269828565952552	-0.0218913810032276	NA	NA
GSE78980_5	0.00194206057961337	-0.00641342960064075	NA	NA
GSE78980_6	0.00195203167141323	0.0474501455982586	NA	NA
GSE78980_7	-0.00890588801986943	-0.0239097061997273	NA	NA
GSE78980_8	0.000194956632032743	0.00196952401395282	NA	NA
GSE78980_9	-0.0137077274551722	-0.0423659252763914	NA	NA
GSE78980_10	-0.000165067873606983	-0.00711452429682425	NA	NA
GSE81399_1	0.00308981088341624	0.018039519659387	NA	0.00881679125665044
GSE84609_1	0.010241527897629	0.0238688121756779	0.00859215540736985	0.00692090395480226
GSE84907_1	-0.00881198650020355	-0.0111970598901655	-0.00968613145936414	-0.00697730420391546
GSE84907_2	0.00111833358429233	0.0247566377907129	0.00458226792299481	-0.00866233284138632
GSE84907_3	0.0128363026150128	0.0544880742474206	0.0168527001253014	3.29930767197055e-05
GSE90127_1	0.0278744289721708	0.0564629991122402	NA	NA
GSE90127_2	0.00978313567326242	0.022027504635526	NA	NA
GSE90127_3	0.018172549993275	0.0384020558919088	NA	NA
GSE9247_1	-0.00203532653775796	-0.0027861035880817	-0.000449877249958433	0.00245869175592753
GSE9247_2	-0.0271221151339525	-0.0717886898655449	-0.0266603282018887	-0.0126099733016318
GSE9247_3	0.00231350791522052	0.0100546000474968	0.00170103135469447	-0.0157051179806159
GSE99306_1	0.311386551241451	0.607200169504838	0.298914987189494	0.213298280438576
GSE99306_2	0.552946001139753	0.879057811090804	0.506636807430592	0.407489149733675
GSE99306_3	-0.135596543399013	-0.483163136855611	-0.106709792144811	-0.110937708912319
GSE99306_4	0.598373720196783	0.904982535547947	0.583269331691229	0.464800125247886
GSE99306_5	0.427053183570534	0.779104696986972	0.412777622450635	0.331460686938353
GSE99306_6	0.554000417283438	0.866283800501761	0.497406467277342	0.373521398765389
GSE99306_7	-0.0826380164232671	-0.480611001691268	-0.00777347642775893	-0.127248718923023
GSE99306_8	0.494024939531255	0.826167676637458	0.478876115386431	0.353333333333333
GSE99306_9	0.552403973792397	0.862242284329771	0.511598740667099	0.409675232783532
GSE99306_10	-0.0755445936562398	-0.380527732450178	-0.0357612828000121	-0.113009969077974
GSE99306_11	0.445958734727345	0.77545715535857	0.434005143458686	0.323578494340327
GSE99306_13	-0.124912695027067	-0.417316334912994	-0.0936036474451512	-0.129627687658034
GSE99414_1	-0.00757761986133633	-0.012011531555442	-0.00535931466111723	-0.0190375261734713
GSE110581_1	-0.00354731669161346	-0.0568679087065839	-0.00157650062933351	-0.000839814743572136
GSE110581_2	0.000616017448969726	-0.0886593226677279	0.000466417910447761	-0.00836184490030644
GSE47799_1	0.00642734970261838	0.0947174882349445	0.00558831820750831	0.0215751481309029
GSE47799_2	0.000634793232822399	0.00134933355420524	-0.00110527439451354	-0.00950014918124181
GSE47799_3	0.0100453322922556	0.0634431193226189	0.0128808239937931	0.0304169110720063
GSE111628_1	-0.000974456052638337	-0.0403607096424948	NA	NA
GSE111628_2	-0.000975565870376254	-0.100267450593319	NA	NA
GSE111628_3	-0.00852999136417113	-0.0957352201235908	NA	NA
GSE5657_1	-0.00465051353061303	-0.0560698451586884	-1.92577924462405e-05	-0.0112450755724583
GSE5657_2	-0.00133552951599977	-0.00884485215382405	-0.00106923613709686	0.00986689292654393
GSE13782_1	0.00588967468780434	0.0928094372427748	0.00161185783281072	-0.00477012680758664
GSE41039_1	0.000589300693676939	0.0457380399907171	0.000210156895127993	-0.00212247704712934
GSE84198_1	0.00269164815340818	0.0142249367539286	0.00170671375163108	0.00147908957181064
GSE84198_2	-0.00355716322809783	-0.0394185504023951	0.000414395495955486	-0.000651864824296597
GSE84198_3	-0.019115664629456	-0.0360746781971498	-0.0138091264288372	-0.00955299236310321
E-GEOD-54216_1	0.0449493778062111	0.110583607328653	0.0462588279507452	0.0130618892623861
E-GEOD-54216_2	0.0463627676003671	0.111813316341795	0.0480366975322963	-0.00054543221677312
E-GEOD-54216_3	0.00913010275474208	0.0376064931915886	0.00896921789390386	-0.00531198504246419
E-GEOD-6119_1	-0.0263755250493128	-0.0694319324003473	-0.0268946578310406	-0.0118727357997976
E-GEOD-6119_2	-0.0264467287423319	-0.0687654049662235	-0.0286143909314854	-0.0089203560422274
E-GEOD-6119_3	-0.027510913663975	-0.0626612856219167	-0.0240532895571471	-0.0155840043946548
E-GEOD-8077_1	-0.005422860364387	-0.045490538931095	-0.00908810904645927	0.00615304245088338
E-GEOD-8077_2	0.00132725070391398	0.0434684281103504	-0.00178421437421522	0.00066834523775134
E-GEOD-8077_3	0.00659900481126116	0.0669541546465138	0.00758527200040256	0.0016867460990762
GSE103416_1	-0.00993327316350308	-0.0401122311350007	-0.00709201672652083	0.00489089593776756
GSE103416_2	0.0152726006989739	0.0425529943643947	0.01391015101871	0.0327183261921184
GSE103416_3	0.0231584174868439	0.0671423021012312	0.0226003047103754	0.0349294846538309
GSE19950_1	-0.0334840732278227	-0.12510384264273	-0.0355277953595775	-0.0269973162675475
GSE30322_1	0.0200534923383336	0.0977831927289964	0.0166276808693071	0.0245941486982465
GSE30322_2	0.0129187283847822	0.0581263293273634	0.0188199818263322	-0.00721937663937233
GSE30322_3	-0.0014222015896312	0.0133613514577794	-0.00167477903695347	-0.00884202964564329
GSE42295_1	-0.000367983714985653	0.0257129942697114	0.000582750582750583	0.00590391451854079
GSE42295_2	0.00609167660517047	0.0369803623477746	0.000229282767462943	-0.0182485139074549
GSE42295_3	0.0028785458185487	0.0338848388581654	0.000872110437792591	-0.0215536236986386
GSE66554_1	0.0126471676224307	0.0527356589801084	0.00914592511179072	0.0339408877932929
GSE66554_2	0.0329818929425605	0.0771603198331798	0.0199471010998388	0.0295167723961469
GSE66554_3	0.00800881369218572	0.0300708810880106	0.00100806451612903	0.0174928222346664
GSE66554_4	-0.00692181372524614	0.0144982334635997	-0.0116896274455984	0.03382567253535
GSE74898_1	-0.0218255406786303	-0.0389908429130479	-0.0177554082292365	-0.0225930801144513
GSE74898_2	-0.0255564366038454	-0.0560508273578483	-0.0209758423132949	-0.0243772210901955
GSE74898_3	-0.00931744573199267	-0.0355843058869511	-0.0103981905034907	-0.0165003133417796
GSE79176_1	0.00097493694985332	0.0107966529299334	NA	NA
GSE79176_2	-0.000482025055691478	0.053603308690312	NA	NA
GSE79176_3	-0.000360459309974863	0.0473317446193147	NA	NA
GSE85785_1	0.010215420911587	0.0230792928289522	0.000790522962959852	-0.000510888917259806
GSE23492_1	-0.00321665087684659	-0.00777140501778792	NA	NA
GSE23492_2	-0.00780539049501229	-0.0100595493924104	NA	NA
GSE23492_3	0.0160126754436897	0.0506602826282068	NA	NA
GSE23492_4	0.0237415471217884	0.0585791924658395	NA	NA
GSE23492_5	-0.0266830264635579	-0.0690229872293001	NA	NA
GSE44991_1	0.00874850357244671	0.0778195568494778	0.0120343990105376	0.00954473834035784
GSE44991_2	0.000374321495515692	0.0430430283824183	NA	0.017714725223025
GSE39796_1	0.0105798765265652	0.0112717777112674	NA	NA
GSE39796_2	-0.00446867631940773	-0.0117985766951742	NA	NA
GSE39796_3	0.00938036787643639	0.0304619429443829	NA	NA
GSE18394_1	-0.0123774403695044	-0.0346385877261237	-0.0148901078557481	0
GSE18394_2	0.0155278242849859	0.00704733045807582	0.0166422243205617	0
GSE18394_3	-0.0164637791411121	-0.0420999260231877	-0.0204863940940064	0
GSE29233_1	-0.0011029356319887	0.0207555497398526	NA	NA
E-MEXP-2291_1	-0.0230121066929661	-0.0457722013290933	NA	NA
E-MEXP-2291_2	0.0192749064612902	0.05714544447092	NA	NA
E-MEXP-2291_3	-0.0302981606600917	-0.0935801548561258	NA	NA
GSE107363_1	0.0049818415503482	-0.00687626282834075	NA	NA
GSE85761_1	0.0100585261047828	0.0365570324186998	NA	NA
GSE89179_1	-0.00538769982305246	-0.000794724179307429	NA	NA
GSE89179_2	0.000353001631574021	-0.0261530825602966	NA	NA
GSE89179_3	0.00354649751942073	-0.00552141480120424	NA	NA
GSE89179_4	0.00809267769452916	0.00491431337041478	NA	NA
GSE89179_5	-0.0250968832511285	-0.0661884778300527	NA	NA
GSE89179_6	-0.00928261249004446	-0.0426619699508432	NA	NA
GSE89179_7	-0.0114920654973563	-0.0388079249322449	NA	NA
E-GEOD-57723_1	0.00133398579504974	0.000628190865239251	NA	NA
E-GEOD-57723_2	0.00563018130606056	-0.00135590237842498	NA	NA
E-GEOD-57723_3	-0.00160991079738283	-0.00702966909934163	NA	NA
E-GEOD-83930_1	0.00576166112997592	0.0252448133335843	NA	NA
GSE100268_1	-0.0115692005128239	-0.0204452050965831	NA	NA
E-GEOD-55769_1	-0.00154504466540985	-0.085979672694648	-0.00164736296596042	-0.0081479945292696
E-GEOD-55769_2	0.000369356236703176	-0.062504800096641	0.000544956040968005	0.00123712234947583
E-GEOD-55769_3	-0.00291961824095096	-0.0914683060095033	-0.00523243571295276	-0.0189396691112938
E-GEOD-69110_1	0.00123831180497731	0.0389381395071846	0.000843670315209283	0.00525549200304582
E-MTAB-4304_1	0.0259655585069233	0.122023505303598	0.0251812435442812	0.0103245082941912
E-MTAB-4879_1	0.00405144690447094	0.00711942569926663	0.000421162321965023	-0.00440224076645892
E-MTAB-4879_2	0.0141858140536572	0.0250240439401174	0.0138697986549182	0.0177351184288244
E-MTAB-4879_3	-0.00293687068257736	0.00138274161852338	-0.00126048350592568	-0.0114147612646895
E-MTAB-4879_4	-0.00938981543019657	-0.0210573414213522	0.00180370393590019	-0.00462003613526399
Cytokine_Explant_1	0.0263546784688644	0.0646963014240765	0.00739645339865809	-0.0071650568007024
Cytokine_Explant_2	0.0130424801121864	0.0275983566266925	0.00896451564894015	-0.00337697352456866
Cytokine_Explant_3	0.0082018224057277	0.0248349612595265	0.00293208768245564	0.00235420449080142
Cytokine_Explant_4	0.00383748579828135	0.00748831107805257	-0.000954587332482276	-0.00730073110891384
Cytokine_Explant_5	0.0131429401575345	0.0237517220936943	0.00633105266356663	-0.00202340367116683
FN1_Explant_1	-0.00230608942171186	-0.0839115875834464	-0.000637047322927102	-0.00448879656859403
E-MTAB-6266_1	0.0208103751548852	0.0557779188066258	0.016708351248164	0.00834535834535834
E-MTAB-6266_B_1	0.00928384400918608	0.0319159868913155	0.00923841348171257	0.00122861471121555
E-MTAB-6266_B_2	0.0329507134387757	0.0751027857706454	0.0281747411087676	0.00287819111406044
E-MTAB-6266_B_3	0.0191718415791841	0.0475480399765473	0.0145393291022652	-0.000279490222716743
GSE70667_1	0.000727599353479003	0.158886346018801	-5.72547492814547e-07	0.018400055213052
GSE87608_1	0.00233395191753912	0.145714082226322	NA	0.00186404486903703
GSE87608_2	0.0224361914394958	0.0891489871611144	0.00129975971794797	-0.00945803685014139
GSE87608_3	-0.00216164932661464	0.00398623866886793	-0.00638471445038121	0.00601948483714209
GSE87608_4	-0.00407072378428719	0.000197205954515059	-0.00236500414917246	0.0203654875523256
GSE90890_1	0.004561539742799	-0.010124198330973	0.00142687367575118	0.0203915063322157
GSE97118_1	0.053857251489753	0.128415956748261	NA	NA
GSE97118_2	0.0198308725606086	0.0790701077316297	NA	NA
GSE97118_3	0.0514925578091627	0.11265141208228	NA	NA
GSE97118_4	0.00525548952152281	0.0412107413636343	NA	NA
GSE97118_5	0.00730347562233855	0.0114031169174674	NA	NA
GSE97118_6	-0.000859080711920913	-0.023097233344233	NA	NA
GSE97118_7	0.00698542597332063	0.0689123939366418	NA	NA
GSE107592_1	-0.0553945567936792	-0.117110704586918	-0.0417752362485003	-0.0105606632398005
GSE92641_1	-0.0028680798393017	-0.00820363811566406	-0.00777798199598194	0.00424519258364814
GSE107849_1	-0.00024330900243309	-0.0108818733844395	NA	NA
E-ERAD-89_1	-0.000360145997383052	-0.00725646803806345	NA	NA
E-ERAD-89_2	0.00156627009601005	0.00428192150137208	NA	NA
E-ERAD-89_3	0.00322080774424188	0.0160557845035913	NA	NA
E-ERAD-89_4	-0.00121037890225276	-0.0310917377146495	NA	NA
E-GEOD-45893_1	0	-0.0443147261198805	NA	NA
E-GEOD-53105_1	-0.00217855421794507	-0.0587581680210277	0.000290457456071884	0.00289737226036518
E-GEOD-53105_2	0.0037918012827788	-0.0127064801533695	0.00334828128508618	-0.027904479145764
E-GEOD-54461_1	0.00865964066813826	0.0560417670378238	0.00448394501291733	0.00240155741824205
E-GEOD-54461_2	0.0002748463288713	0.018330787345944	0.00148245636979816	0.00345673601622453
E-GEOD-54461_3	-0.00369185667187232	0.0294279666457194	-0.0033613307189387	0.00401913632484902
E-GEOD-54461_4	0.0101778217531511	0.0511475576021097	0.011753158963757	0.00907444505202862
E-GEOD-54461_5	0.00734854343810874	0.038114073385924	0.007984084178243	0.0124692608090321
E-GEOD-54461_6	-0.00536528867638571	0.00383856746593232	-0.00717433906855791	-0.00568276468657085
E-GEOD-54461_7	-0.000814465826910575	0.00966507372403545	-0.000571312557348519	-0.00561370822910549
E-GEOD-54461_8	0.00770827834833303	0.017387499810814	0.00668786675004454	-0.0101809236013812
E-GEOD-73372_1	0.00885509541587483	0.0594693110005029	NA	NA
E-GEOD-73372_2	0.00785278736461563	0.11116277950952	NA	NA
E-GEOD-73372_3	0.0072354891923371	0.0320296328795317	NA	NA
E-GEOD-75549_1	-0.000400942339564418	-0.0315213058207576	NA	NA
E-GEOD-76988_1	-0.0106524832846895	-0.0306492953669467	NA	NA
E-MTAB-2923_1	0.0138218985154339	0.0305546044172845	NA	NA
E-MTAB-2923_2	-0.0286953501576167	-0.0646607012009107	NA	NA
E-MTAB-2923_3	-0.0399316329440437	-0.0788458436763529	NA	NA
E-MTAB-2923_4	0.0104872507645692	0.0295342629421828	NA	NA
E-MTAB-3428_1	-0.014575972323471	-0.0282692982419035	NA	NA
E-MTAB-3428_2	0.013183513414619	0.101127647948248	NA	NA
E-MTAB-3428_3	0.00108003342506431	-0.0117560487783633	NA	NA
E-MTAB-3428_4	-0.0146591024658575	-0.0262890392905421	NA	NA
GSE102856_1	-0.000266441009500507	0.0351999040020758	NA	NA
GSE103492_1	0.0158211346994848	0.0279198642577831	0.00928593164717146	-0.0112316017129549
GSE103492_2	0.0111647911154443	0.0427123820332665	0.00679609575455867	-0.0178299672009527
GSE103492_3	0.0220034220648855	0.049856497331248	0.0177649208130158	-0.00608930568536378
GSE103492_4	0.00536713826409276	0.0217752794345898	0.00207862531841075	-0.007881052070487
GSE103492_5	-0.0110093473018025	-0.0461474003636784	-0.000961893419415422	-0.0131327493752089
GSE103492_6	-0.000630183471660953	0.00553579033573599	0.00283422793578853	-0.00967345160688445
GSE103492_7	0.0128743178664487	0.0578497968103334	0.00309389077997794	-0.00177522176864629
GSE103492_8	-0.0034320209713376	0.0236057444274757	-0.00245895484269313	0.00050837777011405
GSE103492_9	-0.00147142027650095	0.026783416184653	-0.00147815694110401	-0.0027774656220052
GSE103492_10	0.00455070717683297	0.0037329456789044	0.000457875457875458	0.00164656008467138
GSE106259_1	0.00458710656082414	0.00300972697213069	0.00294274458281516	0.0064121420285657
GSE110303_1	-0.000368641913665672	0.0466457731254759	NA	NA
GSE110303_2	0.00108309263296274	0.0038984212610722	NA	NA
GSE110303_3	-0.0052011862476987	0.0187866873768904	NA	NA
GSE110300_1	0.00284686959286175	-0.0317929303076677	NA	NA
GSE110300_2	0.00121653490008659	0.0882185494445691	NA	NA
GSE110300_3	-0.0048930386158218	0.0138687994431379	NA	NA
GSE110281_1	-0.007803323885793	0.023705516081012	NA	NA
GSE110281_2	0.0032031206545981	0.0499269508687599	NA	NA
GSE110281_3	0.00933775588430729	0.0323310212102568	NA	NA
GSE104459_1	-0.0033106763228263	0.0123729141147359	-0.0015054714334671	0.00563533462457607
GSE104459_2	0.0127429165672672	0.0986752598270159	0.00728871905497971	-0.0059802656944483
GSE104459_3	0.00101865086407153	-0.0160856242707552	-0.000735433995251406	0.0229469137208367
GSE110051_1	0.0552504211516948	0.105367471999573	0.0409739260808211	0.0321728546545927
GSE110051_2	0.00749758323672529	0.0333432414819203	0.000164020674247957	0.0122693752241781
GSE110051_3	0.0453724031289494	0.10462498643428	0.0316804516898627	0.0205403216741336
GSE112694_1	0.0338127317927154	0.0774591107938991	0.0351839659892139	-0.000588957362343903
GSE112694_2	0.00406463191185442	0.0157723896345167	0.00303877324581267	-0.0176611859674408
GSE112694_3	0.0141973263713946	0.0414182070503651	0.00769274736388563	0.0191261460756036
GSE112694_4	-0.0206293073897089	-0.051450650334836	-0.0257665915477972	-0.0177946546900596
E-MTAB-5879_1	0.00371992545576158	-0.00966294161884226	-0.000403492331380161	0.00822051665399883
E-MTAB-5879_2	0.00454273135852512	0.0261840318110195	0.0115858827050806	-0.0151623850915636
E-MTAB-5879_3	0.0201231017386849	0.0370456602903062	0.0163170890136989	-0.00985782174708897
E-MTAB-5879_4	0.00397948050172277	0.0192293354789376	0.00593314448297681	-0.00635403012764251
E-MTAB-5879_5	0.0169320378094509	0.0376656679202356	0.0230498359405261	-0.0235476749303733
E-MTAB-5879_6	0.0112862284766445	0.0376429060326057	0.0208330093043728	-0.0137112085288881
E-MTAB-5879_7	-0.000244030578608685	0.029058352830659	0.000690826781971003	-0.0138466812670156
E-MTAB-5879_8	-0.00297354405467598	-0.0107041570512772	0.000442869796279894	0.00422301591727245
E-MTAB-5879_9	0.010146218662019	0.0941606395573546	0	0.00862672123945512
E-MTAB-5879_10	0.00327549065773786	0.0731923330150208	0.00113296886741451	-0.00863273018014744
E-MTAB-4294_1	-0.0149774034530212	-0.0535114754107874	-0.0178040686038564	0.00380532609175519
E-MTAB-4294_2	-0.0467668810213042	-0.11789370863649	-0.0609471886784177	0.00575186905630362
E-MTAB-4294_3	-0.022323490481245	-0.116826384043115	-0.0160920905268823	-0.0152364732703725
E-MTAB-3186_1	-0.0102675617771594	-0.013803262790975	-0.0122466782433387	0.010815750593895
E-MTAB-3186_2	-0.019990745158398	-0.0455467329423924	-0.0274362106330535	-0.00222028902037597
E-MTAB-3186_3	-0.000271843909232503	-0.00572986638059673	0.00485241435465465	0.00528461125069971
E-MTAB-3186_4	0.0266403901504641	0.0580754108544877	0.0383594550236863	0.00702247985616165
