comparisonID	jaccard	cosine	sigjaccard	chrDir
22659600_1	0.00146600219540926	-0.0056163597972139	0.00154629577775761	0.0296437339295022
24361742_1	0.00905172800749959	0.0693366436412208	-0.000864090948473259	-0.00351651212451239
GSE72258_1	0	-0.0208935159178147	0	-0.00252740984778289
GSE72258_2	0	-0.0382293359147165	0	-0.0147436467084561
GSE69531_1	0.00227016626610674	-0.020932234275735	NA	NA
GSE69531_2	0.0054005147534845	0.0520334515344447	NA	NA
GSE69531_3	0.0225879880999267	0.108576159037495	NA	NA
GSE69531_4	0.00227016626610674	-0.020932234275735	NA	NA
GSE58203_1	0.00688124506300264	-0.00903940930255006	-0.0105906106498413	-0.00789730173386683
GSE58203_2	0.00505484857771246	0.00533749174105165	-0.001611208230757	-0.000653214700624709
GSE58203_3	-0.00188661026358449	0.015226430139251	-0.000978723072512641	-0.0026993159585755
GSE58203_4	0.00328879676577692	0.0431591447557522	0.005728955650887	0.00108395482268508
GSE58203_5	-0.00919945881581485	-0.019398689547546	-0.0160183066361556	-0.0104717591732071
GSE58203_6	0.000611712060023823	0.0183596371648314	-0.00213825545844884	0.0131719883453276
GSE58203_7	0.00350551776729352	0.0675679401600069	0.00303888169369572	0.0101618081083232
GSE58203_8	0.012862767648144	0.104527840682442	0.00978742662065611	0.00779359898495481
GSE59642_1	-0.00486835858056043	-0.00162854205213527	NA	NA
GSE59642_2	0.00129084070917068	0.0362436576979765	NA	NA
GSE59642_3	0.00747815058537191	0.0435209956633546	NA	NA
GSE64922_1	0.00155007770505404	-0.00457394709081601	-0.00137568481605958	0.00741803155494385
GSE60162_1	-0.00156586943757108	-0.0102623987735308	NA	NA
GSE31685_1	0.00356908037069176	0.0141006274700014	0.00702540092151568	-0.00865105392012548
E-MEXP-3890_1	0.00251646587030655	-0.0195995263207048	-0.00150463614791055	0.00175303197140324
GSE31980_1	8.02868082573679e-05	-0.000248902402754674	-0.00360190540136139	0.0147499595189652
GSE15615_1	-0.000811318813919164	-0.0316618739294985	-0.00229402501866447	0
GSE15083_1	-0.00166592793336342	-0.000280814412467586	NA	-0.00645803078188945
GSE108035_1	0.00216010074800508	0.0238574913621181	-0.00027144375851692	0.0118318398393586
GSE108035_2	0.00642657258939803	0.0797178423497968	0.00571941915156733	0.00192622151953565
GSE108035_3	0.00421179596357456	0.0657115574320862	0.00266052118926901	-0.00320734590324627
GSE21959_1	0.00750530049481783	-0.0436094918922959	-0.00288497318740566	0.0063301560673027
GSE21959_2	0.0104425308887063	-0.0272198142997079	0.00207751491239736	0.0120582146625593
GSE24742_1	-0.00984727733446988	-0.0112874044501471	NA	-0.00964056413320339
GSE24742_2	0.00382875780873278	-0.0208502699169407	NA	0.0111427413723674
GSE24742_3	0.00328775148465788	-0.0244122034649287	NA	0.00315835645300273
GSE74668_1	0.00468665734845743	0.0182627967768919	NA	NA
E-GEOD-10024_1	-0.00331698893564913	-0.00676585309625899	NA	NA
E-GEOD-10024_2	-0.0037450122549944	-0.00783803893357085	NA	NA
E-GEOD-12860_1	0.00515286976813935	-0.000981397006832211	NA	NA
E-GEOD-12860_2	0.000941008268748759	0.0142243641400985	NA	NA
E-GEOD-12860_3	0.00416436481443669	-0.00287190234483636	NA	NA
E-GEOD-12860_4	0.00193372274152525	-0.00415848896287641	NA	NA
E-GEOD-12860_5	0.00237920081641594	0.0112940282367042	NA	NA
E-GEOD-12860_6	-0.000463365759414858	0.00828708030474994	NA	NA
E-GEOD-12860_7	0.0028558524414892	-0.0026498242483713	NA	NA
E-GEOD-12860_8	0.0083027943933821	0.00710282738891318	NA	NA
E-GEOD-14359_1	-0.0030783446497087	-0.00914726396734306	-0.00160234027859643	-0.02597298779443
E-GEOD-14359_2	-0.00311868898782368	-0.0484839494302731	0.00322392984505073	-0.00424347520987115
E-GEOD-1919_1	-0.00307557302385023	-0.0320526604935283	NA	NA
E-GEOD-1919_2	-0.00592895185401106	-0.0190621114364476	NA	NA
E-GEOD-1919_3	-0.00506663919009659	-0.00349549151271282	NA	NA
E-GEOD-1919_4	-0.00347904861678654	-0.043751528303607	NA	NA
E-GEOD-1919_5	-0.00860261348010091	-0.03302475906542	NA	NA
E-GEOD-1919_6	-0.00613444274171007	-0.028073024579275	NA	NA
E-GEOD-1919_7	-0.0201251200177908	-0.0477829077321563	NA	NA
E-GEOD-1919_8	-0.0160489764549955	-0.0673105462184608	NA	NA
E-GEOD-1919_9	0.00940425621033619	0.0503279572301341	NA	NA
E-GEOD-19664_1	0.009874558469593	0.0397229390872905	NA	NA
E-GEOD-19664_2	-0.00923400564013059	-0.0215628085722102	NA	NA
E-GEOD-19664_3	-0.004062263647317	-0.0204688841291709	NA	NA
E-GEOD-19664_4	0.00796796722125531	0.0214658841500344	NA	NA
E-GEOD-19664_5	-0.00282277602438377	-0.00138935729871249	NA	NA
E-GEOD-19664_6	0.0053982339693929	0.00363346176398077	NA	NA
E-GEOD-43923_1	-0.0362648335945866	-0.155447823091816	-0.0451083276912661	-0.0577863834277645
E-GEOD-51812_1	-0.00244843051743443	-0.0181602616209785	-0.00208621794795781	-0.00812089333569789
E-GEOD-51812_2	-0.00277912664616461	-0.038494138096648	-0.00238122411592027	-0.0218045819568662
E-GEOD-68760_1	-0.000543140865483098	-0.00934674101890564	-0.00126202865626622	-0.0111075524581829
E-GEOD-82107_1	0.00847694050244875	0.0124374369730067	-0.00155588747821758	0.00626794530926056
E-GEOD-9451_1	-0.000928519823121176	-0.0578137829490213	-0.00297831348831969	-0.00459175885330498
E-GEOD-9451_2	-0.00803484610535292	-0.0499636518745855	0.00383168574651953	-0.0108955803292086
E-GEOD-9451_3	-0.00533625752048406	-0.0350284692855321	-0.00020728579621648	-0.0163962060877657
E-GEOD-9451_4	0.0067682065921064	0.0410176376938747	0.0115982517288014	0.0169142194675957
E-MEXP-2019_1	0.0027049753067133	0.0100184113000633	0	3.85822719492744e-05
E-MEXP-2019_2	-0.0040296770139453	0.0301348627761985	-0.00564921418128655	-0.00669386175666055
E-MEXP-2019_3	0.00214617942752311	0.0156888494394739	NA	-0.00152697730581691
E-MEXP-2019_4	0.00252724002566484	-0.0106118683726849	0.00833333333333333	0.00296269857375348
E-MEXP-2276_1	0.00938015337600185	0.0332781464830128	NA	0.00458770976965382
E-MEXP-2488_1	-0.00648166974820205	-0.0247455066535536	-0.00400134678699248	-0.00290253874760795
E-MEXP-3129_1	-0.00579698086725004	0.0207767229925343	-0.00824864123512169	-0.00980325801577043
E-MEXP-3474_1	-0.00900810294126599	-0.036352127333127	NA	-0.0113044602963213
E-MTAB-3010_1	0.00465654596910168	0.0208440280535481	NA	NA
E-MTAB-3010_2	0.00748833292440237	0.0348052642562615	NA	NA
E-MTAB-3010_3	-0.00799076408969111	-0.0326640103832335	NA	NA
E-MTAB-3010_4	0.00710166045800507	-0.022394348161145	NA	NA
E-MTAB-4152_1	-0.00350816170341427	0.0101945603432362	-0.0136269923451061	0.00107818995321987
E-MTAB-4152_2	-0.00156385270107288	0.00366782724518434	0.00302212321149458	-0.0047534338166443
E-MTAB-4152_3	-0.0020115380386058	0.0132491899949056	-0.0150927971085167	0.00450952595568316
GSE100609_1	0.00261425595998385	-0.000950239099656413	NA	0.00984008776216569
GSE100786_1	-0.00149228868498133	-0.00860424427752147	0	0.00139341438087097
GSE100786_2	0.00187206079855193	0.00277547509164856	NA	-0.000218103711340359
GSE103697_1	0	-0.0162509176626958	NA	NA
GSE103697_2	0	-0.0039482634564616	NA	NA
GSE103697_3	0	-0.00100680023845228	NA	NA
GSE104113_1	-0.016305233461004	-0.037945647018413	NA	NA
GSE104113_2	-0.0105230946672955	-0.0438822458544444	NA	NA
GSE104113_3	-0.016305233461004	-0.037945647018413	NA	NA
GSE10575_1	-0.0183248385299653	-0.0464718798420383	0	-0.00666723046194941
GSE10575_2	-0.0207357066113012	-0.0809984618019251	-0.0181309728920545	-0.0219494728461436
GSE10575_3	0.00276223922876657	0.0591261346712279	0.00429061749255016	-0.000424823035587835
GSE13604_1	-0.00350833390263001	-0.0153925988903056	-0.00212369202060015	0.000779272184647267
GSE13837_1	0.000874687182025686	-0.0102420054241919	0	-0.0017687215539222
GSE13837_2	0.0203795299790911	0.00420896726173567	0.0138564701286864	0.0155756461005391
GSE13837_3	0.00434316347902527	0.00217445027335403	0.00254033958971418	0.00872834124043469
GSE13837_4	-0.000790435289068236	0.00467916673070645	0.0029747282784945	0.000840299509274906
GSE13837_5	0.00289975498817164	-0.0131578583298912	0.00485436893203883	0.0134906869007239
GSE13837_6	0.016005485274197	-0.0136207056131479	0.0074648142061731	0.015563140343049
GSE13837_7	-0.000670203371970822	-0.010935600315864	-0.00604574787683255	0.00247297605979709
GSE13837_8	-0.00434568781794377	-0.0104917508881395	-0.00555006510580247	-0.00942954428549031
GSE13837_9	-0.018986938329775	-0.0434000002732295	-0.0118229015453055	-0.0282049265578691
GSE13837_10	-0.0135529322216814	-0.0325785282598344	-0.00387116348461365	-0.0274645748609108
GSE13837_11	-0.0119551833164638	-0.0338337560584774	-0.00435711079684719	-0.0277854424415568
GSE13837_12	-0.0111748177158295	-0.0282409155011864	-0.00444590268139923	-0.028007968013778
GSE13837_13	0.000519431853428111	-0.0187155410974715	-0.00738944513975803	-0.0073826890400186
GSE13837_14	-0.000363663651481215	-0.0184679537838853	0.0040876267916388	-0.00161421931837193
GSE13837_15	0.00540706591265316	-0.00341322683065361	0.00412741131212459	0.00747394057335954
GSE13837_16	0.000778609630413319	-0.000735621803967445	-0.000927268068938742	-0.00262368096129123
GSE13837_17	0.00164519882829742	-0.0160904013123952	-0.00261780104712042	0.000838196455831268
GSE13837_18	-0.00157950878454971	-0.0123408734751797	-0.00742896537255809	-0.00063370983618167
GSE13837_19	0.00278083994887558	-0.00924940140615122	0.000737740217863854	0.000526734316936228
GSE13837_20	-0.00145098645172898	-0.00320298844347365	-0.00431083476685095	-0.00700647666972961
GSE13837_21	-0.0171151542924981	-0.0392858066224654	-0.0135866456644379	-0.0317716190466507
GSE13837_22	-0.0135099334227905	-0.0422665926561274	-0.00682530923651443	-0.0188678941550196
GSE13837_23	-0.0110749114834197	-0.0304208593059725	-0.00328474038015572	-0.020754551026513
GSE13837_24	-0.0138495707191657	-0.0308539162370205	-0.00851247354335274	-0.0218925577968131
GSE16464_1	-0.00235467874935999	0.0343381437146095	NA	NA
GSE16464_2	0.00259113666259503	-0.0257799050759601	NA	NA
GSE19060_1	-0.0086328737179088	-0.0523702327330456	0	-0.00437436914717313
GSE27372_1	0.00947075153623343	0.0311297303962563	0.0141503716871364	0.0139039695402929
GSE27390_1	0.0033260036495334	-0.00222408132452353	0.00030196789723114	0.00319005994361445
GSE29106_1	0.00262760838664614	0.0259926953371496	NA	NA
GSE29107_1	0.0010268774444332	-0.0011012839219649	NA	NA
GSE29107_2	-0.00936384775997525	-0.0526083857663674	NA	NA
GSE29745_1	0.00115886926991004	0.0474390645015647	NA	NA
GSE29745_2	-8.5500579834117e-05	-0.011934114727588	NA	NA
GSE29745_3	0.0101765708382217	0.116403564339018	NA	NA
GSE35546_1	0.0118121552716162	-0.0254560917832501	NA	NA
GSE35546_2	0.0176071583053808	-0.022192283320674	NA	NA
GSE35546_3	0.0163364966245783	-0.0275401657962247	NA	NA
GSE35546_4	0.00967063383874653	-0.0182102196526171	NA	NA
GSE35546_5	0.00888869294311532	-0.014293045181923	NA	NA
GSE35546_6	0.0128256306020566	-0.00934700551375683	NA	NA
GSE35955_1	0.000781235987495464	0.0110708386052691	-0.00288515877148395	-0.00557416295881068
GSE35956_1	-0.00676060393828425	-0.0185750124637579	-0.00544876528483086	-0.012283496549952
GSE35957_1	-0.00589043032249104	-0.0235165576264711	0.00673542125478371	-0.0102405076414977
GSE35958_1	-0.00619893945536616	-0.0263093922986649	-0.00637970313300753	-0.00738510165411886
GSE39340_1	0.00428482583586002	0.00597832911508355	0.0043859649122807	-0.0183452992982124
GSE39340_2	-0.0100433484198728	-0.0575785335625688	0.0135135135135135	-0.022101951998742
GSE39340_3	0.0137518401725515	0.0693877009402562	-0.00641025641025641	0.0115785853563918
GSE39795_1	0.0172026061932772	0.0111493333784485	NA	0.0102111603078098
GSE39795_2	-0.00215896396721425	-0.0215467304768395	0.00652167131636834	-0.00488150824135971
GSE39795_3	-0.00764161659327476	-0.0387777533257366	-4.85751962051896e-05	-0.00669589279716447
GSE41038_1	0.00272897853543015	0.0329836254635998	NA	0.0125347418273459
GSE41038_2	0.00173264658268494	-0.00169560551582751	NA	0.0144603426596503
GSE41038_3	-0.000980636813112741	-0.0291410749795351	NA	0.00313782742604796
GSE41992_1	0.00827061182906703	0.0646958608863736	NA	NA
GSE42235_1	-0.0323074418018174	-0.0887032140064896	-0.0302669281832429	-0.0398491232294049
GSE42235_2	-0.0271660994728725	-0.0735507724607413	-0.0131380525140528	-0.0281503803401213
GSE42235_3	-0.0329395684849667	-0.0819216455897034	-0.0198042443039365	-0.0296282403876175
GSE42235_4	-0.0355337922606004	-0.070242024620645	-0.0202606495147483	-0.0283571637434146
GSE45233_1	-0.00539358900311669	-0.0120052728734039	NA	0.00166496115436406
GSE45233_2	-0.00655046768499368	-0.0660596221864518	0	-0.014149494674413
GSE45233_3	0.00224194674685114	-0.0063817677813687	NA	-0.0014710689767898
GSE45233_4	0.00474059218881091	0.0388892671372487	0	-0.00531852888034039
GSE46053_1	-0.00218117771558005	-0.0355503080969238	-0.00383803580241789	-0.00273149098101977
GSE46053_2	-0.0124374446241602	-0.0231347221412832	-0.0127551263270039	0.0011385400677153
GSE46750_1	-0.000844622348786407	-0.0271643929829443	-0.00453917050691244	-0.0021748814243507
GSE51588_1	-0.0269640884061034	-0.130044681751667	-0.0241445687203871	-0.0166499191391071
GSE51588_2	-0.0138853663533978	-0.0881669518748064	-0.012524893075621	-0.0221585432932804
GSE51588_3	-0.0195471340801139	-0.053469831517939	-0.0210820348510472	-0.0260987574243808
GSE52817_1	0.00653960630970609	0.0616665497193138	NA	NA
GSE52817_2	-0.00214302716953911	-0.00179021280259387	NA	NA
GSE52817_3	-0.00179409931477465	-0.0236163143395876	NA	NA
GSE52817_4	0.00180464880015714	0.039838874537167	NA	NA
GSE55235_1	0.000955487577484156	-0.0135166425484425	-0.000471203441625762	-0.0140243716825334
GSE55235_2	-0.00663321433921656	-0.0363439500969659	-0.00762613639127906	0.00265386447660648
GSE55235_3	-0.00721635674442824	-0.0313930118392716	-0.00785027019129145	0.009706896129329
GSE55457_1	-0.00198612170325375	-0.0455942630510156	-0.00973356509583195	-0.00855058296510429
GSE55457_2	0.00446621651440928	-0.0298662864806209	0.00538004839426003	0.00792848782625957
GSE55584_1	-0.0203143010835319	-0.0224892294586918	-0.0158297465327594	-0.00810880447585395
GSE57218_1	-0.0109536492359092	-0.0421075022455999	-0.0133955629349154	0.00588775915375452
GSE60762_1	0.011513432990149	0.0366535430381089	NA	0.0177652065140512
GSE62914_1	-0.00325895886719157	-0.0414354804907318	NA	0.00037508671638424
GSE62914_2	-0.00422515076666185	-0.0376714410968367	NA	0.00415359826433235
GSE62914_3	-0.000811529752422305	0.00954761418801072	0	0.0113481977666435
GSE62914_4	-0.0015731320777074	-0.0455011025416256	0	-0.01069176467997
GSE64394_1	0.00999121129692315	0.0403195285629253	NA	0.0165574234547321
GSE66635_1	-0.00415695749540208	0.00050798455969092	NA	-0.0128290336440129
GSE68038_1	0.0251559410781822	0.0584498404314856	0.019676844344776	0.0235999567161457
GSE68428_1	-0.00195154613262723	-0.00466383285750297	-0.00343423141282152	0.00160496821504178
GSE68428_2	0.00231730200576037	-0.00593434040061606	-0.000639646452333903	0.00251927240342078
GSE68428_3	-0.00502152646513654	-0.00692789642146782	-0.00411105936867068	-0.00785778170449358
GSE69459_1	0.0238133085426677	0.101530904789703	NA	NA
GSE69459_2	0.0370379567632433	0.129375341358626	NA	NA
GSE69459_3	0.0260305410609417	0.0736447607223334	NA	NA
GSE69459_4	0.0250653603979495	0.118350176846903	NA	NA
GSE69992_1	0.0176902270486721	0.0849318027413728	0.0131681761022868	0.017620185707279
GSE70719_1	-0.00156389942367302	-0.0196885206961861	-0.00130620806011734	-0.00603870764580906
GSE7116_1	0.000529787514764681	-0.0151708293625803	0.00213443556037403	0.0104565156172422
GSE7116_2	0.00477993655888416	-0.0397617186932831	0	-0.00545183189554892
GSE7116_3	-0.00133887830932054	-0.0176378611261284	-0.00601324088220316	0.00130137720301797
GSE72575_1	0.00755848835070682	0.0395908506843265	0.00546674894523724	0.009157916984877
GSE72575_2	0.00941706155168786	0.0077134899155425	0.00821941216678059	0.00938523593837965
GSE72575_3	0.0110794660628672	0.0353970046935039	0.00332750845062667	0.00501429367956575
GSE72575_4	-0.00193050193050193	-0.025284580428278	0	-0.00326597623277093
GSE75181_1	0.00705739573305199	0.0308007849041087	0.0032000094943613	-0.000379042583557783
GSE75181_2	0.00169462122755965	-0.00756006932473867	0.00114178708977759	0.00261237045474682
GSE75181_3	0.0099558397823283	0.0276786430716081	0.00481657393913228	-0.00459410366209671
GSE75230_1	-0.0103319716492758	0.00684206143621467	-0.00484699724979425	0.00107630834166307
GSE7669_1	0.00350436146540135	-0.0117567974042556	-0.00568181818181818	0.00834551781886706
GSE77916_1	0	0.0240399992146655	0	0.00106698749112809
GSE80614_1	-0.00825082508250825	-0.0144298614095789	-0.00967741935483871	-0.00713715503167448
GSE80614_2	0.0045134194992618	-0.00869905062390644	0.0108589876628618	0.0075552945717273
GSE80614_3	-0.00555555555555556	-0.027163220763225	-0.00892857142857143	-0.00616865079365079
GSE80614_4	-0.00190888288224006	-0.0270394634996512	-0.00113570202855917	-0.00447760337125882
GSE80614_5	-0.0164774228030545	-0.0638838886321976	-0.0101973634304585	-0.0120273213139218
GSE80614_6	-0.0180077378339194	-0.0532335198986111	-0.0150804267458015	-0.0155644380331355
GSE80614_7	-0.0108313678815918	-0.0471716906697522	-0.0139578487834204	-0.00638800659504095
GSE80614_8	-0.00212644052816502	-0.00258965829848978	-0.0046165237855508	0.00278802564823231
GSE80614_9	-0.00675675675675676	-0.0669794269050595	-0.00657894736842105	9.02107870594578e-05
GSE80614_10	-0.00579031117397454	-0.0494245424633171	0.000845410628019324	-0.0161098179075536
GSE80614_11	-0.00570342205323194	-0.0806249332913031	NA	-0.00374955059115006
GSE80614_12	-0.00216660708261516	-0.0219257637553965	-0.00556981253397892	-0.00712773105910563
GSE80614_13	-0.00790336178218858	-0.0220920172794196	-0.0127619752229555	-0.0174256814536631
GSE80614_14	-0.0198359184342406	-0.0562490662827145	-0.0185059197186024	-0.0104312321134416
GSE80614_15	-0.0142278166356675	-0.0812169366565773	-0.00754238244585905	-0.0146117659538876
GSE80614_16	-0.0162051180550699	-0.0802555629360052	-0.0165369077799755	-0.00565761082762133
GSE85254_1	-0.000224459678965448	0.00724026063461902	-0.00270812055308655	-0.00839643582672406
GSE86578_1	-0.000968208342720215	-0.0302408128889759	-0.0125199609027758	-0.00323255358022239
GSE86578_2	0.000334722477887548	-0.0304111355292252	-0.0102387909240547	0.00281649732864194
GSE86578_3	0.00788064270583098	0.0232245493706195	0.00439987670772098	0.0111534869006242
GSE9329_1	0.0115824586679367	0.0160520171987127	NA	NA
GSE93698_1	-0.00125380891266144	-0.0158808520328103	0.00408127273538918	-0.0207658325233079
GSE93698_2	0.000570235634334755	-0.0188721892183511	0.00538578243879394	-0.0141094247977749
GSE93698_3	-0.000975222140522975	-0.0114480731975202	0.00169952264358654	-0.00416416218661417
GSE93698_4	0.00294700592627715	-0.00771397231019086	0.00619760457851974	-0.0152969114038164
GSE93698_5	0.00272317813172404	-0.0102147242912135	0.00186773363416921	-0.00942899801226035
GSE93698_6	-0.0121736813615648	-0.00112377314495805	-0.0101957793033308	-0.0203008796000726
GSE93698_7	-0.00646219826490015	0.00999120311872103	-0.0054299947030141	-0.00522177282038164
GSE93698_8	0.00167699405417179	0.0259753555272275	0.00357142857142857	0.00135113376526447
GSE93698_9	-0.00315133304739553	0.00895230530580482	0.00165979193491414	0.00535862077512234
GSE93698_10	-0.000821736554000454	0.0115465335533583	-4.91969861564838e-05	0.000717500048437347
GSE93698_11	0.0178852625513225	0.0246836386715929	0.0167348146182194	0.0100326733137312
GSE93698_12	0.00533927452307147	0.00907685525247552	0.0098410892304842	0.0123032305723614
GSE93698_13	0.00448374427148854	0.00756094672595085	0.00248244520453068	-0.000510363878501059
GSE93698_14	0.00186878512628934	-0.00133777814893512	-0.000488271316094643	0.0165848106279975
GSE93698_15	-0.00771080808748791	-0.00726048695591189	-0.00156485162993899	0.00758756252148923
GSE93720_1	-0.00444926611210288	-0.00518198112322121	NA	NA
GSE93720_2	0.00457346126765972	-0.00732506065345029	NA	NA
GSE93720_3	-0.00705563264939241	0.00249990832670865	NA	NA
GSE93720_4	0.000282176410632761	-0.00082524580117756	NA	NA
E-MTAB-5564_1	-0.0240937840619209	-0.066857575064434	-0.032899664722949	-0.0213089353248624
GSE77753_1	0.00177862551909376	0.0294275731744137	NA	0.0114596110794154
GSE43861_1	0.00359234109115188	-0.030410973101987	NA	NA
GSE112809_1	0.00222222222222222	0.00806712111131492	NA	NA
GSE111946_1	0.00199679718125215	0.0660757334880363	NA	NA
GSE111946_2	-0.00196862465617802	0.0243998180745785	NA	NA
E-MTAB-3201_1	0.00313170761954307	-0.00985482084341707	-0.00459721474408887	0.010033071655614
E-MTAB-6700_1	-0.00252418072381962	-0.0155310583312394	-0.00306031624368545	0
GSE54749_1	0	0.0209070813456666	NA	-0.0082218776248627
GSE57218_B_1	-0.00619855426758867	-0.0196895745729347	-0.0149337316565419	0.00401248142614328
GSE57218_B_2	-0.00417569293094279	-0.00533028534030711	-0.0151975880302493	0.0124926606213542
GSE57740_1	0.00608116087252759	0.0515879321313307	NA	NA
GSE52992_1	-0.00155811958134639	0.0361284663162493	-0.00308375990842135	-0.00117654781759863
GSE17160_1	0.0184318685506511	0.0547179581383534	NA	NA
GSE17160_2	0.00164360814237955	0.0737379230558973	NA	NA
GSE17160_3	0.00680890602774108	0.0923363290852375	NA	NA
GSE17160_4	0.00422857849687118	0.0762758793178365	NA	NA
GSE17160_5	0.00142242892242892	0.0593990497569899	NA	NA
GSE17160_6	-0.00184041868663883	0.0301034943024117	NA	NA
GSE17160_7	0.00970300318410812	0.0652886443455032	NA	NA
GSE17160_8	0.0107219710797482	0.0790021190147398	NA	NA
GSE17160_9	0.00500696834523274	0.0487570474419088	NA	NA
GSE17160_10	0.00424673490443246	0.0377713722315792	NA	NA
GSE17160_11	0.00719212664037304	0.0516294810905351	NA	NA
GSE17160_12	0.00904683726329206	0.0614546594096719	NA	NA
GSE22971_1	-0.00699300699300699	-0.091965185284603	NA	-0.0266495427148051
GSE22971_2	-0.00542937385042648	0.00326481217290246	NA	-0.0196020222160372
GSE22971_3	0.00281671883300788	-0.00407739157054655	0.00232773435777538	-0.00687775436893297
GSE22971_4	0.0083124606125121	0.0303485711733258	0.00732596768242407	0.00618739444039477
GSE13590_1	-0.000527763252623669	0.0356294473649422	0.00558971304797218	-0.00534148832111048
GSE13590_2	-0.00196078431372549	0.0106791233323461	0	-0.0130424285732751
GSE99731_1	-0.00302524377780533	-0.0144061497999163	NA	-0.0036446778480665
GSE99731_2	-0.00195812716822209	0.000555731990626316	NA	-0.00560414897974819
GSE99731_3	-0.00126724347388196	0.00473263894219228	-0.00118729073326448	-0.0214269064352796
GSE27492_1	0.0134103641456583	0.0107315075777069	0	-0.00222891524537333
GSE27492_2	0.0205006385530502	0.0305173771472557	0.00692511063854245	0.0144926145780607
GSE27492_3	0.0192510704125725	0.0263838886541694	0.00216749241703782	0.00775954577505877
GSE27492_4	0.013721918554042	-0.00395399314761167	-0.00465872570978778	0.0108122421639542
GSE27492_5	0.0139320346353645	-0.0276618530980284	-0.00716310783161377	0.00854112559373351
GSE27492_6	-0.00145853986378209	-0.0333922658048213	-0.00967109779856128	0.0011102456146511
GSE27492_7	-0.00665185672268498	-0.060141386047235	-0.00810729417485519	-0.00102949545580813
GSE27492_8	-0.0127748784149919	-0.0583575551962341	-0.0100734199690479	0.00444568744475561
E-GEOD-15069_1	-0.0192730121790246	-0.0648313896111661	-0.0133367610904609	-0.010246414854224
E-GEOD-15069_2	-0.0147862816319174	-0.0437167370218732	0.0105484222502661	0.005115569353923
E-GEOD-15069_3	-0.002978603155178	-0.0169201873657248	-0.00220629524624587	-0.0102604069086123
E-GEOD-15069_4	0.021487292897844	0.0511021680798845	-0.00160908419673414	0.0188076428220828
E-GEOD-15118_1	0.00916915738539509	0.051878328192081	NA	NA
E-GEOD-15118_2	0.00199203187250996	0.00441387418582352	NA	NA
E-GEOD-15118_3	0.00199403323287001	-0.0244086075096463	NA	NA
E-GEOD-15118_4	-0.000184719732989811	0.00817378050499386	NA	NA
E-GEOD-16007_1	-0.0815380015566191	-0.206890966131456	NA	NA
E-GEOD-17473_1	0.015976709068712	0.12586965815834	NA	0.0302879244480715
E-GEOD-18647_1	0.0214010396510146	0.0938489504442545	NA	0.0174916105206954
E-GEOD-18647_2	-0.010467993787702	-0.0114892437719631	NA	0.00222222969664534
E-GEOD-18647_3	-0.0347628331776	-0.0499308255729184	NA	-0.0361085754896784
E-GEOD-18647_4	-0.02823319932586	-0.118147854506514	0.000151460075124197	-0.0238654261340648
E-GEOD-18648_1	0.0077748441341764	0.000349876414024582	0.000185305351397503	-0.00795791098906203
E-GEOD-18648_2	0.049499786764575	0.131766167145756	0.0346621141673208	0.0155997517538136
E-GEOD-2154_1	0.0137378041366528	0.0215237825704431	0.0037037037037037	0.0251643593104968
E-GEOD-2154_2	-0.0261738875461068	-0.116753821612508	-0.00458117280285595	-0.0192901381409757
E-GEOD-2154_3	-0.018246385747819	-0.0993161517485304	-0.00998147176291741	-0.0230432891951878
E-GEOD-2154_4	0.00193502644708247	-0.0402148732977514	-0.00215854583892359	0.00448740706486155
E-GEOD-26475_1	0.0254159917075885	0.136213941217872	0.0106613786743806	0.0163017910614423
E-GEOD-26475_2	0.00657635794600495	0.0305608249267775	-0.00294581968290218	0.00494009544122087
E-GEOD-26475_3	0.0110437014514612	0.0218476287297714	0.0141206965847835	0.0245331292968724
E-GEOD-33567_1	-0.0105256426854639	-0.128578180060065	NA	NA
E-GEOD-33567_2	0.00672848735065786	-0.0174015944325184	NA	NA
E-GEOD-37287_1	0.00818057753489407	0.0683989408478334	NA	NA
E-GEOD-37287_2	-0.00354900136447511	-0.0314766137238821	NA	NA
E-GEOD-37287_3	-0.000628376792031082	-0.000891638132750729	NA	NA
E-GEOD-51994_1	-0.0319040491465746	-0.1236331789552	-0.0259842237098867	-0.0458044139105728
E-GEOD-51994_2	-0.0260553652960365	-0.148289456461852	-0.040322174695915	-0.0600017600127111
E-GEOD-51994_3	-0.0249965705529646	-0.101678010909398	-0.0485781736007286	-0.0433314426407675
E-GEOD-65077_1	0.0133745380400153	0.0196175426261627	NA	NA
E-MEXP-1244_1	0.000651752085557924	-0.0702506785143317	NA	NA
E-MTAB-1123_1	0.0221762157461478	0.0430572333370013	0.0307247162080176	0.0315419666914852
E-MTAB-1123_2	0.00949781160880763	-0.0291764873753407	0.0175810159117308	0.0187282141706505
E-MTAB-1123_3	-0.0163007469080934	-0.115923412662281	-0.00359712230215827	0.00228451578485223
E-MTAB-1123_4	0.00533326455852905	-0.0273998853872743	-0.00318471337579618	0.0235262462476587
E-MTAB-1391_1	-0.0135951952380966	-0.0692279710218337	-0.00457134364847161	-0.0171363103379452
E-MTAB-1391_2	-0.0166471706763608	-0.148797887142864	-0.0149940414468331	-0.0165682196379218
E-MTAB-1391_3	-0.016825444312371	-0.149826598209075	-0.014006659628905	-0.0102531306393194
E-MTAB-2450_1	0.00475558347300059	0.0109839298094351	0.0121674358270733	0.0108915096481607
E-MTAB-2450_2	0.0111039766043925	0.0572483145158708	0.00615586442405599	0.00332164482799975
E-MTAB-2450_3	0.00331972747704323	0.0359101006555392	0.000679645314127779	0.00689746015897502
E-MTAB-2450_4	0.00193373173404044	0.00437150579577585	0.000483158113074365	-0.00519465452033677
E-MTAB-5023_1	0.00181853406658415	0.00331274412040911	NA	0.00887255854111845
E-MTAB-5326_1	-0.00464931138722755	-0.0169973424860198	NA	NA
E-MTAB-5326_2	-0.00287952438302324	-0.0370724257499209	NA	NA
E-MTAB-5326_3	0.0019901481376055	0.00664954202713447	NA	NA
GSE102588_1	-0.0323051196154081	-0.0837817155893444	-0.0172072812724002	-0.0358422316294939
GSE104793_1	-0.0280606326754575	-0.130057750178897	-0.0150171615890892	-0.0187168711582776
GSE104794_1	-0.0267169924392918	-0.10084954116481	-0.0145710712839809	-0.0182931901299613
GSE104795_1	-0.0334849444480571	-0.0987955939138639	-0.0176895861163103	-0.0138376541111428
GSE105139_1	0	-0.154766918401017	NA	-0.0385096169405144
GSE105139_2	-0.00988490655078356	-0.0946565416547337	NA	-0.0222937889915502
GSE105139_3	-0.00620381397950581	-0.012625239026565	0	-0.016099514867893
GSE10555_1	0.0130388556041707	0.0593864770669185	NA	NA
GSE10556_1	0.000662790667764489	0.0257947950836926	-0.00416054066680536	-0.00489257374745782
GSE106631_1	-0.00866987341982484	-0.0368967203280853	-0.00991396745847952	-0.0135254830360886
GSE13104_1	-0.0163583830430127	-0.135445743576473	NA	NA
GSE13104_2	-0.0138612338832004	-0.125018742114294	NA	NA
GSE13104_3	-0.00611156318685327	-0.0389642630135121	NA	NA
GSE16749_1	-0.00301099218933791	-0.0380910732503167	NA	NA
GSE16749_2	0.00811538996302804	0.0794379539418014	NA	NA
GSE16749_3	-0.00850778755255418	-0.0642038573313602	NA	NA
GSE17348_1	-0.0368836708574001	-0.0321337760470548	NA	NA
GSE17563_1	0.00190647804244735	0.0851387897014148	NA	NA
GSE17563_2	-0.01722347541204	-0.0869710541380756	NA	NA
GSE17569_1	-0.0441615452334233	-0.24048888516739	NA	NA
GSE17569_2	-0.0331559360916636	-0.25798505613177	NA	NA
GSE17570_1	-0.028222286534258	-0.250024631530233	NA	NA
GSE17570_2	-0.0648942398979332	-0.254687951486774	NA	NA
GSE18991_1	0	0.0430101632922196	NA	0.00119011737748619
GSE18992_1	0	0.0743964924266412	NA	0.0098055903935755
GSE19299_1	0.0112055629866608	0.0416974502320536	0.00762962458769989	0.0162748175034247
GSE20850_1	-0.00149223077757704	0.0128790557671825	NA	NA
GSE21093_1	-0.00187659791901206	-0.10065257408197	NA	NA
GSE21523_1	0.0140007897982029	0.0132232729105206	NA	NA
GSE21639_1	0.00622406639004149	-0.0393383276966047	NA	NA
GSE21639_2	-0.00166868442292171	0.0130739072055407	NA	NA
GSE21639_3	-0.00434338892445159	-0.037045263742754	NA	NA
GSE21639_4	0.000494680422850442	-0.00140079287292564	NA	NA
GSE21710_1	0.00338601703472651	-0.0306220856376392	NA	NA
GSE21710_2	0.00416991467177022	-0.0123636846384297	NA	NA
GSE21710_3	0.00382395314794946	-0.0134295803573704	NA	NA
GSE22925_1	0.0541926505707691	0.105075458457682	0.0494406495217587	0.0480142220296809
GSE22925_2	0.00732521898409783	0.00569299588455512	0.0137180312632813	0.00484456484237615
GSE26499_1	-0.00339820218994055	-0.0320463825305902	NA	NA
GSE30160_1	-0.00736052167945254	-0.124918759668726	-0.00635688178184005	-0.00611231561479461
GSE30628_1	0.0129649725987908	0.105445404539115	0.0155401550413723	0.0146409504170586
GSE30628_2	0.00774408352938303	0.0584443760259669	0.010522271988167	0.0282513028333439
GSE32163_1	0.00210673688053518	-0.0386252997315595	NA	0.00634532914595382
GSE33656_1	-0.0251546287330339	-0.121804294847513	NA	NA
GSE33754_1	0.00511078245852547	-0.0631463541033836	-0.00598345499910856	-0.00540950709349111
GSE33754_2	-0.0119760228512849	-0.147713685727399	-0.0112523032026499	-0.013194642708556
GSE33754_3	-0.0074083489103418	-0.121632980772738	-0.0130621693121693	-0.0149343107141935
GSE34570_1	-0.00927712013891722	-0.0400286743821378	NA	NA
GSE35003_1	-0.00294211382493178	-0.0674822595010196	NA	NA
GSE35466_1	0.00504437996621086	0.0118022492660418	NA	NA
GSE35466_2	0.00825889603347213	0.0160220513384476	NA	NA
GSE35466_3	0.011323191741641	0.018018371813497	NA	NA
GSE35466_4	0.0126352454293332	0.0166034465717934	NA	NA
GSE35466_5	-0.00387834499915319	-0.000473917618655608	NA	NA
GSE36925_1	0	0.00205734737398187	NA	NA
GSE36925_2	0.026870745346038	0.093492198836815	NA	NA
GSE36925_3	0.028203859242708	0.111282716078074	NA	NA
GSE37219_1	0.00587303281463704	0.0605449967395914	NA	NA
GSE37676_1	-0.0356078468510065	-0.0999271912826235	-0.0328255420174011	-0.0471465412295125
GSE41342_1	-0.00370061854953601	-0.0791509447940252	-0.00125711621038724	-0.00217509334420167
GSE41342_2	-0.0381598401733608	-0.124852418096057	NA	-0.0339963179645437
GSE41342_3	-0.0198327815974875	-0.0865084223840048	NA	-0.0437924648450964
GSE41342_4	-0.0123627787412746	-0.092890708496675	-0.003125	-0.0173427948106785
GSE41997_1	0.0175870020952353	0.0640371966476126	-0.00282738095238095	0.0184130639299865
GSE43242_1	-0.0206412508888548	-0.072135064579486	-0.0139205855338826	-0.0329928022698074
GSE43242_2	0.0142504616880688	0.0256744747390306	0.00196078431372549	0.0142682228363394
GSE43663_1	0.00653255162594087	0.00988985933337682	0.0238095238095238	0.0175870079725205
GSE43854_1	0.0347025350624391	0.246761349310756	NA	NA
GSE45656_1	0.00327412909075571	0.0269881810886212	NA	NA
GSE45656_2	-0.00446808735732447	-0.0820416000121275	NA	NA
GSE45656_3	-0.00293642208230435	-0.0801912157307911	NA	NA
GSE45793_1	0.00423832777582161	0.040148697700867	0.00491909346712849	0.00298910069193755
GSE45793_2	-0.00813540959421966	-0.00219280094795112	-0.0102906374242533	-0.00559384873198417
GSE45793_3	-0.00521539015303092	-0.00708298129105151	0.00189161481406327	-0.00207018993828019
GSE45793_4	-0.00171051550860197	-0.0120396421753248	-0.00155674077198834	-0.00800779843798312
GSE45793_5	-0.00537891583320273	0.0247474769018628	-0.0012684887055163	-0.00771298398308211
GSE46390_1	-0.0137847918499202	0.0285838031976084	NA	NA
GSE48438_1	0.0187423373288844	0.0861310538694231	NA	0.0204125276209156
GSE50549_1	0.00378334644277241	0.0105250247747611	0.00275119013735642	0.00789808520071678
GSE50549_2	0.0103676761766899	0.0646806105142888	0.00869636548292839	0.0139390033024338
GSE51098_1	-0.0531588106378272	-0.17236083712889	-0.036247010386633	-0.0681170609361804
GSE53857_1	-0.0141229367206004	-0.104685581343933	-0.0111111111111111	-0.0154615264635614
GSE53857_2	0.00363361936439612	-0.0513844489229439	0	-0.00638808160392909
GSE53857_3	-0.00383785693279873	-0.0289212076709328	0	-0.00517229293634671
GSE53982_1	-0.0203576645259145	-0.104654533667853	-0.0132451130884632	-0.0182122016290113
GSE53982_2	0.00959639987901948	0.0235112561884533	0.0152217532692175	0.0244767564637652
GSE54779_1	0.0149505668178461	0.0881881420968267	0.0122303008573376	0.007696651414351
GSE55900_1	0	-0.048223522761439	0	-0.00688691216598158
GSE57104_1	0.010352721859112	0.0546392123323376	NA	0.00356338282053479
GSE59387_1	0.0140264834482267	-0.0116822751426769	NA	NA
GSE60401_1	0.00247595697355586	0.0334508195143337	NA	NA
GSE60401_2	0.00761999083910615	0.0643219588953624	NA	NA
GSE60651_1	0.0171198863112433	0.0105243241434499	NA	NA
GSE60737_1	-0.00358841483154051	-0.00812211541095302	NA	NA
GSE60761_1	0.010104597107438	0.0431077824244258	0.00568181818181818	0.0114503682160996
GSE60761_2	-0.00233644859813084	-0.0289637215980557	NA	-0.0158264199958624
GSE60761_3	-0.00842454449556876	-0.0638241391165653	-0.00495049504950495	-0.0203316511597507
GSE60761_4	0.00544535257084764	-0.0151159730189112	0.00337837837837838	0.000989178301132656
GSE63017_1	0	-0.00337028623881656	NA	0.00524909957102719
GSE63017_2	-0.00414524290017841	-0.00891785321632092	NA	-0.013183865554378
GSE63017_3	-0.00918158410306624	-0.0397633994726568	0.0045045045045045	-0.016316256088835
GSE63017_4	0.000295436403128472	-0.0227161530044754	NA	0.00400039955035926
GSE63939_1	-0.0234869799933166	-0.0698614364441137	-0.0161098153739511	-0.0393700022095802
GSE63939_2	-0.0102474512593383	-0.0439576396860779	-0.00803724728984784	-0.0115564140911911
GSE64141_1	-0.0134389300400725	-0.0790920290876098	NA	NA
GSE64965_1	-0.00119155758132528	-0.0510021826189368	-0.000999584976365818	0.00388508847360749
GSE65745_1	0.00403225806451613	0.0217612824135672	NA	-0.000298400052501508
GSE65745_2	0.00588235294117647	0.0451520117489461	0.00961538461538462	0.00671279092142883
GSE65745_3	0.0078740157480315	0.0480014084437736	0.00819672131147541	5.31834447394883e-05
GSE66416_1	-0.00802212707148757	-0.00656634644551921	NA	NA
GSE66862_1	-0.0445792344125073	-0.153533028682839	-0.0344858323879235	-0.0334873458351188
GSE69108_1	-0.00126390752121017	-0.0442640981451696	-0.00579169563715456	-8.19451377854757e-05
GSE71565_1	-0.0379775836217365	-0.114664237557921	NA	NA
GSE72261_1	0.00824166656132311	0.00326665047720177	0.0150793650793651	-0.0193800110468227
GSE72261_2	0.0288686086564799	0.1489880030506	0.0248941761680276	0.0526577852265192
GSE72261_3	0.0341917345326117	0.142117191381767	0.029575899666086	0.0409182282752499
GSE7683_1	0.000494236499750729	-0.0350529054067685	0.00782633210014565	0.00328929447919017
GSE7683_2	0.00715914784935652	0.044399272519712	0.000418636481628609	0.00921451689332543
GSE78980_1	-0.00104111097714965	-0.0357990644114125	NA	NA
GSE78980_2	0.00165686682424317	0.0339782467948394	NA	NA
GSE78980_3	0.00242317496089007	-0.00506209326539074	NA	NA
GSE78980_4	0.00241240805265195	0.0935640755425258	NA	NA
GSE78980_5	0.00168091168091168	-0.040347787117601	NA	NA
GSE78980_6	-0.00386626277251277	0.0187482013353819	NA	NA
GSE78980_7	-0.00898421495442629	0.0395938572129091	NA	NA
GSE78980_8	-0.0125895202213602	-0.00909843541170834	NA	NA
GSE78980_9	-0.0137053766759514	0.0240671194213198	NA	NA
GSE78980_10	-0.0204204432049446	-0.000721668948353183	NA	NA
GSE81399_1	-0.0250254934338929	-0.0563539506401123	NA	-0.026586110770704
GSE84609_1	-0.00668799190080373	0.00639638493159702	-0.00285259779031177	-0.00653366107733195
GSE84907_1	-0.0010120005737766	0.0389688682460806	0.000745376845376848	-0.00118758407377912
GSE84907_2	-0.00352579760079615	0.0120057088970174	-0.00318707318343769	0.00188256218676236
GSE84907_3	0.00402811166906907	-0.038430695009734	0.00342200507330248	0.00365151819856111
GSE90127_1	-0.00892241465265794	-0.0824215312848941	NA	NA
GSE90127_2	-0.0176250481858096	-0.0657204833711386	NA	NA
GSE90127_3	-0.00150952113319208	-0.0377299854863868	NA	NA
GSE9247_1	0.00430220072770362	-0.0891483930457384	0.00445424793565788	0.0037891571255763
GSE9247_2	0.00327000202064736	0.0361106981483373	0.00431780929534041	0.00836531795816918
GSE9247_3	0.00933799690173063	-0.0296037549285104	0.000245457287880105	0.00465925660354105
GSE99306_1	-0.00107974713587799	-0.00143960527967285	0.00064964477686407	0.0176854863491843
GSE99306_2	-0.0652044561637369	-0.342447998267175	-0.0345011895037283	-0.102439860689239
GSE99306_3	0.175756395596783	0.506608469070687	0.102909157256675	0.161872888784639
GSE99306_4	-0.0582251729759375	-0.323342951698984	-0.0343494838208559	-0.0929247192006815
GSE99306_5	-0.04295737622616	-0.201857827055226	-0.0176456680795717	-0.0416296175629631
GSE99306_6	-0.0778819109021963	-0.447134738975018	-0.0477216191153274	-0.121209977678426
GSE99306_7	0.272550235852459	0.625981029154827	0.0952983343875184	0.231338748426514
GSE99306_8	-0.0422200072499751	-0.151181806482888	-0.0165852613294428	-0.0667897557865866
GSE99306_9	-0.0900298018781422	-0.518223952272054	-0.0566499371552045	-0.192955892860052
GSE99306_11	-0.0295614384337969	-0.137207651072617	-0.0122322269477361	-0.0273287891116062
GSE99306_12	-0.0758531698977663	-0.380387550719804	-0.041725249392609	-0.121962797829201
GSE99306_13	0.124171013343384	0.386146989367829	0.0933347222428905	0.137189524669168
GSE99414_1	0.00616404149343188	0.00424819979341929	0.00386121785397576	0.00444918194713854
GSE110581_1	0.00160500181564615	0.00869090826942023	0.000456871345029239	0.00188038499689299
GSE110581_2	-0.00389105058365759	0.0263122953857149	0	0.00189472777642212
GSE47799_1	-0.0347957738453774	-0.141423726815404	-0.0408459924597353	-0.0683900210074582
GSE47799_2	-0.00279317987494945	0.00804206684351835	-0.00247049302409188	0.000278949007910052
GSE47799_3	-0.0310089495927004	-0.103945641931238	-0.0206266401230658	-0.0305075695070912
GSE111628_1	-0.0117730313947504	-0.0350049335930857	NA	NA
GSE111628_2	0.00145846654760067	0.0451578886611664	NA	NA
GSE111628_3	-0.0095276619399749	0.0135796033427701	NA	NA
GSE5657_1	0.0268682023658374	-0.0201660303484124	0.0457317073170732	0.0375642223638581
GSE5657_2	0.0174293751134233	-0.0269679608621974	0.0268706404565631	0.0180795083062615
GSE13782_1	-0.0184470032717146	-0.0634994355708269	-0.00176828761208143	0.00456799125446695
GSE41039_1	0.0045371975680398	-0.0199898157372547	0	0.00738354363397324
GSE84198_1	-0.00885070674090534	-0.0843827100762463	-1.94734382302541e-05	0.00211530922982753
GSE84198_2	0.00177434640789128	-0.0217535893034835	0.00110453272217978	0.0118981390465594
GSE84198_3	0.0390954707814502	0.18512417470936	0.0250674726798929	0.0404055897242443
GSE114469_1	-0.0210097952037158	-0.0308541672043943	NA	NA
GSE108036_1	-0.00199382193053079	-0.0553056178121111	0	-0.00211464855506083
GSE60451_1	-0.0130688465946645	-0.0708645685784699	-0.0187093953023488	-0.00861961884280825
GSE47902_1	-0.00341641128275689	-0.0451915401707104	NA	NA
GSE44325_1	-0.00237327682909052	-0.0247976489534626	NA	NA
GSE4481_1	-0.00290651883164214	0.0289527511625922	NA	0.00327223494432514
GSE4481_2	0.0476511839379486	0.172158240166403	0.0187511024976409	0.0388277685152685
GSE4481_3	-0.00217433634062439	0.067026952215011	NA	0.0053659800186334
GSE102292_1	0.0224204850075061	0.0658039498105874	NA	NA
GSE102292_2	-0.0601937554816507	-0.124686156637375	NA	NA
GSE102292_3	-0.0383631050630716	-0.176206891156967	NA	NA
GSE102292_4	-0.00952710129326766	-0.127168816648428	NA	NA
GSE41898_1	-0.0221083065971807	-0.105347941914955	-0.0132120557449747	-0.0142849902021962
GSE87605_1	-0.0508506855027661	-0.152409631568831	-0.0392176464845446	-0.0500058769799439
GSE87605_2	-0.0254888573081585	-0.0265658872537085	-0.0148816576674954	-0.0506956694533452
GSE87605_3	-0.0378785939397747	-0.116303915730953	-0.0268827293948541	-0.0817648099462592
E-GEOD-54216_1	-0.0706291770566871	-0.248168769684894	-0.0478347454465765	-0.0630015978266773
E-GEOD-54216_2	-0.0614717030072199	-0.256519895193453	-0.0400482334004946	-0.0482350760849372
E-GEOD-54216_3	-0.0143833837358525	-0.0924701531333781	-0.0168697315454246	-0.00925546064686129
E-GEOD-6119_1	0.00386909342924965	0.0346472981999344	0.00263543036929781	0.0196619445746919
E-GEOD-6119_2	0.00587085568995303	0.0380143013882692	0.00579886720242919	0.0199796139537708
E-GEOD-6119_3	0.00371070717719019	0.0392578182689264	0.00456443303230307	0.0247226042996474
E-GEOD-8077_1	0.0091053797405487	0.0984418770707486	0.0277506359355357	0.0124162775228055
E-GEOD-8077_2	-0.00956326176267525	0.0211711381624296	0.00402786190187765	-0.0110038275312424
E-GEOD-8077_3	-0.00984857697926466	-0.0711005414468397	-0.00166706358656823	-0.0134840719287997
GSE103416_1	0.00330721536790407	0.0439870447730657	0.00809918225411613	-0.00958953248487711
GSE103416_2	-0.0285206027877264	-0.0606802131315095	-0.0168871397467484	-0.0474800883558907
GSE103416_3	-0.0313769158368883	-0.0883491735965411	-0.0186406661071531	-0.0461966795291528
GSE19950_1	0.0461474787298499	0.191075006653162	0.0419468678056464	0.0434230089206783
GSE30322_1	-0.0234053343536692	-0.0899035588410508	-0.0179058305369128	-0.0122578381532995
GSE30322_2	-0.0016235457005889	-0.0113256428378066	0.000280402164233995	-0.00048460674007578
GSE30322_3	0.00977449414432792	0.0283636275393344	0.00312847535251828	0.0181159420289855
GSE42295_1	0.00223681501883515	0.0508517922073899	NA	0.0142794796595775
GSE42295_2	0.00740658516206816	-0.00696149208138254	0.0116923887066067	0.00934335939510136
GSE42295_3	0.000644958374458203	-0.0208908622282862	-0.00442489484451062	0.00593612238052645
GSE66554_1	-0.000712100731859057	-0.0278418277152968	-0.00242739952143661	-0.0167159146828874
GSE66554_2	-0.0238396724889224	-0.083328367343188	-0.0183283752033949	-0.0118091674863326
GSE66554_3	-0.00888423667560541	-0.0145997678166283	0	-0.0146312979310678
GSE66554_4	0.00193988624333424	-0.00539297116721076	0.00521834675085631	-0.0144224129134615
GSE74898_1	0.0304314202086276	0.133561983695055	0.0322909292371431	0.0498590688064372
GSE74898_2	0.0318109236085839	0.134071217641237	0.0308331323868213	0.0454116916669491
GSE74898_3	0.0261069108608329	0.106209827525223	0.027215413918471	0.0411495427624567
GSE79176_1	-0.00228310502283105	-0.00410427583551401	NA	NA
GSE79176_2	0.00624497049356223	-0.0038618623414801	NA	NA
GSE79176_3	0	-0.000457313693143209	NA	NA
GSE85785_1	-0.0149532827308354	-0.0716139543226211	-0.0106010928961749	-0.0052579560745008
GSE16981_1	-0.0265098049052427	-0.114220832239389	-0.0157673301102698	-0.0452976718879338
GSE16981_2	-0.00364733783800202	-0.0569829949129325	0.00281741954254508	0.00748553370373906
GSE16981_3	-0.020370034943634	-0.072114774581192	-0.0140322795484246	-0.0604305575258902
GSE16981_4	-0.020370034943634	-0.072114774581192	-0.0140322795484246	-0.0604305575258902
GSE16981_5	0.000314384123410902	0.0222413920712021	-0.0129388762884648	0.00262171334779015
GSE16981_6	-0.0216085341565831	-0.0554245613695967	-0.0102611262003037	-0.0325566397944319
GSE16981_7	-0.00146337982585946	-0.0573739651452529	-0.0127789046653144	-0.0029235207869604
GSE29859_1	-0.00213119202506486	-0.0748811898681355	-0.00111137344846195	0.00144828538801237
GSE29859_2	-0.0342763594302917	-0.151615837551757	-0.038961038961039	-0.02515267851083
GSE23492_1	-0.0104933988365443	-0.0265989324754807	NA	NA
GSE23492_2	-0.00312277485482978	0.0368565380108622	NA	NA
GSE23492_3	-0.00931368239422757	-0.0461036511815736	NA	NA
GSE23492_4	-0.00725983068517971	-0.00572912263674663	NA	NA
GSE23492_5	0.00634889522446944	0.042975503596565	NA	NA
GSE44991_1	-0.0025105270582487	-0.0350488008580705	-0.0100765235973947	-0.023737917901454
GSE44991_2	-0.0150209257310343	-0.0551820478362872	NA	-0.0199279759349244
GSE39796_1	-0.00023947775177764	0.0296484575633663	NA	NA
GSE39796_2	0.0114731950386358	0.0765507565584166	NA	NA
GSE39796_3	-0.0172844497219504	-0.0472712274865415	NA	NA
GSE18394_1	0.0106353040006022	0.0365930640317134	0.00194513122945773	0.0138462210062887
GSE18394_2	0.00628828388930062	-0.0112895913695201	0.000403931842295764	-0.00978677909886896
GSE18394_3	0.0063600464240037	0.0472102154660165	0.00216395600123776	0.0308786123815205
GSE29233_1	0.00209974975724435	0.0223164867507629	NA	NA
E-MEXP-2291_1	0.0103833223761342	0.0130497974407083	NA	NA
E-MEXP-2291_2	-0.012992609999878	-0.0876788007458588	NA	NA
E-MEXP-2291_3	0.0157646554238627	0.0907397848384037	NA	NA
GSE18738_1	-0.0169852747800934	-0.0354914484204189	-0.0111522467958405	-0.00426339370163366
GSE107363_1	0.00287032318976465	-0.0104862838904801	NA	NA
GSE85761_1	0.00270764860460241	0.000782698760911422	NA	NA
GSE89179_1	-0.00275808857604297	-0.0631827248501035	NA	NA
GSE89179_2	-0.00487466602877442	0.0240422508156353	NA	NA
GSE89179_3	0.00515357846769252	0.0315588770485334	NA	NA
GSE89179_4	0.00533040614284743	0.0228195138185871	NA	NA
GSE89179_5	-5.85580887649609e-05	0.026484119020831	NA	NA
GSE89179_6	0.00126055877987296	-0.00409928228033099	NA	NA
GSE89179_7	-0.00194261638366296	-0.00244813274197958	NA	NA
E-GEOD-57723_1	0.0034592315854082	0.0258346589123103	NA	NA
E-GEOD-57723_2	-0.00611079472704675	-0.0205691771060058	NA	NA
E-GEOD-57723_3	-4.97618088682854e-05	-0.0144296461959375	NA	NA
E-GEOD-83930_1	-0.0015	0.0214741189646968	NA	NA
GSE100268_1	0.00112012069708041	0.0289995920010994	NA	NA
E-GEOD-55769_1	-0.00334224598930481	0.00464316671467212	-0.00266935772648849	0.0113759634971174
E-GEOD-55769_2	0.000303706865416817	-0.0167232848242202	-0.00387596899224806	0.00632641178237016
E-GEOD-55769_3	-0.00043898285177355	0.0207527325666641	0.00224772376966797	0.012668640988572
E-GEOD-69110_1	0.00380696481894203	-0.0349595238769676	-0.00627215347917911	-0.000387388998152452
E-MTAB-4304_1	-0.0304809693369898	-0.0586974774562235	-0.0231223652621033	-0.0169876056925483
E-MTAB-4879_1	-0.0104731658607809	-0.0342614067825741	0.004317998385795	-0.0054373108234326
E-MTAB-4879_2	-0.000326083083294423	-0.0101382242295936	-0.00420744200955934	0.00962073986906049
E-MTAB-4879_3	0.00443968222634525	0.0297257289270783	0	-0.00158444624566148
E-MTAB-4879_4	0.00607144823192784	-0.0111180084564852	0.000119047619047619	-0.00511450346956454
Cytokine_Explant_1	-0.013147468053906	-0.0574344300781595	-0.0109372704684451	-0.0133767461524795
Cytokine_Explant_2	-0.00541082937322806	-0.00380839154220038	0.0033525694557978	0.00228458144819884
Cytokine_Explant_3	-0.00163442332979975	-0.00369418765850148	-0.00181627326260968	-0.00288635978501018
Cytokine_Explant_4	-0.00617230603140792	-0.000635623257411456	-0.00681926561754888	-0.0138382010331154
Cytokine_Explant_5	-0.00267578356645933	-0.010879194287317	-0.00290848204434243	0.0145044132039893
FN1_Explant_1	-0.000648612315470302	0.00270247124066185	0.00197390122116595	-0.00778849589245916
E-MTAB-6266_1	-0.000415828600388605	-0.00647262634990387	-0.00318335163593811	-0.00569723365599654
E-MTAB-6266_B_1	0.0120545103729689	0.0456327684514399	0.00443110924289284	-0.000562233272401316
E-MTAB-6266_B_2	-0.00849361776179049	-0.058276713499165	-0.00660984605244587	-0.00768491211622729
E-MTAB-6266_B_3	-0.0226325800989295	-0.119175019592636	-0.0173672758812848	-0.0159191819575087
GSE74220_1	-0.0100047273110481	-0.0232386176742674	-0.00694017250258179	-0.00201023544629349
GSE114007_1	-0.00923063644496215	-0.0385261922259122	-0.0112971964247218	0.00431832728726932
GSE109503_1	0.00860371591219734	0.0282709601025297	0.0107437396672585	-0.011641313681373
GSE109503_2	0.000126548863437525	-0.0021800933494706	-0.00979604139455441	-0.0111115405140692
GSE109503_3	0.0172842939631328	0.0386672135407448	0.00419007915804038	-0.0153148004332033
GSE109503_4	-0.00456658447391411	-0.0204972560303169	-0.00869917000135226	-0.0111302694557782
GSE109503_5	0.00117092108004012	0.0447294109541411	0.000840379148121525	0.00455753320818167
GSE109503_6	0.00785764613157333	0.052680084709118	0.00707653893706126	-0.0170889894419306
GSE109108_1	0.00189748572584893	0.0226909892839679	0	0.000560978875091999
GSE109108_2	-0.00120427152619102	-0.0145682739210145	-0.000936707422055058	0.000971669720043035
GSE109108_3	-0.000183508686077808	-0.00687602061694119	NA	0.00178030261921204
GSE109108_4	-0.00738514922574719	0.0450416849351806	0	0.00451313007322473
GSE70667_1	-0.0110288935870331	-0.0018791005374245	-0.00431034482758621	-0.0115512768880411
GSE87608_1	0.0012003642280866	-0.0498523401536556	NA	0.00528442025962601
GSE87608_2	-0.0413058925873117	-0.119042829741598	-0.00480769230769231	-0.0188498422630588
GSE87608_3	-0.00196274527775151	0.00752381370707778	0.000776867508777594	0.00573431951283784
GSE87608_4	0.0372900534766135	0.101885621491058	0.0152649611694838	0.0318819418602128
GSE90890_1	-0.0197232310587646	-0.0345579599184068	-0.0297297297297297	-0.0389968472240724
GSE97118_1	-0.0436664640978889	-0.225573895923785	NA	NA
GSE97118_2	-0.0905961822559873	-0.279322774972597	NA	NA
GSE97118_3	-0.0593402648039643	-0.247908038672237	NA	NA
GSE97118_4	-0.0609614339526072	-0.241214691718096	NA	NA
GSE97118_5	-0.0484748689833172	-0.138131646223758	NA	NA
GSE97118_6	-0.0544751890732213	-0.144169223106915	NA	NA
GSE97118_7	-0.0376686775044025	-0.142433607676756	NA	NA
GSE107592_1	0.0022341347968709	0.0511814738698915	0.00171667591546232	-0.00102398854573693
GSE92641_1	-0.0254537674145407	-0.108657705397693	-0.020958168527628	-0.0195917481773268
GSE107849_1	0.0109036054497916	0.098221036278957	0.0139157246850503	0.00192753609465288
E-ERAD-89_1	0.00199203187250996	-0.000997496739474488	NA	NA
E-ERAD-89_2	-3.06733411857088e-05	-0.00242347120902999	NA	NA
E-ERAD-89_3	-0.00025029087858863	-0.0114998670881501	NA	NA
E-ERAD-89_4	0	-0.0233489571964972	NA	NA
E-GEOD-45893_1	0	-0.0249132237497046	NA	NA
E-GEOD-53105_1	-0.0047188178301316	0.00264341991954323	-0.00303030303030303	-0.0190968307729465
E-GEOD-53105_2	-0.01331961329495	-0.124193467321737	-0.0194086815815393	-0.00848939361481227
E-GEOD-54461_1	0.00522428719501931	0.0322525325609433	0.0123364591636493	0.00552777902840935
E-GEOD-54461_2	0.0100139423758864	0.0315030687475094	0.00990533039836714	0.0192397024651644
E-GEOD-54461_3	0.0173183734533464	0.0480635064263746	0.0159637351891429	0.0104515901929695
E-GEOD-54461_4	0.0141203702944321	0.0585920751284179	0.0118516486049162	0.0077436481561451
E-GEOD-54461_5	0.00930668273297142	0.0674202230817554	0.00735393716105708	0.000187857647514051
E-GEOD-54461_6	0.00921729422200753	0.0874350325738142	0.00813278941914084	0.0129769528769258
E-GEOD-54461_7	0.00846529121700827	0.0855350315055983	0.00747023038375545	0.00601294078139063
E-GEOD-54461_8	0.00544924199112006	0.084732240947318	0.00511924369685235	0.00588604995032477
E-GEOD-73372_1	0.00248932262101126	-0.0275311172033772	NA	NA
E-GEOD-73372_2	0.0114251593166696	0.00499603466316017	NA	NA
E-GEOD-73372_3	0.00428152785624703	0.0394937088963232	NA	NA
E-GEOD-75549_1	-0.00978002984597176	-0.0423822239002142	NA	NA
E-GEOD-76988_1	0.0124743334028547	-0.0322053652340486	NA	NA
E-MTAB-2923_1	-0.004368439182591	-0.0228746134448905	NA	NA
E-MTAB-2923_2	0.0061886367594466	0.132747686778327	NA	NA
E-MTAB-2923_3	0.0309733233583339	0.224027505898804	NA	NA
E-MTAB-2923_4	-0.0153184392772772	-0.0732301872676215	NA	NA
E-MTAB-3428_1	-0.0119530048591145	-0.0794546773364125	NA	NA
E-MTAB-3428_2	-0.0107743983343104	-0.117055065441289	NA	NA
E-MTAB-3428_3	-0.00595557823842802	-0.0236073287857162	NA	NA
E-MTAB-3428_4	-0.0104254861511779	-0.0779233204050431	NA	NA
GSE102856_1	-0.00632191940717724	0.00597439230457023	NA	NA
GSE103492_1	-0.00836175798864874	-0.012054606042283	-0.00493733467734948	0.00132540136739465
GSE103492_2	-0.0153558461479438	-0.0522134731416954	-0.00382498678483739	0.000170215396243528
GSE103492_3	-0.0134506559182915	-0.02757039661264	-0.00660552561476366	-0.010024726561114
GSE103492_4	-0.00486822641831786	0.0122572974836121	-0.0041688034322397	0.000106978945200037
GSE103492_5	0.0216686982066284	0.0419141134190563	0.00986711227818891	0.024198582560356
GSE103492_6	0.0047898123396919	0.00946922532384052	0.00139008249636131	0.0128824894937167
GSE103492_7	-0.024602158180145	-0.0360512128245641	-0.0119302470787619	0.00117218757271195
GSE103492_8	0.00448635790473845	-0.0263192728697828	0.000147258652920573	-0.0111033511652922
GSE103492_9	-0.000433777718619922	-0.021380866083436	-0.00240618398884637	-0.0192963054153939
GSE103492_10	-0.0103808342414116	0.00705658780266982	0	-0.000139113428437179
GSE106259_1	0.000457805654831677	-0.00237344378313324	0.00160892087453478	-0.0031549668898945
GSE110303_1	0.0105012961844357	0.0129378194214485	NA	NA
GSE110303_2	-0.00909673231985016	0.0343640299727388	NA	NA
GSE110303_3	0.0125705791208184	0.013669029512988	NA	NA
GSE110300_1	-0.0109834486255882	0.00819961314335417	NA	NA
GSE110300_2	-0.00488687793513693	-0.171499276873123	NA	NA
GSE110300_3	0.0183613366085539	0.00715243049909056	NA	NA
GSE110281_1	0.045471318218638	0.152262261858995	NA	NA
GSE110281_2	0.0262663265210889	0.0658475574524572	NA	NA
GSE110281_3	-0.0238347498399805	-0.0919316971782594	NA	NA
GSE104459_1	-0.00148209700687844	0.0347481060570294	0.00122607182407847	-0.0100834675851342
GSE104459_2	-0.00635452153492183	0.0226570141638768	-0.00405079718205413	0.0102841552093617
GSE104459_3	-0.00398537401144119	-0.0066003238841698	0.00289017341040462	-0.0265025419046205
GSE110051_1	-0.0181460222175584	-0.175303916914474	-0.0256755320962103	-0.0726743646502698
GSE110051_2	-0.020948613190278	-0.13246275751346	-0.0249823051700331	-0.0573570880094862
GSE110051_3	-0.0196131580708628	-0.224785245256569	-0.0245420751279188	-0.0740125842163751
GSE112694_1	0.00229525396346191	0.0125870678658495	0.00222429434026177	0.0101157247026117
GSE112694_2	0.000835406026002806	0.00384629969254768	0.00110245025048247	0.010539153685665
GSE112694_3	-0.0153011091864438	-0.093944881090927	-0.0145214486332652	-0.016017527316994
GSE112694_4	-0.00432309527409276	-0.0760736294332312	-0.00371024227726171	-0.0184251206231846
GSE97232_1	-0.00181159420289855	-0.0673695098141339	-0.00328947368421053	-0.0110620328976369
GSE114079_1	0.00201982342162252	0.0324860450399634	NA	NA
GSE114079_2	-0.00471329693511631	-0.0222581909571851	NA	NA
GSE114079_3	-0.00398209510522032	-0.0279789717827725	NA	NA
GSE114079_4	0.000580161395652579	0.0466517628914624	NA	NA
GSE104828_1	0.00877164586015196	0.0638553514790376	NA	NA
GSE114521_1	-0.0118028463055527	-0.0241770604174593	-0.00564516129032258	-0.00386599465962754
GSE114521_2	-0.0280354145230184	-0.0118710791156339	-0.0109973796265968	-0.00361111399173683
GSE112413_1	0.0261226617997651	0.0313047835827912	0.0272697010934808	0.0559130587399315
GSE112413_2	0.0301164590330832	0.153317721167333	0.0249903622454797	0.0499762960918599
GSE101909_1	0.0327332142651571	0.112580854004824	0.0328998889849143	0.0333476254480992
GSE101909_2	0.00707048735151996	-0.0141219646853371	0.0115460077529914	0.00678240846303389
GSE114919_1	0.0308643874296283	0.267307658167997	0.0296381970129148	0.0560223239504851
GSE114919_2	0.0285526381854367	0.160298108056923	0.03166678416492	0.0269624893345753
GSE114919_3	0.0307063923536623	0.250083803163296	0.0258843089952178	0.0320767406866992
GSE114919_4	0.0218155831107679	0.170610962614601	0.0175135990995248	0.00121108964446138
GSE114919_5	-0.0109610168578749	-0.0311084797066593	-0.00356439346157345	-0.00998236421243855
E-MTAB-5879_1	-0.00917164371834047	-0.0826463467370334	-0.00284765334081803	0.0378019581150707
E-MTAB-5879_2	0.00651948591697241	-0.00141249741185094	-0.00311759620928468	-0.00575513477173434
E-MTAB-5879_3	-0.0081181333573196	-0.0647716001481505	-0.0117035601724782	0.0389093857123094
E-MTAB-5879_4	0.00941105137291725	0.00546449772475207	0.0027844670445624	0.0175779047311572
E-MTAB-5879_5	-0.0102161953584912	-0.106558909103551	-0.0128688589969161	-0.0161196664850449
E-MTAB-5879_6	0.00681783864402684	-0.00498267227023106	-0.00194903047010792	-0.00152119842060693
E-MTAB-5879_7	0.00456530389671456	-0.00713317912804776	0	0.0158778842915465
E-MTAB-5879_8	0.0109054742801559	0.012104614978145	0	0.00749955437936925
E-MTAB-5879_9	0.000992624606339653	-0.061405001026979	0	0.00298499639853873
E-MTAB-5879_10	0.0132938184129938	0.0339152015001332	0	0.0156202348279587
E-MTAB-4294_1	-0.00944895098328147	-0.00673364570494649	0.00115951217592578	0.00880060475032294
E-MTAB-4294_2	0.00219959055510168	0.03148839992154	0.00717537836203098	-0.00137505826555934
E-MTAB-4294_3	0.00880939420515245	0.0596275345264294	0.00885361042501957	-0.00133398945549695
E-MTAB-3186_1	0.00566903437091124	0.0708070746997086	0.0066550927937704	0.000842616857848347
E-MTAB-3186_2	0.00566668449703245	-0.00421520851079905	0.000260984908786365	-0.00552256326019925
E-MTAB-3186_3	0.000296472925107212	-0.0322114081309186	-0.00564881504154287	-0.00769075220029649
E-MTAB-3186_4	-0.00619063963411474	-0.0378880260174929	-0.00938489340150137	-0.00419366738907686
GSE114919_Rat_1	0.0252380572487926	0.167571521610706	0.0155633856421071	0.0155731315773159
GSE114919_Rat_2	-0.00351228010339916	0.0112862471569079	0.00463681260852093	-0.0116356518937269
GSE114919_Rat_3	0.0393891288241945	0.231764839324243	0.0407111959594816	-0.00355755405213126
GSE114919_Rat_4	0.025953787458042	0.167199700629728	0.0236576235687925	-0.0160862967821378
GSE114919_Rat_5	-0.00200477050311184	0.00962187274055529	0.00157757401981232	-0.017416907801535
