comparisonID	jaccard	cosine	sigjaccard	chrDir
22659600_1	-0.0161954996910392	-0.0472640245154424	NA	NA
24361742_1	0.00102460439279823	-0.0656717109541848	NA	NA
GSE72258_1	0	-0.00143650763979536	NA	NA
GSE72258_2	0	0.00662249823685629	NA	NA
GSE69531_1	0.00129215616574239	0.0194143362844287	NA	NA
GSE69531_2	0.00495231324123628	0.0166223859955627	NA	NA
GSE69531_3	0.0013015197096429	0.00389722449869901	NA	NA
GSE69531_4	0.00129215616574239	0.0194143362844287	NA	NA
GSE58203_1	0.000221832992114532	0.0371943243930648	NA	NA
GSE58203_2	0.000334973004358253	0.0377024553976903	NA	NA
GSE58203_3	0.00826946010324752	0.031590430108954	NA	NA
GSE58203_4	-0.00261119886168416	-0.00421722658463603	NA	NA
GSE58203_5	0.00544541409663729	0.0474638160978846	NA	NA
GSE58203_6	0.00849565273971606	0.0469309538603521	NA	NA
GSE58203_7	0.00372924894317557	0.0176630860814476	NA	NA
GSE58203_8	-0.00260815225141172	-0.0298298693251598	NA	NA
GSE59642_1	0.00513492830574591	0.0358426757054909	NA	NA
GSE59642_2	-0.00716026166390989	-0.0419885094715686	NA	NA
GSE59642_3	-0.0146467771160762	-0.0924152849010661	NA	NA
GSE64922_1	0.00396961639870327	0.061096922650352	NA	NA
GSE60162_1	-0.00252511271171046	-0.00322679803408527	NA	NA
GSE31685_1	0.00138953561197821	0.0520636474866054	NA	NA
E-MEXP-3890_1	0.0126082542864636	0.0506534231723394	NA	NA
GSE31980_1	0.0041081442234194	0.0891497416626763	NA	NA
GSE15615_1	0.00727402149124318	0.0443837474321365	NA	NA
GSE15083_1	-0.00393791280247639	0.00348088514755095	NA	NA
GSE108035_1	-0.00361106562498556	-0.0210766978231116	NA	NA
GSE108035_2	-0.00884531383149077	-0.0929049299921474	NA	NA
GSE108035_3	-0.00906032606537715	-0.0987384725705823	NA	NA
GSE21959_1	0.011516655442684	0.0309690464849686	NA	NA
GSE21959_2	0.0147754847207567	0.0539419173875481	NA	NA
GSE24742_1	0.0156227820803334	0.0285233653780082	NA	NA
GSE24742_2	-0.00524534352865872	-0.00786746950331836	NA	NA
GSE24742_3	0.000405431385063311	0.00893782617243057	NA	NA
GSE74668_1	-0.000485987561242021	0.0359517942058514	NA	NA
E-GEOD-10024_1	0.00211705489551047	0.0307148514787155	NA	NA
E-GEOD-10024_2	0.00437717802506384	0.0216260623140219	NA	NA
E-GEOD-12860_1	0.00025093277752394	-0.0120194071937345	NA	NA
E-GEOD-12860_2	-0.00521282990911998	-0.0538009784330228	NA	NA
E-GEOD-12860_3	0.00242562044426576	-0.0359785291559159	NA	NA
E-GEOD-12860_4	-0.00258509783053529	-0.0330459534547954	NA	NA
E-GEOD-12860_5	-0.0017155456585545	-0.0396109757732458	NA	NA
E-GEOD-12860_6	-0.00488770289598292	-0.0548728465831175	NA	NA
E-GEOD-12860_7	-0.00216041192151425	-0.0338935253340588	NA	NA
E-GEOD-12860_8	0.000691954821477983	-0.0178391809810342	NA	NA
E-GEOD-14359_1	0.00481290484210636	0.0272961548032013	NA	NA
E-GEOD-14359_2	0.00116144104527601	0.0190455886478714	NA	NA
E-GEOD-1919_1	0.00730755993401206	0.0468765931223757	NA	NA
E-GEOD-1919_2	0.0120766429804813	0.0489334042475865	NA	NA
E-GEOD-1919_3	0.00138850482442354	0.0323603907257367	NA	NA
E-GEOD-1919_4	0.0188995076435499	0.0558148642070957	NA	NA
E-GEOD-1919_5	0.0127038382621015	0.0613377202264887	NA	NA
E-GEOD-1919_6	0.0107935597256677	0.0310498027595744	NA	NA
E-GEOD-1919_7	0.00766822753267669	0.0141128763206735	NA	NA
E-GEOD-1919_8	0.0141487954380424	0.0289695259280087	NA	NA
E-GEOD-1919_9	-0.00406770812544791	-0.0311180314625083	NA	NA
E-GEOD-19664_1	-0.000124263593403662	0.00926262050468161	NA	NA
E-GEOD-19664_2	-0.00406059029734279	-0.0154541876979306	NA	NA
E-GEOD-19664_3	0.000314513769853754	-0.00552871474212113	NA	NA
E-GEOD-19664_4	0.00552538844987074	0.0355366040345124	NA	NA
E-GEOD-19664_5	-0.0113797842095999	-0.0411853890533226	NA	NA
E-GEOD-19664_6	-0.0116982032426946	-0.0423797480467144	NA	NA
E-GEOD-43923_1	0.0417638326417062	0.129843786556281	NA	NA
E-GEOD-51812_1	0.0012169884838089	-0.0401951677348707	NA	NA
E-GEOD-51812_2	0.00410020213969544	-0.0183206866640952	NA	NA
E-GEOD-68760_1	0.00816400351319126	0.0429579476913588	NA	NA
E-GEOD-82107_1	0.00801616608793261	0.0110938489014628	NA	NA
E-GEOD-9451_1	-0.00204713559272396	0.0212053658382006	NA	NA
E-GEOD-9451_2	7.52720220689417e-05	0.0289545924837107	NA	NA
E-GEOD-9451_3	-0.00457374805215094	-0.00320210056116407	NA	NA
E-GEOD-9451_4	-0.0218268965999859	-0.0924172350306895	NA	NA
E-MEXP-2019_1	0.00171755873582187	0.0417587248064803	NA	NA
E-MEXP-2019_2	-0.00535024535813695	-0.0457905632322905	NA	NA
E-MEXP-2019_3	-0.00246462365999155	0.0365949545910407	NA	NA
E-MEXP-2019_4	0.00804777851227341	0.0277749905836015	NA	NA
E-MEXP-2276_1	0.00513391797562579	0.00642607504211134	NA	NA
E-MEXP-2488_1	-0.00785938231545173	0.00130958872684834	NA	NA
E-MEXP-3129_1	0.00134759555873237	0.0259671131878207	NA	NA
E-MEXP-3474_1	0.00147200037448479	-0.0217881310713148	NA	NA
E-MTAB-3010_1	-0.00380520469684555	-0.0563620090903443	NA	NA
E-MTAB-3010_2	-0.00827414297509858	-0.059829132743129	NA	NA
E-MTAB-3010_3	0.013172004375904	0.0408826912211981	NA	NA
E-MTAB-3010_4	0.010935463364673	0.0682554480480901	NA	NA
E-MTAB-4152_1	0.00563964707047399	-0.0049781749481329	NA	NA
E-MTAB-4152_2	0.00719253945277635	0.0192009892176997	NA	NA
E-MTAB-4152_3	0.0106065668513178	0.00871599751798412	NA	NA
GSE100609_1	0.00432517434727646	0.00699051420967145	NA	NA
GSE100786_1	0.00273722627737226	0.0233093954978175	NA	NA
GSE100786_2	9.09832470021134e-05	0.0184905554301515	NA	NA
GSE103697_1	0	0.0217835720483765	NA	NA
GSE103697_2	0	0.00214587928286016	NA	NA
GSE103697_3	0	-0.00354271009163436	NA	NA
GSE104113_1	0.0132312514327905	0.0381591762743264	NA	NA
GSE104113_2	0.0328166243155434	0.111830480352013	NA	NA
GSE104113_3	0.0132312514327905	0.0381591762743264	NA	NA
GSE10575_1	0.0117759999409517	0.0566638693313124	NA	NA
GSE10575_2	0.0184420858831545	0.059454041228155	NA	NA
GSE10575_3	-0.00920570471150661	-0.0788367883860848	NA	NA
GSE13604_1	-0.00555903221248693	0.00762474430686818	NA	NA
GSE13837_1	0.00179438178029743	0.00366138034355461	NA	NA
GSE13837_2	0.00037836257005888	0.0198441635654725	NA	NA
GSE13837_3	-0.00515223741874433	0.00234339285718305	NA	NA
GSE13837_4	-0.00305469368338612	0.00840756265823171	NA	NA
GSE13837_5	-0.00011292072790992	0.00416063279453833	NA	NA
GSE13837_6	0.00231565614875731	0.0455266106066687	NA	NA
GSE13837_7	-0.00647573867996653	0.0358625716843131	NA	NA
GSE13837_8	0.00612156114241222	0.03124618011352	NA	NA
GSE13837_9	0.0048999275699588	0.0199401419517486	NA	NA
GSE13837_10	0.00257848666561207	0.00596717893016688	NA	NA
GSE13837_11	0.00302525952826094	-0.00389824718542025	NA	NA
GSE13837_12	0.00271585726082502	-0.00464358029247843	NA	NA
GSE13837_13	0.00642644024444398	0.0277525151430795	NA	NA
GSE13837_14	0.00823834154282547	0.0413012346640153	NA	NA
GSE13837_15	0.0138319788727314	0.0348037051476414	NA	NA
GSE13837_16	0.00653286565823064	0.0409012902495513	NA	NA
GSE13837_17	0.00160532101861018	0.0338940030866985	NA	NA
GSE13837_18	0.00472415018503541	0.0473695797753517	NA	NA
GSE13837_19	0.00326602914857604	0.0405887389944041	NA	NA
GSE13837_20	-0.00259516929019687	0.0205300322195225	NA	NA
GSE13837_21	0.0069851440341282	0.0144113139482534	NA	NA
GSE13837_22	0.00753224896113891	0.0144971504574125	NA	NA
GSE13837_23	0.00545756441138118	0.0123178094170998	NA	NA
GSE13837_24	0.00665598941361152	0.0418181458968466	NA	NA
GSE16464_1	-0.0108553927544447	-0.0937364620916567	NA	NA
GSE16464_2	0.00930372139262237	0.0963128180259201	NA	NA
GSE19060_1	0.00470582876524359	0.0211124705678108	NA	NA
GSE27372_1	0.00254902909185781	0.010118917671418	NA	NA
GSE27390_1	0.000366529780609713	0.0180770074087754	NA	NA
GSE29106_1	-0.00375357033121966	-0.0258580303968523	NA	NA
GSE29107_1	-0.00658448743597217	-0.0075015593748687	NA	NA
GSE29107_2	0.00726789096720918	0.0781945099144641	NA	NA
GSE29745_1	-0.00113007548105108	-0.0355950196850825	NA	NA
GSE29745_2	0.0104396572890312	0.0394731847477686	NA	NA
GSE29745_3	-0.00531960798002607	-0.0561214246928741	NA	NA
GSE35546_1	0.00421518390025388	0.0320304738631547	NA	NA
GSE35546_2	0.0114759991301526	0.0360069313488309	NA	NA
GSE35546_3	0.00927030205911429	0.0368177882506167	NA	NA
GSE35546_4	0.0109600331753468	0.02693671866165	NA	NA
GSE35546_5	0.0140831585514575	0.0281317618106927	NA	NA
GSE35546_6	0.012616352753842	0.0314725543133619	NA	NA
GSE35955_1	-9.82669334226999e-05	0.012660295602792	NA	NA
GSE35956_1	0.0183160162909852	0.0708938613298071	NA	NA
GSE35957_1	0.00554480622610399	0.0856572407011889	NA	NA
GSE35958_1	0.00922572818980122	0.0433145260464884	NA	NA
GSE39340_1	-0.00678890251883523	-0.0140330062838043	NA	NA
GSE39340_2	0.0120896201663273	0.0370148668374466	NA	NA
GSE39340_3	-0.0191415053693381	-0.0548657638987367	NA	NA
GSE39795_1	-0.01262143713264	-0.0204029048636921	NA	NA
GSE39795_2	0.00350297934343154	-0.0142323736360439	NA	NA
GSE39795_3	0.00702550847090728	-0.000415598593309865	NA	NA
GSE41038_1	-0.003346879308965	-0.00656032487403902	NA	NA
GSE41038_2	-0.00133330578637048	0.0162542166854058	NA	NA
GSE41038_3	0.00857473730669454	0.0367097589256673	NA	NA
GSE41992_1	-0.00378898425342192	-0.0205561245964153	NA	NA
GSE42235_1	0.0160850362620971	0.0692389250770177	NA	NA
GSE42235_2	0.0175927501438671	0.0583534847402311	NA	NA
GSE42235_3	0.0174827262694644	0.0664653058312296	NA	NA
GSE42235_4	0.0194756109770019	0.0592959536220604	NA	NA
GSE45233_1	-0.00419469826967599	-0.00569070754276176	NA	NA
GSE45233_2	0.00476997189388348	0.0358698528066925	NA	NA
GSE45233_3	0.0114564822553174	0.0215475949889809	NA	NA
GSE45233_4	0.00572788772957483	-0.0205863765951691	NA	NA
GSE46053_1	0.0203863111037003	0.0348305579043258	NA	NA
GSE46053_2	0.0184482322035506	0.0356114420006319	NA	NA
GSE46750_1	0.00637371350026707	0.0687070604613056	NA	NA
GSE51588_1	0.0287460849820341	0.0819889692686661	NA	NA
GSE52817_1	0.00184850485964232	0.0179302096211876	NA	NA
GSE52817_2	-0.000409222456796438	0.0384926533453743	NA	NA
GSE52817_3	0.00258957313082651	0.0787060459391182	NA	NA
GSE52817_4	0.00236749788885019	-0.0211200010560997	NA	NA
GSE55235_1	0.0166818459835128	0.0424915164374996	NA	NA
GSE55235_2	0.00950915248575978	0.0182216106119062	NA	NA
GSE55235_3	-0.000638018695824697	-0.011643858014426	NA	NA
GSE55457_1	0.0118475677482758	0.0210128563894343	NA	NA
GSE55457_2	0.0038146423963455	0.00743233220433636	NA	NA
GSE55584_1	-0.000593865866084564	-0.0112741803923884	NA	NA
GSE57218_1	0.00488812655895975	0.00291222079823373	NA	NA
GSE57218_2	0.00441318330774366	0.0256941085459403	NA	NA
GSE57218_3	0.00339356355304469	0.0266196874672359	NA	NA
GSE60762_1	0.018112344062473	0.0610649081190182	NA	NA
GSE62914_1	0.00593617523241835	0.0256238696734607	NA	NA
GSE62914_2	0.007722174757523	0.0577953528517874	NA	NA
GSE62914_3	0.000432594894166645	0.0437968652582432	NA	NA
GSE62914_4	-0.00388494247902131	-0.0320949222658003	NA	NA
GSE64394_1	-0.00106137976898677	-0.0314033632710373	NA	NA
GSE66635_1	0.00518587906559721	0.00825087597719585	NA	NA
GSE68038_1	-0.0250261326748833	-0.0209996049617125	NA	NA
GSE68428_1	0.00799152775987969	0.0163877453212532	NA	NA
GSE68428_2	0.00234046292684599	0.0294880735734154	NA	NA
GSE68428_3	0.000703533727931929	0.00224831177015714	NA	NA
GSE69459_1	-0.0280782145419414	-0.0867436120214503	NA	NA
GSE69459_2	-0.0286916055282763	-0.0776974477909534	NA	NA
GSE69459_3	-0.016100704724956	-0.0374996038701161	NA	NA
GSE69459_4	-0.0250919178848005	-0.0869207636817256	NA	NA
GSE69992_1	-0.0085540620246911	-0.0123082068480021	NA	NA
GSE70719_1	0.00222013615105904	0.012498626780376	NA	NA
GSE7116_1	-0.00298610723873739	-0.0111420577246456	NA	NA
GSE7116_2	-0.00127298123560428	-0.00487841132335606	NA	NA
GSE7116_3	0.00162965445955859	0.00715194696592601	NA	NA
GSE72575_1	-0.0127178851508106	-0.0251894905956488	NA	NA
GSE72575_2	-0.012334063416528	-0.0282286104821533	NA	NA
GSE72575_3	-0.0120623237931131	-0.0358387119101132	NA	NA
GSE72575_4	0	0.00620702235295731	NA	NA
GSE75181_1	0.00313079280991661	0.0245824554680767	NA	NA
GSE75181_2	0.00487753016085269	0.0439547100026079	NA	NA
GSE75181_3	0.00489864359994381	0.0249189029170262	NA	NA
GSE75230_1	-0.00828853916435627	-0.0263549984353879	NA	NA
GSE7669_1	0.00533496148999971	0.0301176837562565	NA	NA
GSE77916_1	0.00290697674418605	0.0157865558066895	NA	NA
GSE80614_1	0.00204223882481803	0.0174136440207351	NA	NA
GSE80614_2	0.0017523817698344	0.0335414383822273	NA	NA
GSE80614_3	-0.00031230335376512	0.0110934230255904	NA	NA
GSE80614_4	-0.00208610201742853	0.0186185737200327	NA	NA
GSE80614_5	0.0106075047060517	0.015721778257117	NA	NA
GSE80614_6	0.0147585523546007	0.0189058161539808	NA	NA
GSE80614_7	0.0102776131962772	0.0131090268572195	NA	NA
GSE80614_8	0.0006753636028389	-0.0249539127064337	NA	NA
GSE80614_9	0.0015124029611258	0.0309019335015892	NA	NA
GSE80614_10	0.00554399037057997	0.0591427933911391	NA	NA
GSE80614_11	0.00094876660341556	0.0465942876117912	NA	NA
GSE80614_12	0.00524121703153171	0.0583901037241704	NA	NA
GSE80614_13	0.00323837792860879	0.0359842755261447	NA	NA
GSE80614_14	0.0131265215764593	0.0413880305233091	NA	NA
GSE80614_15	0.0132247949514441	0.0408991619996075	NA	NA
GSE80614_16	0.0145010635751917	0.0391918798520532	NA	NA
GSE85254_1	0.0127738395013108	0.0250709058048605	NA	NA
GSE86578_1	0.0036803141549253	0.0370428536042112	NA	NA
GSE86578_2	0.00304431114802305	0.0423415693952185	NA	NA
GSE86578_3	0.00706289623946024	0.0433590230005586	NA	NA
GSE9329_1	-0.00742919850555981	-0.006873490432861	NA	NA
GSE93698_1	1.37305492681102e-05	-0.00874231696082879	NA	NA
GSE93698_2	-0.00221549308444842	-0.0159332757026302	NA	NA
GSE93698_3	0.000885407760194808	-0.00289611169619465	NA	NA
GSE93698_4	0.00243021167821349	-0.00380244471677496	NA	NA
GSE93698_5	0.00153862011618497	-0.00593167780449906	NA	NA
GSE93698_6	-0.0124957146315426	-0.0137491879618978	NA	NA
GSE93698_7	0.00432208971764555	0.0112575909278824	NA	NA
GSE93698_8	0.00391275922797571	0.0154210101718074	NA	NA
GSE93698_9	-0.00186940393484791	0.0043119490538221	NA	NA
GSE93698_10	0.0102338368599787	0.0220412208688578	NA	NA
GSE93698_11	0.00620739864453891	0.02706468002061	NA	NA
GSE93698_12	-0.00277907225961585	0.012690528542994	NA	NA
GSE93698_13	0.00630340611745937	-0.00145557992623079	NA	NA
GSE93698_14	-0.00680411724576895	-0.0089157784147277	NA	NA
GSE93698_15	-0.00219824102238209	-0.00524148876235603	NA	NA
GSE93720_1	-0.00219016870823993	0.0163405784493894	NA	NA
GSE93720_2	-0.00979919491444909	0.0115172837377644	NA	NA
GSE93720_3	0.00402615963960533	0.0173494640522589	NA	NA
GSE93720_4	-0.00925642766395844	0.0185308954050193	NA	NA
E-MTAB-5564_1	0.0248533269141136	0.0607702743572781	NA	NA
GSE77753_1	-0.000251986178954016	-0.0317528649635629	NA	NA
GSE43861_1	0.00303763716216414	0.0181311957565987	NA	NA
GSE112809_1	-0.00128205128205128	0.00543046924532918	NA	NA
GSE111946_1	-0.00793940275607587	-0.0702613849118482	NA	NA
GSE111946_2	-0.00175223483077621	-0.0317626232675113	NA	NA
E-MTAB-3201_1	0.00673672029094988	0.0155556256848943	NA	NA
GSE57740_1	-0.0148045870548776	-0.109272513798908	NA	NA
GSE52992_1	0.0174487558712113	0.0294867489441584	NA	NA
GSE17160_1	-0.00109230994960402	0.030378760546577	NA	NA
GSE17160_2	-0.00818586843759521	-0.0171226905759059	NA	NA
GSE17160_3	0.0151541324885511	0.0780789571947191	NA	NA
GSE17160_4	-0.00554301799693246	-0.00760042777687932	NA	NA
GSE17160_5	-0.00834772152475685	0.00043486403270555	NA	NA
GSE17160_6	-0.00571712561444002	0.000787783201405653	NA	NA
GSE17160_7	0.0163948685821393	0.0371995015738571	NA	NA
GSE17160_8	-0.00443764546193825	0.00711625558353442	NA	NA
GSE17160_9	-0.00933437705167499	-0.0178796976449526	NA	NA
GSE17160_10	-0.00457066982175912	-0.00235235068713125	NA	NA
GSE17160_11	-0.01072872124153	-0.0160576797649013	NA	NA
GSE17160_12	-0.00815913503699222	-0.000380582894903611	NA	NA
GSE22971_1	0.00458351585637088	0.0963926794209432	NA	NA
GSE22971_2	0.00958540840997004	0.0441375892059376	NA	NA
GSE22971_3	0.0207511314191965	0.0241160213240832	NA	NA
GSE22971_4	0.0126103302185198	0.00589138401789021	NA	NA
GSE13590_1	0.0133848693911732	0.0432036758950394	NA	NA
GSE13590_2	0.00131233595800525	-0.017344306632616	NA	NA
GSE99731_1	0.0183525672212181	0.0666112835779488	NA	NA
GSE99731_2	0.0012077784338383	-0.0227751907791495	NA	NA
GSE99731_3	-0.00311012879302949	0.0107788912240007	NA	NA
GSE27492_1	0.000984402104314696	0.00278708448903365	NA	NA
GSE27492_2	0.0040489517892773	-0.00213565131402556	NA	NA
GSE27492_3	0.00708458010580779	-0.000483660254891678	NA	NA
GSE27492_4	0.0100421929651774	0.0140657081047041	NA	NA
GSE27492_5	0.0139771032239346	0.0301374713874112	NA	NA
GSE27492_6	0.0066490880783071	-0.00691512524346381	NA	NA
GSE27492_7	0.0129083963043805	0.00730428908477746	NA	NA
GSE27492_8	0.0114459819008224	0.00625496871510284	NA	NA
E-GEOD-15069_1	-0.00182691930019803	-0.0384193415421251	NA	NA
E-GEOD-15069_2	-0.00768096688355862	-0.0825095326648269	NA	NA
E-GEOD-15069_3	0.0130732171468475	0.0556479777239995	NA	NA
E-GEOD-15069_4	-0.00419251712864815	0.00524631993234625	NA	NA
E-GEOD-15118_1	0.000595305932503429	-0.010665789043038	NA	NA
E-GEOD-15118_2	0.0009765625	-0.0230381546741281	NA	NA
E-GEOD-15118_3	0.0203125891336703	0.0834088265536048	NA	NA
E-GEOD-15118_4	0.016673177759796	0.0832744366893801	NA	NA
E-GEOD-16007_1	0.0458821906377529	0.110758517622618	NA	NA
E-GEOD-17473_1	-0.0159132251328929	-0.113153193718763	NA	NA
E-GEOD-18647_1	-0.0132443336122557	-0.054934073250976	NA	NA
E-GEOD-18647_2	-0.0126538966067146	-0.0253926827276137	NA	NA
E-GEOD-18647_3	0.0258329894012324	0.054361003853443	NA	NA
E-GEOD-18647_4	0.0268542644896913	0.0652257191132867	NA	NA
E-GEOD-18648_1	0.0173233487941911	0.0857745975967686	NA	NA
E-GEOD-18648_2	-0.000183169770367499	-0.00165511667635829	NA	NA
E-GEOD-2154_1	0.0107120916581307	-0.0121962050829559	NA	NA
E-GEOD-2154_2	0.0394356549705152	0.20588490410936	NA	NA
E-GEOD-2154_3	0.0436775598138657	0.201237302596421	NA	NA
E-GEOD-2154_4	0.00491941462845538	0.0346690736702296	NA	NA
E-GEOD-26475_1	0.00119898236697971	-0.0172628890544515	NA	NA
E-GEOD-26475_2	0.0105002403644828	0.0165021804457851	NA	NA
E-GEOD-26475_3	0.0200628763619373	0.0101702952908691	NA	NA
E-GEOD-33567_1	0.0093035268939595	0.109313334503458	NA	NA
E-GEOD-33567_2	0.00163906221549883	0.00630773862399223	NA	NA
E-GEOD-37287_1	-0.00327364039441054	-0.0147964591122617	NA	NA
E-GEOD-37287_2	0.00250161162804694	0.0120704038153646	NA	NA
E-GEOD-37287_3	0.00629127269941527	0.0392922938325001	NA	NA
E-GEOD-51994_1	0.0281439982486254	0.114346638820369	NA	NA
E-GEOD-51994_2	0.0294788877157226	0.115712623308342	NA	NA
E-GEOD-51994_3	0.0218844374872983	0.0614633903469904	NA	NA
E-GEOD-65077_1	7.8435384589152e-05	0.0407535584471334	NA	NA
E-MEXP-1244_1	0.000453971570301717	0.027534565424305	NA	NA
E-MTAB-1123_1	-0.0200999478270725	-0.0657382939874919	NA	NA
E-MTAB-1123_2	-0.013278999928527	-0.0400865528730237	NA	NA
E-MTAB-1123_3	0.00343580184973264	0.00479439586491562	NA	NA
E-MTAB-1123_4	1.70264741541221e-05	-0.0566731159466429	NA	NA
E-MTAB-1391_1	0.0356365058215357	0.199846520052135	NA	NA
E-MTAB-1391_2	0.00885225781989777	0.129776939832832	NA	NA
E-MTAB-1391_3	-0.0011680498973993	0.0604608791469397	NA	NA
E-MTAB-2450_1	-0.0160383879050055	-0.0237853946679062	NA	NA
E-MTAB-2450_2	0.000755920431112559	-0.00993433657291309	NA	NA
E-MTAB-2450_3	-0.00361248321212042	-0.0729146085460241	NA	NA
E-MTAB-2450_4	-0.0161760023363839	-0.113550455909329	NA	NA
E-MTAB-5023_1	-0.0108597835565636	-0.0347391040195802	NA	NA
E-MTAB-5326_1	0.00418583047899864	0.00364425367399011	NA	NA
E-MTAB-5326_2	0.00163436322866986	0.021592500697827	NA	NA
E-MTAB-5326_3	0.00402003734661882	0.0447222828256807	NA	NA
GSE102588_1	0.0280856444908167	0.115228098415466	NA	NA
GSE104793_1	0.0525760185677469	0.18122391025541	NA	NA
GSE104794_1	0.0506833841953945	0.100200098427328	NA	NA
GSE104795_1	0.0311985838737868	0.0417579529081423	NA	NA
GSE105139_1	0.00229773479493362	0.152323472071188	NA	NA
GSE105139_2	0.00682897550200037	0.0679782160310594	NA	NA
GSE105139_3	-0.00101447172804607	-0.0132887096201687	NA	NA
GSE10555_1	-0.0356301279107677	-0.123419029409484	NA	NA
GSE10556_1	0.012288499866627	-0.0205299905637839	NA	NA
GSE106631_1	0.0253656480545788	0.0764377615374946	NA	NA
GSE13104_1	0.0434442429198941	0.223614464217725	NA	NA
GSE13104_2	0.0459682559713956	0.230593462770356	NA	NA
GSE13104_3	0.011970759217983	0.0724397013698324	NA	NA
GSE16749_1	0.00413828970258437	0.0738485890765266	NA	NA
GSE16749_2	-0.0122621137785368	-0.0765128581810877	NA	NA
GSE16749_3	0.00846164047238862	0.0391994948657596	NA	NA
GSE17348_1	0.0391304353440929	0.0809226472375284	NA	NA
GSE17563_1	-0.00779450098205793	-0.104635854649066	NA	NA
GSE17563_2	0.0143618283893966	0.0925472149390153	NA	NA
GSE17569_1	0.0793633730854888	0.317647959772459	NA	NA
GSE17569_2	0.0127546729406772	0.0559128127257309	NA	NA
GSE17570_1	0.0109854092413376	0.0479312795293744	NA	NA
GSE17570_2	0.082428707357802	0.284888874993466	NA	NA
GSE18991_1	0.00132978723404255	-0.0101432523235838	NA	NA
GSE18992_1	0	-0.0257289713278046	NA	NA
GSE19299_1	0.00218530070074905	0.0053375854623199	NA	NA
GSE20850_1	-0.0105516295696052	-0.041587232481471	NA	NA
GSE21093_1	0.0114027992200355	0.128338960026058	NA	NA
GSE21523_1	-0.0107954493935799	-0.0192974364665523	NA	NA
GSE21639_1	0.000622938639411402	0.0205806722919669	NA	NA
GSE21639_2	-0.00285005422794471	-0.0361651241842223	NA	NA
GSE21639_3	-0.0002541203359874	0.0266786201538211	NA	NA
GSE21639_4	-0.00493020929590669	-0.0200669960192384	NA	NA
GSE21710_1	0.0270515758753819	0.136442620549494	NA	NA
GSE21710_2	0.0261494162406402	0.12712932278358	NA	NA
GSE21710_3	0.0259570264619677	0.114130413701545	NA	NA
GSE22925_1	-0.0457250524274828	-0.119442277377633	NA	NA
GSE22925_2	-0.00714833107569255	-0.00747615662282824	NA	NA
GSE26499_1	0.00404484551771584	0.0289712155445761	NA	NA
GSE30160_1	0.0120797642844198	0.0842933233862962	NA	NA
GSE30628_1	-0.0152234698890694	-0.0432934201913469	NA	NA
GSE30628_2	2.71480446205341e-06	-0.00394156371125908	NA	NA
GSE32163_1	-0.0039883397486266	0.0186198986590959	NA	NA
GSE33656_1	0.0036689377834236	0.033435087908428	NA	NA
GSE33754_1	0.0111414156118575	0.109010872683368	NA	NA
GSE33754_2	0.0252557569013265	0.127904325627848	NA	NA
GSE33754_3	0.0289757736291881	0.113471390827246	NA	NA
GSE34570_1	-0.0350750029575106	-0.0838798135807234	NA	NA
GSE35003_1	-0.0179324045928207	-0.0195915276719438	NA	NA
GSE35466_1	0.00130822340912198	0.00344773751173151	NA	NA
GSE35466_2	-0.0072400563756665	-0.00808246585177541	NA	NA
GSE35466_3	-0.0108791353590574	-0.0245274620383048	NA	NA
GSE35466_4	-0.0105657505035944	0.00948378188648144	NA	NA
GSE35466_5	-0.00413407765059074	-0.0331512262643476	NA	NA
GSE36925_1	0.00094876660341556	0.0569381283317425	NA	NA
GSE36925_2	0.0293754008993157	0.109103357616848	NA	NA
GSE36925_3	0.0219056185320745	0.104500552427364	NA	NA
GSE37219_1	-0.00515091087983195	-0.067398281301914	NA	NA
GSE37676_1	0.0597094484182472	0.185559304232693	NA	NA
GSE41342_1	-0.00769758655903904	-0.0229901505550202	NA	NA
GSE41342_2	0.0176221699390119	0.0499572555522195	NA	NA
GSE41342_3	0.00948680972398708	0.0339837319070363	NA	NA
GSE41342_4	0.00241320725191693	0.0606888043209759	NA	NA
GSE41997_1	-0.0160151029634598	-0.0741295085898533	NA	NA
GSE43242_1	0.00904000162167954	0.0484675572818783	NA	NA
GSE43242_2	-0.00449008013484592	-0.011708950952931	NA	NA
GSE43663_1	-0.00127379407540917	-0.047579787871787	NA	NA
GSE43854_1	-0.0445135868737611	-0.197123817862465	NA	NA
GSE45656_1	-0.00424814508397105	-0.0313776218701554	NA	NA
GSE45656_2	0.0160040297168458	0.133371749219252	NA	NA
GSE45656_3	0.0133327319060213	0.114025933109981	NA	NA
GSE45793_1	0.00744597624095979	0.00781650165612563	NA	NA
GSE45793_2	0.0252021529182167	0.042437213944403	NA	NA
GSE45793_3	0.0127942995387672	0.0479274851944373	NA	NA
GSE45793_4	0.0221048139638828	0.0730499006526939	NA	NA
GSE45793_5	0.00913209844473222	0.0367495959835141	NA	NA
GSE46390_1	-0.00740368167113755	-0.0599893975522626	NA	NA
GSE48438_1	-0.00586281009584659	0.00208821569420336	NA	NA
GSE50549_1	-0.0028073239726862	0.0121255824673268	NA	NA
GSE50549_2	-0.00764525459889636	-0.0299262937654084	NA	NA
GSE51098_1	0.0508607227745581	0.162450894446721	NA	NA
GSE53857_1	0.0132989151169681	0.0687790802715567	NA	NA
GSE53857_2	0.000991487801317949	0.0481444344604107	NA	NA
GSE53857_3	0.00343475480036544	0.0356933044661282	NA	NA
GSE53982_1	0.00703295950084691	0.04121818105165	NA	NA
GSE53982_2	-0.0133239709788349	-0.0783017742118168	NA	NA
GSE54779_1	-0.00358216343452025	-0.00873292121971948	NA	NA
GSE55900_1	0.0013262599469496	0.0620241670829089	NA	NA
GSE57104_1	-0.00277490526366822	-0.0192680829212433	NA	NA
GSE59387_1	0.000491156457811514	0.000598794097798051	NA	NA
GSE60401_1	0.0019949666754905	-0.00950643545363354	NA	NA
GSE60401_2	0.00315293640784911	0.000864378235449375	NA	NA
GSE60651_1	0.0296364224769388	0.065596327623278	NA	NA
GSE60737_1	0.0037107439840143	0.0362914944409681	NA	NA
GSE60761_1	-0.000380352564797742	-0.000979310256685177	NA	NA
GSE60761_2	0.000343026827769814	0.00458946702421042	NA	NA
GSE60761_3	-0.00266077557859391	0.00645217916029605	NA	NA
GSE60761_4	0.00198346552298099	0.00290349815971321	NA	NA
GSE63017_1	0	0.00688594078281289	NA	NA
GSE63017_2	-0.000954198473282443	-0.00554570168636971	NA	NA
GSE63017_3	0.0207598978238608	0.0336259776937584	NA	NA
GSE63017_4	0.00274764549063435	0.0216371548965047	NA	NA
GSE63939_1	0.0430047455576831	0.202218192017584	NA	NA
GSE63939_2	0.0255210123866763	0.166451503755318	NA	NA
GSE64141_1	0.0235410456775949	0.121718858316597	NA	NA
GSE64965_1	-0.00569966900631414	0.00629816539061764	NA	NA
GSE65745_1	0	0.00714826916533811	NA	NA
GSE65745_2	-0.000963391136801541	-0.00163468393667392	NA	NA
GSE65745_3	1.50824444117658e-05	-0.00421582729852238	NA	NA
GSE66416_1	0.0125128391495713	0.0438740205692971	NA	NA
GSE66862_1	0.0381293575132474	0.136612549890304	NA	NA
GSE69108_1	-0.00202421929313822	0.0237065282113627	NA	NA
GSE71565_1	0.143352261170555	0.42530197173786	NA	NA
GSE72261_1	0.0054661306256974	0.0363187210943883	NA	NA
GSE72261_2	-0.0170946766066961	-0.075392092537553	NA	NA
GSE72261_3	-0.0171003533323782	-0.0651893632344769	NA	NA
GSE7683_1	-0.00122351868449283	0.0228523969126676	NA	NA
GSE7683_2	-0.00201025084605966	0.00220334603596164	NA	NA
GSE78980_1	-0.011907577981179	-0.0156805886294731	NA	NA
GSE78980_2	0.00231045046785756	-0.0108739031000813	NA	NA
GSE78980_3	-0.0144074771710297	-0.0561934731609243	NA	NA
GSE78980_4	0.00388958734475011	0.0255743729614067	NA	NA
GSE78980_5	0.0032169433867445	0.0195530372368576	NA	NA
GSE78980_6	0.00289203047293869	-0.0457376739386368	NA	NA
GSE78980_7	0.0101223809327179	0.0139552985069283	NA	NA
GSE78980_8	-0.000680534499831733	-0.00216423352522003	NA	NA
GSE78980_9	0.0125883976157753	0.0210642660548494	NA	NA
GSE78980_10	0.00880983426672121	0.00619787381370507	NA	NA
GSE81399_1	0.0297040113450515	0.0820347924102699	NA	NA
GSE84609_1	0.00705230949987625	0.0206268929247763	NA	NA
GSE84907_1	0.00933268829177877	0.0640491824444031	NA	NA
GSE84907_2	0.00166840812889275	0.0164645548585385	NA	NA
GSE84907_3	-0.00652649480295724	-0.0682651469454105	NA	NA
GSE90127_1	0.00642135147004015	0.0923493011687381	NA	NA
GSE90127_2	0.0111522786212158	0.039809577483601	NA	NA
GSE90127_3	-0.00141708845334571	0.0607498250311129	NA	NA
GSE9247_1	0.00825870374667502	0.0635086620371633	NA	NA
GSE9247_2	-0.00129760163056513	0.0613569867727718	NA	NA
GSE9247_3	-0.00650705187747205	-0.00542319346530493	NA	NA
GSE99306_1	-0.00331076718341895	-0.018082870500035	NA	NA
GSE99306_2	0.0204492259640646	0.0883132407005508	NA	NA
GSE99306_3	-0.0562554227801716	-0.155533930526161	NA	NA
GSE99306_4	0.0101270498592438	0.0521306823598241	NA	NA
GSE99306_5	0.000664162875082527	-0.00627588834294792	NA	NA
GSE99306_6	0.0170527568408519	0.0711723505012449	NA	NA
GSE99306_7	-0.054656856752903	-0.172231395595833	NA	NA
GSE99306_8	0.0243014874867555	0.0901935401056773	NA	NA
GSE99306_9	0.0411768335577922	0.186116312954562	NA	NA
GSE99306_10	-0.0876439639492912	-0.279105473889337	NA	NA
GSE99306_11	-0.00166918835324624	-0.00178119066616733	NA	NA
GSE99306_12	0.0195905806712536	0.0790701077316297	NA	NA
GSE99306_13	-0.0468386185590663	-0.123810987031173	NA	NA
GSE99414_1	0.002568020272801	0.0780441680484781	NA	NA
GSE110581_1	0.00378755897392203	0.013663156702376	NA	NA
GSE110581_2	0.000957854406130268	0.00161519650811554	NA	NA
GSE47799_1	0.0129745418567524	0.0844255023790759	NA	NA
GSE47799_2	-0.00279733952907672	-0.0138070107982525	NA	NA
GSE47799_3	0.0134636618619631	0.0699731218629011	NA	NA
GSE111628_1	-0.00157231516261023	-0.0390323617020947	NA	NA
GSE111628_2	0.000671128635573907	-0.0367354213299162	NA	NA
GSE111628_3	-0.000994767406930687	-0.0485811494403806	NA	NA
GSE5657_1	-0.0191886736920629	-0.120678323727963	NA	NA
GSE5657_2	-0.0165122094733745	-0.101199824828927	NA	NA
GSE13782_1	0.019584556376786	0.0760815937036336	NA	NA
GSE41039_1	0.00032426291684557	0.0437520694426048	NA	NA
GSE84198_1	0.00574270808098574	0.0116147334036244	NA	NA
GSE84198_2	0.00530095941318837	0.0091233869411918	NA	NA
GSE84198_3	-0.0479482864814245	-0.229646354024563	NA	NA
E-GEOD-54216_1	0.0482488763690585	0.117120705845046	NA	NA
E-GEOD-54216_2	0.0300946281243832	0.1008932379879	NA	NA
E-GEOD-54216_3	-0.00653863893409052	0.00417463913357402	NA	NA
E-GEOD-6119_1	0.0133124343500892	0.0387150012440735	NA	NA
E-GEOD-6119_2	0.00993177480922544	0.0382687237986386	NA	NA
E-GEOD-6119_3	0.0137736717280078	0.0406658376195647	NA	NA
E-GEOD-8077_1	-0.0239289009770269	-0.12135034369592	NA	NA
E-GEOD-8077_2	-0.00737600897654725	-0.0360562209028751	NA	NA
E-GEOD-8077_3	0.0187853069185672	0.0813998600329461	NA	NA
GSE103416_1	0.0242112480899741	0.0209044304165781	NA	NA
GSE103416_2	0.0411332779862401	0.090785726296873	NA	NA
GSE103416_3	0.0567094033625804	0.153174115221334	NA	NA
GSE19950_1	-0.0368965870453366	-0.176818353062701	NA	NA
GSE30322_1	0.00536663151334463	0.0748194909620487	NA	NA
GSE30322_2	0.00819932020156225	0.0416280208924987	NA	NA
GSE30322_3	-0.00851880696790578	-0.0090839085310698	NA	NA
GSE42295_1	0.000649569073719645	-0.0374628587191738	NA	NA
GSE42295_2	0.00182166336753024	-0.000170074825107862	NA	NA
GSE42295_3	-0.00114621679629109	0.00945109024382073	NA	NA
GSE66554_1	-0.00898258025874231	-0.038467437753224	NA	NA
GSE66554_2	0.0100024900119657	0.030136600350629	NA	NA
GSE66554_3	0.0103756217324477	-0.0152305625932715	NA	NA
GSE66554_4	-0.00779011124114286	-0.0551817333306219	NA	NA
GSE74898_1	-0.0463571517103179	-0.112882752260032	NA	NA
GSE74898_2	-0.0453626185353702	-0.119496325506316	NA	NA
GSE74898_3	-0.033972712356298	-0.10144181938834	NA	NA
GSE79176_1	0.00296145060542966	0.0142437927356698	NA	NA
GSE79176_2	-0.000994588269708937	0.0181956443833645	NA	NA
GSE79176_3	0	0.00658153277177157	NA	NA
GSE85785_1	0.0108828579987896	0.045332425062763	NA	NA
GSE23492_1	0.0130579626983431	0.0497075914429034	NA	NA
GSE23492_2	-0.00453284600561309	-0.0273836837393231	NA	NA
GSE23492_3	0.002190985101625	0.0273096399490118	NA	NA
GSE23492_4	-0.00396276829586722	-0.0313153784453463	NA	NA
GSE23492_5	-0.00990977538883191	-0.0424795758048717	NA	NA
GSE44991_1	0.0133514386651558	0.0793149259797408	NA	NA
GSE44991_2	-0.00563354023579412	-0.00961094366435482	NA	NA
GSE39796_1	-0.0175588179096231	-0.104527562184018	NA	NA
GSE39796_2	-0.0359782249272726	-0.144416191830433	NA	NA
GSE39796_3	0.0124209312235585	0.0183982311636634	NA	NA
GSE18394_1	-0.00497427308089933	-0.0328591192923001	NA	NA
GSE18394_2	-0.00156956068416611	-0.041098384675516	NA	NA
GSE18394_3	-0.00516378286210711	-0.00587465575664919	NA	NA
GSE29233_1	0.0142526700984181	0.0440074073996981	NA	NA
E-MEXP-2291_1	-0.00116867739789659	-0.0141165649754166	NA	NA
E-MEXP-2291_2	0.00670917365263656	0.00747665517219512	NA	NA
E-MEXP-2291_3	-0.00590916834046153	-0.019733527084522	NA	NA
GSE107363_1	0.0156540592701565	0.0299059703847598	NA	NA
GSE85761_1	-0.00247706945357339	-0.0113339039785594	NA	NA
GSE89179_1	0.000631936502859774	0.047951343680338	NA	NA
GSE89179_2	0.00729980618886196	-0.0139162338925356	NA	NA
GSE89179_3	-0.00766183517441832	-0.0128579946702445	NA	NA
GSE89179_4	-0.00849220500485074	-0.0250762006597294	NA	NA
GSE89179_5	0.0115533477383891	0.053805015823746	NA	NA
GSE89179_6	0.00396016199509408	0.0395616593733618	NA	NA
GSE89179_7	0.00274551190592305	0.0339475594517527	NA	NA
E-GEOD-57723_1	-0.000145037867130958	0.00459164671005252	NA	NA
E-GEOD-57723_2	0.0219539761229921	0.0559134044738362	NA	NA
E-GEOD-57723_3	0.00286356815972699	0.024848485323222	NA	NA
E-GEOD-83930_1	-0.00524131172071831	0.0367292192349125	NA	NA
GSE100268_1	0.00579775792562917	0.0331542955688828	NA	NA
E-GEOD-55769_1	0.0101952128026488	0.0447601169170623	NA	NA
E-GEOD-55769_2	0.00189393939393939	0.0349572351675311	NA	NA
E-GEOD-55769_3	0.0149181916329928	0.0384007384353042	NA	NA
E-GEOD-69110_1	-0.00392386740209057	0.00120840122588227	NA	NA
E-MTAB-4304_1	0.0337040774889532	0.0686082989807704	NA	NA
E-MTAB-4879_1	-0.00797597704021954	-0.0120048022194195	NA	NA
E-MTAB-4879_2	-0.00593247406384236	-0.000558621095518265	NA	NA
E-MTAB-4879_3	-0.0027737123024784	0.00706601260994998	NA	NA
E-MTAB-4879_4	-0.0069745791971359	0.0118065531147608	NA	NA
Cytokine_Explant_1	0.0159055134063509	0.0436396200731728	NA	NA
Cytokine_Explant_2	0.0150433608709342	0.0229899418837741	NA	NA
Cytokine_Explant_3	0.0168862282227688	0.0329725592559235	NA	NA
Cytokine_Explant_4	0.00387029502984978	-0.0120521334954066	NA	NA
Cytokine_Explant_5	0.00750632895213709	0.0221405294276583	NA	NA
FN1_Explant_1	0.00357386633290935	0.0294531861226855	NA	NA
E-MTAB-6266_1	-0.0038795921058872	0.0130249857339668	NA	NA
E-MTAB-6266_B_1	-0.0254663869870464	-0.0443989787151282	NA	NA
E-MTAB-6266_B_2	0.00727873975389337	0.0633675927463457	NA	NA
E-MTAB-6266_B_3	0.038262899743964	0.12348463881358	NA	NA
GSE70667_1	-0.00320804559035954	-0.0107514927694521	NA	NA
GSE87608_1	0.00706415459896117	0.00667414516037333	NA	NA
GSE87608_2	0.03994410905118	0.121957349669233	NA	NA
GSE87608_3	-0.00683725589672086	-0.0453592313522633	NA	NA
GSE87608_4	-0.0570673087733005	-0.168816010799946	NA	NA
GSE90890_1	0.0146420301066802	0.00564947904411597	NA	NA
GSE97118_1	0.0360080931372142	0.0714658542722207	NA	NA
GSE97118_3	0.0880267300751193	0.186616796814475	NA	NA
GSE97118_4	0.336694573830787	0.750186770194799	NA	NA
GSE97118_5	0.0754861350757096	0.2792310469939	NA	NA
GSE97118_6	0.0548708548426017	0.159207928876591	NA	NA
GSE97118_7	0.0066955523322482	0.0664216774864033	NA	NA
GSE107592_1	0.00246482564796039	0.0413156319690403	NA	NA
GSE92641_1	0.0542261450020623	0.173742337579663	NA	NA
GSE107849_1	0	-0.00181549793656888	NA	NA
E-ERAD-89_1	0.00121063966008963	-0.00225475134823314	NA	NA
E-ERAD-89_2	0.000920755019115675	-0.000607736424739771	NA	NA
E-ERAD-89_3	0.000918180367222163	0.0131971875050511	NA	NA
E-ERAD-89_4	0.00032932409915113	0.0177674769635561	NA	NA
E-GEOD-45893_1	0	0.00405731961117623	NA	NA
E-GEOD-53105_1	0.0142516079737836	0.0530584390939821	NA	NA
E-GEOD-53105_2	0.0447247147170525	0.150675469367043	NA	NA
E-GEOD-54461_1	-0.0200432297680365	-0.100592276705937	NA	NA
E-GEOD-54461_2	-0.0299383093584097	-0.143611196420191	NA	NA
E-GEOD-54461_3	-0.0361011162587232	-0.157047121749662	NA	NA
E-GEOD-54461_4	-0.0262834185165487	-0.147874225996897	NA	NA
E-GEOD-54461_5	-0.00657109904278223	-0.123592476705557	NA	NA
E-GEOD-54461_6	-0.00263578929615866	-0.0937569049126151	NA	NA
E-GEOD-54461_7	0.00105834695168867	-0.0573516614026055	NA	NA
E-GEOD-54461_8	0.00343231704159584	-0.046906425915934	NA	NA
E-GEOD-73372_1	-0.00589239904876396	-0.0366561388421381	NA	NA
E-GEOD-73372_2	-0.0319324531905699	-0.0741725479491933	NA	NA
E-GEOD-73372_3	-0.0148590942173046	-0.025188967519377	NA	NA
E-GEOD-75549_1	0.02228027386903	0.11754792600653	NA	NA
E-GEOD-76988_1	0.00828214913431938	0.0913789333179337	NA	NA
E-MTAB-2923_1	0.00450857376356535	0.0218405576542541	NA	NA
E-MTAB-2923_2	-0.0113377614615637	-0.0856941346726086	NA	NA
E-MTAB-2923_3	-0.0320951958334189	-0.134124224574146	NA	NA
E-MTAB-2923_4	0.00155076182815332	-0.0196051410044675	NA	NA
E-MTAB-3428_1	0.0224611817216035	0.0879867961159623	NA	NA
E-MTAB-3428_2	0.0156061723470355	0.108521863685964	NA	NA
E-MTAB-3428_3	0.00863605352573063	0.00573567659285482	NA	NA
E-MTAB-3428_4	0.0215783459519723	0.0811489675618634	NA	NA
GSE102856_1	0.0273883450691483	0.0756591880588937	NA	NA
GSE103492_1	0.028722809323682	0.0728409807985708	NA	NA
GSE103492_2	0.0212833811088821	0.074241099087547	NA	NA
GSE103492_3	0.039957213954336	0.097342292299511	NA	NA
GSE103492_4	0.0308454185638535	0.0503138270040089	NA	NA
GSE103492_5	-0.0180250586164076	-0.0269478212194332	NA	NA
GSE103492_6	0.0101207255850676	0.0553552729881967	NA	NA
GSE103492_7	0.040441203255822	0.094100052988499	NA	NA
GSE103492_8	-0.00636494534605671	0.0182850308980637	NA	NA
GSE103492_9	0.0144284905789182	0.0583054484544251	NA	NA
GSE103492_10	0.00716296929879287	0.0529736067791943	NA	NA
GSE106259_1	-0.00620613097800115	-0.00876310852718025	NA	NA
GSE110303_1	-0.0212199016321196	-0.0989609380514345	NA	NA
GSE110303_2	0.000110152859085325	-0.0178855738960749	NA	NA
GSE110303_3	-0.0127508782449276	-0.0473840455505924	NA	NA
GSE110300_1	-0.00848162426617293	-0.0501374337684634	NA	NA
GSE110300_2	0.00219630123362746	0.0702635765912091	NA	NA
GSE110300_3	-0.0217369757631945	-0.0582165589616732	NA	NA
GSE110281_1	-0.02101434847347	-0.0756974387371246	NA	NA
GSE110281_2	-0.0103338423923768	-0.03112027606919	NA	NA
GSE110281_3	0.0233727390528861	0.0475255579737335	NA	NA
GSE104459_1	-0.0015821368744719	-0.0517088168424017	NA	NA
GSE104459_2	0.00196326622316584	-0.0423456931575731	NA	NA
GSE104459_3	0.00734804393518555	-0.017256003885378	NA	NA
GSE110051_1	0.0476174952363992	0.327244184790203	NA	NA
GSE110051_2	0.0406641038166361	0.1838615886638	NA	NA
GSE110051_3	0.0482319340856366	0.378014126530717	NA	NA
GSE112694_1	0.00567831270352234	0.00869195395360448	NA	NA
GSE112694_2	0.0128710060117437	0.0960568964699324	NA	NA
GSE112694_3	0.0163186143198374	0.093563979391121	NA	NA
GSE112694_4	0.0228437507547981	0.193342433476764	NA	NA
E-MTAB-5879_1	0.021347638599508	0.0679968615976666	NA	NA
E-MTAB-5879_2	-0.00895677257972144	-0.0365350635840623	NA	NA
E-MTAB-5879_3	0.0156632111036695	0.0439248811754427	NA	NA
E-MTAB-5879_4	-0.000896980124846177	-0.0249248528187108	NA	NA
E-MTAB-5879_5	0.0147451620513833	0.062671133557943	NA	NA
E-MTAB-5879_6	0.0127097840661106	-0.00130446697748566	NA	NA
E-MTAB-5879_7	0.0224531133353269	0.0577036297186382	NA	NA
E-MTAB-5879_8	0.0051365327011581	0.0183761920819571	NA	NA
E-MTAB-5879_9	-0.00280483621708747	7.17803585985999e-05	NA	NA
E-MTAB-5879_10	-0.0121802077509617	-0.0425197712497077	NA	NA
E-MTAB-4294_1	0.0116520606206919	0.0248596440655158	NA	NA
E-MTAB-4294_2	0.0030276525331091	0.0150812566225782	NA	NA
E-MTAB-4294_3	-0.00940459343792397	-0.00925735347625643	NA	NA
E-MTAB-3186_1	0.00485210126330754	-0.0372432517304133	NA	NA
E-MTAB-3186_2	0.0155346092385077	0.0126670317894491	NA	NA
E-MTAB-3186_3	0.00653764234227673	0.0110113172896803	NA	NA
E-MTAB-3186_4	0.0172169662488482	0.0235119606392405	NA	NA
