comparisonID	jaccard	cosine	sigjaccard	chrDir
22659600_1	-0.0463645818384052	-0.163879818273917	NA	NA
24361742_1	0.000129235164167782	-0.0151411417793505	NA	NA
GSE72258_1	0	0.00518825616965938	NA	NA
GSE72258_2	0.000390930414386239	0.0207792025325289	NA	NA
GSE69531_1	-0.00332111405233044	-0.00376892131841606	NA	NA
GSE69531_2	-0.00693041144774275	-0.0414313533995284	NA	NA
GSE69531_3	0.0138930356400024	0.011455069156905	NA	NA
GSE69531_4	-0.00332111405233044	-0.00376892131841606	NA	NA
GSE58203_1	0.0523852258148904	0.342548907498044	NA	NA
GSE58203_2	0.0811420422260135	0.357536256611398	NA	NA
GSE58203_3	0.145703396935688	0.423319682573375	NA	NA
GSE58203_4	0.253678609130723	0.582015072142909	NA	NA
GSE58203_5	0.0247976493967559	0.229950541284367	NA	NA
GSE58203_6	0.047701886842562	0.209905412458282	NA	NA
GSE58203_7	0.0434440690320606	0.168238687867597	NA	NA
GSE58203_8	0.00529847241851605	0.0134980209862571	NA	NA
GSE59642_1	0.00237945654113986	0.00659824186030203	NA	NA
GSE59642_2	-0.0344437513036684	-0.0688127075048468	NA	NA
GSE59642_3	-0.0369203479123966	-0.0869660282002186	NA	NA
GSE64922_1	0.0819877753209018	0.32970226745018	NA	NA
GSE60162_1	0.0129082772943787	0.0478546210630436	NA	NA
GSE31685_1	0.00688194119869509	0.044207560195455	NA	NA
E-MEXP-3890_1	0.0008629501289849	0.0259428268197959	NA	NA
GSE31980_1	0.0822628365311733	0.197683032680108	NA	NA
GSE15615_1	0.172439650535759	0.520140722126783	NA	NA
GSE15083_1	-0.00457656311238306	-0.0447546678163021	NA	NA
GSE108035_1	0.0115184893035561	0.0275119829561583	NA	NA
GSE108035_2	0.0130122039677392	0.0192725089918321	NA	NA
GSE108035_3	0.0163282922269931	0.0304472354225454	NA	NA
GSE21959_1	-0.00178647443692303	-0.00839208807653626	NA	NA
GSE21959_2	0.0040510460718724	0.0105069521926339	NA	NA
GSE24742_1	-0.00465608951431669	-0.013231932592315	NA	NA
GSE24742_2	0.00192663765409534	0.0104451250992221	NA	NA
GSE24742_3	-0.00294805721240579	-0.00884078557571768	NA	NA
GSE74668_1	0.0363919014622273	0.274606566490419	NA	NA
E-GEOD-10024_1	0.110388457158967	0.325133106737863	NA	NA
E-GEOD-10024_2	0.148245629955741	0.395053983860045	NA	NA
E-GEOD-12860_1	0.0567236369635475	0.199120106811842	NA	NA
E-GEOD-12860_2	-0.0458762988769401	-0.154558344590451	NA	NA
E-GEOD-12860_3	-0.0507401637639914	-0.15354084474157	NA	NA
E-GEOD-12860_4	-0.0179908567675221	-0.0380332450960651	NA	NA
E-GEOD-12860_5	-0.00542516061915218	-0.0119281569911022	NA	NA
E-GEOD-12860_6	-0.0467156509729573	-0.17343245137789	NA	NA
E-GEOD-12860_7	-0.0225829206688669	-0.0723578403334992	NA	NA
E-GEOD-12860_8	0.0165150891243805	0.0678103025902749	NA	NA
E-GEOD-14359_1	0.0419829253967637	0.109115547254895	NA	NA
E-GEOD-14359_2	0.00879306281138658	0.0504042826047168	NA	NA
E-GEOD-1919_1	0.0290759262474458	0.148893853193282	NA	NA
E-GEOD-1919_2	0.0273023485732803	0.0859543442290502	NA	NA
E-GEOD-1919_3	0.00657066491435398	0.0128797415206475	NA	NA
E-GEOD-1919_4	0.0335956069991652	0.12625269131074	NA	NA
E-GEOD-1919_5	0.0313114543339407	0.0972213590488172	NA	NA
E-GEOD-1919_6	0.00167901918586634	0.0361285154774664	NA	NA
E-GEOD-1919_7	-0.00994089106319733	-0.0337007634449343	NA	NA
E-GEOD-1919_8	-0.00899415933393641	-0.0181138516505307	NA	NA
E-GEOD-1919_9	-0.00298640704337828	-0.017006162337411	NA	NA
E-GEOD-19664_1	0.069522172177051	0.181889434511938	NA	NA
E-GEOD-19664_2	0.00197715765052899	0.0378467569094771	NA	NA
E-GEOD-19664_3	-0.0506265077090606	-0.186385532615364	NA	NA
E-GEOD-19664_4	0.0520286722369085	0.143550826293579	NA	NA
E-GEOD-19664_5	0.0228522116683547	0.0695877228637145	NA	NA
E-GEOD-19664_6	-0.0570536492585097	-0.188983610950851	NA	NA
E-GEOD-43923_1	0.00848145905182441	0.0759930372631473	NA	NA
E-GEOD-51812_1	-0.051502374573198	-0.177931970543165	NA	NA
E-GEOD-51812_2	-0.050880727508236	-0.170561049078169	NA	NA
E-GEOD-68760_1	0.210676605740818	0.51578918709983	NA	NA
E-GEOD-82107_1	0.0101774244103199	0.0198075345390676	NA	NA
E-GEOD-9451_1	-0.00698699089221841	-0.000230690957828061	NA	NA
E-GEOD-9451_2	0.0275451616646934	0.0923845470778946	NA	NA
E-GEOD-9451_3	0.0242552101560377	0.0440042551118847	NA	NA
E-GEOD-9451_4	0.0376646341542198	0.0584469030953622	NA	NA
E-MEXP-2019_1	-0.0187751862412535	-0.0587383744880023	NA	NA
E-MEXP-2019_2	-0.026418188975711	-0.0899539531868121	NA	NA
E-MEXP-2019_3	-0.0165829299340264	-0.118682489996971	NA	NA
E-MEXP-2019_4	0.0041370033277165	0.00996663015374944	NA	NA
E-MEXP-2276_1	0.0196882012290785	0.108387132643138	NA	NA
E-MEXP-2488_1	-0.0121124110565215	-0.0352989846080624	NA	NA
E-MEXP-3129_1	0.00480329425240627	0.0754713828384067	NA	NA
E-MEXP-3474_1	-0.0460540842131711	-0.114583218466675	NA	NA
E-MTAB-3010_1	-0.00814983815175749	-0.0280272114930002	NA	NA
E-MTAB-3010_2	0.0106085971854186	0.0318672530606612	NA	NA
E-MTAB-3010_3	-0.0023787169683968	-0.015696425934235	NA	NA
E-MTAB-3010_4	0.0104179042406496	0.0522266306596112	NA	NA
E-MTAB-4152_1	-0.0175052999999789	-0.0679370040310522	NA	NA
E-MTAB-4152_2	0.0073620184721687	0.0488109119694978	NA	NA
E-MTAB-4152_3	-0.00566217183263125	-0.035301104624012	NA	NA
GSE100609_1	-0.0159489178229886	-0.0849852385363435	NA	NA
GSE100786_1	0.00420594019548718	0.0529110702510956	NA	NA
GSE100786_2	0.00481611148510843	0.0390214761304182	NA	NA
GSE103697_1	0	0.00396728429479896	NA	NA
GSE103697_2	0	-0.00305195843453232	NA	NA
GSE103697_3	0	0.012770928814866	NA	NA
GSE104113_1	0.028007435785437	0.117071567600073	NA	NA
GSE104113_2	-0.00204503554845505	-0.00486495636045548	NA	NA
GSE104113_3	0.028007435785437	0.117071567600073	NA	NA
GSE10575_1	-0.00329372031137328	-0.0417060021574327	NA	NA
GSE10575_2	0.033505580881285	0.0692026238754019	NA	NA
GSE10575_3	0.0227921311865558	0.0316656635015145	NA	NA
GSE13604_1	0.00367009342516343	0.0221185818238442	NA	NA
GSE13837_1	0.000720787315772977	0.0469119755998025	NA	NA
GSE13837_2	0.00716548985295896	0.0605470820545458	NA	NA
GSE13837_3	0.0673748350190261	0.242543864019702	NA	NA
GSE13837_4	0.151803253424014	0.397438583083652	NA	NA
GSE13837_5	-0.000422817791749212	-0.0465385513850472	NA	NA
GSE13837_6	0.00840615849068297	0.0947786838233568	NA	NA
GSE13837_7	0.0500474365122028	0.210491986886583	NA	NA
GSE13837_8	0.184516290658752	0.452230951383854	NA	NA
GSE13837_9	0.0627808884166231	0.171420563898589	NA	NA
GSE13837_10	0.0420037228292459	0.11339772609511	NA	NA
GSE13837_11	0.0617392849594525	0.160044023889487	NA	NA
GSE13837_12	0.0217025269836515	0.0430543573579898	NA	NA
GSE13837_13	0.0462539106991906	0.293054673615382	NA	NA
GSE13837_14	0.0800878207595073	0.332270020813597	NA	NA
GSE13837_15	0.145578250558609	0.435275651531668	NA	NA
GSE13837_16	0.194245009473627	0.466015012395687	NA	NA
GSE13837_17	0.0346262969843515	0.303135177022515	NA	NA
GSE13837_18	0.0790627847791833	0.371378245150523	NA	NA
GSE13837_19	0.145963197546911	0.451391565794623	NA	NA
GSE13837_20	0.166319747573995	0.477900483531181	NA	NA
GSE13837_21	0.0519292069460629	0.154106560811234	NA	NA
GSE13837_22	0.0508876850890648	0.133049375017701	NA	NA
GSE13837_23	0.0594248259217043	0.150144772302268	NA	NA
GSE13837_24	0.0993438113249688	0.237296520494194	NA	NA
GSE16464_1	-0.0110527356576937	-0.014392698807662	NA	NA
GSE16464_2	0.0176463269275247	0.0403636432858882	NA	NA
GSE19060_1	0.00361505818865037	0.0380995820668404	NA	NA
GSE27372_1	-0.00111552814012218	0.00921288037032868	NA	NA
GSE27390_1	0.0161820460052562	0.111360428285392	NA	NA
GSE29106_1	-0.00849427261080706	0.00530185655658986	NA	NA
GSE29107_1	-0.0213999217581857	-0.0391728882882329	NA	NA
GSE29107_2	0.0361665997502479	0.111449874548372	NA	NA
GSE29745_1	0.000606526013829663	-0.0305936439967142	NA	NA
GSE29745_2	0.0489612906712464	0.154979252745766	NA	NA
GSE29745_3	0.0130535493816116	0.00810844336396651	NA	NA
GSE35546_1	0.00556042327768704	0.0436933264895539	NA	NA
GSE35546_2	0.00510242708960235	0.0520089795330775	NA	NA
GSE35546_3	0.00433073178375379	0.0540882110404868	NA	NA
GSE35546_4	0.0233066968664796	0.0973814030186469	NA	NA
GSE35546_5	0.0254194772821733	0.0946906875097931	NA	NA
GSE35546_6	0.0237452299579289	0.0956947445215689	NA	NA
GSE35955_1	-0.028049976403429	-0.112952261052583	NA	NA
GSE35956_1	0.00075560650208974	-0.0316601567424431	NA	NA
GSE35957_1	-0.011769465024659	-0.056012268168823	NA	NA
GSE35958_1	0.0123662932608099	0.0450132451001851	NA	NA
GSE39340_1	-0.0177224433962808	-0.125983241655132	NA	NA
GSE39340_2	-0.033354103794295	-0.151049762273854	NA	NA
GSE39340_3	0.00609695823537046	0.0393969252466157	NA	NA
GSE39795_1	0.00461501694288762	0.0213992115619771	NA	NA
GSE39795_2	0.010345234790244	0.0312877511591159	NA	NA
GSE39795_3	0.00104708265444126	0.0221973130844632	NA	NA
GSE41038_1	-0.00058006545419053	-0.00827632747288921	NA	NA
GSE41038_2	0.00628354748370831	0.00403533359415366	NA	NA
GSE41038_3	0.00303834731465438	-0.0027205529756718	NA	NA
GSE41992_1	-0.0483137443351856	-0.128011816231783	NA	NA
GSE42235_1	-0.0157074318857779	-0.111812909231583	NA	NA
GSE42235_2	-0.00591415626396422	-0.0429375239245555	NA	NA
GSE42235_3	-0.0164419610950215	-0.053871677416463	NA	NA
GSE42235_4	-0.0225669889073093	-0.0575121751296992	NA	NA
GSE45233_1	0.0234670132444007	0.0767764033080137	NA	NA
GSE45233_2	0.00168904595020705	0.00986260106259672	NA	NA
GSE45233_3	-0.00245848131682536	0.00495506527599193	NA	NA
GSE45233_4	0.0254512875295129	0.0709483653003773	NA	NA
GSE46053_1	0.00565328116527509	0.0601764688310543	NA	NA
GSE46053_2	0.0165060216865509	0.10765582565344	NA	NA
GSE46750_1	0.0435956924804508	0.296907826236717	NA	NA
GSE51588_1	-0.0527327452514478	-0.0941807014358772	NA	NA
GSE51588_2	-0.030714904132052	-0.0575966706767984	NA	NA
GSE51588_3	-0.0217982257281829	-0.064327169065577	NA	NA
GSE52817_1	0.0237919460489824	0.0538055034315784	NA	NA
GSE52817_2	0.0566717816330113	0.166783222649546	NA	NA
GSE52817_3	0.0492033127429	0.142733464281173	NA	NA
GSE52817_4	-0.0362256488699695	-0.106358424180692	NA	NA
GSE55235_1	0.0453936875959927	0.184418640426816	NA	NA
GSE55235_2	0.0088876434129456	0.0182318552901672	NA	NA
GSE55235_3	-0.0371751124140909	-0.120450595618637	NA	NA
GSE55457_1	0.0274097409633225	0.181563798831879	NA	NA
GSE55457_2	0.026373828649852	0.116859953665025	NA	NA
GSE55584_1	0.0137806891863545	0.123909414178508	NA	NA
GSE57218_1	0.003111961444038	0.0383009739777385	NA	NA
GSE60762_1	-0.00216365814089649	0.0132374218938005	NA	NA
GSE62914_1	0.0128624482974242	0.0428884235775581	NA	NA
GSE62914_2	0.0144031541035784	0.0330482888095687	NA	NA
GSE62914_3	0.00619637248814084	0.0135127676544205	NA	NA
GSE62914_4	-0.0195309116389125	-0.0661135641530265	NA	NA
GSE64394_1	0.0549593523272425	0.189332006281016	NA	NA
GSE66635_1	-0.00350734629869194	-0.0149509847908739	NA	NA
GSE68038_1	0.0249248579006965	0.0562105603488103	NA	NA
GSE68428_1	0.153206717630716	0.430821804952915	NA	NA
GSE68428_2	0.159080031667929	0.43973900438808	NA	NA
GSE68428_3	0.164647096314609	0.421839738314569	NA	NA
GSE69459_1	0.00636075497964218	0.00365782385864044	NA	NA
GSE69459_2	0.00455657981934559	0.0208497637204757	NA	NA
GSE69459_3	0.00430384706423993	0.0114158494314811	NA	NA
GSE69459_4	0.00504732229790946	0.00915628176126775	NA	NA
GSE69992_1	0.00734197466024229	0.00853077641113685	NA	NA
GSE70719_1	0.00313655204084872	0.00786300757784925	NA	NA
GSE7116_1	-0.00791176458820898	-0.0716534185838316	NA	NA
GSE7116_2	0.0155575300387122	0.101144065712886	NA	NA
GSE7116_3	0.0291435124389587	0.154557163791643	NA	NA
GSE72575_1	0.0203289105460794	0.0787447812637782	NA	NA
GSE72575_2	0.0186554240987459	0.0649639759823126	NA	NA
GSE72575_3	0.0257955169982093	0.0590545640157289	NA	NA
GSE72575_4	0.00509404388714734	0.124072468764853	NA	NA
GSE75181_1	0.0223934366632406	0.078380829230634	NA	NA
GSE75181_2	0.142795497530221	0.482571915753768	NA	NA
GSE75181_3	0.0470946741305991	0.169705048163637	NA	NA
GSE75230_1	0.00073261658006407	0.0074615714342021	NA	NA
GSE7669_1	-0.00346101498877198	-0.0369470987999182	NA	NA
GSE77916_1	0.000791585260354397	0.0613814156716497	NA	NA
GSE80614_1	0.00690641361105088	0.0700835095617878	NA	NA
GSE80614_2	0.0119480480213252	0.0885156331238304	NA	NA
GSE80614_3	0.00273099884166444	0.0332603318401075	NA	NA
GSE80614_4	0.0206924121360115	0.0609611673148007	NA	NA
GSE80614_5	0.0195436050377841	0.0520541327576977	NA	NA
GSE80614_6	0.00410279051953461	0.00510104171599275	NA	NA
GSE80614_7	-0.000602389105264681	-0.0263788836093516	NA	NA
GSE80614_8	-0.0098817001332499	-0.0369917718308911	NA	NA
GSE80614_9	0.00348720692899262	0.0283033064952905	NA	NA
GSE80614_10	0.00343225102750492	0.0318571276335952	NA	NA
GSE80614_11	0.000793233478058381	0.0256811371062022	NA	NA
GSE80614_12	-0.000331358069909483	0.00730081623038463	NA	NA
GSE80614_13	-0.00209345485495581	-0.0137146099830787	NA	NA
GSE80614_14	-0.0073036915224403	-0.0472427948200658	NA	NA
GSE80614_15	-0.0207707897425311	-0.0556901553863959	NA	NA
GSE80614_16	-0.0259894007644625	-0.0650171459387108	NA	NA
GSE85254_1	0.182896866907371	0.503570068038865	NA	NA
GSE86578_1	0.0234345345180605	0.180686510983619	NA	NA
GSE86578_2	0.0250552265062654	0.210124761270994	NA	NA
GSE86578_3	0.114531039682061	0.386741267769695	NA	NA
GSE9329_1	-0.00481352775436272	-0.0036592787931221	NA	NA
GSE93698_1	-0.00169503545066888	-0.00227063456932715	NA	NA
GSE93698_2	-0.000508978786963467	-0.00638414099444851	NA	NA
GSE93698_3	-0.0308766078079391	-0.079463971775238	NA	NA
GSE93698_4	-0.00950964189807012	-0.0294635610383181	NA	NA
GSE93698_5	-0.0409952032328584	-0.105015899831561	NA	NA
GSE93698_6	-0.00401952691815418	-0.00888985388176297	NA	NA
GSE93698_7	-0.046334803200625	-0.130130734109721	NA	NA
GSE93698_8	-0.00815207793329077	-0.0679282752900393	NA	NA
GSE93698_9	-0.0726157613265706	-0.205555752807656	NA	NA
GSE93698_10	-0.0453482771871496	-0.133367294357268	NA	NA
GSE93698_11	-0.00409382569093032	-0.0533288198594191	NA	NA
GSE93698_12	-0.0657341224266772	-0.18656524764452	NA	NA
GSE93698_13	0.0340675526957208	0.0963041727190668	NA	NA
GSE93698_14	-0.0329974760121277	-0.0966918999267922	NA	NA
GSE93698_15	-0.0603292393218843	-0.150126058728137	NA	NA
GSE93720_1	0.43236999653561	0.789015616539487	NA	NA
GSE93720_3	0.383434328768666	0.754134645775819	NA	NA
GSE93720_4	0.514656633885309	0.863523266995669	NA	NA
E-MTAB-5564_1	-0.0269401164911127	-0.0588107800658934	NA	NA
GSE77753_1	-0.00333555591954593	-0.00745417287949839	NA	NA
GSE43861_1	-0.0139426773698778	-0.0271918239523203	NA	NA
GSE112809_1	0.000390587177743165	-0.00899625837912525	NA	NA
GSE111946_1	0.019653812039406	0.0468547219295868	NA	NA
GSE111946_2	0.00038117716302629	0.0196692463332567	NA	NA
E-MTAB-3201_1	-0.00816008742494128	0.00367470861345828	NA	NA
E-MTAB-6700_1	0.151986266605731	0.415255293761645	NA	NA
GSE54749_1	0.00117279124315872	-0.0314809521796888	NA	NA
GSE57218_B_1	-0.00510751576328562	-0.0284515118050772	NA	NA
GSE57218_B_2	-0.00874604415797912	-0.0410350798213657	NA	NA
GSE57740_1	0.00116265396098023	0.0508960708680632	NA	NA
GSE52992_1	0.00229414908527075	-0.0178953788070463	NA	NA
GSE17160_1	0.0314269770488538	0.184631965575381	NA	NA
GSE17160_2	0.0102396056576246	0.102066308251534	NA	NA
GSE17160_3	0.0131167368202787	0.0807912327650888	NA	NA
GSE17160_4	0.0498399185994898	0.189028382033928	NA	NA
GSE17160_5	0.0183840607499402	0.177178161517056	NA	NA
GSE17160_6	0.0141443102754408	0.168623852151251	NA	NA
GSE17160_7	0.0154658782250506	0.0567621279047482	NA	NA
GSE17160_8	0.0693003852220333	0.231340549581631	NA	NA
GSE17160_9	-0.000412525562541215	-0.027759472835731	NA	NA
GSE17160_10	0.00471629303402289	-0.00117212527350514	NA	NA
GSE17160_11	-0.000697033126269939	-0.0150528770204809	NA	NA
GSE17160_12	0.0201490898299722	0.0309474626434063	NA	NA
GSE22971_1	2.41829160031206e-06	-0.0247681217735327	NA	NA
GSE22971_2	-0.000771572875022286	0.0187435625981464	NA	NA
GSE22971_3	0.0157613999786354	0.051902649652596	NA	NA
GSE22971_4	0.0237675226817414	0.0710549422437545	NA	NA
GSE13590_1	-0.0155988028996582	-0.0636175908039432	NA	NA
GSE13590_2	-0.000391236306729264	-0.0104912177270716	NA	NA
GSE99731_1	-0.00369371988438291	7.60671024111025e-05	NA	NA
GSE99731_2	-0.00340785983523266	-0.08423600303636	NA	NA
GSE99731_3	-0.0175674705377987	-0.0553575328944284	NA	NA
GSE27492_1	0.00310019052224371	0.0321921129049577	NA	NA
GSE27492_2	0.0115485614227237	0.0864125875021595	NA	NA
GSE27492_3	0.0213101795012486	0.0838467950035258	NA	NA
GSE27492_4	0.0167853195837095	0.0781408853362334	NA	NA
GSE27492_5	0.0143487723496842	0.0775981770036787	NA	NA
GSE27492_6	-0.00196746817567972	0.00663859666754518	NA	NA
GSE27492_7	0.00235671397505437	0.033189523281949	NA	NA
GSE27492_8	-0.000339906908406773	0.00989695038078239	NA	NA
E-GEOD-15069_1	-0.0022075543764558	0.0020046282373467	NA	NA
E-GEOD-15069_2	-0.00413441041223105	-0.0112223052164971	NA	NA
E-GEOD-15069_3	0.00641790215611881	0.0261266580497792	NA	NA
E-GEOD-15069_4	-0.00521333377478624	-0.0260453808456985	NA	NA
E-GEOD-15118_1	-0.0011206265918812	-0.00498961036383348	NA	NA
E-GEOD-15118_2	0	-0.0104933854278456	NA	NA
E-GEOD-15118_3	-0.00243467041289015	0.0287401298721991	NA	NA
E-GEOD-15118_4	0.00140363983274656	0.0290778741948541	NA	NA
E-GEOD-16007_1	-0.00436299799585622	-0.00432615820228943	NA	NA
E-GEOD-17473_1	-0.000894965975814248	-0.0137410512062832	NA	NA
E-GEOD-18647_1	0.00192175859188356	0.0053964221796962	NA	NA
E-GEOD-18647_2	-0.00761051468249776	-0.01455123531529	NA	NA
E-GEOD-18647_3	-0.00694914496929428	-0.00402774625948347	NA	NA
E-GEOD-18647_4	-0.0163906172222879	-0.0180494108899209	NA	NA
E-GEOD-18648_1	-0.00519268958097695	0.0139330909123661	NA	NA
E-GEOD-18648_2	0.00631114699945425	0.0309084166860778	NA	NA
E-GEOD-2154_1	0.00417342168714225	0.0328639197827552	NA	NA
E-GEOD-2154_2	0.0125443886266496	0.0915061589730747	NA	NA
E-GEOD-2154_3	0.00840566261304154	0.036026133777831	NA	NA
E-GEOD-2154_4	0.00514636326441426	0.0364566780930559	NA	NA
E-GEOD-26475_1	0.0104760699207121	0.0463861231228535	NA	NA
E-GEOD-26475_2	0.00597201228528546	0.0423653264533681	NA	NA
E-GEOD-26475_3	0.0105900700213328	0.0829415219403469	NA	NA
E-GEOD-33567_1	0.00327038790485989	0.00986945965407026	NA	NA
E-GEOD-33567_2	-0.00638135740619565	-0.00888789314835513	NA	NA
E-GEOD-37287_1	-0.00144340248576777	-0.00895495143671582	NA	NA
E-GEOD-37287_2	-0.00580196042152294	-0.0174607370781468	NA	NA
E-GEOD-37287_3	0.00692881493804137	0.00982518057724786	NA	NA
E-GEOD-51994_1	-0.00118256284721855	0.00525044237726171	NA	NA
E-GEOD-51994_2	-0.00172881560291823	-0.00495170273009403	NA	NA
E-GEOD-51994_3	-0.00101049950455303	-0.0128605425115639	NA	NA
E-GEOD-65077_1	-0.000773183771980998	-0.0325274820723957	NA	NA
E-MEXP-1244_1	0.00551956577451244	0.0285288329011903	NA	NA
E-MTAB-1123_1	0.024057979177671	0.0901272850573227	NA	NA
E-MTAB-1123_2	0.0148162722937051	0.0720265668731712	NA	NA
E-MTAB-1123_3	0.00356461087074144	1.36505960880177e-05	NA	NA
E-MTAB-1123_4	0.000380450948896425	0.0506959396800207	NA	NA
E-MTAB-1391_1	0.0220829348189856	0.0894952172803073	NA	NA
E-MTAB-1391_2	0.00828602643445877	0.0536916754082429	NA	NA
E-MTAB-1391_3	0.000962334348298788	0.0214461749593305	NA	NA
E-MTAB-2450_1	-0.0100336733814879	-0.00421552273594731	NA	NA
E-MTAB-2450_2	0.00139180603563309	0.0340545524502074	NA	NA
E-MTAB-2450_3	-0.00512739106577426	-0.00951773303505156	NA	NA
E-MTAB-2450_4	-0.00958605931836061	-0.0501049655643929	NA	NA
E-MTAB-5023_1	0.00250383384303348	0.022331553398987	NA	NA
E-MTAB-5326_1	-0.00368138908879594	-0.00153283804748261	NA	NA
E-MTAB-5326_2	0.0111216333570363	0.0215901965838435	NA	NA
E-MTAB-5326_3	0.0156368785638542	0.0495149119413914	NA	NA
GSE102588_1	-0.00659105873830414	-0.0108858017482934	NA	NA
GSE104793_1	0.0363021783442388	0.14622957986572	NA	NA
GSE104794_1	0.0312487540276256	0.130844651351706	NA	NA
GSE104795_1	0.0312682075185882	0.148682159573933	NA	NA
GSE105139_1	0.000389105058365759	0.0141241719379874	NA	NA
GSE105139_2	0.0231095148121032	0.154830774319636	NA	NA
GSE105139_3	0.0226254196772136	0.154840728348445	NA	NA
GSE10555_1	0.00488190287782452	-0.0110512383101701	NA	NA
GSE10556_1	-0.000356935043466408	-0.0171602168574882	NA	NA
GSE106631_1	0.0692115818399819	0.228560149728329	NA	NA
GSE13104_1	0.0194173475074343	0.0636743116857985	NA	NA
GSE13104_2	0.0202590116278253	0.0623127311068362	NA	NA
GSE13104_3	0.028759733678701	0.0847014680147333	NA	NA
GSE16749_1	-0.009913687061347	-0.0191448965216689	NA	NA
GSE16749_2	-0.0023131268791332	-0.0122747087741728	NA	NA
GSE16749_3	0.00314562098070822	0.00668797108801526	NA	NA
GSE17348_1	-0.04302682079237	-0.152615128276426	NA	NA
GSE17563_1	-0.0200529058143175	-0.0689640465544027	NA	NA
GSE17563_2	-0.00454519210633424	-0.0017065809547257	NA	NA
GSE17569_1	-0.00453666966100614	-0.00241148731765237	NA	NA
GSE17569_2	-0.00450909406680288	0.000378183168230179	NA	NA
GSE17570_1	-0.00707192036413053	0.00457940859033435	NA	NA
GSE17570_2	-5.25957829011769e-05	0.00750811118324787	NA	NA
GSE18991_1	0	0.00900768877120265	NA	NA
GSE18992_1	0.000392464678178964	0.00962691639937909	NA	NA
GSE19299_1	-0.000501871072846487	0.00570688111674026	NA	NA
GSE20850_1	0.00430592009014976	0.00744815752716524	NA	NA
GSE21093_1	-0.010974046105155	-0.0205395148323185	NA	NA
GSE21523_1	0.0167672215296505	0.0426718458982864	NA	NA
GSE21639_1	-0.00306279974751233	-0.0177005350767065	NA	NA
GSE21639_2	-0.00939831104680401	-0.0452935883764988	NA	NA
GSE21639_3	-0.00751715805383321	-0.0382012873574748	NA	NA
GSE21639_4	-0.0223523499612373	-0.0677445552164669	NA	NA
GSE21710_1	-0.0139046121641842	-0.0162399201887356	NA	NA
GSE21710_2	-0.0119826857985087	-0.0174980246759298	NA	NA
GSE21710_3	-0.0133107221180753	-0.0182108354833077	NA	NA
GSE22925_1	0.0122591949758463	0.0420813965995172	NA	NA
GSE22925_2	0.00845655299401563	0.0467685604088844	NA	NA
GSE26499_1	0.00336979815121113	0.00495062615736086	NA	NA
GSE30160_1	-0.0037513735841797	0.00610423212329919	NA	NA
GSE30628_1	0.0148292646829873	0.025049490550752	NA	NA
GSE30628_2	0.00619016965192115	0.0273665595138553	NA	NA
GSE32163_1	0.00811078569731256	0.0363334884979565	NA	NA
GSE33656_1	-0.0348885860408135	-0.0704138762424904	NA	NA
GSE33754_1	0.00487668718495062	0.0364284700968358	NA	NA
GSE33754_2	0.00548177389894536	0.0311675368818724	NA	NA
GSE33754_3	0.00106922081030935	0.0267471160996603	NA	NA
GSE34570_1	0.00676659514213267	0.0226162792001694	NA	NA
GSE35003_1	0.00185548220754562	0.00411230628441368	NA	NA
GSE35466_1	0.0433755531515859	0.178472170288796	NA	NA
GSE35466_2	0.0340502762072192	0.145100665978684	NA	NA
GSE35466_3	0.0387651571040114	0.142620017420284	NA	NA
GSE35466_4	0.037126906156288	0.169224757484765	NA	NA
GSE35466_5	0.0346973946044711	0.174488579921813	NA	NA
GSE36925_1	9.00691010142954e-07	0.0521031084274242	NA	NA
GSE36925_2	0.0202378083263713	0.0389172272729616	NA	NA
GSE36925_3	0.0233131357121843	0.0412814745872822	NA	NA
GSE37219_1	-0.00158614337868774	-0.00132540569402701	NA	NA
GSE37676_1	-0.0074799637695517	-0.00669463787873378	NA	NA
GSE41342_1	-0.00530196732443719	-0.0416263997107375	NA	NA
GSE41342_2	-0.0025887021765796	-0.0091888866934691	NA	NA
GSE41342_3	-0.000772839370160197	0.0196392644486138	NA	NA
GSE41342_4	-0.0018674007505117	-0.0702908237657345	NA	NA
GSE41997_1	-0.00429316055960281	-0.0319240388880906	NA	NA
GSE43242_1	-0.00578742858801861	0.00382171311660936	NA	NA
GSE43242_2	-0.00294516781857084	-0.0156672722105194	NA	NA
GSE43663_1	0.00154795079493437	-0.00454682049700774	NA	NA
GSE43854_1	0.0135951049680406	0.0462249024037659	NA	NA
GSE45656_1	-0.0120150809229114	-0.061809087319993	NA	NA
GSE45656_2	0.00263597447526035	0.0128182974086589	NA	NA
GSE45656_3	-0.0113177682670011	-0.0170614875226454	NA	NA
GSE45793_1	0.0103380363163871	0.0324689698790781	NA	NA
GSE45793_2	0.0128154025120408	0.0373621280594913	NA	NA
GSE45793_3	0.00514663911492305	0.0272101796515868	NA	NA
GSE45793_4	0.0235350590375142	0.0574860166140247	NA	NA
GSE45793_5	0.00131605760764921	0.00939488527467458	NA	NA
GSE46390_1	-0.00481316610011491	-0.0318087511430949	NA	NA
GSE48438_1	0.00691967485463049	0.037235252710893	NA	NA
GSE50549_1	-0.000598769548614582	0.00967815339974527	NA	NA
GSE50549_2	0.00683895361406232	0.0175701035892188	NA	NA
GSE51098_1	0.0161246825937339	0.0359655076457541	NA	NA
GSE53857_1	-0.00265217044309831	-0.00432795144217888	NA	NA
GSE53857_2	0.00309552952569111	0.0332806122209362	NA	NA
GSE53857_3	-0.00115011859377641	-0.00320685281756015	NA	NA
GSE53982_1	-0.0015140732197829	-0.00695368552422042	NA	NA
GSE53982_2	0.00885721783918762	0.0945491913664982	NA	NA
GSE54779_1	0.0383555279031949	0.131148744806775	NA	NA
GSE55900_1	-0.000392156862745098	0.0962106079477158	NA	NA
GSE57104_1	-0.0137583140012841	-0.0588968785195487	NA	NA
GSE59387_1	0.0155666776759909	0.0585433383567878	NA	NA
GSE60401_1	-0.0231271400704899	-0.0607185915501573	NA	NA
GSE60401_2	-0.0101949274733246	-0.0596681583193264	NA	NA
GSE60651_1	-0.0395777738445978	-0.175096601712194	NA	NA
GSE60737_1	0.0396552071682302	0.177342578821664	NA	NA
GSE60761_1	0.00425026842800024	0.0778850744471257	NA	NA
GSE60761_2	-0.000391234381382165	-0.0394012849451975	NA	NA
GSE60761_3	0.00348885354989333	0.0562157901342518	NA	NA
GSE60761_4	0.0154495092683013	0.124596956992872	NA	NA
GSE63017_1	0	-0.0168618745665854	NA	NA
GSE63017_2	0.00038670458577146	-0.00966238085472163	NA	NA
GSE63017_3	-0.00404880048642044	-0.00544567656684864	NA	NA
GSE63017_4	-0.00151428041919715	-0.00584331816708849	NA	NA
GSE63939_1	0.00192691344941576	0.00934864670472925	NA	NA
GSE63939_2	0.0148813281299806	0.0345126070209865	NA	NA
GSE64141_1	-0.00490461384544616	0.000262734141234207	NA	NA
GSE64965_1	0.0132128852599406	0.0691492434680772	NA	NA
GSE65745_1	0.00038971161340608	-0.0120535286468109	NA	NA
GSE65745_2	0.00194250194250194	-0.000856984415462025	NA	NA
GSE65745_3	0.00194250194250194	-0.00265806991474814	NA	NA
GSE66416_1	-0.00893989713594121	-0.0438824539011687	NA	NA
GSE66862_1	0.000488365675029264	0.00734410510167643	NA	NA
GSE69108_1	0.0252424333665685	0.0896247001405109	NA	NA
GSE71565_1	0.00191928804299908	0.00759627993347545	NA	NA
GSE72261_1	0.000363032450577797	0.0152025096196343	NA	NA
GSE72261_2	0.0116147637008873	0.0295451262818855	NA	NA
GSE72261_3	0.00885379477327768	0.0237045188112913	NA	NA
GSE7683_1	-0.00419824922255919	-0.0302699604491633	NA	NA
GSE7683_2	-0.00639374557720352	-0.0382593057015801	NA	NA
GSE78980_1	0.0204484284772692	0.0551107293205084	NA	NA
GSE78980_2	-0.000399067876318214	-0.0458634388848943	NA	NA
GSE78980_3	0.00159853353100535	0.0116136214634927	NA	NA
GSE78980_4	-3.88353084802796e-05	0.00263230604635175	NA	NA
GSE78980_5	-0.000380811837684208	-0.0253820807244678	NA	NA
GSE78980_6	-0.000771294982886839	-0.0255680013151922	NA	NA
GSE78980_7	-0.0235495295710247	-0.0680247010384494	NA	NA
GSE78980_8	-0.0170501055963778	-0.0609860115910828	NA	NA
GSE78980_9	-0.0253839744021171	-0.0664225772806296	NA	NA
GSE78980_10	-0.0225211277788722	-0.0681330134023715	NA	NA
GSE81399_1	-0.00534293875030093	-0.0276045724574777	NA	NA
GSE84609_1	-0.0260808462548304	-0.0925133992649135	NA	NA
GSE84907_1	0.0113831400225303	0.0246051590250616	NA	NA
GSE84907_2	0.00911739101929414	0.0177364834501951	NA	NA
GSE84907_3	0.000772260716175617	-0.00866272074591447	NA	NA
GSE90127_1	0.00434756180945518	0.0265245206929418	NA	NA
GSE90127_2	-0.0131492706300827	-0.0525912304685322	NA	NA
GSE90127_3	0.0109365500158919	0.0522612845004084	NA	NA
GSE9247_1	-0.00177620342297639	0.00936475406486229	NA	NA
GSE9247_2	0.0044740841094318	0.0134637600969962	NA	NA
GSE9247_3	-0.00508361541741042	-0.00233855036483764	NA	NA
GSE99306_1	0.00916548824187691	0.0218520613986289	NA	NA
GSE99306_2	0.00537647019687099	0.0142278725801551	NA	NA
GSE99306_3	0.00257364781156778	0.00846700698599469	NA	NA
GSE99306_4	0.00759804801403604	0.0168697708939225	NA	NA
GSE99306_5	0.00445692067045277	0.0197366397897669	NA	NA
GSE99306_6	-0.00166105709822806	0.0105467180381003	NA	NA
GSE99306_7	0.0054985536982038	0.0134827930392777	NA	NA
GSE99306_8	0.00772388552936166	0.0211721684080278	NA	NA
GSE99306_9	0.00692750652040333	0.021155834392384	NA	NA
GSE99306_10	0.00375942452431164	-0.00732506065345029	NA	NA
GSE99306_11	0.0139473588172685	0.0309738886711874	NA	NA
GSE99306_12	0.000429611325064652	0.0122700198298112	NA	NA
GSE99306_13	0.00883649834430317	0.0257732530566784	NA	NA
GSE99414_1	-0.000381231239374177	0.0222833625606883	NA	NA
GSE110581_1	0.00185292943692768	0.00488095082231893	NA	NA
GSE110581_2	7.22236767268232e-06	-0.00337204213032027	NA	NA
GSE47799_1	0.000779746121585184	0.0164856732920392	NA	NA
GSE47799_2	-0.00089388454956435	-0.00713859603075476	NA	NA
GSE47799_3	0.00583167920608023	0.0176754897203013	NA	NA
GSE111628_1	0.00272446173060059	0.0213278810370472	NA	NA
GSE111628_2	-0.000392659238515164	-0.0502461419722134	NA	NA
GSE111628_3	-0.00176554361926748	-0.0249095665405414	NA	NA
GSE5657_1	-0.00113593089206731	-0.0185169577588203	NA	NA
GSE5657_2	0.000373229555231289	0.00495188067353097	NA	NA
GSE13782_1	0.0406551137001733	0.15942461261296	NA	NA
GSE41039_1	0.00231060935776953	0.0502973263727657	NA	NA
GSE84198_1	0.00041565662658763	-0.0110501180887285	NA	NA
GSE84198_2	0.00102441898370457	-0.021349217873796	NA	NA
GSE84198_3	-0.00669698464127315	-0.0288414015633399	NA	NA
GSE114469_1	0.00938855011666482	0.00156161721920573	NA	NA
GSE108036_1	-0.0019109166776898	-0.0201679625194946	NA	NA
GSE60451_1	0.005388420444778	0.0402974358189644	NA	NA
GSE47902_1	4.7337726274331e-06	-0.0110101508035114	NA	NA
GSE44325_1	0.0112938812655383	0.0174519748145904	NA	NA
GSE4481_1	-0.000785811145856209	0.0139996249001216	NA	NA
GSE4481_2	-0.00320641148377306	0.000967821227367968	NA	NA
GSE4481_3	0.000776718491772797	0.0210091008474905	NA	NA
GSE102292_1	-0.0214520554385935	-0.0410215554194098	NA	NA
GSE102292_2	-0.00156188724774595	-0.0109062507039069	NA	NA
GSE102292_3	0.0115152090333646	0.0383211028759285	NA	NA
GSE102292_4	-0.00581624802189137	0.0115950986466479	NA	NA
GSE41898_1	-0.0276237582732659	-0.0645311130438152	NA	NA
GSE87605_1	0.0208662218753446	0.060005020148867	NA	NA
GSE87605_2	0.00343195880795911	0.0104545076038756	NA	NA
GSE87605_3	0.0194087530138047	0.0457861983022299	NA	NA
E-GEOD-54216_1	-0.00257992742621877	0.00860409206705044	NA	NA
E-GEOD-54216_2	-0.00708409983645064	0.000869480935593876	NA	NA
E-GEOD-54216_3	-0.00892801198623855	-0.0131500752000838	NA	NA
E-GEOD-6119_1	0.0610670762946204	0.176416071700315	NA	NA
E-GEOD-6119_2	0.057364136291161	0.172862376720413	NA	NA
E-GEOD-6119_3	0.0548973955756327	0.176051560255512	NA	NA
E-GEOD-8077_1	-0.000365953317112614	-0.0319740047064993	NA	NA
E-GEOD-8077_2	0.00421524662044007	0.0372912976170277	NA	NA
E-GEOD-8077_3	0.00649343868466276	0.0512445027088188	NA	NA
GSE103416_1	0.0263210973024325	0.0406149030754362	NA	NA
GSE103416_2	0.00845503950736393	0.0128962913376624	NA	NA
GSE103416_3	-0.00539998209268531	-0.0263933016344363	NA	NA
GSE19950_1	-0.000694325149197941	-0.00334309398481871	NA	NA
GSE30322_1	-0.0106693306785105	0.000322588288256723	NA	NA
GSE30322_2	-0.00498054715882401	0.00036145879023134	NA	NA
GSE30322_3	-0.000698035989271404	0.00410297179166161	NA	NA
GSE42295_1	0.00504176898261833	0.0429503323698056	NA	NA
GSE42295_2	0.00244523595290605	0.0382422866110858	NA	NA
GSE42295_3	0.000681830061004579	0.0204726412696216	NA	NA
GSE66554_1	-0.044871467031114	-0.10836342829205	NA	NA
GSE66554_2	-0.0320878899373297	-0.0735966087363237	NA	NA
GSE66554_3	-0.0116507937022446	-0.0681387746983371	NA	NA
GSE66554_4	-0.0144689622244486	-0.0494753752008876	NA	NA
GSE74898_1	-0.00411666834861048	-0.0232003247993906	NA	NA
GSE74898_2	-0.00876257131310335	-0.0327572933089462	NA	NA
GSE74898_3	-0.00659454185322881	-0.0265811917982011	NA	NA
GSE79176_1	0.00155219270559777	0.00413008957673508	NA	NA
GSE79176_2	0.000773397055349031	0.019457677199858	NA	NA
GSE79176_3	-0.00038971161340608	0.0170949016516097	NA	NA
GSE85785_1	0.0137073107452662	0.0572847786240458	NA	NA
GSE16981_1	0.00482067862267382	0.033513926166682	NA	NA
GSE16981_2	-0.00233821589608863	0.0012360482160314	NA	NA
GSE16981_3	0.00947938427211545	0.0303065794091229	NA	NA
GSE16981_4	0.00947938427211545	0.0303065794091229	NA	NA
GSE16981_5	5.9996170315108e-05	0.0119662384847987	NA	NA
GSE16981_6	0.00152223910805938	0.00737466775212939	NA	NA
GSE16981_7	0.00152947803729694	0.0207189047304962	NA	NA
GSE29859_1	0.0101005012274566	0.0596853424005457	NA	NA
GSE29859_2	0.00548140580364985	0.0328671093592177	NA	NA
GSE23492_1	-0.0137541519124261	-0.0452530474734375	NA	NA
GSE23492_2	-0.00842165504329648	-0.0502805077692937	NA	NA
GSE23492_3	-0.013750573093225	-0.0484166455966536	NA	NA
GSE23492_4	-0.00988583700648307	-0.0522168411789875	NA	NA
GSE23492_5	0.00269424499302473	0.0141702453218963	NA	NA
GSE44991_1	0.00246451599986941	0.0134583288234586	NA	NA
GSE44991_2	0.000371450753062011	-0.00402676435264544	NA	NA
GSE39796_1	-0.00414314946452715	-0.0211763528838185	NA	NA
GSE39796_2	-0.0105653994251831	-0.0363156718233023	NA	NA
GSE39796_3	0.00572379595296807	0.0120161423988798	NA	NA
GSE18394_1	0.00114363313076343	0.0115234214074268	NA	NA
GSE18394_2	-0.0131930778326543	-0.0178154490061532	NA	NA
GSE18394_3	0.00990142844457075	0.0250297242256431	NA	NA
GSE29233_1	0.0317148722731289	0.0841041580212873	NA	NA
E-MEXP-2291_1	0.000146945026481524	-0.0112960503855758	NA	NA
E-MEXP-2291_2	0.00595074737377634	0.0371815705130706	NA	NA
E-MEXP-2291_3	-0.0056023232465817	-0.0437739677511408	NA	NA
GSE18738_1	-0.009954806031277	-0.0338368273697986	NA	NA
GSE107363_1	-0.0127307422487936	-0.0479753063127485	NA	NA
GSE85761_1	-0.00758707895122835	-0.0107737996008598	NA	NA
GSE89179_1	0.0287731373793393	0.0812194790885573	NA	NA
GSE89179_2	-0.000287048112041369	0.00766390073160405	NA	NA
GSE89179_3	0.0275249137257586	0.0493550622189849	NA	NA
GSE89179_4	-0.0040493613597947	-0.00436820821191667	NA	NA
GSE89179_5	0.0396619779793073	0.106952515949724	NA	NA
GSE89179_6	0.0269028741880751	0.0576849858093879	NA	NA
GSE89179_7	0.025830506705922	0.0801801150326226	NA	NA
E-GEOD-57723_1	0.0879687099321049	0.224496712645261	NA	NA
E-GEOD-57723_2	0.011930087929027	0.0418502393977121	NA	NA
E-GEOD-57723_3	0.0729105228458772	0.209369180672465	NA	NA
E-GEOD-83930_1	0.00257268032908386	0.00674630298120406	NA	NA
GSE100268_1	0.039338893472377	0.0830861877300386	NA	NA
E-GEOD-55769_1	0.00282984321107425	-0.0346362032166527	NA	NA
E-GEOD-55769_2	9.54079554731091e-06	-0.0336661483698117	NA	NA
E-GEOD-55769_3	0.00376625037577301	-0.00647799819422868	NA	NA
E-GEOD-69110_1	0.0224305107143478	0.148151659405186	NA	NA
E-MTAB-4304_1	0.000634883596879087	0.0342656107453688	NA	NA
E-MTAB-4879_1	-0.00541123802409367	0.0110819211555355	NA	NA
E-MTAB-4879_2	0.00507911500677126	0.0176519015078494	NA	NA
E-MTAB-4879_3	0.00817691458991921	-0.00320952922916839	NA	NA
E-MTAB-4879_4	-0.0115311385517308	-0.0217245360159675	NA	NA
Cytokine_Explant_1	0.0109806504903782	0.0350873468278414	NA	NA
Cytokine_Explant_2	0.130417599881377	0.307912861838742	NA	NA
Cytokine_Explant_3	0.137075874859349	0.339239089858023	NA	NA
Cytokine_Explant_4	0.00468635951290364	-0.00899697140538493	NA	NA
Cytokine_Explant_5	0.0507547602306944	0.14338458449083	NA	NA
FN1_Explant_1	0.0399183814541547	0.293566140498408	NA	NA
E-MTAB-6266_1	-0.0362523144082358	-0.0931276640346972	NA	NA
E-MTAB-6266_B_1	-0.0341430816414165	-0.107992722764669	NA	NA
E-MTAB-6266_B_2	-0.0314499808222069	-0.0620486535163542	NA	NA
E-MTAB-6266_B_3	0.00706161187341553	0.056116931831284	NA	NA
GSE74220_1	0.119824923477532	0.356224595478055	NA	NA
GSE114007_1	-0.0284152569418686	-0.0553770733220286	NA	NA
GSE109503_1	-0.00500694768692514	-0.0334590556747006	NA	NA
GSE109503_2	0.0161830458000288	0.0492435267464746	NA	NA
GSE109503_3	-0.0185839307701553	-0.0884606883664554	NA	NA
GSE109503_4	-0.0021833095982595	-0.00955827902727482	NA	NA
GSE109503_5	0.00901323164814481	0.0297961041153519	NA	NA
GSE109503_6	0.0207729651093964	0.0408516343142974	NA	NA
GSE109108_1	0.0254968958902643	0.151765607858301	NA	NA
GSE109108_2	0.0519835351639989	0.205687874889138	NA	NA
GSE109108_3	0.00223620146812914	0.0552125471492292	NA	NA
GSE109108_4	0.000410194380782616	-0.0227774612123869	NA	NA
GSE70667_1	0.000776708517430847	0.0183939331549839	NA	NA
GSE87608_1	-0.00220721839454944	0.0214595913199612	NA	NA
GSE87608_2	0.00767229332978311	0.0259830602468225	NA	NA
GSE87608_3	0.0101650817069303	0.0157315042778571	NA	NA
GSE87608_4	0.000909394170498977	0.00151651858897462	NA	NA
GSE90890_1	-0.0190434074775714	-0.0963886692598481	NA	NA
GSE97118_1	0.00911395513422022	0.0436283085403936	NA	NA
GSE97118_2	-0.00885819206161581	0.00960591275270421	NA	NA
GSE97118_3	0.0141896457158154	0.0729265726964481	NA	NA
GSE97118_4	-0.00305874857715533	-0.000730314843229876	NA	NA
GSE97118_5	0.00327036095621427	0.0453417983512502	NA	NA
GSE97118_6	0.00312637218537852	0.0280634269275747	NA	NA
GSE97118_7	-0.0015824934746237	-0.0120290783329443	NA	NA
GSE107592_1	0.0123154126228564	0.0333257943398964	NA	NA
GSE92641_1	0.0118480764379125	0.0550829947473331	NA	NA
GSE107849_1	0.0112875022247784	-0.0157107639871472	NA	NA
E-ERAD-89_1	0.000377604079754814	-0.00233351646144301	NA	NA
E-ERAD-89_2	0.00114334500804422	-0.0111319900026901	NA	NA
E-ERAD-89_3	0.000767488769218379	0.00444523459156605	NA	NA
E-ERAD-89_4	0.000771592418924205	0.0200028424498638	NA	NA
E-GEOD-45893_1	0	-0.0133993310668358	NA	NA
E-GEOD-53105_1	-0.000728854118790981	-0.0176785821185384	NA	NA
E-GEOD-53105_2	-0.00828694377332391	-0.0192818012226003	NA	NA
E-GEOD-54461_1	-0.0143583934656899	-0.0375153788835909	NA	NA
E-GEOD-54461_2	-0.0107429374720511	-0.0501784584486922	NA	NA
E-GEOD-54461_3	-0.0043700368148669	-0.0232242443512142	NA	NA
E-GEOD-54461_4	-0.00109047051047878	-0.0239321848789522	NA	NA
E-GEOD-54461_5	0.0100373199675293	0.0114592940774684	NA	NA
E-GEOD-54461_6	0.00767049416025831	0.00298977919338618	NA	NA
E-GEOD-54461_7	0.000904934905433925	-0.0100421555705068	NA	NA
E-GEOD-54461_8	-0.00244473682301387	-0.0261579640298017	NA	NA
E-GEOD-73372_1	-0.0126618848987317	-0.0245181920422747	NA	NA
E-GEOD-73372_2	0.00825542596988896	0.0620645238547146	NA	NA
E-GEOD-73372_3	0.0269937579785428	0.0906001156045864	NA	NA
E-GEOD-75549_1	0.0337027132491924	0.218494193762127	NA	NA
E-GEOD-76988_1	0.0108296219386	0.0756154656593941	NA	NA
E-MTAB-2923_1	-0.0355453968029189	-0.0827723525970555	NA	NA
E-MTAB-2923_2	0.0271844213867073	0.08026327430732	NA	NA
E-MTAB-2923_3	0.0174394378100418	0.0267799562062693	NA	NA
E-MTAB-2923_4	0.0129421953576572	0.0150581291772927	NA	NA
E-MTAB-3428_1	0.0289391721438647	0.0777689620248513	NA	NA
E-MTAB-3428_2	-0.0074982572422836	-0.0174222830019185	NA	NA
E-MTAB-3428_3	0.0051611073493801	-0.00822318270517583	NA	NA
E-MTAB-3428_4	0.0307247059968409	0.075070810967246	NA	NA
GSE102856_1	-0.00440005058063922	0.00785174029926962	NA	NA
GSE103492_1	-0.00643866656682337	-0.0126910788122214	NA	NA
GSE103492_2	0.0180183842702391	0.0714718445139979	NA	NA
GSE103492_3	0.00734980003618083	0.0202933218711572	NA	NA
GSE103492_4	-0.00722623518089156	-0.0371713418013984	NA	NA
GSE103492_5	0.0187047219863165	0.0610583312194919	NA	NA
GSE103492_6	0.00385573172577442	0.0473129670859046	NA	NA
GSE103492_7	-0.00844100920553489	-0.0135840696143111	NA	NA
GSE103492_8	0.0240746744958397	0.0854404529938433	NA	NA
GSE103492_9	0.0207846420306596	0.0727305762571516	NA	NA
GSE103492_10	0.00101453135358127	-0.018478375816776	NA	NA
GSE106259_1	-0.0396879940397394	-0.129818930478356	NA	NA
GSE110303_1	2.67797238457084e-05	-0.0176196990034275	NA	NA
GSE110303_2	0.00656231309459217	0.0654144679827841	NA	NA
GSE110303_3	0.00865141948656092	0.0345597040210538	NA	NA
GSE110300_1	-0.0029276733634671	-0.025131315764497	NA	NA
GSE110300_2	-0.000380741970639135	-0.00688725712199507	NA	NA
GSE110300_3	0.00611687240548503	0.0414867661066857	NA	NA
GSE110281_1	0.00409527977776884	0.0258669875963341	NA	NA
GSE110281_2	0.00102201485018565	0.0253336928729655	NA	NA
GSE110281_3	0.00203266007423683	0.0010561168139644	NA	NA
GSE104459_1	-0.000101066740241573	-0.0095234745700706	NA	NA
GSE104459_2	0.0050159641398008	-0.00315836842344128	NA	NA
GSE104459_3	-0.00573547076252828	0.000807736618903422	NA	NA
GSE110051_1	0.00333729423353725	0.0133369529584158	NA	NA
GSE110051_2	0.00285190816046375	0.00736310197978537	NA	NA
GSE110051_3	0.00450349987564081	0.0153088277716663	NA	NA
GSE112694_1	-0.00947124811695658	-0.0284698037594471	NA	NA
GSE112694_2	0.00591418832226061	-0.00523274447197166	NA	NA
GSE112694_3	7.05103036109517e-05	0.00788213083443408	NA	NA
GSE112694_4	0.0103700308256775	0.0358027283560767	NA	NA
GSE97232_1	-0.00230709465735757	0.0315692515149994	NA	NA
GSE114079_1	0.000387843033411626	-0.0164570094439216	NA	NA
GSE114079_2	0.00116076739287373	-0.00882486555046439	NA	NA
GSE114079_3	0.00191015160530602	-0.00268797482336079	NA	NA
GSE114079_4	0.00176449894502562	-0.000491340982971347	NA	NA
GSE104828_1	0.0358726279867218	0.0869310086494265	NA	NA
GSE114521_1	-0.00264316067205181	0.0118109458451775	NA	NA
GSE114521_2	0.00863384310409625	0.023155904216669	NA	NA
GSE112413_1	0.00919518930578546	0.0122321792398699	NA	NA
GSE112413_2	0.00302192278075203	0.00374964672666858	NA	NA
GSE101909_1	0.00466874076230897	0.0164132336865771	NA	NA
GSE101909_2	-0.014129866265442	-0.0402679036685146	NA	NA
GSE114919_1	-0.00348753166313952	-0.0242206809956546	NA	NA
GSE114919_2	0.00333411952377644	0.000910202502044887	NA	NA
GSE114919_3	-0.0177942053480764	-0.066044850033879	NA	NA
GSE114919_4	-0.0103292276512588	-0.0427588552423421	NA	NA
GSE114919_5	0.0168214044040673	0.0517555742183682	NA	NA
E-MTAB-5879_1	0.00845743840467963	0.0360715443844486	NA	NA
E-MTAB-5879_2	0.00571984385812448	0.0309705869287418	NA	NA
E-MTAB-5879_3	0.0134165092604003	0.0718713870086551	NA	NA
E-MTAB-5879_4	0.009965507891846	0.0498764023039499	NA	NA
E-MTAB-5879_5	0.0045135308205309	0.0421990151895116	NA	NA
E-MTAB-5879_6	0.0169906808994272	0.0700889183575314	NA	NA
E-MTAB-5879_7	0.0115414614932382	0.0822828997019975	NA	NA
E-MTAB-5879_8	7.68179990563948e-05	0.0355216345600214	NA	NA
E-MTAB-5879_9	1.38956838256791e-05	0.0181761102065027	NA	NA
E-MTAB-5879_10	0.0109769738041234	0.0529833658995446	NA	NA
E-MTAB-4294_1	0.0111564499844207	0.0187450348918452	NA	NA
E-MTAB-4294_2	0.0145010149544891	0.0189932827852087	NA	NA
E-MTAB-4294_3	0.00724700063542687	0.00533891704369402	NA	NA
E-MTAB-3186_1	0.0116531773074379	0.0304706194222805	NA	NA
E-MTAB-3186_2	0.00418895113574558	0.0174543792967574	NA	NA
E-MTAB-3186_3	0.013306836356445	0.0382629669280065	NA	NA
E-MTAB-3186_4	0.00828482204052991	0.0216265501813509	NA	NA
GSE114919_Rat_1	-0.00714773127777105	-0.0315325772936971	NA	NA
GSE114919_Rat_2	0.0198215649129572	0.0501673290350857	NA	NA
GSE114919_Rat_3	-0.0140835122404626	-0.0463631086983414	NA	NA
GSE114919_Rat_4	-0.0120730906331942	-0.0485873003740955	NA	NA
GSE114919_Rat_5	0.014291540122537	0.0309964059940236	NA	NA
