comparisonID	jaccard	cosine	sigjaccard	chrDir
22659600_1	0.00744795829675663	0.0335145622423438	0.00814110238068344	0.00715103180081007
24361742_1	0.0228808125537358	0.105915518314521	0.00858120776175288	0.0269675645315256
GSE72258_1	-0.000254452926208651	-0.0161295249675973	-0.000330250990752972	0.0045022397362987
GSE72258_2	-3.25991334026233e-05	-0.0083440555100415	-0.000239329876346231	0.00342465753424658
GSE69531_1	0.0348439827074618	0.0758207780248424	NA	NA
GSE69531_2	0.0288729663213042	0.0614581136832858	NA	NA
GSE69531_3	-0.0093658729189138	-0.0295301270526291	NA	NA
GSE69531_4	0.0348439827074618	0.0758207780248424	NA	NA
GSE58203_1	0.000100523818697746	-0.0363550205924596	-0.000852144444051288	0.00839661896509388
GSE58203_2	-0.00644203620014338	-0.0459022021043107	-0.0072812586829798	0.000889514963768491
GSE58203_3	-0.0138219625090385	-0.0264045624144972	-0.0172985750142779	-0.0107525960056376
GSE58203_4	-0.0148497652009604	-0.0364172506352973	-0.0140743953262855	-0.0179573385132919
GSE58203_5	-0.00349790680484888	7.32110386510932e-05	-0.00168662836505898	-0.00468765517469682
GSE58203_6	-0.00135352437618634	-0.0108408075062411	-0.00244636503127174	-0.00517343020818546
GSE58203_7	-0.00766114095336862	-0.00102117655281696	-0.00541792369244668	-0.00981939769414786
GSE58203_8	-0.00414167137396342	-0.00204147806761862	0.00262273996121678	-0.0133274276860566
GSE59642_1	0.00621781066310085	0.0115173335947685	NA	NA
GSE59642_2	0.00225486899098923	0.00288951794095224	NA	NA
GSE59642_3	-0.0100123006091014	-0.010935225582401	NA	NA
GSE64922_1	-0.00600786091589007	-0.00566489257715542	-0.0102502150008802	0.00385902451536596
GSE60162_1	0.00311656896717246	0.0678473169053858	NA	NA
GSE31685_1	-0.00305466819259191	-0.0171880114939611	-0.00525127613160219	-0.0042650983601689
E-MEXP-3890_1	-0.0411713963978618	-0.111300987211544	-0.0390750334502971	-0.034129049440784
GSE31980_1	0.00159991811452392	-0.0411177489143596	0.00141382696884004	-0.00843625696659706
GSE15615_1	-0.0176358757812633	-0.048374507972397	-0.0170713394411496	0
GSE15083_1	0.00607603185479127	0.0416701584339108	NA	0.0153180676406408
GSE108035_1	0.00940803290008701	0.0138994041595933	0.0109328753257661	0.00278816468216563
GSE108035_2	0.0102815310174657	0.000835712615769449	0.0130504557460551	0.00333207584076146
GSE108035_3	0.00983780811019588	0.00632183664925967	0.0137430052147948	0.00678576532987591
GSE21959_1	0.00642807701541914	0.0261718670140131	0.0037040558737222	0.00154508436566907
GSE21959_2	0.00751507479356258	0.0276984811682556	0.00449824828053997	0.00404585661627432
GSE24742_1	-0.0204987952912172	-0.102477899153068	NA	-0.0438136307244782
GSE24742_2	0.00126381663267569	0.0358217783655584	NA	0.000685152950331443
GSE24742_3	0.0106550732057185	0.138692833071116	NA	0.0244848341110649
GSE74668_1	-0.00249373089736468	0.0124111354964583	NA	NA
E-GEOD-10024_1	0.00753652528798509	0.0369863933822727	NA	NA
E-GEOD-10024_2	-0.000977368981876496	-0.0187226973037533	NA	NA
E-GEOD-12860_1	-0.0104493396903505	-0.0743699345064002	NA	NA
E-GEOD-12860_2	-0.0271677854884531	-0.0561440767251612	NA	NA
E-GEOD-12860_3	-0.0318209553523365	-0.0693449785904723	NA	NA
E-GEOD-12860_4	-0.0220026140177738	-0.0641242426776735	NA	NA
E-GEOD-12860_5	-0.0439395000031159	-0.0948912070103183	NA	NA
E-GEOD-12860_6	-0.021994378309306	-0.0364149731703809	NA	NA
E-GEOD-12860_7	-0.0307532141305739	-0.0657796211247575	NA	NA
E-GEOD-12860_8	-0.0190052422227905	-0.0710746390194972	NA	NA
E-GEOD-14359_1	0.0198157918406959	0.0117842533784705	0.0236525629447062	-0.00326192013328512
E-GEOD-14359_2	-0.0130122335081848	-0.0343348850058779	-0.0166555998795396	0.00432072022137821
E-GEOD-1919_1	0.0104964727214607	0.0634686645362282	NA	NA
E-GEOD-1919_2	0.0310885696429499	0.0901092932762342	NA	NA
E-GEOD-1919_3	0.0207444078863343	0.0746868908127579	NA	NA
E-GEOD-1919_4	-0.0112435647530439	-0.0438768149572768	NA	NA
E-GEOD-1919_5	0.00705964356414504	0.0207086696040995	NA	NA
E-GEOD-1919_6	-0.02127851307206	-0.104238525676053	NA	NA
E-GEOD-1919_7	-0.0250680188321427	-0.150911875837227	NA	NA
E-GEOD-1919_8	-0.0347421409425694	-0.136843870119768	NA	NA
E-GEOD-1919_9	0.000950589015647863	0.0235053316947515	NA	NA
E-GEOD-19664_1	-0.0321478247096791	-0.0884663042266795	NA	NA
E-GEOD-19664_2	-0.0222782315496118	-0.0806266836281434	NA	NA
E-GEOD-19664_3	0.00965101043946612	0.0189028075317004	NA	NA
E-GEOD-19664_4	-0.017226952717961	-0.0567616727898643	NA	NA
E-GEOD-19664_5	-0.00461505482133487	-0.0304537404299376	NA	NA
E-GEOD-19664_6	-0.0259873078476978	-0.0426708875540938	NA	NA
E-GEOD-43923_1	0.0150082189782118	0.0449876241234244	-0.0036915816772805	0.00959658310287877
E-GEOD-51812_1	0.0490354379282333	0.144965766534738	0.045208479875293	0.0228920010419358
E-GEOD-51812_2	0.0543719673763831	0.151834176888644	0.0483822130250732	0.0254587808892172
E-GEOD-68760_1	0.00359812363132508	-0.00431637458923451	0.00155005456654853	0.000885335515213026
E-GEOD-82107_1	-0.0259168021905078	-0.0878177292341547	-0.0114965435122407	-0.039386658468374
E-GEOD-9451_1	0.0305337172691784	0.0895531827518129	0.0270433274514295	0.0136907202403221
E-GEOD-9451_2	0.0274689224031525	0.0812551730541261	0.0251307539007026	0.00662049803755505
E-GEOD-9451_3	0.0119991020660196	0.0300481892021221	0.00409414448696606	0.00573148354226463
E-GEOD-9451_4	0.00348468906709326	-0.0017327202120035	0.00591359281792112	-0.00226077316610407
E-MEXP-2019_1	-0.00474382654159609	-0.0239937486985398	0	-0.00923668178607263
E-MEXP-2019_2	0.0119811914118423	0.0304144903807888	0.00610474865720481	0.00395750337654224
E-MEXP-2019_3	-0.000997001806619616	-0.00333582442080064	NA	0.0052041989236366
E-MEXP-2019_4	-0.0289564117065832	-0.104850163077545	-0.00177619766799289	-0.0276754427702791
E-MEXP-2276_1	-0.00627560560978223	-0.0424356114521041	NA	-0.0136775195803201
E-MEXP-2488_1	0.00793192573455925	0.0169469419925862	0.00611272958788698	-0.0253992618858356
E-MEXP-3129_1	0.00808273888262971	0.0429248740635247	0.0139019664164231	0.0222165987435449
E-MEXP-3474_1	0.0207252099436675	0.0625095036997104	NA	0.00416854854695981
E-MTAB-3010_1	0.00372217548439181	0.00704734046033907	NA	NA
E-MTAB-3010_2	-0.000563139394293782	-0.00119649436147325	NA	NA
E-MTAB-3010_3	-0.00444476150385164	-0.00849174993273196	NA	NA
E-MTAB-3010_4	0.0116766421180985	0.0374118239865767	NA	NA
E-MTAB-4152_1	0.00966675241566234	0.0326331489015701	0.00815486933599502	0.0183873014866289
E-MTAB-4152_2	0.000579742673141578	0.0640232892943407	0.00217830596210755	0.00239638795439566
E-MTAB-4152_3	0.0130122265641046	0.0802326200377094	0.0139097305483958	0.0212996304704371
GSE100609_1	-0.00754930914075847	-0.0076935744850144	NA	0.00279542501309204
GSE100786_1	-0.000242343246151584	0.0395121211138	0.000345542501727712	-0.0117400334346839
GSE100786_2	0.00182462042643113	0.0379740665728301	NA	-0.0081978136743276
GSE103697_1	0.000476182416230824	0.0185764551664333	NA	NA
GSE103697_2	0	0.00765784865582239	NA	NA
GSE103697_3	-0.00025419420437214	4.98460266341037e-05	NA	NA
GSE104113_1	-0.0252392684951322	-0.108129454318713	NA	NA
GSE104113_2	0.0118763707870563	0.02881822770237	NA	NA
GSE104113_3	-0.0252392684951322	-0.108129454318713	NA	NA
GSE10575_1	-0.00149655664332642	0.00816838336840597	0.000352492045282014	-0.00504726598153886
GSE10575_2	0.0337357847892734	0.0953596041857844	0.0292969302626385	0.0206985583599828
GSE10575_3	0.0449184304874545	0.0841131503968751	0.0492416465413095	0.0107524166457045
GSE13604_1	0.00120334374090476	0.01619598245648	-0.000812428290547444	-0.00046099395743472
GSE13837_1	0.00226588196591729	0.00491922650196054	0.00126500962348451	0.000966277630417947
GSE13837_2	0.00385463952172645	0.0369448530997028	0.00656320298192198	-0.00507325096272236
GSE13837_3	0.00354394602166381	0.0298659055945911	0.00381187140376462	-0.012886648422474
GSE13837_4	0.0237256114196551	0.0710719706850637	0.0241622245367024	3.8359185315695e-05
GSE13837_5	0.00209217276220154	0.0158169241388984	0.00102178976420293	-0.00774973231860348
GSE13837_6	0.00602729461755399	0.0335755330458935	0.0059961826891085	-0.00295774490737034
GSE13837_7	0.0072578447184397	0.0327052706647799	0.00410244053600405	-0.00413085586796481
GSE13837_8	0.0169910851978516	0.0503762246800672	0.0154347429001715	0.0147086840552866
GSE13837_9	0.0224170048354958	0.0812194283441302	0.0191529161759904	0.0273721974206869
GSE13837_10	0.0255856513893054	0.0844784020576307	0.0262810937614632	0.0385110152611633
GSE13837_11	0.0231118889198264	0.0821079084237829	0.0189549659649243	0.0209119175693422
GSE13837_12	0.0267205498345877	0.0998412020142259	0.0237353652757039	0.0258427709347843
GSE13837_13	-0.00041115494888652	-0.0205461461057741	0.00133793311160429	0.00166136168102631
GSE13837_14	-0.000387495195619951	-0.0365436990009601	0.00047403541459182	-0.00240089344940997
GSE13837_15	-0.00640982274189711	-0.0288540434035064	-0.00500630069294801	-0.0143097946509485
GSE13837_16	0.0100802537139274	0.0290714947424629	0.0092602917028007	0.0125710226911222
GSE13837_17	0.00213223433909091	0.00291192464685645	0.00194177823835255	0.0014096400263003
GSE13837_18	0.000629060782355938	-0.0180611268655338	0.000677700949169518	-0.00949069021193706
GSE13837_19	0.00595421527429813	-0.00686959484317704	0.00546314647703585	-0.00601466537501938
GSE13837_20	0.00663196768107171	0.0271291901827842	0.0076231938551957	-0.000778034057567689
GSE13837_21	0.0270921148141629	0.105206575356437	0.0207150790093581	0.0258719706699952
GSE13837_22	0.0275163200732271	0.101697673633332	0.0249401517393013	0.0283610820364347
GSE13837_23	0.021234354582762	0.096382677588463	0.019954473043136	0.0229895050944892
GSE13837_24	0.03168463470862	0.118688001831617	0.0300541927430704	0.0346918080438363
GSE16464_1	0.0237002543525583	0.0769324134557394	NA	NA
GSE16464_2	0.011860937284509	0.0378018208501128	NA	NA
GSE19060_1	0.00519763090252075	0.0454488048135383	0	-0.00557918903280708
GSE27372_1	-0.0061685911160382	-0.0632811219082917	-0.00745798320552449	-0.0138591411007002
GSE27390_1	-0.00677483292148596	-0.0596701719202435	-0.0110484642002437	0.000959726300275689
GSE29106_1	-0.0123630303787579	-0.0205443577017984	NA	NA
GSE29107_1	0.0027873330238473	0.00995078071636096	NA	NA
GSE29107_2	-0.00504463398447472	-0.00270968011652058	NA	NA
GSE29745_1	0.025575476042801	0.0291905520295341	NA	NA
GSE29745_2	0.00306891029639174	-0.0109435946406196	NA	NA
GSE29745_3	-0.0142926145738461	-0.0349532397151926	NA	NA
GSE35546_1	0.00181365392693361	-0.000865802829142121	NA	NA
GSE35546_2	-0.00372559934397627	-0.0272862488935957	NA	NA
GSE35546_3	-0.000340413637239202	-0.00487136882052288	NA	NA
GSE35546_4	-0.0115343773073367	-0.0543959843545247	NA	NA
GSE35546_5	-0.00788978706155538	-0.0329529790173452	NA	NA
GSE35546_6	-0.00326936915042864	-0.022527985274235	NA	NA
GSE35955_1	0.121953220486662	0.308639751026442	0.120103668146436	0.104423589941894
GSE35956_1	-0.0285526347396945	-0.0994568523297939	-0.0412470888253772	-0.00475877703492359
GSE35957_1	0.0101017233196437	0.00506966861553658	0.0105710009978965	0.00532974319258052
GSE35958_1	-0.148653609745781	-0.324591739456762	-0.155707941712595	-0.0849741925549584
GSE39340_1	0.00458342820551835	0.0587333921606939	0.000896343998949451	0.0461335465973354
GSE39340_2	-6.09341489068386e-05	-0.00562222287479515	-0.00127622708035915	-0.0125653522506786
GSE39340_3	0.00591279386000541	0.0653214917881363	0	0.0521415146542709
GSE39795_1	-0.00076726886546954	-0.00315906691989955	NA	-0.00782145851433992
GSE39795_2	-0.00871589412895211	-0.0355124863270243	-0.0117910376066123	-0.0244453983097377
GSE39795_3	-0.0112921600084206	-0.0443693751603334	-0.000771201617125915	-0.0252353417979757
GSE41038_1	-0.00438454196627826	-0.0116111119827568	NA	-0.00251592883958272
GSE41038_2	-0.013064584229706	-0.0649903224185955	NA	-0.0174174273091272
GSE41038_3	-0.00677187114970613	-0.0519520177020548	NA	-0.0271842244848767
GSE41992_1	0.0381713798535469	0.0901396318575117	NA	NA
GSE42235_1	0.00844580138888409	0.0561398847412628	0.00840477024837079	0.0269693790768739
GSE42235_2	0.00910406587205107	0.0646531619312935	0.00872609952277418	0.0301790065286207
GSE42235_3	0.00633333976121535	0.0557147747638339	0.00545088135016683	0.0269528734572302
GSE42235_4	0.0101733663475072	0.0521991333233641	0.0126852473062878	0.0213620270044136
GSE45233_1	-0.023009447080465	-0.0571630737124561	NA	-0.0201089691562522
GSE45233_2	0.00548635585338747	0.0188283870035819	0	0.00827852818230124
GSE45233_3	0.00567701260169171	0.0171068097564673	NA	0.00388737552510208
GSE45233_4	-0.0176381337463763	-0.0602193451530627	1.28899531289969e-05	-0.0237293589808698
GSE46053_1	-0.00359687265422777	-0.00390381409318691	-0.000316401739706661	0.000487715359984417
GSE46053_2	-0.00530919027880681	-0.0401763262325903	-0.00677577572024055	0.00425610814994453
GSE46750_1	-0.0193341340361665	-0.162424844151276	-0.0199181689538151	-0.0296062921007608
GSE51588_1	-0.010240667397885	-0.0232874476843302	-0.0158931880920249	-0.00685943065374905
GSE51588_2	-0.0165047783613605	-0.0433276871674147	-0.0227609044507867	-0.0122885570823808
GSE51588_3	0.00430068560614243	0.0203260658846186	0.00253887020824405	0.000349787821004543
GSE52817_1	-0.00891918493206809	-0.018187873992765	NA	NA
GSE52817_2	0.0608405201027347	0.101067773805449	NA	NA
GSE52817_3	0.037186641444969	0.0618718648261638	NA	NA
GSE52817_4	-0.0484189024253901	-0.0960295250595021	NA	NA
GSE55235_1	0.0137055380708611	0.0785542746275567	0.0233793069519064	0.0423461350370301
GSE55235_2	-0.0230960806929508	-0.0817368901417789	-0.0259183549390346	-0.0192163390506179
GSE55235_3	-0.0403901252603271	-0.154138843155497	-0.0541382388247704	-0.035142736335848
GSE55457_1	0.00983207561056802	0.102720408975957	0.0188292822405118	0.0294802397495318
GSE55457_2	0.00477275354552278	0.0877901484272038	0.00692207805827851	0.0389176010484595
GSE55584_1	-0.0017871485144276	0.0192689528786893	0.00176529387905874	0.0415050781994482
GSE57218_1	0.00166623983482176	0.0195689423446914	0.00310300549273251	-0.00190321218027508
GSE60762_1	-0.00971565951742146	-0.0865622166211813	NA	-0.0104007518691227
GSE62914_1	-0.00674787450382789	-0.0131675746675291	NA	-0.00953165816880201
GSE62914_2	0.00408243277860396	0.00265801434889865	NA	-0.00975286115302621
GSE62914_3	0.0226896507385478	0.030802710952651	0.000160847628398228	-0.00405239272996516
GSE62914_4	-0.0163460682644924	-0.0144679401431322	0	0.00656050819950091
GSE64394_1	-0.0219795602667058	-0.0702445643867099	NA	-0.00854837036338619
GSE66635_1	0.000791950122545025	0.0462775755129619	NA	0.0147801558339348
GSE68038_1	-0.0113889021386579	-0.037061010591509	-0.00235393136761944	-0.0154915630827875
GSE68428_1	-0.00738363752789016	-0.0408139375416853	-0.00579620903165309	-0.0147661339623604
GSE68428_2	-0.00370293257118269	-0.0319993330220308	-0.00254308172550283	-0.0148167441802183
GSE68428_3	-0.00204109898764106	-0.013080991870891	-0.00316668234821412	-0.00715368103036391
GSE69459_1	-0.00169213304098889	0.024570883241424	NA	NA
GSE69459_2	-0.00703521747308506	-0.0135155107724946	NA	NA
GSE69459_3	0.00245918260187802	0.00590561812661753	NA	NA
GSE69459_4	-0.00356569300485901	0.0219876873467837	NA	NA
GSE69992_1	0.004521886135109	0.00628973547130552	0.0108145368841887	0.00428182083573357
GSE70719_1	-0.0164572731583206	-0.139375295227965	-0.0239530194802254	-0.00256019387116948
GSE7116_1	0.0156261391149693	0.0883673354016387	0.0101845027534677	0.0167025060690915
GSE7116_2	0.00768546059843738	0.0591947704234056	0.00650620430978494	0.00271477383864586
GSE7116_3	-0.0062373758574901	-0.0391935183874038	-0.00415152643698822	-0.00245113197620546
GSE72575_1	-0.00432732389600914	-0.0451990115615079	-0.00305899884832514	0.0033141130140807
GSE72575_2	-0.00334416775918229	-0.0298539177342142	-0.00108159294969863	-0.000178342191209122
GSE72575_3	-0.00376873274003859	-0.0287924895180319	0.000159472876914084	0.00388517487908968
GSE72575_4	-0.000604504632598002	-0.039398200124275	0.000303214069132808	-0.00255977751705719
GSE75181_1	0.000473479074145248	-0.00312480484896057	0.00172088008882867	0.0110491322965968
GSE75181_2	-0.00391731327804591	-0.0217701246368195	-0.00536373657196914	-0.0120511869983963
GSE75181_3	-0.000552873655274289	-0.00841220690954598	-0.000505953807680468	0.0130731198493691
GSE75230_1	0.00165393682685624	0.00500874159571251	0.00415086011434977	-0.0080421788018087
GSE7669_1	0.00666688728836841	0.104172149487851	0.00766872780209905	0.0336186510515538
GSE77916_1	0.000156360142419059	0.0187795236641998	0	0.0068500605381279
GSE80614_1	2.79061983221503e-05	-0.0168655570719953	-0.000617987385273756	0.00190055174882246
GSE80614_2	-0.00222879280318852	-0.00848034598452808	-0.00542110745533086	-0.00783216210113401
GSE80614_3	0.000755559628293603	0.0129085716762537	0.000389422946435346	0.0140321056416947
GSE80614_4	0.00383218856402446	0.0159088932911259	0.00566061411052401	-0.00611422423819087
GSE80614_5	0.0074418120389862	0.0276847929960051	0.00736243850224224	-0.000161726697946524
GSE80614_6	0.00617313345103631	0.0137278401912388	0.00535217441303663	0.00285022256345606
GSE80614_7	0.00326463758634921	0.0137786705789232	0.00515446811883161	0.00610731564233228
GSE80614_8	0.00207780892866247	0.00897951196435775	0.0069715560742538	0.00267573432535069
GSE80614_9	-0.000127851579875574	0.00304625436897842	-0.000778340878540196	0.000569975466026206
GSE80614_10	-0.00033360856820645	0.0041572490118852	-0.000803101521468975	0.00741160909733132
GSE80614_11	0.000312796453843113	0.031645222497214	NA	0.00385811724139775
GSE80614_12	0.00316659640211424	0.0410373006981826	0.00320327667669235	0.00218052616802738
GSE80614_13	0.00634010458828012	0.0448438759310223	0.00835428098708964	-0.00331748034325703
GSE80614_14	0.0116363356307685	0.051456118191846	0.0158062160790423	0.00306323086082219
GSE80614_15	0.0111607745250611	0.0353488780990429	0.0127151754867625	0.00621485977357864
GSE80614_16	0.00468957982729504	0.0231951523435866	0.0041549096849463	0.00852735944826269
GSE85254_1	-0.00417219903243088	-0.0205125699126239	-0.00378110682260924	-0.00393077231443064
GSE86578_1	-0.0010451222202492	0.0179019989424598	-0.000167659963510633	0.0118213311469278
GSE86578_2	-0.000832279038079589	-0.0036011306131	-0.00412425647961157	-0.000570678918556078
GSE86578_3	-0.000786453904458164	0.0110035502280488	-0.00413105053797122	0.00759806998519712
GSE9329_1	-0.00219973452292122	0.0336983268050228	NA	NA
GSE93698_1	0.65734546882957	0.938689574920439	0.630235545964152	0.520606436807554
GSE93698_2	0.586953058990229	0.903350961014789	0.549951327861371	0.461150326797386
GSE93698_3	0.546351577824883	0.855016942599086	0.497604885479747	0.37247587976993
GSE93698_5	0.495292932792323	0.842547150799522	0.457501534294878	0.328577648766328
GSE93698_6	-0.0953541284702661	-0.436018452177555	-0.0273210962085828	-0.118142722625666
GSE93698_7	-0.11303726403116	-0.289094003127722	-0.0979925944243424	-0.0678521967133966
GSE93698_8	-0.0441411312849178	-0.161048831662327	-0.00489587113345018	-0.0225667920175977
GSE93698_9	-0.0187439065965132	-0.0522443500648783	-0.0277556889453767	-0.0341932657804518
GSE93698_10	-0.00622120223299445	0.00487734365622511	-0.00827684608678653	-0.000888328763321462
GSE93698_11	0.0506080707635296	0.267207575438985	0.0279694070705628	0.0899577112510231
GSE93698_12	0.0883353362789951	0.225771764029918	0.0491422055750168	0.0394412177290589
GSE93698_13	0.057702010465023	0.206640216601339	0.0498380301302512	0.0765340761034006
GSE93698_14	0.0829509828104403	0.303984352515938	0.0345923282106053	0.0600622089230326
GSE93698_15	0.0218361644921531	0.048042704736029	0.00303102616818956	-0.0140874233183839
GSE93720_1	-0.00676578086024659	-0.0185198590404419	NA	NA
GSE93720_2	-0.00950964189807012	-0.0294635610383181	NA	NA
GSE93720_3	-0.0126202499009832	-0.0189049277518163	NA	NA
GSE93720_4	-0.00666525484717859	-0.0237596840622106	NA	NA
E-MTAB-5564_1	-0.00186546429676225	0.012462367079277	0.00701732287152513	0.00522687374396308
GSE77753_1	-0.00253652850101043	0.0055259272537449	NA	-0.00163180477921747
GSE43861_1	-0.0132668188104294	-0.0140542739589324	NA	NA
GSE112809_1	-0.00155278532820945	-0.0695280709395041	NA	NA
GSE111946_1	-0.000253492248753446	0.0104758446396823	NA	NA
GSE111946_2	0.00282566701494925	0.0207174188341833	NA	NA
E-MTAB-3201_1	-0.0262925094583702	-0.0849617782877636	-0.0276877638993405	-0.0408478329676509
E-MTAB-6700_1	-0.00841103542866541	-0.0258201518833022	-0.0111334120971267	0
GSE54749_1	0	0.00715326957085949	NA	0.00120367257712849
GSE57218_B_1	0.00500921298291374	0.0171131704922937	0.00821421274479235	0.0030489696611029
GSE57218_B_2	0.00461187753390247	0.0211705638235759	0.00408918078313711	0.00901038479559154
GSE57740_1	-6.54114153584536e-05	0.00671655697228957	NA	NA
GSE52992_1	0.0105097789799929	0.0659005818256245	0.0123671618908613	0.0331966707984199
GSE17160_1	-0.00655180491027674	-0.0303829718505198	NA	NA
GSE17160_2	-0.00832911894510325	-0.075487069202166	NA	NA
GSE17160_3	-0.00122946134992896	0.00375608729229282	NA	NA
GSE17160_4	-0.00949141019822898	-0.0365039053427708	NA	NA
GSE17160_5	-0.000856325901946309	-0.0294618489114134	NA	NA
GSE17160_6	8.98009426903096e-06	-0.0373619175789964	NA	NA
GSE17160_7	0.00914576377731388	0.0556688569994301	NA	NA
GSE17160_8	-0.010655604124872	-0.0346329017266328	NA	NA
GSE17160_9	-0.014264138328695	-0.047568979989942	NA	NA
GSE17160_10	-0.0141969066386108	-0.0377521573243246	NA	NA
GSE17160_11	-0.00819758685887732	-0.0313948306642553	NA	NA
GSE17160_12	-0.01922879101576	-0.0532235305943155	NA	NA
GSE22971_1	0.000250501155853285	-0.0344229941791526	NA	0.0026080120595471
GSE22971_2	-0.00141440364482724	0.00329610586819551	NA	0.00322988821810484
GSE22971_3	-0.000233669698090629	0.00915696884569164	-0.00435153215654407	-0.00121557821050336
GSE22971_4	0.006070963082436	0.0235115039698824	0.00789195931134384	0.00269652719243334
GSE13590_1	-0.0061526185053039	-0.0265788548028767	-0.00778472399706927	-0.0136495343729865
GSE13590_2	-0.000475603264692472	-0.00351685209371671	-0.000971638655462185	-0.00864439248705123
GSE99731_1	0.00236055077710334	0.0392632817446242	NA	0.00274460613620191
GSE99731_2	0.000376913440597675	0.00958500442885792	NA	0.00238646947967776
GSE99731_3	-0.0120903369447518	-0.0291369551315981	-0.0114207392119297	-0.0138025348450756
GSE27492_1	-0.000443912427130372	0.0346371591693413	-0.00069060773480663	0.00963958232304674
GSE27492_2	-0.00193509426413215	-0.00726126436357489	-0.00618378687942128	-0.00252485178383013
GSE27492_3	0.00490986293308801	0.00733173161443083	0.00427760732860844	0.00297367710505604
GSE27492_4	0.00578582376382705	0.0166492913409594	0.0062739596206609	0.0105153976604968
GSE27492_5	0.000841389204996919	0.0037849071418373	0.00189462513533414	0.00402698735887461
GSE27492_6	0.00408159062148323	0.0367840410712636	0.00911547112173209	-0.00448518660977243
GSE27492_7	0.00146546288450034	0.0205292487528472	0.00289293216684145	0.00969486197341884
GSE27492_8	0.00378909110646547	0.0251347819958251	0.0109261109362553	0.00135207096833635
E-GEOD-15069_1	0.00267768319502855	0.0122317003807312	0.00032420145727764	0.0059013828807356
E-GEOD-15069_2	-0.00373153518981184	-0.0302637336084507	-0.0053957688490004	-0.00728521711666265
E-GEOD-15069_3	0.00566686692956217	-0.00336494146165451	0.00622002032142187	-0.00168674304356792
E-GEOD-15069_4	0.00666625149097592	0.0508934477858385	0.0109915963539537	0.0239780041358621
E-GEOD-15118_1	-0.00337108519575339	-0.0607967161294502	NA	NA
E-GEOD-15118_2	0.00025419420437214	0.0395086464941402	NA	NA
E-GEOD-15118_3	0.00702617480251459	0.048089809365273	NA	NA
E-GEOD-15118_4	0.00234178887593489	-0.0119656710461695	NA	NA
E-GEOD-16007_1	-0.000507412093083633	-0.000142720632490275	NA	NA
E-GEOD-17473_1	-0.000473787815930073	-0.0024655499132987	NA	-0.00692130888438539
E-GEOD-18647_1	-0.00807592115273661	-0.0209861613279736	NA	-0.00712047661605835
E-GEOD-18647_2	3.17917753587041e-05	0.00425355059411844	NA	0.000321969560273719
E-GEOD-18647_3	-1.9780795570289e-05	-0.00902890710654127	NA	-0.00326589435014323
E-GEOD-18647_4	0.00918120684582563	0.0116426406398786	-0.00140850128892488	-0.010617264362822
E-GEOD-18648_1	0.00669636495694255	0.0364608466199786	0.0110168024984683	0.0118614887478985
E-GEOD-18648_2	-0.00219084906937797	0.0207541388718151	-0.00102430339946344	0.0085862177207404
E-GEOD-2154_1	-0.00679794950184927	-0.0772825838281165	-0.00960320548055957	-0.0402052379022352
E-GEOD-2154_2	-0.0129239137469745	-0.0585078672536797	-0.0189026751114241	-0.0374533755755856
E-GEOD-2154_3	-0.00635641140208494	-0.0487225903050341	-0.0109752154584736	-0.0294560425875368
E-GEOD-2154_4	-0.00430357379993151	-0.0360004452892782	-0.0103761334254137	-0.0166449253756206
E-GEOD-26475_1	-0.00553552721507023	-0.0396852024713455	-0.00556663322159165	-0.0101621678331949
E-GEOD-26475_2	0.0021005749949555	0.0066627542536867	0.000648957131140854	-0.00464852716925019
E-GEOD-26475_3	-0.000249122740888437	-0.00327852632708664	-0.00351270136275653	-0.0126382904324912
E-GEOD-33567_1	-0.00261916814554541	-0.00164799613780518	NA	NA
E-GEOD-33567_2	-0.00271429885160772	0.00283146085897892	NA	NA
E-GEOD-37287_1	-0.00338378162086148	-0.0166639928677961	NA	NA
E-GEOD-37287_2	0.0188946350146076	0.0390149263162215	NA	NA
E-GEOD-37287_3	-0.00836100516296367	-0.0139632177252319	NA	NA
E-GEOD-51994_1	0.00622651108155253	0.0197422549916435	0.00294203551372966	0.0113059575359397
E-GEOD-51994_2	0.015183608633524	0.0187025448619562	-0.000769824807858581	0.00112249470656828
E-GEOD-51994_3	0.00413658719488736	0.00863615632276631	0.00299903899607017	0.00358214284029907
E-GEOD-65077_1	-0.000852380215676061	-0.0456639802314466	NA	NA
E-MEXP-1244_1	-0.00684137226723096	-0.0836873265254323	NA	NA
E-MTAB-1123_1	-0.0131011027454951	-0.0535730145259964	-0.0101306665712401	-0.0140408893561214
E-MTAB-1123_2	-0.00481725021888	-0.0285071687148952	-0.00285351285888728	-0.0124439502230313
E-MTAB-1123_3	-0.00108867308078859	0.0134261253706337	0.00108435360732275	0.00348453070227264
E-MTAB-1123_4	-0.00160864148128783	-0.0393476433021895	0	-0.0138628426062421
E-MTAB-1391_1	-0.0242582612938298	-0.103039553771479	-0.0312459440921445	-0.0281769546021083
E-MTAB-1391_2	-0.0263383379827303	-0.0653079945999178	-0.0303102280852594	-0.016422681367553
E-MTAB-1391_3	-0.0162578472546081	-0.0290275680587011	-0.0211769839174484	-0.0139129127195268
E-MTAB-2450_1	0.00493057745861528	0.0315652978945006	0.00563620502769546	0.00601834133519999
E-MTAB-2450_2	-0.000463373251304152	0.0430834997933364	-0.00110325385087349	0.00710219568817702
E-MTAB-2450_3	-0.00614663608612115	-0.0181261314210619	-0.00462814841397231	-0.010458114813856
E-MTAB-2450_4	-0.00557344579741617	-0.0303154632329965	-0.00585976784203257	-0.00487120790901686
E-MTAB-5023_1	-0.00659304590190688	-0.0177932545488221	NA	-0.00443626489363102
E-MTAB-5326_1	-0.00206525586630969	-0.00754719530977666	NA	NA
E-MTAB-5326_2	0.00894955638633625	0.0186488923942257	NA	NA
E-MTAB-5326_3	-0.00190042815823225	0.0019319003767961	NA	NA
GSE102588_1	0.00481647822433211	0.0402350929397636	0.00154702968315606	0.0139322290008521
GSE104793_1	-0.00293044409732858	-0.0214644897039189	-0.00911662643901665	-0.0161674737610599
GSE104794_1	-0.0138354093676237	-0.0376341546496563	-0.0189862063136812	-0.0114299264927587
GSE104795_1	-0.00954316799025962	-0.0370734444280545	-0.0138501070079674	-0.00597472048162477
GSE105139_1	0.00025419420437214	-0.0113009935026847	NA	0.0115496076674124
GSE105139_2	-0.00342375829473424	-0.0351159364330772	NA	0.000178920760412067
GSE105139_3	-0.00389930390684749	-0.0305722630895449	-0.000828500414250207	0.00388104324274537
GSE10555_1	-0.0030748704021244	-0.00574372188270166	NA	NA
GSE10556_1	0.00223353344491887	-0.00276112293985045	0.00221258273500795	0.00160804765622155
GSE106631_1	-0.0133737996703188	-0.0508769229085861	-0.017033004648619	-0.0148479717667115
GSE13104_1	-0.0356272747861302	-0.0991383919588575	NA	NA
GSE13104_2	-0.0110925578439402	-0.0521449526838817	NA	NA
GSE13104_3	-0.0126722267921847	-0.0647586442598155	NA	NA
GSE16749_1	-0.00960430961733959	-0.0215671535672011	NA	NA
GSE16749_2	0.00395450751850732	-0.0116662567184034	NA	NA
GSE16749_3	0.00763917240074713	0.0177819416454475	NA	NA
GSE17348_1	0.0148225676405197	0.0503150529413285	NA	NA
GSE17563_1	0.0109365975376373	0.043002719520078	NA	NA
GSE17563_2	0.00567494832792615	0.0102965585785064	NA	NA
GSE17569_1	0.00469071760213653	0.0199863309501647	NA	NA
GSE17569_2	-0.00964656481977738	-0.0141994913784342	NA	NA
GSE17570_1	-0.0113055674578334	-0.00880238973088199	NA	NA
GSE17570_2	0.00184088133439119	0.016262232703417	NA	NA
GSE18991_1	0	0.0290949220846239	NA	-0.00246234199192015
GSE18992_1	0.000221827861579414	-0.000186495267006159	NA	0.00286798468385866
GSE19299_1	0.0135154882429859	0.0250000488096612	0.0170276816089379	0.00692258379307045
GSE20850_1	-0.000775277243973201	-0.00285719019346184	NA	NA
GSE21093_1	-0.0031564806473672	-0.0134212487402076	NA	NA
GSE21523_1	-0.00229195399732113	-0.0135169232328935	NA	NA
GSE21639_1	-0.000568402404941486	-0.00783083529473996	NA	NA
GSE21639_2	0.00198425686291715	-0.00615360527295194	NA	NA
GSE21639_3	-0.00100104779510432	0.0161526345969944	NA	NA
GSE21639_4	0.00647920945642507	0.00572859543178411	NA	NA
GSE21710_1	0.00035252318547109	0.0267113952838666	NA	NA
GSE21710_2	-0.00325789624202658	0.0239976762721327	NA	NA
GSE21710_3	0.00184261787725788	0.0313631200250716	NA	NA
GSE22925_1	8.59431063282637e-05	0.00431885769552123	-0.000798072148186521	-0.00726610143680413
GSE22925_2	0.00556352383069827	0.0368328899609934	0.00343168510694621	-2.96827123780555e-05
GSE26499_1	-0.0137205039969602	-0.0114535381629429	NA	NA
GSE30160_1	-0.0138191670443657	-0.026011751819995	-0.0220675741069641	-0.0115937895308041
GSE30628_1	0.0199205318617671	0.0374474006282285	0.0221977859257798	0.00245989216905688
GSE30628_2	0.0134738140714821	0.0244402534881258	0.0195360541874559	0.00773805855753807
GSE32163_1	-0.000760074382610424	-0.0122227728855638	NA	-0.0118804433151191
GSE33656_1	0.00874831340837602	-0.00476088603461475	NA	NA
GSE33754_1	-0.00150718900970733	0.00791864822060394	-0.00400439545828351	-0.00533039556908125
GSE33754_2	-0.00284058782103079	-0.00404615368453984	-0.00631688326604293	-0.00250321669233604
GSE33754_3	0.00192541885124138	0.0322992473951212	-0.00347903198172151	0.00883480887569497
GSE34570_1	-0.0151426612649822	-0.0524134018982261	NA	NA
GSE35003_1	0.0022081001860356	0.013784215633601	NA	NA
GSE35466_1	-0.00283471426643254	-0.0343309509559496	NA	NA
GSE35466_2	0.000158942584962876	0.0362174675469128	NA	NA
GSE35466_3	-0.00606740644791571	-0.0245646556328572	NA	NA
GSE35466_4	-0.00365064762625818	-0.00844937725748302	NA	NA
GSE35466_5	-0.00359847558422685	0.0183993625517633	NA	NA
GSE36925_1	-0.000440717075409411	0.00681649407300568	NA	NA
GSE36925_2	-0.00864529074141852	-0.00760018959694584	NA	NA
GSE36925_3	-0.00669766959029911	-0.0065656401666746	NA	NA
GSE37219_1	0.0138003196588865	0.0364513116179249	NA	NA
GSE37676_1	-0.00319640729284798	-0.00852084723953967	-0.00434127286922577	0.00187953516122703
GSE41342_1	0.0103379446041787	0.05788454996972	0.0076884568548024	0.0103526989517912
GSE41342_2	0.00777741366683046	0.052006770260019	NA	0.0129751394751365
GSE41342_3	0.00126103358398261	-0.0115535307034857	NA	0.00367571322747287
GSE41342_4	0.00357846556003297	0.0433168129090335	0.00145546985881826	0.0116195874805541
GSE41997_1	0.00228648427113483	0.0249404664609268	0.00411515281444388	0.0163187603369718
GSE43242_1	0.00183335450844256	-0.0094189333541423	0.00293936111013008	-0.00393887673865392
GSE43242_2	0.0017676364261808	0.00351210798752708	4.2825242421461e-06	0.00195633783676171
GSE43663_1	-0.000285655952541427	-0.00739197699738589	-6.04515256293655e-05	-0.00735635186990638
GSE43854_1	-0.00945822801748374	-0.0325547273276228	NA	NA
GSE45656_1	0.0072606495546616	0.0154146329869505	NA	NA
GSE45656_2	-0.0102143430794654	-0.032283935936346	NA	NA
GSE45656_3	0.0007628132110215	0.0024344336052114	NA	NA
GSE45793_1	0.0149458078522368	0.0460987610460928	0.0126400267109387	0.00303192968513385
GSE45793_2	0.0103335038589689	0.0318879754829682	0.0082048723442674	-0.00990644413714965
GSE45793_3	0.0371190500509428	0.074302812257912	0.0360931245635827	0.00503120780069832
GSE45793_4	0.0188539641322327	0.031163222315005	0.0171953171563918	0.00172394848541153
GSE45793_5	0.0290821918043207	0.0647906137005662	0.0251705001403699	0.000702130822981881
GSE46390_1	0.000785755438109078	-0.00244539380265621	NA	NA
GSE48438_1	-0.00565328861191611	-0.0152496081033255	NA	0.00153470946897372
GSE50549_1	-0.00319810727354912	-0.00865970204357206	-0.00430956116438434	7.60126221378467e-05
GSE50549_2	-0.00454863686943651	-0.00240718913603172	-0.00107925201184404	0.00145944299541224
GSE51098_1	-0.0138733087865608	-0.0488395000848875	-0.0206101404412235	-0.0131742715925352
GSE53857_1	0.00156928794056887	0.00859387230279379	0.000974998026455121	0.00583954122039192
GSE53857_2	0.00255369458788712	-0.0165657753276901	0.000727461128738352	-0.00721979170255032
GSE53857_3	0.00144458391196401	0.0051644623344908	-0.000749628585748548	0.0086620319704587
GSE53982_1	-0.00290825329821258	-0.00743756174881197	-0.00254402749985455	-0.0153791379082816
GSE53982_2	-0.000811479031356095	0.00762408956419483	-0.00104151350291056	0.0088629031863144
GSE54779_1	0.0158979767063762	0.0347108869113901	0.0178834640978442	-0.000634966157449558
GSE55900_1	0.000254256444604733	0.013476002923934	0.000891542284514037	0.0170685943674194
GSE57104_1	0.00887103331071783	0.0146743452678876	NA	0.0205521850068298
GSE59387_1	-0.0100179804995222	-0.0584698867547039	NA	NA
GSE60401_1	-0.0250006890502714	-0.067857994033959	NA	NA
GSE60401_2	-0.00305661439320078	-0.00771453206555177	NA	NA
GSE60651_1	0.00984013813639591	0.0340858504985229	NA	NA
GSE60737_1	-0.00842173537787052	-0.0285417274470473	NA	NA
GSE60761_1	-0.00088302422670695	0.00980860729120913	-0.0005030390058432	0.00126822147711447
GSE60761_2	0.00073047486056212	0.035691771074602	NA	-0.00046599947144673
GSE60761_3	0.00273600332438682	-0.0144625930564743	0.000918975993722587	-0.00289697035989423
GSE60761_4	0.00110012603287027	-0.025625380979981	0.000403175232223418	-0.00304268759492812
GSE63017_1	0	-0.0162456831527742	NA	-0.00358522448291945
GSE63017_2	0.00110567353246654	-0.0151026060451437	NA	0.00259146145334774
GSE63017_3	0.000587462199655069	-0.0103647978331549	-0.00462797033249488	-0.0063429308733451
GSE63017_4	0.00106478460715095	-0.000295776224499468	NA	0.00469096687922913
GSE63939_1	0.0103469544855224	0.0164338878616757	0.0110064961547502	-0.00731633504983617
GSE63939_2	-0.0223209312333283	-0.0388771219688685	-0.0221113050356849	-0.0149997801552484
GSE64141_1	-0.00142294055529016	0.00104243196789958	NA	NA
GSE64965_1	-0.0250176321532267	-0.0509504484161667	-0.0317646790737479	0.00399351701220686
GSE65745_1	0.000254452926208651	0.00220488693133356	NA	0.00535677722659517
GSE65745_2	0.00101522842639594	-0.000127868899586955	0.00211864406779661	0.0122139461713194
GSE65745_3	0.000573141777412738	-0.00306210892163828	0.000899185443774463	0.0054025517422423
GSE66416_1	0.000689150712068353	0.0175413795625972	NA	NA
GSE66862_1	-0.00667131915119315	-0.0280208642461257	-0.0096830335880997	-0.00109127156753537
GSE69108_1	0.0174037411647121	0.0426538976966776	0.0246587125976655	0.0117191296019689
GSE71565_1	-0.0122209929082782	-0.0272777967996418	NA	NA
GSE72261_1	-0.000680782638174938	0.0128395020482312	-0.00109612441964533	-0.00198795343435162
GSE72261_2	-0.00373453552777977	-0.0121755921541322	-0.00945407220434106	-0.00131319511248698
GSE72261_3	-0.00448242092586879	-0.0172891256685195	-0.0142676902765232	-0.00641606365133653
GSE7683_1	1.40219169295227e-05	-0.020727478662487	0.00439339338715205	-0.000964524384783923
GSE7683_2	0.00173202450368568	0.0121319026715944	0.00227258766019833	0.00383743006860496
GSE78980_1	-0.00709409931613248	-0.0137887894281229	NA	NA
GSE78980_2	6.65960762042919e-05	0.0457471200838169	NA	NA
GSE78980_3	0.00182009983470113	0.00305375211462864	NA	NA
GSE78980_4	-0.0044293472410649	-0.018347920123864	NA	NA
GSE78980_5	-0.000538729344134453	-0.023898823749093	NA	NA
GSE78980_6	-6.43831311486461e-05	-0.0182990175034243	NA	NA
GSE78980_7	0.0182410160851437	0.0529740995851083	NA	NA
GSE78980_8	0.0187499294961202	0.0762650361244071	NA	NA
GSE78980_9	0.0118792886591588	0.0393157320673468	NA	NA
GSE78980_10	0.0133197172916182	0.0632118318368333	NA	NA
GSE81399_1	-0.00565923288702331	-0.0054356864074016	NA	0.00118531628946884
GSE84609_1	0.00541485435759887	0.0299347453239202	0.00795119471659154	-0.00224303806789048
GSE84907_1	0.00184358687465347	-0.00389799962148067	0.00310977467228547	-0.00824823422082673
GSE84907_2	0.00499640926614813	-0.00869982853317972	0.00434328467580274	-0.0110000543399747
GSE84907_3	-0.00480996201628005	-0.00767637958481618	-0.00689219031900717	-0.00697238582828545
GSE90127_1	-0.0164096840535646	-0.0353503496612581	NA	NA
GSE90127_2	0.00541666324717621	0.0167490607522273	NA	NA
GSE90127_3	-0.0237144807518099	-0.0406301294501882	NA	NA
GSE9247_1	-0.00251958273509722	-0.0141369854885955	-0.0051517016749751	-0.00740047590197794
GSE9247_2	0.000204938134902924	-0.00654430311311037	0.000801501676151471	-0.00463421514171536
GSE9247_3	-0.00047894342856455	0.00490090646985661	-7.42227658754682e-05	0.00483540465681513
GSE99306_1	0.0445546140553028	0.0980979119459877	0.0437663091067999	0.0117770078187575
GSE99306_2	0.0464709380548746	0.10652242706104	0.0492838038092635	0.0192961183530794
GSE99306_3	0.00239208887733578	-0.0253294979843184	-4.62679148727392e-05	-0.0100341038429933
GSE99306_4	0.0486411664504944	0.104984525357811	0.0496677394990665	0.0150438361867203
GSE99306_5	0.0359693497992699	0.0804895736922955	0.0378176185188092	0.0142394200995849
GSE99306_6	0.0361145430181144	0.0758144480572224	0.0375260292699756	0.0105704508658527
GSE99306_7	0.00236931750148654	-0.0188723628063764	-0.00152637559093382	-9.34583765716535e-05
GSE99306_8	0.0480717737642157	0.107056725431501	0.0524364482179455	0.0196475689311702
GSE99306_9	0.0383029262504194	0.0956129217767661	0.0392733844036369	0.0215904954941884
GSE99306_10	0.00245314138572884	-0.00771397231019086	0.00619760457851974	-0.0147618421153129
GSE99306_11	0.0459071700284579	0.0981411630838094	0.0455658659625264	0.0169847034850586
GSE99306_12	0.0426025702907694	0.0959523519837975	0.0450042780976592	0.00790387515516862
GSE99306_13	0.00856178081603477	-0.0059212571193745	0.00867009256290609	0.00541039808768111
GSE99414_1	-0.00109638258195631	-0.0227871454089188	0.00166015068556521	-0.0126727859059592
GSE110581_1	-0.00426755348847173	-0.0566048683825858	-0.0112397559067555	-0.0146256496889344
GSE110581_2	-0.00053893787026852	-0.0353151457334529	0	-0.000753322970674591
GSE47799_1	-0.000371691312962576	0.00469094008088993	-0.000634686284676831	-0.0087435278389249
GSE47799_2	-0.00322653033524088	0.00330246662029802	-0.0069292810549565	-0.0112166281029853
GSE47799_3	0.000246973201923247	0.000248418234060726	0.00309751082301821	0.0102297032428788
GSE111628_1	-0.00302975274075161	-0.0486266625341194	NA	NA
GSE111628_2	0.00117667404923822	6.59637850842357e-05	NA	NA
GSE111628_3	-0.00174227759870974	-0.0269948045974668	NA	NA
GSE5657_1	0.00315418677205594	0.0197504348293229	6.40774227562246e-05	-0.00601072404431024
GSE5657_2	-0.000154536366071943	0.0416757534631653	-0.000838223830652452	-0.000523324688906662
GSE13782_1	-0.00975627332100123	-0.00321405960261905	-0.0115361194586455	-0.0217390717380621
GSE41039_1	0.00100294217775248	0.00211663599010719	-0.00117774259238882	0.0083379738492046
GSE84198_1	0.00164113342330593	0.00355763430113387	0.00238343167881523	-0.0129291599908446
GSE84198_2	0.000439010684659816	0.0052042212255901	-0.00118493726548364	-0.0101795039911072
GSE84198_3	0.0138440530045573	0.0146706719269176	0.0164712960900694	-0.00879097224872397
GSE114469_1	-0.00954046220233596	-0.0212387599545713	NA	NA
GSE108036_1	-0.000127886211480515	-0.0809053152786119	-0.000403877221324717	-0.00878113327396392
GSE60451_1	0.0120425674657514	0.0368607551338485	0.00838035738212457	0.00721095086501046
GSE47902_1	0.000533106774051505	0.0791864009737585	NA	NA
GSE44325_1	0.00616670109434084	0.0255805408937479	NA	NA
GSE4481_1	-6.86425492379322e-05	0.060178020210787	NA	0.00609485520001589
GSE4481_2	0.00507753808872679	0.026092106617377	0.00284506822680284	0.00104455985277735
GSE4481_3	0.00120422940258204	0.02351769093714	NA	-0.00298366505547396
GSE102292_1	0.000608918368854801	-0.0315285521406364	NA	NA
GSE102292_2	-9.09809727666251e-05	0.0176784196332618	NA	NA
GSE102292_3	0.0132673023084374	0.0436048294594254	NA	NA
GSE102292_4	0.0157336045630408	0.0330446549954219	NA	NA
GSE41898_1	0.00746672862322753	0.0194381686327948	0.006503408913275	0.00336644489637435
GSE87605_1	-0.0155266700928165	-0.0539703304432362	-0.0186785017439996	-0.01546974195924
GSE87605_2	0.00924248994552867	0.00959164476424609	0.0100396375338541	0.0189682912248181
GSE87605_3	-0.010788539858	-0.026354669337291	-0.0139734655918009	0.00541943239992695
E-GEOD-54216_1	-0.0135108229247721	-0.0256869700642735	-0.0204996499960286	-0.0129371532365934
E-GEOD-54216_2	-0.0088749538456184	-0.0171527880830457	-0.0150405523986396	-0.0145411000914837
E-GEOD-54216_3	0.00514660185079787	0.00958639167505512	0.00663998926738152	0.00495963232628334
E-GEOD-6119_1	-0.0186535490956166	-0.0439426665820115	-0.0206100082877698	0.000267417687729027
E-GEOD-6119_2	-0.0172203657032079	-0.0390261281046821	-0.0175916682036049	-0.00151530809781772
E-GEOD-6119_3	-0.0180917936406139	-0.0392819266774428	-0.0169689813345892	-0.00644477459165237
E-GEOD-8077_1	-0.0024810026925388	-0.0288297391078323	0.00297898008748991	-0.00247650483544498
E-GEOD-8077_2	-0.001912363443019	-0.00514439638428213	6.51868530204948e-05	0.00833773398266528
E-GEOD-8077_3	-0.00152686815761731	0.0214954685611786	-0.00385152626226956	0.00299177855561563
GSE103416_1	-0.0138239245545988	-0.0281960345025043	-0.0145265492105106	0.0105891994478951
GSE103416_2	-0.000589825039740238	0.0174745378962507	-0.00116815020637718	0.011552125983761
GSE103416_3	0.00507381619224938	0.0330281817495515	0.00461304037345849	0.00669926324043382
GSE19950_1	-0.00379512161065067	-0.0382559968566593	0.000759784777480652	-0.00959310381878153
GSE30322_1	0.00328948333526174	0.0396834270107214	0.0027635479166622	0.00232143420311903
GSE30322_2	0.0108112372999489	0.0507329876426698	0.0131119690694261	0.00875645007093251
GSE30322_3	-0.00139656908933062	0.0192430579449736	-0.00132759702560214	-0.0123401346662144
GSE42295_1	-0.000538570050933479	0.0193410825221117	NA	-0.00150995222193732
GSE42295_2	0.0027034801851387	0.0361131866739766	-0.0002221642649104	0.010897473560278
GSE42295_3	-0.000864172603633374	0.0221987816956477	-0.00205613627686348	0.0030972486447906
GSE66554_1	0.0258755113728881	0.0575914316874167	0.0192299922890407	0.0280192846560496
GSE66554_2	0.0132261232731643	0.0156019912328177	0.0119340442948931	0.016839504447282
GSE66554_3	0.0140378832442253	0.0279911444838407	0.000408163265306122	-0.00311883545386757
GSE66554_4	-0.00621320170400583	-0.0145469093093662	-0.0110430382128091	0.0114175145817353
GSE74898_1	0.00604878722056896	0.0211057431184857	0.0116514749635462	-0.00912093057511423
GSE74898_2	0.00548811090465871	0.00812525424161309	0.0109510594190501	-0.00812802297528586
GSE74898_3	-0.00446562261378786	-0.0176574982628727	-0.00913108226613524	-0.0193954785640449
GSE79176_1	0.000507356671740233	0.00695344817400886	NA	NA
GSE79176_2	-0.000471636689764611	0.0504073354003231	NA	NA
GSE79176_3	0.000219582986990487	0.0476343294138889	NA	NA
GSE85785_1	-0.0135220898659137	-0.0528062305888168	-0.00724531167073524	-0.0171931333968339
GSE16981_1	-0.0049200926657581	-0.00597704366528041	-0.00541940143935936	0.00252693665370508
GSE16981_2	0.00106386802909427	-0.015038980055382	-0.00179296774353981	-0.00643878420017652
GSE16981_3	-0.00512307129021554	0.0033492531493276	-0.00381190623654922	0.0136021546370216
GSE16981_4	-0.00512307129021554	0.0033492531493276	-0.00381190623654922	0.0136021546370216
GSE16981_5	-0.00236599278627905	-0.0199257041403962	-0.00519187847142904	-0.00575371464182176
GSE16981_6	-0.00093188926622975	0.0103464954057953	-6.41314609460368e-05	-0.0114983759372512
GSE16981_7	-0.00133902015006574	-0.0298417404515728	-0.00101893574416595	-0.00511808111464397
GSE29859_1	-0.000854555395267516	-0.0198698988032528	0.00107020055433648	-0.00485484865729805
GSE29859_2	-0.000165996802037346	0.00998009941258128	-0.000729724020741295	-0.00839479787233963
GSE23492_1	0.00496972362008904	0.0212891613016947	NA	NA
GSE23492_2	0.00615517632249603	0.0223423470210851	NA	NA
GSE23492_3	0.0156593386522136	0.0496721089040704	NA	NA
GSE23492_4	0.0213142120350962	0.0526313009067539	NA	NA
GSE23492_5	-0.0201460479697034	-0.050903365418025	NA	NA
GSE44991_1	0.00567102682453356	0.054131318675324	0.00729445528860034	0.0251471936125795
GSE44991_2	-0.00135319250112946	-0.0129239989064028	NA	-0.0246891247153531
GSE39796_1	-0.0105551287421062	-0.0328510068184463	NA	NA
GSE39796_2	-0.000664127043330857	-0.00703629544784691	NA	NA
GSE39796_3	-0.0160857393082516	-0.0397533891368548	NA	NA
GSE18394_1	0.00831706461805929	0.0153931434735388	0.00631850868499266	0.00292775073800085
GSE18394_2	-0.0118399305010464	-0.0251268063513905	-0.0163799635802874	-0.00828135239715184
GSE18394_3	0.0235474326904161	0.0343819634342443	0.0254464626836619	-0.00437220709398129
GSE29233_1	0.00573564298977173	0.0265716494516856	NA	NA
E-MEXP-2291_1	0.000293072928074466	0.00798900878067149	NA	NA
E-MEXP-2291_2	0.0140063541356386	0.0385089017207948	NA	NA
E-MEXP-2291_3	-0.0123627005413242	-0.0272465362829716	NA	NA
GSE18738_1	-0.00620114352002469	-0.031008403482887	-0.00975607227508578	-0.00564988396312619
GSE107363_1	-0.00020902743481354	-0.0257083634777671	NA	NA
GSE85761_1	-0.00405504240248174	-0.0142984758621179	NA	NA
GSE89179_1	-0.00811275909863759	-0.0185944716794866	NA	NA
GSE89179_2	0.00293526709775555	0.00825653669650596	NA	NA
GSE89179_3	-0.0138411675623322	-0.025024744849057	NA	NA
GSE89179_4	-0.0052882240263305	0.00108471073870591	NA	NA
GSE89179_5	-0.0121751036323186	-0.0359867844203489	NA	NA
GSE89179_6	-0.0149807942788245	-0.0462414968128506	NA	NA
GSE89179_7	-0.0134848564945894	-0.050467503168648	NA	NA
E-GEOD-57723_1	0.0153144410388274	0.0289708895727776	NA	NA
E-GEOD-57723_2	0.00418454163702356	0.0115991604686747	NA	NA
E-GEOD-57723_3	0.0132298474763294	0.0231335914106683	NA	NA
E-GEOD-83930_1	0.00207313679106703	0.0250319728546868	NA	NA
GSE100268_1	0.00906269621821724	0.0316011207019806	NA	NA
E-GEOD-55769_1	-0.00150313613113186	-0.0528042941433625	-0.00466597229626628	-0.00732536030463492
E-GEOD-55769_2	-0.000316864095380199	-0.0442185236704138	-0.000642827202825554	-0.010718794764893
E-GEOD-55769_3	-0.00307318726256752	-0.063564573927589	-0.0062947714293201	-0.00823509946255023
E-GEOD-69110_1	0.00379819898789475	0.0273506560147485	0.00423216597691284	0.0102436235549161
E-MTAB-4304_1	0.00945038864725931	0.057498712282157	0.00985642085435696	-0.00198587170527233
E-MTAB-4879_1	-0.0218732404009963	-0.0416545598071009	-0.000525765766020324	-0.000423670813887759
E-MTAB-4879_2	0.00105819132332739	-0.00840798637544971	0.00680003942531654	0.0245308826551516
E-MTAB-4879_3	0.0124169647726087	0.0290254659451564	0.00156541429210477	-0.0064009881959311
E-MTAB-4879_4	-0.00420653310681338	-0.0198589726365434	-0.000247340433030475	0.00433865520607615
Cytokine_Explant_1	-0.00373029178866972	0.00427911546274446	-0.000862316013489286	-0.00949774130294888
Cytokine_Explant_2	0.0156718521487729	0.0288977262959867	0.019228639614081	-0.00288646870425923
Cytokine_Explant_3	0.0200431866142703	0.0297144271927579	0.0171167930451712	-0.00743067464629476
Cytokine_Explant_4	0.000865197739121588	0.002316895676799	8.22324216090973e-05	-0.0115848356449004
Cytokine_Explant_5	0.000466416203502559	-0.0061281414690989	-0.00909287235727254	-0.0182206646369026
FN1_Explant_1	-0.00516056109340899	-0.0924313710617403	-0.00598983536188938	-0.0130370690437678
E-MTAB-6266_1	0.00582720042988166	0.0261958947882986	0.00932666341212405	0.00318411998711839
E-MTAB-6266_B_1	0.0143175042868027	0.0442266320693286	0.0111857921522478	0.00449596143659144
E-MTAB-6266_B_2	0.000563906954122961	0.0110424707764134	0.00143939933251555	0.000484152245699112
E-MTAB-6266_B_3	-0.0133093970943828	-0.0392152251835335	-0.015644801539574	-0.0274510968478737
GSE74220_1	0.00165717866993677	-0.00784417739135875	0.00136750780736826	0.00420343620391502
GSE114007_1	0.00179770978618428	-0.00786303350466545	0.00367575430961829	-0.00343112887033949
GSE109503_1	0.0104140582786507	0.0280356640576649	0.00690170774157604	0.0112744078008102
GSE109503_2	0.00487829136719435	0.0235897073278976	0.00173817394446323	0.0109737636078757
GSE109503_3	0.00740052264376117	0.0147823179807192	0.00659508936891975	-0.00282479511107707
GSE109503_4	0.00843071642505593	0.0264615810758389	0.00828812962087891	0.0113623592464981
GSE109503_5	-0.00192849223869637	-0.00143640370362085	0.010483494612349	-0.00518226475884886
GSE109503_6	-8.29812952691314e-05	0.000435435813919008	-0.000314561336972614	-0.000650552139848018
GSE109108_1	-0.00038204707882937	0.0169848686061072	0.00176432768818497	-0.00640464340549283
GSE109108_2	-0.0065893172516432	-0.0142513822532332	-0.00492143705423251	-0.000156376112485378
GSE109108_3	-0.00193164891397753	0.0015203261798458	NA	0.00525471942034459
GSE109108_4	-0.00068969446357021	-0.0111437163567614	0	-0.00519266441247981
GSE70667_1	-0.000916978357142258	0.0700511209465313	-0.000884448292577461	-0.00885575105641326
GSE87608_1	0.00143545502522518	0.0496012514969066	NA	-0.00231376324685775
GSE87608_2	-0.00761062621541683	0.0118981851458053	0.000376282740617212	-0.00439145079936043
GSE87608_3	-0.000341814297505398	0.00270130916740347	-0.00295251857751194	0.000338131997882947
GSE87608_4	0.00641962750766628	0.0207758225426171	0.00242662197508812	0.00399145119699392
GSE90890_1	9.55396494520186e-05	-0.0197679513125775	-0.00116164000850306	-0.0115778902352413
GSE97118_1	-0.0209872722656681	-0.0493393276373705	NA	NA
GSE97118_2	0.00170690488385871	-0.00276343739787432	NA	NA
GSE97118_3	-0.0167319947138525	-0.0420319950375632	NA	NA
GSE97118_4	-0.00180791349922508	-0.0199280388879631	NA	NA
GSE97118_5	0.00519015716409253	0.0322553723047837	NA	NA
GSE97118_6	0.00356955139556561	0.00321066785653071	NA	NA
GSE97118_7	-0.00035207959271967	0.0157539236365002	NA	NA
GSE107592_1	-0.0306336750711714	-0.0763275913774088	-0.030797825565851	-0.0213348289636419
GSE92641_1	0.00220422069020411	-0.0128950816004826	-1.84959795148749e-05	-0.000354330689470958
GSE107849_1	0.00734673644740007	0.0238019805242269	0.014623236112172	0.00276757360041593
E-ERAD-89_1	-0.00025079393891068	-0.00133599408813304	NA	NA
E-ERAD-89_2	0.00093998638414697	0.00736541231404555	NA	NA
E-ERAD-89_3	0.00291231033052737	0.0105017767906413	NA	NA
E-ERAD-89_4	0.000285987392967156	-0.0149249839330852	NA	NA
E-GEOD-45893_1	0	-0.00978963452682922	NA	NA
E-GEOD-53105_1	-0.00110652820143211	-0.00685588554149407	-0.00110568523250513	-0.00659874463628582
E-GEOD-53105_2	-0.0148498215585716	-0.0380201262860657	-0.0125425766435863	0.000361738361032133
E-GEOD-54461_1	0.0137635089656324	0.0491769765078656	0.0181629728770725	0.0210497126182035
E-GEOD-54461_2	0.0125219034173492	0.0477365105281461	0.0174156549906333	0.0232284424786227
E-GEOD-54461_3	0.0115329986197553	0.0485105756665804	0.0192757977802751	0.0167972616990218
E-GEOD-54461_4	0.0184502708527355	0.0661069318606167	0.0227558879812244	0.0204993472969
E-GEOD-54461_5	0.0225974116071927	0.0573621662644006	0.0269896822881517	0.0277644884342633
E-GEOD-54461_6	0.0124972420196396	0.0362040732730763	0.0138770372817947	0.0283122154499578
E-GEOD-54461_7	0.0198983993281314	0.0412598270544242	0.0261474970058683	0.019949941280437
E-GEOD-54461_8	0.0187666937337098	0.0427319830762399	0.0239961977710984	0.026026259940472
E-GEOD-73372_1	0.0501551703957975	0.120880211915357	NA	NA
E-GEOD-73372_2	0.0173706459233901	0.0922480184796628	NA	NA
E-GEOD-73372_3	-0.0239397260105659	-0.063553883394351	NA	NA
E-GEOD-75549_1	-0.00624609566096883	-0.0608321086200108	NA	NA
E-GEOD-76988_1	-0.0108781773880826	-0.0498327116696765	NA	NA
E-MTAB-2923_1	0.0236240608581178	0.0496762282076027	NA	NA
E-MTAB-2923_2	-0.0143581354298024	-0.0569749891320474	NA	NA
E-MTAB-2923_3	-0.0125437784063778	-0.0333224743400574	NA	NA
E-MTAB-2923_4	-0.00988182610712805	-0.0133420209309687	NA	NA
E-MTAB-3428_1	-0.0317404682866623	-0.0624771807016008	NA	NA
E-MTAB-3428_2	0.00383996198641993	0.0316981796266521	NA	NA
E-MTAB-3428_3	0.000496955947135025	-0.0109262701560884	NA	NA
E-MTAB-3428_4	-0.0232043325531353	-0.0596845937307829	NA	NA
GSE102856_1	0.00318385661674465	0.0252153582650793	NA	NA
GSE103492_1	0.00672021765007168	0.0195380813821729	0.00188152395680265	-0.00175730508244515
GSE103492_2	-0.00264231327151719	-0.00441997537324569	-0.00312029290219881	-0.00274317491312315
GSE103492_3	0.00838219555501128	0.0180921923991034	0.0090292352861028	-0.0074681680756192
GSE103492_4	0.00813322247383026	0.0249140138342216	0.00607404411983009	-0.00760819190680876
GSE103492_5	-0.00345571017834058	-0.0307301349476192	0.00145459195532961	-0.00286418460964748
GSE103492_6	-0.00126195863105708	-0.00895929610725124	-0.000722986111093763	0.00520497745188964
GSE103492_7	-0.00265868096150122	0.0240890869906965	-0.00351143532029541	-0.00741159081217916
GSE103492_8	-0.00568463756622112	0.00137059300817614	-0.00167953370140587	-0.00130495093558088
GSE103492_9	-0.00479736317157301	-0.00222842206947876	0.000475178992873258	-0.00724290503337905
GSE103492_10	-0.00143852077926306	-0.00482380314767556	-5.23142973510252e-05	0.00928463754995281
GSE106259_1	0.00292792505973883	0.0168500166179844	0.00937866030196509	-0.00451330089984635
GSE110303_1	0.0039637881066372	0.0561930268250345	NA	NA
GSE110303_2	-0.00315693078850974	-0.00581332572190236	NA	NA
GSE110303_3	0.00451655757428872	0.0485224110269564	NA	NA
GSE110300_1	0.00330257661045786	0.0268836396364289	NA	NA
GSE110300_2	-0.000759453977311103	0.0279224367117308	NA	NA
GSE110300_3	0.00244890260777432	0.0439848689294695	NA	NA
GSE110281_1	0.00724023727214357	0.0356509883053616	NA	NA
GSE110281_2	0.004023526572352	0.0226805353260487	NA	NA
GSE110281_3	0.00287699243196183	-0.0129650819016701	NA	NA
GSE104459_1	0.00140903433385903	-0.000572524440705458	0.00094821388554696	-0.0114458674332488
GSE104459_2	0.0044009011126522	0.0394457965186923	-0.0035146220615503	0.00260230981772897
GSE104459_3	0.000916560368384561	-0.0232630403609797	-0.00165518312972706	0.0158763667390913
GSE110051_1	0.0143387597544363	0.0304120236357125	0.00693346847535647	0.00260983899677571
GSE110051_2	-0.0219585481111247	-0.0432612407969731	-0.0104452463034895	-0.0149488679052977
GSE110051_3	-0.000694205687307443	-0.00474795491428193	-0.0150285520232395	0.00163894024826119
GSE112694_1	0.0252396269193863	0.0511904054263525	0.0273561836823019	0.00046033214140595
GSE112694_2	0.0210880326706459	0.0391775922796168	0.0169862961439902	0.0137435026538305
GSE112694_3	-0.00545447196856529	-0.00610756090863883	-0.000777916150215659	-0.014736403042708
GSE112694_4	-0.0107856873903283	-0.0151415047524866	-0.0108915667633077	-0.00622079197296522
GSE97232_1	-0.000918727461099486	-0.0141069117056327	-0.00080956644072132	-0.00929343012151576
GSE114079_1	-0.000531911528273432	-0.0563641219032128	NA	NA
GSE114079_2	-0.00164001674053652	-0.0192378767784764	NA	NA
GSE114079_3	-0.000753812921153669	-0.0152256043652229	NA	NA
GSE114079_4	-0.00180264604999703	-0.0501056141690787	NA	NA
GSE104828_1	0.00543423465727669	-0.020451086701964	NA	NA
GSE114521_1	-0.000685337347265865	-0.0528172998040872	-0.000479488489409314	-0.00957350506690662
GSE114521_2	-0.00474675392548869	-0.0245655258752278	-0.000507314449276353	0.000203368726770167
GSE112413_1	-0.00376941160942111	-0.0269845509853769	-0.0037666133692351	-0.00599923514862975
GSE112413_2	0.00845459832754717	-0.0122672841477755	0.00677041114035359	-0.00138152995854352
GSE101909_1	-3.0167413900618e-05	0.0151909118060043	0.00251209555737381	-0.00744477672276705
GSE101909_2	0.00831793060451874	0.0231786721723342	0.0109533906084384	-0.00667164133238153
GSE114919_1	0.0144610664335292	0.0244714586437967	0.0167913422226222	-0.0074199062336286
GSE114919_2	0.00270689984448383	0.0058287997036169	0.0054414308027826	-0.0103130928729795
GSE114919_3	0.0112128095689542	0.0316806934843784	0.0161889037908147	0.0210271995641348
GSE114919_4	0.0116800844266791	0.021998781319884	0.0111208698799839	0.000945060964946911
GSE114919_5	-0.0116310262434297	-0.0167858111705003	-0.000746980304595676	-0.00870889147659487
E-MTAB-5879_1	-0.015623788676868	-0.0466879868617574	-0.01320425540455	-0.00880892078771543
E-MTAB-5879_2	-0.00664348075237935	-0.0127696745857745	-0.00431095365512009	-0.00606947796974176
E-MTAB-5879_3	0.00489370163601146	0.00104780800300666	0.000721252572787254	0.00512625206313218
E-MTAB-5879_4	-5.59814582252287e-05	0.00658037252849473	-0.000704733937451577	0.00208717345680935
E-MTAB-5879_5	0.00604583811838607	-0.00309816111433405	0.00323458175057387	0.00784337567711909
E-MTAB-5879_6	0.00203304957402988	0.00158065242143522	0.00423356095204897	-0.0296878928046065
E-MTAB-5879_7	0.00317348600278916	0.0237607871741418	-0.000393081761006289	-0.0277819877338302
E-MTAB-5879_8	0.00350041315019754	0.0334928262119344	0	-0.0413377971331915
E-MTAB-5879_9	0.0141152279707564	0.0795858249385196	0.0003933910306845	-0.0221971788134618
E-MTAB-5879_10	0.0126277372394811	0.0776740776226213	0.000391236306729264	-0.0176918906150812
E-MTAB-4294_1	-0.0155153209176108	-0.0513811131753395	-0.0171985353365174	-0.0287067570223753
E-MTAB-4294_2	-0.0336454186461787	-0.0691756237924114	-0.0389442663865479	-0.00787923646794928
E-MTAB-4294_3	-0.00890775808244043	-0.0421272635249412	-0.0123164241295435	-0.00657591302852346
E-MTAB-3186_1	0.0196668859934334	0.046444438066991	0.0240875835761016	0.0127400165409741
E-MTAB-3186_2	0.0130104453434992	0.0349563453809097	0.0119785432928681	-0.00699871885285976
E-MTAB-3186_3	0.0314774063181276	0.0760326834556634	0.0338802520312153	0.0128930055045704
E-MTAB-3186_4	0.0193276968731704	0.0470177880645718	0.0248676135905048	0.000184885344509979
GSE114919_Rat_1	0.0209987290882082	0.0369837479512279	0.0215579760422869	0.0124478715437365
GSE114919_Rat_2	-0.0048173037023552	-0.0157470430602743	-0.00121980165921244	0.000112286785162357
GSE114919_Rat_3	0.0132896154760774	0.02937409501375	0.017276493857859	0.000455002022958773
GSE114919_Rat_4	0.0117813657819615	0.0297434363450624	0.0173082654348264	-0.00173020802835979
GSE114919_Rat_5	-0.00263760290946742	-0.00341380940848382	0.00379272320004643	-0.003100166969875
